-63	0	-81	-81	-81	0	0	0	0	0	0	0	-89	-86	-87	-85	0	-90	0	0	0	0	0	0	0	0	0	-87	0	-87	0	0	0	0	0	0	0	0	0	0	0	0	0	0	0	0	0	0	0	0	0	-93	0	0	0	0	0	0	0	0	0	0	5841	-1354	-2146	27726	-4970	100	18	751	635	0	0	-1	17	747	634	1603352339
-58	0	-82	-82	-83	0	0	0	0	0	0	0	-89	-87	-87	0	-94	-89	0	0	-85	0	0	0	0	0	0	-87	0	-88	0	0	0	0	0	0	0	0	0	0	0	0	0	0	0	0	0	0	0	0	0	0	0	0	0	0	0	0	0	0	0	0	5796	-1422	-2160	27753	-4971	99	17	751	636	0	0	-1	17	747	634	1603352340
-53	-75	-82	-82	-83	0	0	0	0	0	0	0	-86	-87	-87	-88	-93	-92	-76	-71	0	0	0	-71	0	0	-87	-87	-85	-87	0	0	0	0	0	0	0	0	0	0	0	0	0	0	0	0	0	0	0	0	0	0	0	-94	0	0	0	0	0	0	0	0	5841	-1369	-2131	27744	-4963	100	17	750	637	0	0	0	17	746	635	1603352342
-55	0	-76	-76	-75	0	0	0	0	0	0	0	-82	-83	-83	-83	0	-93	-74	0	-86	-71	-72	-71	-71	-71	0	-82	0	-83	0	0	0	0	0	0	0	0	0	0	0	0	0	-83	0	0	0	0	0	0	0	0	0	0	0	0	-86	0	0	0	0	0	5826	-1354	-2146	27742	-4957	101	17	750	639	0	0	0	17	746	635	1603352344
-58	0	-76	-76	-76	0	0	0	0	0	0	0	-82	-84	-83	-87	0	-91	0	-71	-87	0	0	0	0	0	0	-83	0	-83	-89	0	0	0	0	0	0	0	0	0	-87	0	0	0	0	0	0	0	0	0	0	0	0	0	0	0	0	-94	0	0	0	0	5826	-1257	-2101	27741	-4956	102	17	750	639	0	0	0	17	746	636	1603352345
0	-72	-79	-82	-79	0	0	0	0	0	0	0	-88	-87	-86	-84	-94	-91	-73	-74	-85	0	0	0	0	0	0	-87	0	-87	0	0	0	0	0	0	0	0	0	0	0	0	0	0	0	0	0	0	0	0	0	0	0	0	0	0	0	0	0	0	0	0	5781	-1362	-2078	27741	-4955	103	17	750	639	-1	-1	-1	17	746	636	1603352347
-60	0	-74	-74	-74	0	0	0	0	0	0	0	-82	-82	-83	-86	0	-92	-70	0	-86	0	0	0	0	0	0	-82	-89	-82	0	0	0	0	0	0	0	0	0	0	0	0	0	0	0	0	0	0	0	0	0	0	0	0	0	0	0	0	-90	0	0	0	5796	-1309	-2161	27741	-4955	104	17	750	639	-1	-1	-1	17	746	636	1603352348
-53	0	-79	-81	-81	0	0	0	0	0	0	0	-87	-88	-87	-84	-94	0	-71	-71	-90	0	0	0	0	0	-87	-87	0	-87	0	0	0	0	-93	0	0	0	0	0	0	0	0	0	0	0	0	0	0	0	0	0	0	0	0	0	0	0	0	-93	0	0	5841	-1414	-2160	27740	-4953	105	17	750	639	-1	-1	-1	18	745	636	1603352350
-52	-71	-76	-75	-75	0	0	0	0	0	0	0	-82	-83	-83	-84	0	-92	-71	-71	-84	-72	0	0	-73	0	0	-83	-91	-84	0	0	0	0	0	0	0	0	0	0	0	0	0	0	0	0	0	0	0	0	0	0	0	0	0	0	0	-93	0	0	0	0	5826	-1354	-2101	27740	-4952	105	18	750	639	-1	-1	-1	18	745	636	1603352352
-58	-71	-79	-80	-82	0	0	0	0	0	0	0	-86	-87	-88	-86	0	-92	-72	-71	-91	0	0	0	0	0	0	-88	0	-86	0	0	0	0	0	0	0	0	0	0	0	0	0	0	0	0	0	0	0	0	0	0	0	0	0	0	0	0	0	0	0	0	5796	-1339	-2116	27741	-4956	105	18	750	638	-1	-1	-1	18	746	636	1603352353
0	-70	-83	-82	-83	0	0	0	0	0	0	0	-88	-88	-87	-84	-95	-91	-70	-71	0	0	0	0	0	0	0	-87	0	-87	0	0	0	0	0	0	0	0	0	0	0	0	0	0	0	0	0	0	-86	0	0	0	0	0	0	0	0	0	0	0	0	0	5796	-1429	-2071	27740	-4952	104	17	750	639	-1	-1	-1	17	745	636	1603352355
-59	0	-83	-82	-81	0	0	0	0	0	0	0	-88	-86	-87	-83	0	0	0	0	-85	0	0	0	0	0	0	-88	0	-87	0	0	0	0	0	0	0	0	0	0	0	0	0	0	0	0	0	0	0	0	0	0	0	0	0	0	0	0	0	0	0	0	5826	-1370	-2086	27739	-4952	106	17	750	639	-1	-1	-1	18	745	636	1603352356
-59	-70	-82	-81	-82	0	0	0	0	0	0	0	-87	-87	-88	-85	-93	-92	-73	-70	-86	0	0	0	0	0	0	-87	-88	-86	0	0	0	0	-94	0	0	0	0	0	0	0	0	0	0	0	0	0	0	0	0	0	0	0	0	0	0	0	0	0	0	0	5683	-1339	-2086	27742	-4957	105	17	750	638	-1	-1	-1	18	746	635	1603352358
0	-74	-82	-79	-81	0	0	0	0	0	0	0	-89	-88	-87	-86	0	-93	-73	-74	-85	0	0	0	0	0	0	-86	0	-88	-88	0	0	0	0	0	0	0	0	0	0	0	0	0	0	0	0	0	0	0	0	0	0	0	0	0	0	0	0	0	0	0	5751	-1354	-2131	27740	-4952	105	17	750	639	-1	-1	-1	18	745	636	1603352360
0	-70	-82	-81	-80	0	0	0	0	0	0	0	-90	-88	-87	-85	-93	-91	-70	-70	0	0	0	0	0	0	0	-87	0	-87	0	0	0	0	0	0	0	0	0	0	0	0	0	0	0	0	0	0	0	0	0	0	0	0	0	0	0	0	0	0	0	0	5834	-1437	-2085	27739	-4952	105	17	750	639	-1	-1	-1	18	745	636	1603352361
-60	-70	-76	-75	-75	0	0	0	0	0	0	0	-82	-83	-83	-86	0	-91	-72	-73	0	0	0	0	0	0	0	-84	0	-82	0	0	-86	0	0	0	0	0	0	0	-85	0	0	0	0	0	0	0	0	0	0	0	0	0	0	0	0	0	0	0	0	0	5856	-1370	-2071	27741	-4955	105	18	750	638	-1	-1	-1	18	746	636	1603352363
-60	0	-82	-82	-83	0	0	0	0	0	0	0	-88	-88	-89	-84	0	-91	-71	-72	0	-70	-71	-71	-71	-69	0	-88	0	-87	0	0	0	0	0	0	0	0	0	0	0	0	0	0	0	0	0	0	0	0	0	0	0	0	0	0	0	0	0	0	0	0	5811	-1399	-2101	27739	-4952	104	17	750	639	-1	-1	-1	17	745	636	1603352364
-59	-72	-81	-82	-80	0	0	0	0	0	0	0	-89	-87	-87	-85	-93	-91	-72	-71	-88	0	0	0	0	0	0	-87	0	-88	0	0	0	0	0	0	0	0	0	0	0	0	0	0	0	0	0	0	0	0	0	0	0	0	0	0	0	0	0	0	0	0	5841	-1317	-2101	27739	-4951	105	17	750	639	-1	-1	-1	18	745	636	1603352366
0	-72	-80	-80	-83	0	0	0	0	0	0	0	-88	-86	-88	-83	0	-93	-73	-72	0	0	0	0	0	0	0	-89	0	-88	0	0	0	0	0	0	0	0	0	0	0	0	0	0	0	0	0	0	0	0	0	0	0	0	0	0	0	0	0	0	0	0	5796	-1362	-2086	27741	-4956	106	18	750	639	-1	-1	-1	18	746	636	1603352368
-58	-72	-80	-80	-83	0	0	0	0	-89	0	0	-87	-87	-87	-85	0	-90	-73	-72	0	0	0	0	0	0	0	-87	0	-87	0	0	0	0	0	0	0	0	0	0	0	0	0	0	0	0	0	0	0	0	0	-94	0	0	0	0	0	0	0	0	0	0	5841	-1400	-2071	27739	-4951	106	18	750	640	-1	-1	-1	18	745	636	1603352369
0	-72	-77	-76	-76	0	0	0	0	0	0	0	-82	-83	-83	-85	0	-92	0	0	0	0	0	0	0	0	-86	-82	-85	-84	0	0	0	0	0	0	0	0	0	0	0	0	0	0	0	0	0	0	0	0	0	0	0	0	0	0	0	-93	0	0	0	0	5841	-1399	-2101	27740	-4952	106	17	750	639	-1	-1	-1	18	745	636	1603352371
0	0	-82	-81	-81	0	0	0	0	0	0	0	-86	-87	-87	-84	0	-90	-72	-73	-86	0	0	0	0	0	0	-86	0	-87	0	-94	0	0	0	0	0	0	0	0	0	0	0	-84	0	0	0	0	0	0	0	0	0	-93	0	0	0	0	0	0	0	0	5796	-1354	-2138	27741	-4955	107	18	750	638	-1	-1	-1	18	746	636	1603352372
-59	-73	-80	-80	-83	0	0	0	0	0	0	0	-86	-88	-88	-85	0	0	-72	-73	0	0	0	0	0	0	0	-87	0	-87	0	0	0	0	0	0	0	0	0	0	0	0	0	0	0	0	0	0	0	0	0	-96	0	0	0	0	0	0	0	0	0	0	5826	-1355	-2071	27739	-4952	107	18	750	640	-1	-1	-1	18	745	636	1603352374
0	-73	-83	-81	-80	0	0	0	0	0	0	0	-88	-87	-87	-85	0	-91	0	-72	-87	0	0	0	0	0	-86	-87	-89	-86	0	0	0	0	-91	0	0	0	0	0	0	0	0	0	0	0	0	0	0	0	0	0	0	0	0	0	0	0	0	0	0	0	5796	-1309	-2101	27739	-4950	106	18	750	640	-1	-1	-1	18	745	636	1603352376
-57	-74	-79	-80	-81	0	0	0	0	0	0	0	-87	-88	-86	-83	-93	-91	-72	-72	-85	0	0	0	0	0	0	-87	0	-88	0	0	0	0	0	0	0	0	0	0	0	0	0	0	0	0	0	0	0	0	0	0	0	0	0	0	0	0	0	0	0	0	5811	-1429	-2101	27739	-4951	107	18	750	640	-1	-1	-1	18	745	636	1603352377
0	-73	-75	-76	-76	0	0	0	0	-89	0	-91	-82	-82	-82	-84	0	-93	-72	0	-86	-70	-70	-69	-71	-69	0	-83	0	-83	0	0	0	0	0	0	0	0	0	0	0	0	0	0	0	0	0	0	0	0	0	0	0	0	0	0	0	-93	0	0	0	0	5781	-1354	-2086	27741	-4955	106	18	750	639	-1	-1	-1	18	746	636	1603352379
-53	-74	-74	-74	-73	0	0	0	0	0	0	0	-82	-83	-83	0	0	-92	-72	-74	0	0	-70	-69	0	-71	-87	-82	-88	-83	-91	0	0	0	0	0	0	0	0	0	0	0	0	0	0	0	0	0	0	0	0	0	0	0	0	0	0	0	0	0	0	0	5886	-1362	-2086	27739	-4950	105	17	750	640	-1	-1	-1	18	745	636	1603352380
0	-73	-83	-80	-80	0	0	0	-88	-92	0	0	-88	-89	-88	-87	-95	-91	0	0	0	-69	-69	-70	-71	-70	0	-87	0	-87	0	0	0	0	0	0	0	0	0	0	0	0	0	0	0	0	0	0	0	0	0	0	0	0	0	0	0	0	0	0	0	0	5826	-1354	-2146	27739	-4952	105	17	750	639	-1	-1	-1	17	745	636	1603352382
-59	-71	-75	-75	-75	0	0	0	0	0	0	0	-83	-82	-83	-83	0	-92	-73	-74	-89	-70	-70	-69	-70	-69	-88	-83	-90	-83	0	0	0	0	-94	0	0	0	0	0	0	0	0	0	0	0	0	0	0	0	0	0	0	0	0	0	0	-94	0	0	0	0	5842	-1445	-2115	27739	-4950	106	17	750	640	-1	-1	-1	18	745	636	1603352384
-57	0	-79	-80	-81	0	0	0	0	0	0	0	-88	-87	-87	-84	-95	-91	-73	-73	-86	0	0	0	0	0	0	-87	0	-87	0	0	0	0	0	0	0	0	0	0	0	0	0	0	0	0	0	0	0	0	0	0	0	0	0	0	0	0	0	0	0	0	5826	-1369	-2101	27739	-4950	106	17	750	640	-1	-1	-1	18	745	636	1603352385
-60	-72	-81	-82	-80	0	0	0	0	0	0	0	-86	-88	-88	-83	-96	-92	0	-74	-85	0	0	0	0	0	0	-88	0	-89	0	0	0	0	0	0	0	0	0	0	0	0	0	0	0	0	0	0	0	0	0	0	0	0	0	0	0	0	0	0	0	0	5766	-1399	-2108	27739	-4950	105	17	750	640	-1	-1	-1	18	745	636	1603352387
0	0	-81	-82	-82	0	0	0	0	0	0	0	-87	-88	-87	-82	-95	-91	-74	-71	-88	0	0	0	0	0	0	-87	-90	-88	0	0	0	0	0	0	0	0	0	0	0	0	0	0	0	0	0	0	0	0	0	0	0	0	0	0	0	0	0	0	0	0	5872	-1340	-2086	27740	-4953	105	17	750	639	-1	-1	-1	18	745	636	1603352388
-58	-71	-80	-81	-80	0	0	0	0	-90	0	0	-87	-88	-87	-83	-94	-91	-71	-72	0	0	0	0	0	0	0	-88	0	-88	0	0	0	0	0	0	0	0	0	0	0	0	0	0	0	0	0	0	0	0	0	0	0	-95	0	0	0	0	0	0	0	0	5834	-1399	-2153	27739	-4951	104	17	750	640	-1	-1	-1	17	745	636	1603352390
-56	-71	-81	-82	-81	0	0	0	0	0	0	0	-88	-88	-89	-84	-94	-92	-70	-71	-88	0	0	0	0	0	0	-86	0	-87	0	0	0	0	0	0	0	0	0	0	0	0	0	0	0	0	0	0	0	0	0	0	0	0	0	0	0	0	0	0	0	0	5841	-1369	-2131	27739	-4951	105	18	750	640	-1	-1	-1	18	745	636	1603352392
-59	0	-82	-81	-80	0	0	0	0	0	0	0	-88	-88	-86	-84	-92	-90	0	0	0	0	0	0	0	0	0	-88	0	-87	-89	0	0	0	0	0	0	0	0	0	0	0	0	0	0	0	0	0	0	0	0	0	0	0	0	0	0	0	0	0	0	0	5796	-1414	-2101	27741	-4955	106	17	750	638	-1	-1	-1	18	746	636	1603352393
-59	-72	-83	-82	-82	0	0	0	0	0	0	0	-87	-87	-87	-83	0	-91	-71	-71	0	-71	0	-71	-72	0	0	-87	0	-88	0	0	0	0	0	0	0	0	0	0	0	0	0	0	0	0	0	0	0	0	0	0	0	0	0	0	0	0	0	0	0	0	5766	-1399	-2108	27739	-4952	106	18	750	640	-1	-1	-1	18	745	636	1603352395
-61	0	-80	-82	-82	0	0	0	0	0	0	0	-89	-87	-87	-85	0	-90	-71	-70	-88	-71	-71	-71	-71	-71	-89	-87	-89	-87	0	0	0	0	0	0	0	0	0	0	0	0	0	0	0	0	0	0	0	0	0	0	0	0	0	0	0	0	0	0	0	0	5811	-1332	-2146	27739	-4951	105	18	750	640	-1	-1	-1	18	745	636	1603352396
-62	-70	-81	-82	-80	0	0	0	0	0	0	0	0	-86	-86	-85	-94	0	-70	-70	0	0	0	0	0	0	0	-87	0	-87	0	0	0	0	0	0	0	0	0	0	0	0	0	0	0	0	-88	0	0	0	0	0	0	0	0	0	0	0	0	0	0	0	5826	-1407	-2145	27740	-4953	107	18	750	638	-1	-1	-1	18	745	636	1603352398
-62	0	-81	-82	-82	0	0	0	0	0	0	0	-88	-86	-87	-87	0	-91	0	0	-86	0	0	0	0	0	0	-88	-92	-87	0	0	0	0	0	0	0	0	0	0	0	0	0	0	0	0	-90	-87	0	0	0	-95	0	0	0	0	0	0	0	0	0	0	5841	-1369	-2145	27740	-4952	106	17	750	640	-1	-1	-1	18	745	636	1603352399
-55	0	-76	-76	-76	0	0	0	0	0	0	0	-82	-83	-83	-85	0	-93	0	0	-87	0	0	0	0	0	-89	-84	-88	-83	-87	0	0	0	0	0	-90	0	0	0	0	0	0	0	0	0	0	0	0	0	0	0	0	0	0	0	0	-93	0	0	0	0	5766	-1354	-2146	27739	-4951	105	18	750	640	-1	-1	-1	18	745	636	1603352401
-61	0	-80	-81	0	0	0	0	-90	-88	0	0	-88	-87	-88	-84	-95	-90	0	-71	0	-72	-71	-71	-71	-71	0	-87	0	-88	0	-91	0	0	0	0	0	0	0	0	0	0	0	0	0	0	0	0	0	0	0	0	0	0	0	0	0	0	0	0	0	0	5796	-1339	-2116	27741	-4956	106	18	750	638	-1	-1	-1	18	746	636	1603352403
0	-71	-80	-80	-81	0	0	0	0	0	0	0	-90	-88	-87	-83	-94	0	-71	-71	0	0	0	-72	0	0	0	-88	0	-89	0	0	0	0	0	0	0	0	0	0	0	0	0	0	0	0	0	0	0	0	0	0	0	0	0	0	0	0	0	0	0	0	5781	-1406	-2190	27739	-4951	106	17	750	640	-1	-1	-1	18	745	636	1603352404
-63	0	-74	-74	-74	0	0	0	0	0	0	0	-86	-86	-87	-84	0	-92	0	0	0	0	0	0	0	0	0	-86	0	-87	-88	0	0	0	0	0	0	0	0	0	0	0	0	-83	0	0	0	0	0	0	0	0	0	0	0	0	0	-94	0	0	0	0	5834	-1399	-2130	27739	-4950	106	18	750	640	-1	-1	-1	18	745	636	1603352406
-56	-72	-82	-80	-80	0	0	0	0	0	0	0	-87	-89	-87	-85	-95	-93	0	-73	0	0	0	0	0	0	0	-87	-88	-87	0	0	0	0	0	0	0	0	0	0	0	0	0	0	0	0	0	0	0	0	0	0	0	0	0	0	0	0	0	0	0	0	5796	-1399	-2101	27739	-4951	105	17	750	639	-1	-1	-1	18	745	636	1603352407
-63	0	-82	-82	-81	0	0	0	0	0	0	0	-88	-88	-88	-83	0	0	0	0	0	0	0	0	0	0	0	-88	0	-87	-91	0	0	0	0	0	0	0	0	0	0	0	0	0	0	0	0	0	0	0	0	0	0	0	0	0	0	0	0	0	0	0	5826	-1324	-2108	27739	-4952	105	18	750	639	-1	0	0	18	745	636	1603352409
-62	0	-80	-82	-82	0	0	0	0	0	0	0	-88	-87	-87	-84	0	-92	0	0	0	0	0	0	0	0	0	-86	0	-88	0	0	0	0	0	0	0	0	0	0	0	0	0	0	0	0	0	0	0	0	0	0	0	-92	0	0	0	0	0	0	0	0	5826	-1355	-2071	27740	-4954	104	17	750	639	0	-1	0	17	745	636	1603352411
0	-72	-74	-74	-74	0	0	0	0	0	0	0	-81	-83	-82	-83	0	-93	-72	-72	0	0	0	0	0	0	0	-83	-88	-83	0	0	0	0	0	0	0	0	0	0	0	0	0	0	0	0	-88	-86	0	0	0	0	0	0	0	0	0	-93	0	0	0	0	5826	-1400	-2056	27741	-4955	103	17	750	639	0	0	0	17	746	636	1603352412
-57	-72	-73	-74	-73	0	0	0	0	0	0	0	-84	-84	-84	-85	0	-93	0	-72	0	0	0	-70	0	-71	0	-84	0	-84	0	0	0	0	0	0	0	0	0	0	0	0	0	0	0	0	0	0	0	0	0	0	0	0	0	0	0	-93	0	0	0	0	5781	-1354	-2131	27740	-4952	103	17	750	640	0	0	0	17	745	636	1603352414
-56	-70	-80	-81	-82	0	0	0	0	0	0	0	-88	-86	-88	-86	0	-92	-71	-72	0	0	0	0	0	0	0	-87	0	-87	0	0	0	0	0	0	0	0	0	0	0	0	0	0	0	0	0	0	0	0	0	0	-93	0	0	0	0	0	0	0	0	0	5811	-1369	-2086	27742	-4957	103	17	750	638	0	0	0	17	746	635	1603352415
0	-71	-81	-82	-80	0	0	0	0	0	0	0	-88	-88	-87	-82	0	-93	-70	-71	0	0	0	0	0	0	0	-88	0	-87	-88	0	0	0	0	0	0	0	0	0	-86	0	0	0	0	0	0	0	0	0	0	0	0	0	0	0	0	0	0	0	0	0	5834	-1399	-2101	27740	-4953	104	18	750	640	0	0	0	17	745	636	1603352417
-56	0	-81	-80	-82	0	0	0	-89	-89	0	0	-88	-87	-88	-86	-94	-92	0	-72	0	0	0	0	0	0	0	-86	0	-88	0	0	0	0	0	0	0	0	0	0	0	0	0	0	0	0	0	0	0	0	0	-94	0	-94	0	0	0	0	0	0	0	0	5826	-1354	-2131	27739	-4951	104	17	750	640	-1	0	0	17	745	636	1603352419
-56	0	-81	-83	-80	0	0	0	0	0	0	0	-88	-87	-87	-84	-97	-91	0	0	-86	0	0	-72	0	0	0	-88	0	-86	0	0	0	0	0	0	0	0	0	0	0	0	0	0	0	0	0	0	0	0	0	-95	0	-94	0	0	0	0	0	0	0	0	5841	-1399	-2101	27739	-4951	104	18	750	640	-1	0	0	17	745	636	1603352420
-56	0	-75	-77	-77	0	0	0	0	0	0	0	-82	-82	-83	-85	0	-92	-71	-70	0	0	0	0	0	0	-87	-82	0	-83	0	0	0	0	-95	0	0	0	0	0	0	0	0	0	0	0	-87	0	0	0	0	0	0	0	0	0	0	-94	0	0	0	0	5811	-1399	-2101	27741	-4954	104	18	750	639	0	0	0	17	746	636	1603352422
-62	0	-81	-81	-82	0	0	0	0	-89	0	0	-88	-88	-87	-83	0	0	0	0	-86	0	0	0	0	0	0	-88	0	-86	0	0	0	0	0	0	0	0	0	0	0	0	0	0	0	0	-89	-89	0	0	0	0	0	0	0	0	0	0	0	0	0	0	5826	-1370	-2086	27740	-4952	104	17	750	640	-1	0	0	17	745	636	1603352423
0	-70	-80	-82	-81	0	0	0	0	0	0	0	-88	-88	-86	-84	0	0	-71	-72	0	0	0	-70	0	0	0	-87	-89	-87	0	0	0	0	0	0	0	0	0	0	0	0	0	0	0	0	0	0	0	0	0	0	0	0	0	0	0	0	0	0	0	0	5826	-1370	-2041	27740	-4952	105	18	750	639	-1	-1	0	17	745	636	1603352425
0	0	-82	-82	-81	0	0	0	0	0	0	0	-88	-86	-88	-85	0	-92	0	0	0	0	0	0	0	0	0	-87	0	-88	0	0	0	0	0	0	0	0	0	0	0	0	0	0	0	0	0	0	0	0	0	0	-93	-93	0	0	0	0	0	0	0	0	5796	-1347	-2071	27741	-4956	104	17	750	639	0	-1	0	17	746	636	1603352427
0	-71	-82	-80	-82	0	0	0	0	0	0	0	-86	-87	-87	-86	0	0	-70	-71	0	0	0	-71	0	0	-89	-88	0	-87	-89	0	0	0	0	0	0	0	0	0	0	0	0	0	0	0	0	0	0	0	0	0	0	0	0	0	0	0	0	0	0	0	5841	-1355	-2071	27740	-4952	104	18	750	640	0	0	0	17	745	636	1603352428
-55	0	-81	-82	-82	0	0	0	0	0	0	0	-89	-87	-87	-86	-95	-90	0	0	0	0	0	0	0	0	0	-87	0	-86	0	0	0	0	0	0	0	0	0	0	0	0	0	0	0	0	0	0	-85	0	0	0	0	0	0	0	0	0	0	0	0	0	5819	-1369	-2071	27740	-4953	104	17	750	640	0	0	0	17	745	636	1603352430
-56	0	-80	-81	-81	0	0	0	0	0	0	0	-88	-86	-87	-86	-94	-92	0	0	-86	0	0	0	0	0	0	-87	0	-88	0	0	0	0	0	0	0	0	0	0	0	0	0	0	0	0	0	0	0	0	0	0	0	0	0	0	0	0	0	0	0	0	5796	-1369	-2071	27740	-4954	103	17	750	640	0	0	0	17	745	636	1603352431
-63	-71	-80	-80	-82	0	0	0	0	0	0	0	-87	-87	-88	-85	0	-92	-71	-71	-89	0	0	0	0	0	0	-88	0	-87	0	0	0	0	0	0	0	0	0	0	0	0	0	0	0	0	0	0	0	0	0	-94	0	0	0	0	0	0	0	0	0	0	5796	-1407	-2101	27740	-4953	104	18	750	640	0	0	0	17	745	636	1603352433
-56	0	-80	-80	-80	0	0	0	0	0	0	0	-88	-87	-87	-84	0	-91	0	0	0	0	0	0	0	0	0	-88	0	-88	0	0	0	0	0	0	0	0	0	0	0	0	0	0	0	0	0	0	0	0	0	0	-94	0	0	0	0	0	0	0	0	0	5834	-1309	-2116	27739	-4952	104	18	750	640	0	0	0	17	745	636	1603352435
-56	-71	-80	-81	-82	0	0	0	0	0	0	0	-88	-87	-88	-87	0	-92	-71	-71	0	0	0	0	0	0	0	-87	0	-87	0	0	0	0	0	0	0	0	0	0	0	0	0	0	0	0	0	0	0	0	0	0	0	0	0	0	0	0	0	0	0	0	5826	-1347	-2101	27741	-4956	105	18	750	639	0	0	0	18	746	636	1603352436
-62	-72	-75	-75	-76	0	0	0	0	0	0	0	-82	-83	-83	-85	0	-92	-72	-70	0	0	0	0	0	0	0	-84	-88	-83	0	0	0	0	0	0	0	0	0	0	0	0	0	0	0	0	-86	0	0	0	0	0	0	0	0	0	0	-95	0	0	0	0	5834	-1354	-2131	27740	-4952	104	17	750	640	0	0	0	17	745	636	1603352438
-55	-72	-75	-76	-75	0	0	0	0	0	0	0	-81	-83	-82	-85	0	-94	-71	-71	-86	0	0	0	0	0	0	-83	0	-82	0	0	0	0	0	0	0	0	0	0	0	0	0	0	0	0	0	0	0	0	0	0	0	0	0	0	0	-94	0	0	0	0	5841	-1355	-2078	27740	-4954	105	18	750	639	-1	0	0	18	745	636	1603352439
-55	0	-80	-80	-80	0	0	0	-89	-89	0	0	-88	-87	-87	-84	0	-93	0	0	0	0	0	0	0	0	-88	-88	0	-87	-89	0	0	0	0	0	0	0	0	0	0	0	0	0	0	0	0	0	0	0	0	0	0	0	0	0	0	0	0	0	0	0	5826	-1347	-2093	27742	-4958	105	18	750	639	0	0	0	18	746	635	1603352441
-63	0	-81	-80	-80	0	0	0	0	0	0	0	-87	-88	-87	-85	-93	-90	0	0	-86	0	0	0	0	0	0	-88	0	-88	0	0	0	0	0	0	0	0	0	0	0	0	0	0	0	0	0	0	0	0	0	0	0	0	0	0	0	0	0	0	0	0	5841	-1399	-2093	27739	-4952	104	18	750	640	-1	0	0	17	745	636	1603352443
-63	-71	-76	-75	-75	0	0	0	0	0	0	0	-82	-82	-83	-86	0	-94	-71	-71	-88	-71	-71	-71	-72	-71	-89	-83	0	-83	-89	0	0	0	0	0	0	0	0	0	0	0	0	0	0	0	0	0	0	0	0	0	0	0	0	0	0	-94	0	0	0	0	5826	-1354	-2101	27740	-4952	105	18	750	640	0	0	0	18	745	636	1603352444
-63	-72	-75	-76	-75	0	0	0	0	-87	0	0	-82	-83	-84	-84	-95	-92	-71	-71	-84	0	0	0	0	0	0	-83	0	-83	0	0	0	0	0	0	0	0	0	0	0	0	0	-89	0	0	0	0	0	0	0	0	0	0	0	0	0	0	0	0	0	0	5781	-1414	-2086	27741	-4956	104	18	750	638	0	0	0	17	746	636	1603352446
-63	-72	-79	-80	-79	0	0	0	0	0	0	0	-87	-87	-87	-84	-96	-92	-71	-71	0	0	0	0	0	0	0	-89	0	-87	0	0	0	0	0	0	0	0	0	0	-84	0	0	0	0	0	0	0	0	0	0	-90	0	0	0	0	0	0	0	0	0	0	5796	-1399	-2130	27740	-4953	104	17	750	640	0	0	0	17	745	636	1603352447
-63	-70	-82	-79	-79	0	0	0	0	0	0	0	-89	-87	-87	-85	-93	-93	-70	-70	0	0	0	0	0	0	0	-88	0	-88	-89	0	0	0	0	0	0	0	0	0	0	0	0	0	0	0	0	0	0	0	0	0	0	0	0	0	0	0	0	0	0	0	5803	-1369	-2101	27740	-4952	104	18	750	640	0	0	0	17	745	636	1603352449
0	-71	-81	-81	-80	0	0	0	0	0	0	0	-87	-88	-87	-85	-93	-91	-72	-72	0	0	0	-71	0	0	0	-88	-88	-87	0	0	0	0	0	0	0	0	0	0	0	0	0	0	0	0	0	0	0	0	0	0	0	0	0	0	0	0	0	0	0	0	5781	-1399	-2101	27740	-4953	105	18	750	639	0	0	0	17	745	636	1603352451
-55	0	-81	-78	-79	0	0	0	0	0	0	0	-87	-87	-89	-83	0	-92	0	0	0	0	0	0	0	0	-89	-88	0	-88	0	0	0	0	0	0	0	0	0	0	0	0	0	-85	0	0	0	0	0	0	0	0	0	-92	0	0	0	0	0	0	0	0	5796	-1399	-2071	27740	-4954	106	18	750	639	0	0	0	18	745	636	1603352452
-55	0	-76	-76	-75	0	0	0	0	0	0	0	-85	-86	-86	-86	0	-93	0	0	0	0	0	0	0	0	0	-86	0	-85	-88	0	0	0	0	0	0	0	0	0	-86	0	0	-88	0	0	0	0	0	0	0	0	0	0	0	0	0	-95	0	0	0	0	5796	-1399	-2101	27739	-4950	104	17	750	640	0	0	0	17	745	636	1603352454
-56	-71	-75	-76	-76	0	0	0	0	0	0	0	-85	-87	-86	-84	0	-90	-71	-73	0	-72	-72	0	-72	0	0	-86	0	-86	0	0	0	0	0	0	0	0	0	0	0	0	0	0	0	0	-88	-88	0	0	0	0	0	0	0	0	0	-95	0	0	0	0	5796	-1414	-2086	27741	-4955	105	18	750	639	0	0	0	18	746	636	1603352455
-58	-72	-82	-81	-81	0	0	0	0	0	0	0	-86	-87	-87	-82	-95	0	-71	-72	0	0	0	0	0	0	0	-88	0	-87	0	0	0	0	0	0	0	0	0	0	0	0	0	0	0	0	0	0	0	0	0	0	0	0	0	0	0	0	0	0	0	0	5827	-1415	-2078	27741	-4955	105	18	750	639	0	0	0	18	746	636	1603352457
-58	-72	-74	-74	-74	0	0	0	-89	-90	0	0	-85	-86	-86	-83	0	-93	-72	-71	0	-71	-71	-71	-71	-72	0	-86	0	-86	0	0	0	0	0	0	0	0	0	0	0	0	0	0	0	0	0	0	0	0	0	0	0	0	0	0	0	-94	0	0	0	0	5811	-1429	-2093	27740	-4952	104	17	750	640	0	0	0	17	745	636	1603352459
0	-73	-81	-81	-79	0	0	0	0	0	0	0	-89	-87	-88	-82	-96	-90	-73	-72	0	0	0	0	0	0	0	-88	0	-87	0	0	0	0	0	0	0	0	0	0	0	0	0	0	0	0	0	0	0	0	0	0	0	0	0	0	0	0	0	0	0	0	5826	-1399	-2101	27740	-4953	104	18	750	640	0	0	0	17	745	636	1603352460
-56	-71	-75	-76	-75	0	0	0	0	0	0	0	-85	-86	-85	-84	0	-91	-72	-71	0	0	0	0	0	0	0	-86	-88	-86	0	0	0	0	0	0	0	0	0	0	0	0	0	-85	0	0	0	0	0	0	0	0	0	0	0	0	0	-94	0	0	0	0	5796	-1317	-2101	27740	-4954	105	18	750	640	0	0	0	18	745	636	1603352462
-56	0	-82	-80	-80	0	0	0	0	0	0	0	-87	-88	-88	-84	-93	0	0	0	0	0	0	0	0	0	0	-87	0	-88	0	0	0	0	0	0	0	0	0	0	0	0	0	0	0	0	0	0	0	0	0	-94	0	-94	0	0	0	0	0	0	0	0	5781	-1354	-2079	27740	-4953	106	18	750	640	0	0	0	18	745	636	1603352463
-61	0	-80	-81	-82	-88	-89	0	-91	-91	-89	0	-88	-87	-88	-86	-93	-92	-72	0	0	0	0	-72	0	0	0	-87	0	-88	0	0	0	0	0	0	0	0	0	0	0	0	0	0	0	0	0	0	0	0	0	-93	0	0	0	0	0	0	0	0	0	0	5789	-1354	-2131	27740	-4952	105	18	750	639	0	0	0	18	745	636	1603352465
-62	-70	-80	-79	-80	0	0	0	0	0	0	0	-89	-88	-88	-83	-95	-91	-71	-71	0	0	0	0	0	0	0	-88	0	-89	0	0	0	0	0	0	0	0	0	0	0	0	0	0	0	0	0	0	0	0	0	0	0	0	0	0	0	0	0	0	0	0	5841	-1399	-2101	27741	-4956	105	18	750	639	0	0	0	18	746	636	1603352467
-57	-72	-79	-80	-79	0	0	0	0	0	0	0	-88	-89	-88	-85	-92	-89	-71	-72	0	0	0	0	0	0	-88	-87	0	-88	-87	0	0	0	0	0	0	0	0	0	0	0	0	0	0	0	0	0	0	0	0	0	0	0	0	0	0	0	0	0	0	0	5834	-1400	-2071	27740	-4953	105	17	750	639	-1	-1	0	17	745	636	1603352468
-62	-71	-80	-80	-80	0	0	0	0	0	0	0	-87	-88	-88	-83	-93	-92	-71	-71	0	-72	-71	-71	-71	-71	-90	-88	-90	-88	-89	0	0	0	0	0	0	0	0	0	0	0	0	0	0	0	0	0	0	-94	0	0	0	0	0	0	0	0	0	0	0	0	5796	-1339	-2108	27740	-4953	105	18	750	640	0	0	0	18	745	636	1603352470
-59	-72	-81	-81	-78	0	0	0	0	0	0	0	-88	-86	-89	-85	0	-91	-73	-72	0	0	0	0	0	0	0	-87	0	-87	0	0	0	0	0	0	0	0	0	0	0	0	0	0	0	0	0	0	0	0	0	0	-94	0	0	0	0	0	0	0	0	0	5773	-1354	-2146	27741	-4957	105	18	750	639	0	0	0	18	746	635	1603352471
0	0	-80	-80	-80	0	0	0	0	-92	0	0	-88	-87	-88	-87	-95	-91	-72	-72	0	0	0	-70	0	0	0	-86	0	-87	0	0	0	0	0	0	0	0	0	0	0	0	0	0	0	0	0	0	0	0	0	0	0	-94	0	0	0	0	0	0	0	0	5781	-1369	-2101	27740	-4954	104	18	750	639	0	0	0	17	745	636	1603352473
-58	0	-79	-81	-79	0	0	0	0	0	0	0	-87	-87	-87	-83	-95	0	0	-75	0	0	0	0	0	0	-90	-88	0	-87	0	0	0	0	0	0	0	0	0	0	0	0	0	0	0	0	0	0	0	0	0	0	0	0	0	0	0	0	0	0	0	0	5826	-1340	-2086	27741	-4955	105	18	750	639	0	-1	0	18	746	636	1603352474
-55	0	-81	-81	-81	0	0	0	0	0	0	0	-88	-87	-87	-84	-93	0	0	-73	0	0	0	-70	0	0	0	-86	0	-86	0	0	0	0	0	0	0	0	0	0	0	0	0	0	0	0	0	0	0	0	0	0	0	0	0	0	0	0	0	0	0	0	5796	-1347	-2101	27742	-4958	105	18	750	638	-1	0	0	18	746	635	1603352476
-56	0	-79	-80	-80	0	0	0	0	0	0	0	-88	-89	-87	-86	-95	-91	-75	-73	0	-72	-73	-72	-74	-74	-90	-88	-92	-87	0	0	0	0	0	0	0	0	0	0	0	0	0	0	0	0	0	0	0	0	0	0	0	0	0	0	0	0	0	0	0	0	5841	-1317	-2101	27741	-4954	105	17	750	639	0	0	0	17	746	636	1603352478
-56	-73	-75	-76	-76	0	0	0	0	0	0	0	-87	-85	-86	-85	0	-93	0	-73	0	0	0	0	0	0	-90	-86	0	-86	0	0	0	0	0	0	0	0	0	0	0	0	0	0	0	0	0	0	0	-93	0	0	0	0	0	0	0	0	0	0	0	0	5841	-1369	-2101	27740	-4953	105	18	750	639	0	-1	0	18	745	636	1603352479
0	-72	-80	-79	-81	0	0	0	0	0	0	0	-88	-87	-87	-83	0	-91	-74	-72	0	0	0	0	0	0	0	-87	0	-88	0	0	0	0	0	0	0	0	0	0	0	0	0	0	0	0	0	0	0	0	0	0	0	-94	0	0	0	0	0	0	0	0	5841	-1340	-2071	27742	-4959	105	18	750	638	0	0	0	18	746	635	1603352481
-58	-72	-79	-79	-81	0	0	0	0	0	0	0	-89	-88	-88	-84	0	-91	-73	-72	0	0	0	0	0	0	0	-88	0	-88	-87	0	0	0	0	0	0	0	0	0	0	0	0	0	0	0	0	0	0	0	0	0	0	0	0	0	0	0	0	0	0	0	5796	-1339	-2131	27740	-4954	105	18	750	639	0	0	0	18	745	636	1603352482
-57	-72	-77	-76	-75	0	0	-80	-90	-92	0	0	-86	-86	-85	-82	0	-91	-73	-73	0	0	0	0	0	0	-91	-86	-87	-85	-88	0	0	0	0	0	0	0	0	0	0	0	0	0	0	0	0	0	0	0	0	0	0	0	0	0	0	-95	0	0	0	0	5781	-1339	-2109	27740	-4953	105	18	750	639	0	-1	0	18	745	636	1603352484
-57	-72	-75	-75	-75	0	0	0	0	0	0	0	-85	-87	-85	-83	0	-93	-73	-73	-86	0	0	0	0	0	0	-86	-91	-86	0	0	0	0	0	0	0	0	0	0	0	0	0	0	0	0	0	0	0	0	0	0	0	0	0	0	0	-95	0	0	0	0	5796	-1384	-2131	27741	-4955	105	18	750	639	0	-1	0	18	746	636	1603352486
-58	0	-81	-81	-81	0	0	0	0	0	0	0	-88	-88	-88	-84	0	-91	0	0	0	0	0	-70	0	0	0	-87	0	-87	0	0	0	0	0	0	0	0	0	0	0	0	0	0	0	0	0	0	0	0	0	-94	0	0	0	0	0	0	0	0	0	0	5789	-1369	-2131	27740	-4953	105	17	750	640	0	-1	0	18	745	636	1603352487
-56	0	-79	-81	-79	0	0	0	-89	-91	0	0	-88	-88	-87	-84	-92	0	0	-73	0	0	0	0	0	0	0	-88	0	-88	0	0	0	0	0	0	0	0	0	0	0	0	0	0	0	0	0	0	0	0	0	-95	0	0	0	0	0	0	0	0	0	0	5781	-1354	-2131	27741	-4954	104	18	750	639	0	0	0	17	746	636	1603352489
-56	0	-79	-81	-81	0	0	0	0	0	0	0	-87	-87	-88	-85	-91	-92	0	0	-87	0	0	0	0	0	0	-87	0	-88	0	0	0	0	0	-94	0	0	0	0	-84	0	0	0	0	0	0	0	0	0	0	0	0	0	0	0	0	0	0	0	0	0	5781	-1354	-2131	27741	-4955	105	18	750	639	0	-1	0	18	746	636	1603352490
-59	-72	-81	-81	-80	0	0	0	0	0	0	0	-87	-88	-88	-84	-92	-91	-73	-73	0	0	0	-72	0	0	0	-87	0	-87	0	0	0	0	0	0	0	0	0	0	0	0	0	0	0	0	0	0	-82	0	0	0	0	-95	0	0	0	0	0	0	0	0	5781	-1324	-2161	27741	-4957	104	18	750	639	0	0	0	17	746	636	1603352492
0	0	-79	-79	-78	0	0	0	0	0	0	0	-89	-88	-87	-84	-94	-92	0	-73	0	0	0	0	0	0	0	-88	0	-88	0	0	0	0	0	0	0	0	0	0	0	0	0	0	0	0	0	0	0	0	0	0	0	0	0	0	0	0	0	0	0	0	5773	-1354	-2146	27740	-4954	104	17	750	639	0	0	0	17	745	636	1603352494
-55	-77	-74	-74	-76	0	0	0	0	0	0	0	-85	-87	-86	-86	0	-92	-70	-71	-85	0	0	0	0	0	0	-85	-90	-85	0	0	0	0	-94	0	0	0	0	0	0	0	0	-82	0	0	0	0	0	0	0	0	0	0	0	0	0	-95	0	0	0	0	5886	-1355	-2086	27740	-4953	105	18	750	639	0	-1	0	18	745	636	1603352495
-55	-71	-75	-76	-75	0	0	0	0	0	0	0	-82	-84	-83	-84	0	-93	-77	-71	-85	0	0	-70	0	0	0	-83	0	-84	0	0	0	0	0	0	0	0	0	0	0	0	0	0	0	0	0	0	0	0	0	0	0	0	0	0	0	0	0	0	0	0	5796	-1399	-2153	27741	-4956	105	18	750	639	-1	-1	0	18	746	636	1603352497
-55	-70	-82	-81	-80	0	0	0	0	0	0	0	-87	-87	-88	-84	-93	-92	-72	-72	-86	0	0	0	0	0	-87	-87	0	-87	0	0	0	0	0	0	0	0	0	0	0	0	0	0	0	0	0	0	0	0	0	0	0	0	0	0	0	0	0	0	0	0	5811	-1324	-2086	27740	-4954	105	18	750	639	-1	-1	0	18	745	636	1603352498
-61	-72	-81	-82	-82	0	0	0	-88	-90	0	0	-87	-87	-87	-83	-93	-93	0	0	0	0	0	-72	0	0	0	-87	0	-86	0	0	0	0	0	0	0	0	0	0	0	0	0	0	0	0	0	0	0	0	0	0	0	-94	0	0	0	0	0	0	0	0	5826	-1362	-2145	27740	-4954	104	18	750	639	0	0	0	17	746	636	1603352500
-53	-71	-82	-79	-80	0	0	0	0	0	0	0	-87	-88	-88	-83	0	-91	-71	0	0	-70	-69	-70	-70	-71	0	-87	0	-87	0	0	0	0	0	0	0	0	0	0	0	0	0	0	0	0	0	0	0	0	0	0	0	0	0	0	0	0	0	0	0	0	5676	-1399	-2056	27742	-4958	105	18	750	639	0	0	0	18	746	635	1603352502
-63	-71	-79	-81	-79	0	0	0	0	0	0	0	-88	-89	-88	-86	0	-92	-72	0	0	0	0	0	0	0	0	-87	0	-87	0	0	0	0	0	0	0	0	0	0	0	0	0	0	0	0	0	0	0	0	0	0	-95	0	0	0	0	0	0	0	0	0	5796	-1362	-2153	27740	-4952	104	17	750	639	-1	0	0	17	745	636	1603352503
-56	-70	-82	-81	-80	0	0	0	-88	-90	0	0	-87	-87	-87	-84	-93	-91	-69	-71	-86	-71	-70	-70	-71	-70	0	-88	0	-87	-89	0	0	0	0	0	0	0	0	0	0	0	0	0	0	0	0	0	0	0	0	0	-92	0	0	0	0	0	0	0	0	0	5781	-1369	-2131	27740	-4953	103	17	750	639	-1	0	0	17	745	636	1603352505
-57	-76	-82	-82	-79	0	0	0	0	0	0	0	-86	-89	-88	-85	-93	0	-71	-70	-86	0	0	0	0	0	0	-87	0	-87	0	0	0	0	0	0	0	0	0	0	0	0	0	0	0	0	0	0	0	0	0	0	0	0	0	0	0	0	0	0	0	0	5871	-1369	-2130	27742	-4958	104	17	750	638	0	0	0	17	746	635	1603352506
-59	-76	-75	-75	-75	0	0	0	0	0	0	0	-82	-83	-84	-84	0	-94	-74	-73	0	0	0	0	0	0	0	-84	0	-83	0	0	0	0	0	0	0	0	0	0	0	0	0	0	0	0	0	0	0	0	0	0	0	0	0	0	0	-94	0	0	0	0	5826	-1369	-2101	27740	-4952	105	17	750	639	-1	-1	0	18	745	636	1603352508
-57	-74	-81	-81	-81	0	0	0	0	0	0	0	-88	-87	-87	-86	-92	-91	-74	-73	0	0	0	0	0	0	0	-87	0	-87	0	0	0	0	0	0	0	0	0	0	0	0	0	0	0	0	0	0	0	0	0	0	0	0	0	0	0	0	0	0	0	0	5766	-1369	-2146	27741	-4955	104	17	750	639	0	0	0	17	746	636	1603352510
-60	0	-79	-80	-79	0	0	0	0	0	0	0	-88	-88	-87	-84	-93	0	0	0	-89	0	0	0	0	0	0	-88	-91	-88	0	0	0	0	0	0	0	0	0	0	0	0	0	0	0	0	0	0	0	0	0	0	0	0	0	0	0	0	0	0	0	0	5781	-1354	-2146	27742	-4958	104	17	750	639	-1	0	0	17	746	635	1603352511
-56	-75	-75	0	-75	0	0	0	0	0	0	0	-85	-85	-86	-83	0	-94	0	-75	-86	0	0	0	0	0	0	-85	0	-84	0	0	0	0	0	0	0	0	0	0	0	0	0	-84	0	0	0	0	0	0	0	0	0	0	0	0	0	0	0	0	0	0	5826	-1302	-2116	27739	-4951	104	18	750	639	-1	-1	0	17	745	636	1603352513
-56	-76	-81	-81	-81	0	0	0	0	-91	0	0	-89	-87	-89	-83	-94	-91	-76	-76	-86	0	0	0	0	0	0	-88	0	-89	0	0	0	0	0	0	0	0	0	0	0	0	0	0	0	0	0	0	0	0	0	-94	0	0	0	0	0	0	0	0	0	0	5781	-1414	-2101	27740	-4952	105	17	750	639	-1	-1	0	18	745	636	1603352514
0	-75	-81	-78	-79	0	0	0	0	0	0	0	-89	-89	-87	-85	-93	-92	-76	-74	0	0	0	0	0	0	0	-88	0	-90	0	0	0	0	0	0	0	0	0	0	0	0	0	0	0	0	0	0	0	0	0	-94	0	0	0	0	0	0	0	0	0	0	5781	-1384	-2131	27741	-4955	105	17	750	639	-1	-1	0	17	746	636	1603352516
0	-77	-81	-81	-79	0	0	0	0	0	0	-88	-88	-87	-89	-86	-94	-89	-74	-74	-84	-70	0	0	-71	0	0	-88	0	-88	0	0	0	0	0	0	0	0	0	0	0	0	0	0	0	0	0	0	0	0	0	-94	0	0	0	0	0	0	0	0	0	0	5781	-1399	-2101	27739	-4952	104	17	750	640	-1	0	0	17	745	636	1603352518
0	-74	-81	-81	-81	0	0	0	0	0	0	0	-88	-87	-88	-83	-93	-91	0	0	0	0	0	0	0	0	-88	-88	-90	-88	0	0	0	0	0	0	0	0	0	0	0	0	0	0	0	0	0	0	0	0	0	0	0	0	0	0	0	0	0	0	0	0	5796	-1384	-2138	27739	-4952	104	17	750	639	-1	-1	0	17	745	636	1603352519
-56	0	-75	-75	-74	0	0	0	0	0	0	0	-86	-87	-86	-86	0	-92	0	-77	-85	0	0	0	0	0	0	-86	0	-85	-92	0	0	0	0	0	0	0	0	0	0	0	0	-78	0	0	0	0	0	0	0	0	0	0	0	0	0	-94	0	0	0	0	5796	-1339	-2064	27741	-4956	104	17	750	638	-1	0	0	17	746	636	1603352521
0	-72	-79	-79	-80	0	0	0	-90	-90	0	0	-89	-89	-87	-83	-92	-90	-72	0	0	0	0	0	0	0	0	-87	0	-89	0	0	0	0	0	0	0	0	0	0	0	0	0	0	0	0	0	0	0	0	0	0	0	0	0	0	0	0	0	0	0	0	5765	-1324	-2161	27740	-4953	103	17	750	639	0	-1	0	17	745	636	1603352522
0	-72	-75	-75	-76	0	0	0	0	0	0	0	-85	-85	-88	-84	0	0	-71	-74	-87	0	0	0	0	0	0	-86	0	-86	0	0	0	0	0	0	0	0	0	0	0	0	0	0	0	0	0	0	0	0	0	0	0	0	0	0	0	0	0	0	0	0	5796	-1362	-2101	27740	-4952	103	17	750	639	-1	0	0	17	745	636	1603352524
-55	0	-80	-78	-79	0	0	0	0	0	0	0	-88	-87	-88	-83	-94	-91	0	0	0	-74	-74	-74	-74	-74	0	-87	0	-88	0	0	0	0	0	0	0	0	0	0	0	0	0	0	0	0	0	0	0	0	0	0	-95	0	0	0	0	0	0	0	0	0	5781	-1369	-2146	27742	-4957	104	18	750	638	-1	0	0	17	746	635	1603352526
-54	-71	-79	-80	-78	0	0	0	0	0	0	0	-87	-87	-87	-83	-93	-90	-70	-72	0	0	0	0	0	0	0	-88	-90	-88	0	0	0	0	0	0	0	0	0	0	0	0	0	0	0	0	0	0	0	0	0	0	0	0	0	0	0	0	0	0	0	0	5781	-1369	-2146	27740	-4954	103	17	750	639	-1	0	0	17	745	636	1603352527
0	-70	-80	-80	-80	0	0	0	0	0	0	0	-88	-87	-88	0	-93	-92	-72	-72	0	-71	-70	-71	-70	-71	0	-86	0	-88	0	0	0	0	0	0	0	0	0	0	0	0	0	-83	0	0	0	0	0	0	0	0	0	0	0	0	0	0	0	0	0	0	5841	-1309	-2101	27740	-4953	104	17	750	640	-1	-1	0	17	745	636	1603352529
-55	-73	-80	-79	-80	0	0	0	-91	0	0	0	-88	-89	-86	-84	-96	0	-70	0	0	0	0	0	0	0	0	-87	0	-89	0	0	0	0	0	0	0	0	0	0	0	0	0	0	0	0	0	0	0	0	0	0	0	0	0	0	0	0	0	0	0	0	5721	-1369	-2101	27740	-4953	104	17	750	639	-1	0	0	17	745	636	1603352530
0	0	-82	-80	-81	0	0	0	0	0	0	0	-87	-86	-86	-83	-93	0	-70	-71	0	0	0	0	0	0	0	-88	0	-87	0	0	0	0	0	0	0	0	0	0	0	0	0	0	0	0	0	0	0	0	0	0	-95	0	0	0	0	0	0	0	0	0	5796	-1279	-2131	27740	-4954	104	17	750	639	-1	-1	0	17	745	636	1603352532
0	-70	-81	-81	-81	0	0	0	0	0	0	0	-89	-87	-88	-84	-93	-92	-70	-74	0	0	0	0	0	0	0	-88	0	-87	0	0	0	0	0	0	0	0	0	0	0	0	0	0	0	0	0	0	0	0	0	0	0	0	0	0	0	0	0	0	0	0	5781	-1369	-2086	27740	-4953	104	18	750	639	0	0	0	17	745	636	1603352534
-54	-74	-74	-74	-74	0	0	-81	0	0	0	0	-86	-86	-86	-85	0	-93	-70	-74	-87	-70	0	0	-71	0	0	-87	0	-86	0	0	0	0	0	0	0	0	0	0	0	0	0	-85	0	0	0	0	0	0	0	0	0	0	0	0	0	-93	0	0	0	0	5826	-1355	-2086	27740	-4952	104	18	750	639	-1	-1	0	17	745	636	1603352535
-54	-70	-80	-81	-81	0	0	0	0	0	0	0	-88	-88	-87	-85	-91	-91	-73	-70	-88	0	0	0	0	0	0	-89	0	-87	0	0	0	0	0	0	0	0	0	0	0	0	0	0	0	0	0	0	0	0	0	0	0	0	0	0	0	0	0	0	0	0	5781	-1399	-2108	27740	-4954	104	17	750	640	-1	-1	0	17	745	636	1603352537
-54	-70	-80	-78	-79	0	0	0	0	0	0	0	0	-87	-87	-84	0	0	-72	-72	0	0	0	0	0	0	0	-88	0	-87	0	0	0	0	0	0	0	0	0	0	0	0	0	0	0	0	0	0	0	0	0	0	0	0	0	0	0	0	0	0	-87	0	5781	-1399	-2041	27740	-4953	105	17	750	639	-1	-1	0	18	745	636	1603352538
-56	-71	-79	-81	-78	0	0	0	0	0	0	0	-89	-87	-86	-86	-93	0	-71	-71	-85	0	0	0	0	0	0	-87	0	-87	0	0	0	0	0	0	0	0	0	0	0	0	0	0	0	0	0	0	0	0	0	0	0	0	0	0	0	0	0	0	0	0	5796	-1347	-2056	27740	-4954	105	18	750	639	-1	-1	0	18	745	636	1603352540
-55	-71	-80	-79	-78	0	0	0	0	0	0	0	-89	-87	-88	-85	-93	0	-71	-71	-87	0	0	0	0	0	0	-88	0	-87	0	0	0	0	0	0	0	0	0	0	0	0	0	0	0	0	0	0	0	0	0	0	0	0	0	0	0	0	0	0	0	0	5781	-1369	-2064	27741	-4955	105	18	750	639	-1	-1	0	18	746	636	1603352542
0	-69	-81	-78	-78	0	0	0	-90	-89	0	0	-86	-87	-87	-85	-95	-92	-70	-69	0	0	0	0	0	0	0	-87	0	-86	0	0	0	0	0	0	0	0	0	0	0	0	0	0	0	0	0	0	0	0	0	0	0	0	0	0	0	0	0	0	0	0	5796	-1347	-2131	27739	-4951	104	17	750	640	0	0	0	17	745	636	1603352543
-55	-71	-82	-81	-81	0	0	0	0	0	0	0	-87	-88	-87	-84	-95	-92	-71	-69	0	0	0	0	0	0	0	-89	0	-88	0	0	0	0	0	0	0	0	0	0	0	0	0	0	0	0	0	0	0	0	0	0	0	0	0	0	0	0	0	0	0	0	5796	-1399	-2130	27739	-4952	104	17	750	639	0	-1	0	17	745	636	1603352545
-55	0	-81	-79	-81	0	0	0	0	0	0	0	-87	-88	-87	-86	-94	0	-71	-71	-89	0	0	-71	0	0	-88	-86	0	-88	0	0	0	0	0	0	0	0	0	0	0	0	0	0	0	0	0	0	0	0	0	0	0	0	0	0	0	0	0	0	0	0	5781	-1347	-2101	27742	-4958	105	18	750	639	0	0	0	18	746	635	1603352546
-55	-70	0	-73	-74	0	0	0	0	0	0	0	-84	-84	-84	-85	0	-94	-70	-70	0	0	0	0	0	0	0	-84	0	-84	0	0	0	0	0	0	0	0	0	0	0	0	0	0	0	0	0	0	0	0	0	0	0	0	0	0	0	-95	0	0	0	-87	5796	-1339	-2116	27740	-4952	103	18	750	640	-1	0	0	17	745	636	1603352548
-56	0	-73	-73	-74	0	0	0	0	0	0	0	-84	-84	-84	-83	0	-92	-71	0	0	-70	-70	-71	-72	-70	-90	-84	-87	-84	-90	0	0	0	0	0	0	0	0	0	0	0	0	0	0	0	0	0	0	0	0	0	0	0	0	0	0	-93	0	0	0	0	5796	-1414	-2101	27739	-4952	104	17	750	639	-1	0	0	17	745	636	1603352550
-54	-71	-80	-81	-79	0	0	0	0	0	0	0	-88	-87	-88	-84	-94	-93	-70	-71	-87	0	0	0	0	0	0	-87	0	-88	0	0	0	0	0	0	0	0	0	0	0	0	0	0	0	0	0	0	0	0	0	0	0	0	0	0	0	0	0	0	0	0	5781	-1354	-2086	27741	-4956	104	17	750	639	-1	-1	0	17	746	636	1603352551
-56	-72	-73	-73	-73	0	0	0	0	0	0	0	-83	-84	-83	-84	0	-94	-69	-70	0	0	0	0	0	0	0	-83	0	-84	0	0	0	0	0	0	0	0	0	0	0	0	0	0	0	0	0	0	0	0	0	0	0	0	0	0	0	-94	0	0	0	0	5796	-1354	-2071	27739	-4951	103	17	750	640	-1	0	0	17	745	636	1603352553
-54	-69	-80	-80	-80	0	0	0	0	0	0	0	-87	-88	-88	-84	-93	0	-72	-70	0	0	0	0	0	0	0	-87	0	-87	0	0	0	0	0	0	0	0	0	0	0	0	0	0	0	0	0	0	0	0	0	0	0	0	0	0	0	0	0	0	0	0	5781	-1324	-2041	27740	-4952	103	17	750	639	-1	0	0	17	745	636	1603352554
-56	-69	-80	-82	-82	0	0	0	0	0	0	0	-89	-87	-87	-86	0	-92	-72	-70	0	0	0	0	0	0	0	-88	0	-88	0	0	0	0	0	0	0	0	0	0	0	0	0	0	0	0	0	0	0	0	0	0	0	0	0	0	0	0	0	0	0	0	5819	-1384	-2056	27741	-4955	104	18	750	638	-1	-1	0	17	746	636	1603352556
0	-70	-81	-80	-82	0	0	0	-89	-90	0	0	-87	-86	-87	-85	-93	-91	-71	-70	0	0	0	0	0	0	-90	-86	-89	-87	-90	0	0	0	0	0	0	0	0	0	0	0	0	0	0	0	-88	0	0	0	0	0	0	0	0	0	0	0	0	0	0	0	5841	-1355	-2071	27740	-4953	103	17	750	640	-1	0	0	17	745	636	1603352558
-54	-71	-80	-79	-80	0	0	0	0	0	0	0	-88	-87	-88	-85	-93	-92	-69	-70	0	0	0	0	0	0	0	-87	0	-86	-89	0	0	0	0	0	0	0	0	0	0	0	0	0	0	0	0	0	0	0	0	-94	0	0	0	0	0	0	0	0	0	0	5781	-1407	-2086	27739	-4951	104	17	750	640	0	0	0	17	745	636	1603352559
-57	-71	-73	-74	-74	0	0	0	-88	-88	0	0	-85	-86	-86	-84	0	-92	-70	-70	-87	0	0	0	0	0	0	-86	0	-87	0	0	0	0	0	0	0	0	0	0	0	0	0	-84	0	0	0	0	0	0	0	0	0	0	0	0	0	0	0	0	0	0	5826	-1354	-2101	27740	-4952	104	17	750	639	-1	-1	0	17	745	636	1603352561
-56	-71	-80	-80	-81	0	0	0	0	0	0	0	-87	-87	-88	-84	0	-90	-71	-71	-85	0	0	0	0	0	0	-89	0	-87	0	0	0	0	0	0	0	0	0	0	0	0	0	0	0	0	0	0	0	0	0	0	0	0	0	0	0	0	0	0	0	0	5826	-1369	-2101	27740	-4953	105	18	750	639	-1	-1	0	18	745	636	1603352562
-57	-71	-74	-73	-73	0	0	0	0	0	0	0	-86	-87	-86	-83	0	-91	-70	-71	0	0	0	0	0	0	-90	-86	0	-86	-89	0	0	0	0	0	0	0	0	0	0	0	0	0	0	0	0	0	0	-93	0	0	0	0	0	0	0	-92	0	0	0	0	5826	-1339	-2116	27739	-4951	104	18	750	639	-1	0	0	17	745	636	1603352564
-54	-73	-81	-79	-79	0	0	-80	0	0	0	0	-88	-88	-87	-86	0	-91	-70	-71	0	-71	-71	-71	-71	-71	0	-88	0	-87	0	0	0	0	0	0	0	0	0	0	0	0	0	-84	0	0	0	0	0	0	0	-93	0	0	0	0	0	0	0	0	0	0	5826	-1369	-2093	27740	-4954	104	18	750	639	0	0	0	17	745	636	1603352565
-56	-70	-79	-79	-79	0	0	0	0	0	0	0	-86	-88	-87	-87	-94	-92	-71	-71	0	0	0	0	0	0	0	-88	0	-87	0	0	0	0	0	0	0	0	0	0	0	0	0	0	0	0	0	-88	0	0	0	0	0	0	0	0	0	0	0	0	0	0	5826	-1354	-2101	27740	-4953	104	17	750	639	-1	-1	0	17	745	636	1603352567
-56	-69	-73	-74	-74	0	0	0	0	-90	0	0	-85	-86	-85	-87	0	-94	-70	-70	-86	0	0	0	0	0	0	-86	0	-85	0	0	0	0	0	0	0	0	0	0	0	0	0	0	0	0	0	0	0	0	0	0	0	0	0	0	0	-94	0	0	0	0	5706	-1354	-2079	27739	-4951	104	17	750	640	0	-1	0	17	745	636	1603352568
-55	-70	-74	-73	-73	0	0	-79	0	0	0	0	-86	-87	-87	-86	0	-92	-75	0	-88	-71	-71	-72	-70	-70	0	-86	0	-86	0	0	0	0	0	0	0	0	0	0	0	0	0	0	0	0	0	0	0	0	0	0	0	0	0	0	0	0	0	0	0	0	5841	-1370	-2086	27741	-4955	103	17	750	638	0	0	0	17	746	636	1603352570
-56	-70	-73	-73	-73	0	0	0	0	0	0	0	-86	-86	-86	-87	0	0	0	-70	0	0	0	-71	0	0	0	-87	0	-86	0	0	0	0	0	0	0	0	0	0	0	0	0	0	0	0	0	0	0	0	0	0	0	0	0	0	0	-94	0	0	0	0	5789	-1354	-2101	27740	-4952	103	17	750	639	-1	0	0	17	745	636	1603352572
-55	-74	-79	-79	-79	0	0	0	-93	0	0	0	-88	-87	-88	-83	-94	-92	-70	-75	0	0	0	0	0	0	0	-87	0	-87	0	0	0	0	0	0	0	0	0	0	0	0	0	0	0	0	0	0	0	0	0	0	0	0	0	0	0	0	0	0	0	0	5781	-1369	-2161	27740	-4954	104	17	750	639	-1	0	0	17	745	636	1603352573
-55	-70	-73	-73	-73	0	0	0	0	0	0	0	-85	-86	-86	-85	0	-94	-70	-74	0	-78	-79	-79	0	-78	0	-87	0	-86	0	0	0	0	0	0	0	0	0	0	0	0	0	0	0	0	0	0	0	0	0	0	0	0	0	0	0	0	0	0	0	0	5796	-1354	-2064	27739	-4951	103	17	750	640	-1	0	0	17	745	636	1603352575
-56	-73	-73	-74	-73	0	0	0	0	0	0	0	-85	-85	-86	-84	0	-92	-69	-70	0	0	0	0	0	0	0	-85	0	-86	0	0	0	0	0	0	0	0	0	0	0	0	0	0	0	0	0	0	0	0	0	0	0	0	0	0	0	-95	0	0	0	0	5796	-1339	-2086	27740	-4952	103	17	750	640	-1	-1	0	17	745	636	1603352576
-57	-70	-82	-80	-81	0	0	0	0	0	0	0	-86	-87	-88	-85	-94	-91	-71	-71	0	0	0	0	0	0	0	-88	0	-88	0	0	0	0	0	0	0	0	0	0	0	0	0	0	0	0	0	0	0	0	0	0	0	0	0	0	0	0	0	0	0	0	5901	-1340	-2138	27740	-4956	66	-10	760	641	-1	-2	2	11	746	636	1603352605
