-55	-80	-75	-74	-74	0	-82	0	0	0	0	0	-86	-86	-87	-89	-92	0	0	0	0	0	0	0	0	0	0	-87	0	-86	0	0	0	0	0	0	0	0	0	0	0	0	0	-91	0	0	0	0	0	0	0	0	-94	0	0	0	5688	-782	-2342	28195	-4846	100	18	737	650	0	0	0	17	733	650	1603352339
-60	0	0	-76	-77	0	-82	0	0	0	0	0	-86	-86	-86	-90	-91	0	0	-78	0	0	0	0	0	0	-91	-86	0	-86	-92	0	0	0	0	0	0	0	0	0	-78	0	0	0	0	0	0	0	0	0	0	0	-94	-95	0	0	5688	-767	-2327	28210	-4860	104	19	737	650	-1	0	0	17	735	648	1603352340
-63	0	-80	-80	-79	0	0	0	0	0	0	0	-88	-88	-89	-84	-94	0	0	-77	0	0	0	0	0	0	0	-89	0	-89	0	0	0	0	0	0	0	0	0	0	-79	0	0	0	0	0	0	0	0	0	0	0	0	0	0	0	5673	-767	-2335	28207	-4847	102	17	737	653	0	0	0	17	733	650	1603352342
-57	0	0	-74	-74	0	-84	0	0	0	0	0	-88	-87	-87	-86	-92	0	0	-72	0	-76	-77	-77	0	-75	0	-86	0	-86	0	0	0	0	0	0	0	0	0	0	0	0	0	0	0	0	0	0	0	0	0	0	0	0	0	0	5718	-782	-2350	28205	-4842	103	18	737	654	0	0	0	17	733	650	1603352344
-55	-71	-75	-73	-74	-82	-82	0	-82	-81	-82	0	-86	-86	-86	-89	-89	-93	-75	-72	0	0	0	0	0	0	0	-87	0	-86	0	0	-87	0	0	0	0	0	0	0	0	0	0	0	0	0	0	0	0	0	0	0	0	0	0	0	5733	-797	-2327	28206	-4843	104	18	737	653	0	0	0	17	733	650	1603352345
-56	0	-80	-80	-80	0	-83	0	0	0	0	0	-90	-89	-89	-87	-94	-93	0	-74	0	-77	-78	-77	0	-78	-88	-89	0	-89	-87	0	0	0	0	0	0	0	0	0	0	0	0	0	0	0	0	0	0	0	0	0	0	0	0	0	5823	-783	-2312	28204	-4839	104	18	737	654	0	0	0	17	733	651	1603352347
-57	0	-74	-74	-74	-84	-85	0	-85	-82	-82	-86	-86	-86	-88	-88	-91	0	0	0	0	0	0	-80	0	0	0	-86	0	-86	0	-91	0	0	0	0	0	0	0	0	-80	0	0	0	0	0	0	0	0	0	0	0	0	0	0	0	5763	-797	-2342	28203	-4836	107	18	737	654	-1	-1	-1	18	732	651	1603352348
-56	-73	-79	-80	-79	0	0	0	0	0	0	0	-89	-90	-90	-87	-92	-93	-77	-77	0	0	0	0	0	0	0	-90	0	-90	0	0	0	0	0	0	0	0	0	0	0	0	0	0	0	0	0	0	0	0	0	0	0	0	0	0	5718	-767	-2282	28203	-4838	107	18	737	654	-1	-1	-1	18	732	651	1603352350
-56	-73	-74	-74	-75	0	-84	0	0	0	0	0	-86	-85	-86	-87	-93	0	-72	-72	0	0	0	0	0	0	0	-87	0	-86	0	0	0	0	0	0	0	-81	0	0	0	0	0	0	0	0	0	0	0	0	0	0	0	0	0	0	5688	-767	-2312	28203	-4837	106	18	737	654	-1	-1	-1	18	732	651	1603352352
-61	-73	-76	-74	-73	-82	-83	0	-83	-81	-81	0	-85	-87	-86	-87	-90	0	-72	-72	0	0	0	0	0	0	0	-86	0	-86	0	0	0	0	0	0	0	0	0	0	0	0	0	0	0	0	0	0	0	0	0	0	0	0	0	0	5688	-782	-2312	28203	-4836	107	18	737	655	-1	-1	-1	18	732	651	1603352353
-59	-81	-74	-75	-74	0	-85	0	0	0	0	0	-86	-87	-86	-85	-90	0	0	0	0	-80	-79	-81	-81	-80	-90	-85	-89	-86	0	0	0	0	0	0	0	0	0	0	0	0	0	0	0	0	0	0	0	0	0	0	0	0	0	0	5680	-827	-2357	28203	-4835	106	17	737	654	-1	-1	-1	18	732	651	1603352355
0	0	-76	-75	-74	0	-82	0	0	0	0	0	-86	-86	-86	-86	-90	0	-80	-75	0	0	0	0	0	0	0	-86	0	-85	-88	-91	0	0	0	0	0	0	0	0	0	0	0	0	0	0	0	0	0	0	0	0	0	0	0	0	5673	-812	-2365	28203	-4837	107	17	737	655	-1	-1	-1	18	732	651	1603352356
-56	0	-75	-74	-74	0	-83	0	0	0	0	0	-86	-87	-86	-86	-94	0	0	0	0	0	0	0	0	0	0	-86	-89	-87	0	0	0	0	0	0	0	0	0	0	0	0	0	-90	0	0	0	0	0	0	0	0	0	0	0	0	5710	-782	-2342	28202	-4835	106	18	737	655	-1	-1	-1	18	732	651	1603352358
-55	-73	-81	-81	-80	0	0	0	0	0	0	0	-90	-90	-90	-84	-94	-92	0	-74	0	0	0	0	0	0	0	-89	0	-91	0	0	0	0	0	0	0	0	0	0	0	0	0	0	0	0	0	0	0	0	0	0	0	0	0	0	5763	-783	-2327	28203	-4836	108	18	737	653	-1	-1	-1	18	732	651	1603352360
-55	-73	-74	-75	-76	0	0	0	-82	-84	0	0	-86	-87	-86	-86	-92	0	-78	-74	0	0	0	0	0	0	-89	-87	0	-86	-90	-93	0	0	0	0	0	0	0	0	0	0	0	0	0	0	0	0	0	0	0	0	0	0	0	0	5732	-707	-2313	28203	-4835	107	18	737	655	-1	-1	-1	18	732	651	1603352361
-56	-73	-80	-81	-81	0	-83	0	0	0	0	0	-90	-89	-91	-85	-91	-94	-74	-73	-87	0	0	0	0	0	0	-89	0	-90	0	0	0	0	0	0	0	0	0	0	0	0	0	0	0	0	0	0	0	0	0	0	0	0	0	0	5718	-782	-2320	28202	-4834	108	18	737	654	-1	-1	-1	18	732	651	1603352363
-55	-74	-76	-75	0	-85	-85	0	-84	-85	-84	0	-85	-86	-87	-86	-91	0	0	-74	0	0	0	0	0	0	0	-85	0	-86	0	-93	0	0	0	0	0	0	0	0	0	0	0	0	0	0	0	0	0	0	0	0	0	0	0	0	5733	-775	-2342	28202	-4835	108	18	737	654	-1	-1	-1	18	732	651	1603352364
-56	-78	0	-76	-75	0	0	-83	0	0	0	0	-86	-87	-86	-85	0	0	-74	-73	0	0	-78	-78	-78	-77	0	-86	0	-87	0	0	0	0	0	0	0	0	0	0	-79	0	0	0	-87	0	0	0	0	0	0	0	0	0	0	0	5688	-790	-2327	28203	-4835	108	18	737	655	-1	-1	-1	18	732	651	1603352366
-61	-79	-75	0	-76	0	0	0	0	0	0	0	-86	-86	-86	-87	-92	0	-73	-78	0	0	0	0	0	0	0	-87	0	-87	0	0	0	0	0	0	0	0	0	0	0	0	0	-85	0	0	0	0	0	0	0	0	0	0	0	0	5725	-775	-2327	28202	-4834	108	18	737	654	-1	-1	-1	18	732	651	1603352368
-60	-73	-79	-81	-81	0	-84	0	0	0	0	0	-90	-89	-90	-84	-92	-93	-78	-79	0	0	0	0	0	0	0	-91	0	-90	0	0	0	0	0	0	0	0	0	0	0	0	0	-88	0	0	0	0	0	0	0	0	0	0	0	0	5718	-782	-2327	28202	-4834	107	18	737	653	-1	-1	-1	18	732	651	1603352369
-55	0	-81	-80	-81	0	0	0	0	0	0	0	-90	-90	-90	-82	-92	-95	-73	-73	0	0	0	0	0	0	0	-89	0	-91	0	0	0	0	0	0	0	0	0	0	0	0	0	0	0	0	0	0	0	0	0	0	0	0	0	0	5733	-782	-2342	28204	-4838	107	18	737	654	-1	-1	-1	18	732	651	1603352371
-55	-73	-75	-75	-75	0	-84	0	-86	-86	0	0	-86	-87	-86	-84	-91	0	-74	-74	-85	0	0	-77	0	-76	0	-87	0	-87	0	-93	0	0	0	0	0	0	0	0	0	0	0	0	0	0	0	0	0	0	0	0	0	0	0	0	5718	-752	-2335	28203	-4835	107	18	737	655	-1	-1	-1	18	732	651	1603352372
-60	-75	-79	-80	-79	0	0	0	0	0	0	0	-92	-90	-89	-85	-94	-95	-77	-78	0	0	0	0	0	0	0	-90	0	-90	0	0	0	0	0	0	0	0	0	0	0	0	0	0	0	0	0	0	0	0	0	0	0	0	0	0	5763	-775	-2312	28204	-4840	107	18	737	653	-1	-1	-1	18	733	651	1603352374
-55	-77	-80	-80	-80	0	0	0	0	0	0	0	-92	-90	-89	-86	-93	-96	0	-78	0	0	0	0	0	0	0	-90	0	-90	0	0	0	0	0	0	0	0	0	0	0	0	0	0	0	0	0	0	0	0	0	0	0	0	0	0	5733	-782	-2342	28203	-4835	107	18	736	654	-1	-1	-1	18	732	651	1603352376
-55	-75	-75	-75	-74	0	0	0	0	0	0	0	-87	-87	-85	-83	-93	0	-75	-75	0	0	0	0	0	0	0	-86	0	-86	0	0	0	0	0	0	0	-82	0	0	0	0	0	0	0	0	0	0	0	0	0	-94	0	0	0	0	5657	-722	-2350	28202	-4834	107	18	736	654	-1	-1	-1	18	732	651	1603352377
-55	-80	-80	-80	-80	0	-83	0	0	0	0	0	-89	-90	-89	-85	-93	-93	-79	-76	0	0	0	-78	0	0	0	-91	0	-89	-90	0	0	0	0	0	0	0	0	0	0	0	0	0	0	0	0	0	0	0	0	0	0	0	0	0	5688	-797	-2335	28203	-4835	107	18	737	654	-1	-1	-1	18	732	651	1603352379
-57	0	-76	-75	-76	-84	-83	0	-84	-84	-85	0	-87	-86	-86	-85	-92	0	0	-74	0	0	0	0	0	0	0	-87	0	-87	0	0	0	0	0	0	0	0	0	0	0	0	0	0	-87	0	0	0	0	0	0	0	0	0	0	0	5688	-767	-2312	28203	-4836	108	18	736	654	-1	-1	-1	18	732	651	1603352380
-58	-77	-75	-75	-74	0	0	0	0	0	0	0	-87	-86	-86	-83	0	0	-81	-76	0	0	-80	-79	-79	0	-89	-87	-89	-86	0	0	0	0	0	0	0	0	0	0	0	0	0	0	0	0	0	0	0	0	0	0	0	0	0	0	5763	-752	-2312	28203	-4835	107	18	737	654	-1	-1	-1	18	732	651	1603352382
-59	-74	-81	-80	-80	0	-83	0	0	0	0	0	-91	-90	-89	-86	-91	-96	-80	-74	0	0	0	-78	0	0	0	-91	0	0	0	0	0	0	0	0	0	0	0	0	0	0	0	0	0	0	0	0	0	0	0	0	0	0	0	0	5688	-752	-2313	28203	-4835	109	18	737	654	-1	-1	-1	18	732	651	1603352384
-58	0	-74	-74	-75	0	-84	0	0	0	0	0	-87	-86	-87	-83	-91	0	0	0	0	0	0	0	0	0	0	-86	-86	-88	-87	0	0	-89	0	0	0	0	0	0	0	0	0	0	0	0	0	0	0	0	0	0	0	0	0	0	5717	-707	-2342	28204	-4839	108	18	737	654	-1	-1	-1	18	732	651	1603352385
-56	0	-75	-74	-74	0	-85	0	0	0	0	0	-85	-87	-87	-86	-91	0	0	0	0	0	0	0	0	0	0	-86	0	-88	0	0	0	0	0	0	0	0	0	0	0	0	0	0	0	0	0	0	0	0	0	0	0	0	0	0	5687	-707	-2328	28202	-4834	108	18	736	654	-1	-1	-1	18	732	651	1603352387
-61	0	-81	-80	-81	0	0	0	0	0	0	0	-90	-90	-89	-86	-93	0	0	0	0	0	0	0	0	0	0	-89	-88	-90	0	0	0	0	0	0	0	0	0	0	0	0	0	0	0	0	0	0	0	0	0	0	0	0	0	0	5718	-805	-2342	28202	-4835	107	18	736	654	-1	-1	-1	18	732	651	1603352388
-58	0	0	0	0	0	0	-83	0	0	0	0	-86	-86	-87	-84	0	0	-78	-75	-89	-78	-79	-79	-79	-79	-88	-86	-91	-87	0	0	0	0	-92	0	0	0	0	-89	0	0	0	0	0	0	0	0	0	0	0	0	0	0	0	0	5733	-797	-2357	28203	-4835	107	18	736	654	-1	-1	-1	18	732	651	1603352390
-58	-75	-75	-74	-73	0	-85	0	0	0	0	0	-87	-86	-86	-85	-90	0	-75	-75	0	0	0	0	0	0	0	-87	0	-87	0	-92	0	0	0	0	0	0	0	0	-80	0	0	0	0	0	0	0	0	0	0	-94	-96	-95	0	0	5628	-752	-2283	28202	-4833	107	18	737	655	-1	-1	-1	18	732	651	1603352392
-55	0	0	-73	-74	0	0	-84	0	0	0	0	-85	-87	-87	-86	-92	0	0	0	0	-80	-79	-79	-79	-78	0	-87	0	-87	0	0	0	0	0	0	0	0	-89	0	0	0	0	0	0	0	0	0	0	0	0	0	0	0	0	0	5673	-752	-2327	28202	-4834	107	18	737	654	-1	-1	-1	18	732	651	1603352393
-56	0	-75	-74	-74	0	0	0	0	0	0	0	-85	-86	-87	-79	-92	0	0	0	0	0	0	0	0	0	0	-87	0	-86	0	-93	0	0	0	0	0	0	0	0	-80	0	0	0	0	0	0	0	0	0	0	0	0	0	0	0	5733	-767	-2267	28203	-4837	108	18	737	654	-1	-1	-1	18	732	651	1603352395
0	0	-74	-73	-75	-85	-86	0	-83	-86	-83	0	-85	-86	-87	-82	-91	0	-76	0	0	0	0	0	0	0	0	-86	0	-87	0	0	0	0	0	0	0	0	0	0	0	0	0	-88	0	0	0	0	0	0	0	0	0	0	-93	0	5748	-783	-2335	28202	-4833	108	18	737	654	-1	-1	-1	18	732	651	1603352396
-55	-75	-80	-81	-81	0	-86	0	0	0	0	0	-91	-90	-90	-84	-94	-95	-79	-76	0	0	0	0	0	0	0	-90	0	-90	0	0	0	0	0	0	0	0	0	0	0	0	0	0	0	0	0	0	0	0	0	0	0	0	0	0	5725	-760	-2283	28202	-4835	108	18	736	654	-1	-1	-1	18	732	651	1603352398
-56	0	-80	-81	-81	0	0	0	0	0	0	0	-89	-89	-91	-84	-94	-94	0	0	0	0	0	0	0	0	0	-90	0	-91	0	0	0	0	0	0	0	0	0	0	0	0	0	0	0	0	0	0	0	0	0	0	0	0	0	0	5718	-722	-2342	28203	-4838	109	18	737	653	-1	-1	-1	18	732	651	1603352399
-56	-79	-74	-74	-74	0	0	0	0	0	0	0	-85	-87	-87	-83	-91	0	-81	0	0	0	0	0	0	0	0	-87	-91	-86	0	0	0	0	0	0	0	0	0	0	0	0	0	0	-87	0	0	0	0	0	0	0	0	0	0	0	5688	-782	-2297	28202	-4834	108	18	736	655	-1	-1	-1	18	732	651	1603352401
-56	-75	-74	0	-74	0	-86	-80	0	0	0	0	-87	-87	-86	-85	-91	0	-78	-79	-85	-78	-78	-79	-77	-78	0	-87	0	-86	0	0	0	0	0	0	0	0	0	0	0	0	0	0	0	0	0	0	0	0	0	0	0	-95	0	0	5688	-812	-2357	28202	-4833	108	18	736	654	-1	-1	-1	18	732	651	1603352403
-58	0	-75	-74	-74	0	-86	0	0	0	0	0	-86	-86	-87	-84	-93	0	-75	-80	-87	0	0	0	0	0	0	-87	0	-87	0	-94	0	0	0	0	0	0	0	0	-78	0	0	0	0	0	0	0	0	0	0	-95	0	0	0	0	5725	-767	-2357	28204	-4838	108	18	736	653	-1	-1	-1	18	732	651	1603352404
-56	-75	-81	-81	-81	0	-84	0	0	0	0	0	-91	-89	-92	-83	-92	-95	-79	-76	0	0	0	0	0	0	0	-90	0	-90	0	0	0	0	0	0	0	0	0	0	0	0	0	0	0	0	0	0	0	0	0	0	0	0	0	-88	5763	-797	-2357	28202	-4833	109	18	736	655	-1	-1	-1	18	732	651	1603352406
-56	0	-74	-73	-74	0	0	0	0	0	0	0	-85	-87	-87	-87	-91	0	-76	-75	0	-78	-78	-80	-80	-80	0	-86	-89	-86	0	0	0	0	0	0	0	0	0	0	0	0	0	0	0	0	0	0	0	0	0	0	0	0	0	0	5628	-797	-2327	28201	-4832	108	18	736	654	-1	-1	-1	18	732	652	1603352407
-56	0	-81	-81	-81	0	0	0	0	0	0	0	-90	-90	-89	-85	-92	-93	-76	0	0	0	0	0	0	0	0	-90	0	-91	0	0	0	0	0	0	0	0	0	0	0	0	0	0	0	0	0	0	0	0	0	0	0	0	0	0	5680	-797	-2342	28202	-4834	110	18	737	654	-1	-1	-1	18	732	651	1603352409
-59	0	-75	-75	-75	-86	-84	0	-85	-85	-84	0	-86	-86	-87	-84	-90	0	-75	-79	0	0	0	0	0	0	0	-87	0	-88	0	0	0	0	0	0	0	0	0	0	-78	0	0	0	0	0	0	0	0	0	0	0	0	0	0	0	5688	-782	-2357	28203	-4836	107	18	737	654	0	0	0	18	732	651	1603352411
-56	0	-82	-81	-81	0	-84	0	0	0	0	0	-90	-90	-91	-85	-92	-93	0	0	0	0	0	0	0	0	0	-90	0	-89	0	0	0	0	0	0	0	0	0	0	0	0	0	0	-88	0	0	0	0	0	0	0	0	0	0	0	5733	-767	-2297	28203	-4837	107	18	737	654	0	-1	0	18	732	651	1603352412
0	-78	-81	-81	-81	0	0	0	0	0	0	0	-91	-91	-91	-80	-92	-93	-80	-76	0	0	0	0	0	0	0	-90	0	-90	-88	-92	0	0	0	0	0	0	0	0	0	0	0	0	0	0	0	0	0	0	0	0	0	0	0	0	5733	-767	-2342	28204	-4838	106	18	736	654	0	-1	0	18	732	651	1603352414
-60	-75	-74	-74	-76	0	0	0	0	0	0	0	-86	-86	-87	-85	-91	0	-75	-81	-88	-80	-78	-78	-78	0	0	-87	-87	-86	0	0	0	0	0	0	0	0	0	0	0	0	0	0	0	0	0	0	0	0	0	0	0	0	0	0	5688	-782	-2312	28203	-4837	106	18	737	654	0	-1	0	18	732	651	1603352415
0	0	-81	-80	-81	0	0	0	0	0	0	0	-93	-89	-90	-85	-94	-94	-80	-74	-85	0	0	-79	0	0	0	-90	0	-90	0	0	0	0	0	0	0	0	0	0	0	0	0	0	0	0	0	0	0	0	0	0	0	0	0	0	5688	-827	-2312	28203	-4837	106	17	737	654	0	-1	0	18	732	651	1603352417
-55	0	-75	-75	-75	-84	-84	0	-83	-84	0	0	-86	-86	-87	-84	-93	0	0	-82	0	0	0	0	0	0	0	-86	0	-86	0	-91	0	0	0	0	0	0	0	0	0	0	0	0	-86	0	0	0	0	0	0	-96	0	0	-92	0	5718	-782	-2327	28203	-4836	106	18	736	654	0	0	0	18	732	651	1603352419
-55	-75	0	-75	-75	0	-83	0	0	0	0	0	-86	-86	-86	-86	0	0	0	0	-86	-77	-77	0	-77	0	0	-86	-87	-86	0	0	0	0	0	0	0	-84	0	0	0	0	0	0	0	0	0	0	0	0	0	0	0	0	0	0	5703	-759	-2357	28204	-4839	105	18	736	654	0	0	0	18	733	651	1603352420
0	0	-75	-76	-75	0	-84	-79	0	0	0	0	-86	-88	-87	-83	-93	0	0	0	-86	0	0	0	0	0	0	-87	0	-86	0	-91	0	0	0	0	0	0	0	0	0	0	0	0	0	0	0	0	0	0	0	0	0	0	0	0	5718	-752	-2417	28203	-4836	105	18	736	654	0	-1	0	18	732	651	1603352422
-58	-74	-82	-81	-81	0	0	0	0	0	0	0	-92	-90	-89	-82	-93	-93	0	-74	0	-77	-78	-79	0	0	0	0	0	0	0	0	0	0	0	0	0	0	0	0	0	0	0	0	0	0	0	0	0	0	0	0	0	0	0	0	5665	-782	-2327	28204	-4838	106	18	736	654	0	-1	0	18	732	651	1603352423
-56	0	-75	0	-75	0	0	0	0	0	0	0	-87	-87	-87	-81	-92	0	0	0	0	0	0	0	0	0	0	-87	0	-87	0	0	0	0	0	0	0	0	0	0	0	0	0	0	0	0	0	0	0	0	0	0	0	0	0	0	5688	-797	-2342	28203	-4836	105	18	736	654	0	-1	0	18	732	651	1603352425
0	0	-81	-81	-81	-83	-82	0	-84	-86	-84	0	-92	-92	-90	-85	-94	-93	-80	0	0	0	0	0	0	0	0	-91	0	-90	0	-90	0	0	0	0	0	0	0	0	0	0	0	0	0	0	0	0	0	0	0	0	0	0	0	0	5733	-887	-2356	28203	-4837	106	18	736	654	0	0	0	18	732	651	1603352427
-59	0	-74	-75	-75	0	-86	0	0	0	0	0	-86	-87	-86	-83	-91	0	0	0	0	0	0	0	0	0	0	-86	0	-86	0	0	0	0	0	0	0	0	0	0	0	0	0	0	0	0	0	0	0	0	0	0	0	0	0	0	5718	-752	-2372	28203	-4836	106	18	736	655	0	-1	0	18	732	651	1603352428
-58	0	-75	-74	-75	0	-84	0	0	0	0	0	-85	-86	-87	-84	-92	0	0	0	0	0	0	0	0	0	0	-86	0	-86	-87	0	0	0	0	0	0	0	0	0	-78	0	0	0	0	0	0	0	0	0	0	0	0	0	0	0	5703	-782	-2342	28204	-4839	106	18	736	654	0	-1	0	18	733	651	1603352430
-60	-78	-74	-74	-74	0	-84	0	-83	-85	-83	0	-86	-85	-86	-84	-94	0	-80	-77	0	0	0	0	0	0	0	-86	0	-85	0	-92	0	0	0	0	0	0	0	0	0	0	0	0	0	0	0	0	0	0	0	0	0	0	0	0	5718	-797	-2327	28203	-4837	107	18	737	654	0	-1	0	18	732	651	1603352431
-59	0	-74	-74	-74	0	0	0	0	0	0	0	-85	-86	-86	-84	-90	0	0	0	0	0	0	0	0	0	0	-87	0	-86	-89	0	0	0	0	0	0	0	0	0	-79	0	0	0	0	0	0	0	0	0	0	0	0	0	-91	0	5718	-797	-2312	28203	-4836	106	18	736	654	0	-1	0	18	732	651	1603352433
-56	0	-82	-82	-81	-83	-83	0	-83	-85	-84	0	-90	-90	-91	-84	-94	-94	-81	0	0	0	0	0	0	0	0	-90	0	-89	0	-92	0	-91	0	-95	0	0	0	0	0	0	0	0	0	0	0	0	0	0	0	0	0	0	0	0	5718	-790	-2305	28204	-4840	106	18	736	654	0	-1	0	18	733	651	1603352435
-56	0	-74	-74	-75	0	0	0	0	0	0	0	-85	-86	-86	-83	-93	0	-81	0	0	-78	-79	-79	-80	-79	-89	-86	-87	-85	0	0	0	0	0	0	0	-82	0	0	0	0	0	0	-88	0	0	0	0	0	0	0	0	0	0	0	5718	-760	-2342	28203	-4837	106	18	737	654	0	-1	0	18	732	651	1603352436
-60	-81	-74	-76	-74	0	-85	0	0	0	0	0	-85	-86	-86	-86	-92	0	0	0	0	-77	0	0	-79	0	-89	-86	-87	-85	-89	0	0	0	0	0	0	0	0	0	0	0	0	-88	0	0	0	0	0	0	0	0	0	0	0	0	5687	-759	-2357	28203	-4836	106	18	736	654	0	0	0	18	732	651	1603352438
-59	0	-75	-75	-74	-80	-82	0	-81	-81	-80	0	-86	-86	-87	-84	-92	0	0	-81	0	0	0	0	0	0	0	-86	0	-86	0	0	0	0	0	0	0	0	-88	0	-79	0	0	0	0	0	0	0	0	0	0	0	0	0	0	0	5763	-872	-2327	28204	-4840	106	18	736	653	0	-1	0	18	733	651	1603352439
-60	0	-81	-81	-81	0	-84	0	0	0	0	0	-92	-90	-92	-85	-92	-93	0	-81	0	0	0	0	0	0	0	-89	0	-91	0	-94	0	0	0	0	0	0	0	0	0	0	0	0	0	0	0	0	0	0	0	0	0	0	0	0	5687	-700	-2298	28203	-4837	106	18	737	654	0	-1	0	18	732	651	1603352441
-56	0	-75	-75	-74	-85	-84	0	-84	-84	-84	0	-86	-87	-86	-85	-93	-94	0	-75	0	0	0	0	0	0	0	-86	0	-86	0	-93	0	0	0	0	0	0	0	0	0	0	0	0	0	0	0	0	0	0	0	0	0	0	-92	0	5725	-767	-2357	28203	-4835	105	18	736	654	0	-1	0	18	732	651	1603352443
-59	0	-75	-75	-76	0	-84	0	0	0	0	-90	-85	-87	-86	-86	-92	0	-81	0	0	-77	-79	-79	-79	-79	0	-86	-89	-87	0	0	0	0	0	0	0	0	0	0	0	0	0	0	0	0	0	0	0	0	0	0	0	0	0	0	5763	-730	-2327	28204	-4840	107	18	737	654	0	-1	0	18	733	651	1603352444
-60	0	-75	0	-76	0	0	0	0	0	0	0	-85	-85	-87	-83	-93	-94	0	-74	-87	0	0	-79	0	0	0	-85	0	-87	0	0	0	0	0	0	0	0	0	0	0	0	0	0	0	0	0	0	0	0	0	0	0	0	0	0	5687	-707	-2328	28203	-4837	107	18	737	655	0	0	0	18	732	651	1603352446
0	0	-81	-82	-80	-84	-84	0	-84	-83	-83	0	-90	-90	-90	-83	-94	-93	0	0	0	0	0	-80	0	0	0	-90	0	-91	0	-91	0	0	0	0	0	0	0	0	-81	0	0	0	0	0	0	0	0	0	0	0	0	0	0	0	5688	-805	-2342	28203	-4837	106	18	736	654	0	-1	0	18	732	651	1603352447
-60	0	-75	-75	-76	0	-83	0	0	0	0	0	-87	-87	-88	-84	0	0	0	0	0	0	0	0	0	0	0	-88	0	-86	-90	0	0	0	0	0	0	0	0	0	0	0	0	0	0	0	0	0	0	0	0	0	0	0	0	0	5733	-790	-2365	28205	-4841	106	18	737	653	0	-1	0	18	733	650	1603352449
-56	0	-80	-80	-80	-85	-84	0	-83	-84	-84	0	-92	-92	-89	-83	-94	0	0	0	0	0	0	-79	0	0	0	-89	0	-89	0	-91	0	0	0	0	0	0	0	0	0	0	0	0	0	0	0	0	0	0	0	0	0	0	0	0	5718	-767	-2357	28203	-4837	106	18	736	654	0	0	0	18	732	651	1603352451
-56	0	-81	-81	-81	0	-84	0	0	0	0	0	-91	-90	-90	-87	-94	-92	0	0	0	0	0	-78	0	0	0	-90	0	-89	0	0	0	0	0	0	0	0	0	0	0	0	0	0	0	0	0	0	0	0	0	0	0	0	0	0	5748	-812	-2342	28203	-4837	106	18	737	654	0	0	0	18	732	651	1603352452
-60	0	-75	-75	-76	-83	-84	0	-82	0	-84	0	-87	-87	-88	-88	0	0	0	0	-84	0	0	0	0	0	0	-88	0	-86	0	0	0	0	0	0	0	0	0	0	0	0	0	0	0	0	0	0	0	0	0	0	0	0	0	0	5718	-752	-2342	28204	-4840	107	18	737	653	0	-1	0	18	733	651	1603352454
-58	-73	-75	-75	-75	0	-84	0	0	0	0	0	-86	-87	-86	-86	-91	0	-73	-73	-88	0	0	-77	0	0	0	-87	0	-86	0	0	-85	0	0	0	0	0	0	0	-81	0	0	0	0	0	0	0	0	0	0	0	0	0	0	0	5733	-790	-2342	28204	-4838	107	18	736	654	0	0	0	18	732	651	1603352455
-56	-74	-76	-76	-76	0	-85	0	0	0	0	0	-87	-87	-87	-85	0	0	-74	-78	-87	0	0	0	0	0	0	-88	0	-87	0	-91	0	0	0	0	0	0	0	0	0	0	0	0	0	0	0	0	0	0	0	0	0	0	0	0	5718	-797	-2357	28203	-4837	107	18	736	654	0	-1	0	18	732	651	1603352457
-55	-83	-74	-76	-76	0	0	-83	0	0	0	0	-86	-87	-87	-84	-94	0	-77	0	-87	-75	-77	-75	-76	-76	0	-87	0	-87	0	0	0	0	0	0	0	-84	0	0	0	0	0	0	0	0	0	0	0	0	0	0	0	0	0	0	5718	-812	-2342	28203	-4837	107	18	736	654	0	-1	0	18	732	651	1603352459
-57	0	-76	0	-75	0	0	0	0	0	0	0	-85	-87	-86	-83	-94	0	0	0	-88	0	0	0	0	0	0	-85	0	-87	0	0	0	0	0	0	0	0	0	0	0	0	0	0	0	0	0	0	0	0	0	0	0	0	0	0	5770	-775	-2312	28204	-4840	106	18	736	654	0	0	0	18	733	651	1603352460
-57	0	-81	-81	-81	-83	-82	0	-81	0	-83	0	-91	-91	-91	-79	-93	0	0	0	0	0	0	0	0	0	0	-91	0	-91	0	-91	0	0	0	0	0	0	0	0	0	0	0	0	0	0	0	0	0	0	0	0	0	0	0	0	5718	-812	-2327	28203	-4837	107	18	736	654	0	-1	0	18	732	651	1603352462
-56	0	-81	-81	-81	0	0	0	0	0	0	0	-92	-89	-91	-82	0	0	-76	0	0	0	-76	-75	0	-77	-86	-90	0	-91	0	0	0	0	0	0	0	0	0	0	0	0	0	0	0	0	0	0	0	-92	0	0	0	0	0	0	5718	-812	-2320	28203	-4837	107	18	736	654	0	-1	0	18	732	651	1603352463
0	0	-76	-75	-75	0	-83	0	0	0	0	0	-87	-87	-87	-82	-92	0	0	-76	-86	0	0	0	0	0	0	-87	0	-87	0	-92	0	0	0	0	0	0	0	0	0	0	0	0	0	0	0	0	0	0	0	0	0	0	0	0	5688	-782	-2342	28204	-4840	107	18	737	654	0	0	0	18	733	651	1603352465
-55	0	-75	-76	-75	-84	-82	0	-83	-83	0	0	-86	-86	-87	-81	-91	0	0	0	0	0	0	0	0	0	0	-87	0	-88	0	-93	0	0	0	0	0	0	0	0	0	0	0	0	0	0	0	0	0	0	0	0	-95	0	0	0	5673	-812	-2342	28203	-4836	107	18	736	654	0	0	0	18	732	651	1603352467
-57	-75	-76	0	-76	0	-84	0	0	0	0	0	-88	-87	-86	-83	-91	0	0	0	0	0	0	0	0	0	0	-86	0	-87	0	0	0	0	0	0	0	0	0	0	0	0	0	0	0	0	0	0	0	0	0	0	0	0	0	0	5718	-797	-2350	28203	-4837	108	18	737	654	0	-1	0	18	732	651	1603352468
-56	-81	-81	-81	-82	0	0	0	0	0	0	0	-90	-92	-90	-83	-92	-94	-76	-82	0	0	0	-78	0	0	0	0	0	-90	0	0	0	0	0	0	0	0	0	0	0	0	0	0	0	0	0	0	0	0	0	0	0	0	0	0	5688	-812	-2350	28205	-4841	108	18	737	654	0	-1	0	18	733	650	1603352470
-59	-76	-81	-81	-81	0	-82	0	0	0	0	0	-91	-91	-90	-81	-93	-94	0	0	0	0	0	0	0	0	0	-91	0	-91	0	0	0	0	0	0	0	0	0	0	0	0	0	0	0	0	0	0	0	0	0	0	0	0	0	0	5748	-767	-2342	28203	-4836	107	18	736	654	0	-1	0	18	732	651	1603352471
-60	0	-75	-75	-75	0	-84	0	0	0	0	0	-86	-86	-87	-82	-94	0	0	0	0	0	0	-76	0	0	-87	-86	0	-86	-90	0	0	0	0	0	0	0	0	0	0	0	0	0	0	0	0	0	0	0	0	0	0	0	0	0	5718	-827	-2349	28203	-4836	105	18	736	654	0	0	0	18	732	651	1603352473
-59	0	-77	-76	-76	0	-84	0	-83	-84	-82	0	-86	-87	-87	-79	-92	0	0	-83	0	0	0	-78	0	0	0	-86	0	-86	0	-91	0	0	0	0	0	0	0	0	0	0	0	0	0	0	0	0	0	0	0	0	0	0	-92	0	5725	-812	-2372	28205	-4841	106	18	736	653	0	-1	0	18	733	650	1603352474
-56	0	-80	-81	-80	0	-83	0	0	0	0	0	-91	-91	-92	-82	0	-94	0	0	0	0	0	0	0	0	0	-90	0	0	0	0	0	0	0	0	0	0	0	0	0	0	0	0	0	0	0	0	0	0	0	0	0	0	0	0	5718	-797	-2335	28204	-4838	106	18	737	654	0	-1	0	18	732	651	1603352476
-59	0	-80	-81	-81	0	-84	0	0	0	0	0	-89	-91	-91	-81	-94	0	0	0	0	0	0	0	0	0	0	-92	0	0	0	0	0	0	0	0	0	0	0	0	0	0	0	0	0	0	0	0	0	0	0	0	0	0	0	0	5688	-782	-2350	28203	-4837	107	18	736	654	0	0	0	18	732	651	1603352478
-56	-81	-76	-77	0	0	-84	0	0	0	0	0	-86	-87	-87	-80	-96	0	0	0	0	-77	-79	-77	-79	-79	0	-87	0	-87	-88	0	0	0	-94	0	0	0	0	0	0	0	0	0	0	0	0	0	0	0	0	0	0	0	0	0	5718	-827	-2342	28204	-4840	107	18	737	654	-1	-1	0	18	733	651	1603352479
-56	-75	-82	-81	-81	0	-82	0	0	0	0	0	-93	-92	-92	-82	-94	-94	-81	-74	0	0	0	0	0	0	0	-90	0	-90	0	0	0	0	0	0	0	0	0	0	0	0	0	0	0	0	0	0	0	0	0	0	0	0	0	0	5718	-782	-2402	28204	-4838	107	18	737	654	0	-1	0	18	732	651	1603352481
-59	0	-76	-76	-76	0	0	0	0	0	0	0	-87	-86	-86	-84	-91	0	0	0	0	0	0	0	0	0	0	-86	0	-86	-88	0	0	0	0	0	0	0	0	0	0	0	0	0	0	0	0	0	0	0	0	-95	0	0	0	0	5718	-752	-2327	28203	-4837	107	18	737	654	0	-1	0	18	732	651	1603352482
-55	0	-80	-82	-81	0	-84	0	-83	-83	-84	0	-91	-91	-91	-82	-93	-94	0	-74	0	0	0	0	0	0	0	-90	0	-91	0	-95	0	0	0	0	0	0	0	0	0	0	0	0	0	0	0	0	0	0	0	0	0	0	0	0	5733	-812	-2357	28204	-4840	109	18	737	653	0	-1	0	18	733	651	1603352484
-60	-81	-76	-76	-76	-84	-84	0	-83	-84	-85	0	-87	-88	-86	-82	-92	0	-82	-83	0	0	0	0	0	0	0	-86	0	-87	0	-91	0	0	0	0	0	0	0	0	0	0	0	0	0	0	0	0	0	0	0	0	0	0	0	0	5718	-715	-2327	28202	-4835	107	18	737	655	0	0	0	18	732	651	1603352486
-56	0	-76	-75	-75	0	-86	0	0	0	0	0	-86	-87	-87	-82	-92	0	0	0	0	-78	-77	-76	-78	-77	-89	-87	0	-87	0	0	0	0	0	0	0	0	0	0	0	0	0	0	0	0	0	0	0	-93	0	0	0	0	0	0	5688	-782	-2357	28203	-4835	107	18	736	654	0	-1	0	18	732	651	1603352487
-59	0	-75	-76	-76	0	0	0	0	0	0	0	-87	-87	-87	-83	-94	0	0	0	0	0	0	-77	0	0	-86	-86	0	-86	0	-91	0	0	0	0	0	0	0	0	0	0	0	0	0	0	0	0	0	-91	0	0	0	0	0	0	5688	-812	-2327	28204	-4839	108	18	737	653	0	-1	0	18	732	651	1603352489
0	0	-81	-81	-82	0	-85	0	0	0	0	0	-90	-91	-89	-82	-93	-94	-82	0	0	0	0	-78	0	0	0	-92	0	0	0	0	0	0	0	0	0	0	0	0	0	0	0	0	0	0	0	0	0	0	0	0	0	0	0	0	5718	-767	-2327	28203	-4837	108	18	736	654	0	-1	0	18	732	651	1603352490
-55	0	-75	-77	-76	0	0	0	0	0	0	0	-86	-87	-86	-82	-94	0	0	0	0	0	0	0	0	0	0	-87	0	-86	0	0	0	0	0	0	0	0	0	0	0	0	0	0	0	0	0	0	0	0	0	0	0	0	0	0	5718	-767	-2327	28202	-4835	107	18	736	655	0	-1	0	18	732	651	1603352492
-59	-83	-76	-75	-76	-83	-83	0	-83	-84	-84	0	-85	-87	-87	-82	-93	0	-74	-75	0	0	0	0	0	0	0	-86	0	-86	0	-93	0	0	0	0	0	0	0	0	0	0	0	0	0	0	0	0	0	0	0	0	0	0	0	0	5687	-744	-2365	28203	-4838	107	18	737	653	0	-1	0	18	732	651	1603352494
-56	-74	-75	-77	-76	0	0	0	0	0	0	-89	-86	-86	-86	-81	0	0	0	-74	0	0	0	0	0	0	0	-88	-90	-86	0	0	0	0	-92	0	0	0	0	0	0	0	0	0	0	0	0	0	0	0	0	0	0	0	0	0	5673	-812	-2372	28203	-4836	107	18	736	654	0	-1	0	18	732	651	1603352495
-59	0	-76	-76	0	-84	-85	0	-83	-84	-83	0	-87	-86	-87	-84	-92	-95	0	-81	0	0	0	-76	0	0	0	-86	0	-87	0	-95	0	0	0	0	0	0	0	0	0	0	0	0	0	0	0	0	0	0	0	0	0	0	0	0	5718	-797	-2327	28203	-4837	107	18	736	654	0	-1	0	18	732	651	1603352497
-59	-82	-75	-75	-75	0	0	-83	0	0	0	0	-86	-87	-86	-81	-92	0	-81	-83	0	0	0	0	0	0	0	-86	0	-86	0	0	0	0	0	0	0	0	0	0	0	0	0	0	0	0	0	0	0	0	0	-95	0	0	0	0	5733	-812	-2327	28203	-4837	107	18	736	654	0	-1	0	18	732	651	1603352498
-59	-78	-76	-75	-75	0	0	0	0	0	0	0	-85	-86	-87	-81	-91	0	0	0	-87	0	0	-79	0	0	-91	-86	0	-87	0	-92	0	0	0	0	0	0	0	0	0	0	0	0	0	0	0	0	0	0	0	0	-95	0	0	0	5725	-737	-2372	28204	-4839	108	18	736	654	0	-1	0	18	733	651	1603352500
-57	0	-80	-82	-82	0	0	0	0	0	0	0	-91	-91	-91	-82	0	-93	0	0	0	0	0	0	0	0	0	-90	-91	0	0	0	0	0	0	0	0	0	0	0	0	0	0	0	0	0	0	0	0	0	0	0	0	0	0	0	5763	-783	-2245	28203	-4837	107	18	736	654	0	-1	0	18	732	651	1603352502
-56	0	-77	-76	-77	0	-84	0	0	0	0	0	-87	-86	-86	-83	-92	0	0	-74	0	0	0	0	0	0	0	-87	0	-86	0	0	0	0	0	0	0	0	0	0	0	0	0	-87	0	0	0	0	0	0	0	0	0	0	0	0	5628	-797	-2327	28203	-4836	108	18	736	654	0	-1	0	18	732	651	1603352503
-57	0	-81	-81	-81	-85	-84	0	-84	0	-83	0	-93	-90	-91	-83	-95	-94	-74	-75	0	0	0	0	0	0	0	-90	0	-92	0	0	0	0	0	0	0	0	0	0	0	0	0	0	0	0	0	0	0	0	0	0	0	0	0	0	5748	-805	-2327	28204	-4838	107	18	736	654	0	0	0	18	732	651	1603352505
-60	-82	-76	0	-76	0	-83	0	0	0	0	0	-86	-86	-87	-82	-90	0	-82	0	0	0	0	0	0	0	0	-88	-91	-86	0	0	0	-88	0	0	0	-83	0	0	0	0	0	0	0	0	0	0	0	0	0	0	0	0	0	0	5732	-745	-2372	28202	-4834	107	18	736	655	0	0	0	18	732	651	1603352506
-58	0	-78	-77	-76	0	-85	0	0	0	0	0	-86	-87	-87	-81	-92	0	0	0	0	-78	-78	-78	-79	-78	-90	-86	0	-87	0	-90	0	-88	-90	0	0	-83	0	0	0	0	0	-87	0	0	0	0	0	0	0	0	0	-94	0	0	5733	-783	-2312	28203	-4836	107	18	736	654	0	-1	0	18	732	651	1603352508
-57	-77	-81	-81	-80	-82	-83	0	-83	-84	-82	0	-90	-89	-90	-85	-93	-94	0	-76	0	0	0	0	0	0	0	-90	0	-91	0	0	0	0	0	-93	0	0	0	0	0	0	0	0	0	0	0	0	0	0	0	0	0	0	0	0	5718	-797	-2327	28204	-4838	108	18	736	654	0	0	0	18	732	651	1603352510
-60	0	-81	-81	-81	0	0	0	0	0	0	0	-90	-91	-90	-85	-92	0	0	0	0	0	0	-76	0	0	0	0	0	-90	0	0	0	0	0	0	0	0	0	0	0	0	0	0	0	0	0	0	0	0	0	0	0	0	0	0	5763	-797	-2320	28203	-4836	106	18	737	654	0	-1	0	18	732	651	1603352511
-58	-71	0	-75	-75	-84	-87	-79	-84	-83	-84	0	-88	-87	-87	-85	-91	0	-71	-72	0	-76	0	-78	-78	0	0	-87	0	-87	0	0	0	0	0	0	0	0	-87	0	0	-88	0	-89	0	0	0	0	0	0	0	0	0	0	0	0	5688	-782	-2342	28203	-4836	108	18	736	655	0	-1	0	18	732	651	1603352513
-56	-74	-81	-80	-80	0	0	0	0	0	0	0	-91	-90	-89	0	0	-93	-79	-78	-87	0	0	0	0	0	0	-90	0	-90	0	0	0	0	0	0	0	0	0	-90	0	0	0	0	0	0	0	0	0	0	0	0	0	0	0	0	5733	-812	-2387	28203	-4837	107	18	737	654	0	-1	0	18	732	651	1603352514
-59	-75	-81	-81	-80	0	-83	0	0	0	0	0	-91	-89	-90	-86	0	-94	-75	0	-86	0	-77	-77	0	-77	0	-90	0	-92	0	0	0	0	0	0	0	0	-87	-89	0	-88	0	0	0	0	0	0	0	0	0	0	0	0	0	0	5688	-782	-2342	28203	-4836	107	18	737	654	0	-1	0	18	732	651	1603352516
-57	-76	-80	-81	-81	-83	-83	0	-83	-84	0	0	-92	-89	-91	-87	-94	0	-74	-75	0	-78	-77	-76	0	-76	0	0	0	-90	0	0	0	0	0	0	0	0	-89	0	0	0	0	0	0	0	-88	-86	0	0	0	0	0	0	0	0	5718	-797	-2327	28203	-4836	107	18	736	654	0	-1	0	18	732	651	1603352518
-57	0	-80	-80	-80	0	0	0	0	0	0	0	-90	-91	-91	-86	-93	-95	0	-74	0	0	0	0	0	0	0	-92	0	-89	0	0	-88	0	0	0	0	0	0	0	0	0	0	0	-88	0	0	0	0	0	0	0	0	0	0	0	5733	-783	-2312	28205	-4841	108	18	737	653	0	-1	0	18	733	650	1603352519
-60	-77	-75	-75	-75	0	-83	0	0	0	0	0	-87	-87	-87	-87	-93	0	-76	-76	0	0	0	0	0	0	0	-87	0	-88	-88	-93	-87	0	0	0	0	0	0	0	-80	0	0	0	0	0	0	0	0	0	0	-94	-94	0	0	0	5763	-812	-2372	28203	-4837	107	18	736	654	0	-1	0	18	732	651	1603352521
-58	0	-82	-81	-81	0	0	-80	0	0	0	0	-90	-93	-91	-84	-92	-93	0	0	0	0	0	0	0	0	0	0	-88	0	0	0	0	0	0	0	0	0	0	0	0	0	0	0	0	0	0	0	0	0	0	0	0	0	0	0	5673	-797	-2268	28203	-4837	107	18	736	655	0	-1	0	18	732	651	1603352522
-59	0	-76	-75	-76	0	0	0	0	0	0	-88	-86	-86	-87	-86	-91	0	0	0	0	0	0	0	0	0	0	-87	0	-87	-89	0	0	0	0	0	0	0	-89	0	-82	0	0	0	0	0	-88	-87	0	0	0	0	0	0	0	0	5718	-812	-2342	28204	-4839	107	18	737	653	0	0	0	18	733	651	1603352524
-57	0	-80	-80	-81	-84	-84	0	-82	-82	-83	0	-91	-91	-91	-86	-93	-95	-76	0	0	0	0	0	0	0	0	-90	0	0	0	0	0	0	0	0	0	0	0	0	0	0	0	0	0	0	0	0	0	0	0	0	0	0	0	0	5718	-797	-2335	28203	-4837	107	18	736	654	0	-1	0	18	732	651	1603352526
-58	-76	-76	-77	-76	0	0	-82	0	0	0	0	-87	-86	-87	-85	-92	0	-76	0	0	0	0	0	0	0	0	-86	0	-86	0	0	0	0	0	0	0	0	0	0	0	0	0	0	0	0	-86	0	0	0	0	0	0	-95	0	0	5688	-820	-2327	28203	-4836	107	18	736	654	0	-1	0	18	732	651	1603352527
-61	-77	-75	-76	0	-81	-83	0	0	0	0	0	-85	-87	-87	-86	-91	0	-78	-77	0	-76	-77	-77	-77	-76	-90	-87	0	-87	-90	-92	0	0	0	0	0	0	0	0	0	0	0	0	0	0	0	0	0	0	0	0	0	0	0	0	5785	-768	-2297	28203	-4835	107	18	737	654	-1	-1	0	18	732	651	1603352529
-62	0	-81	-81	-80	0	-85	0	0	0	0	0	-90	-91	-90	-84	-94	-93	-73	-73	0	-77	-78	-76	-78	-76	0	-91	-90	-90	0	0	0	0	0	0	0	0	0	0	0	0	0	0	0	0	0	0	0	0	0	0	0	0	0	0	5688	-752	-2313	28203	-4837	108	19	737	655	0	-1	0	18	732	651	1603352530
-58	-79	-74	-76	-76	0	-84	0	0	0	0	-89	0	-88	-87	-85	-91	0	-78	-80	-87	0	0	-76	0	0	0	-88	0	-89	0	0	0	0	0	0	0	0	0	0	0	0	0	0	0	0	0	0	-87	0	0	0	0	0	0	0	5718	-752	-2312	28203	-4836	107	18	737	654	-1	-1	0	18	732	651	1603352532
-58	-82	-75	-75	-75	0	-86	0	0	0	0	0	-86	-88	-87	-85	0	0	0	0	0	0	0	0	0	0	0	-88	0	-87	0	-94	-88	0	0	0	0	0	0	0	-80	0	0	0	0	0	0	0	0	0	0	0	0	0	0	0	5778	-797	-2335	28203	-4836	107	18	737	654	0	-1	0	18	732	651	1603352534
0	-74	-80	-82	-82	0	0	0	0	0	0	0	-91	-90	-92	-85	-95	-94	-73	-74	0	0	0	0	0	0	0	-90	0	-90	0	0	0	0	0	0	0	0	0	0	0	0	0	0	-89	0	0	0	0	0	0	0	0	0	0	0	5763	-783	-2260	28204	-4839	107	18	737	654	0	0	0	18	733	651	1603352535
-58	-75	-75	-76	0	0	0	0	0	0	0	0	-85	-86	-87	-88	0	0	-78	-80	-84	0	0	0	0	0	0	-86	0	-87	0	-95	0	0	0	0	0	0	0	0	0	0	0	0	0	0	0	0	0	0	0	-95	0	0	0	0	5718	-813	-2267	28203	-4835	107	18	736	655	0	0	0	18	732	651	1603352537
-61	-81	-80	-81	-81	0	-83	0	0	0	0	0	-91	-91	-90	-86	0	-93	-75	-78	0	0	0	0	0	0	0	0	0	0	0	0	0	0	0	0	0	-84	0	0	0	0	0	0	0	0	0	0	0	0	0	0	0	0	0	0	5673	-759	-2327	28203	-4837	107	18	737	654	0	-1	0	18	732	651	1603352538
-56	0	-81	-81	-81	0	0	0	0	0	0	0	-91	-91	-91	-85	-96	-95	-72	-73	0	0	0	0	0	0	0	-89	0	-91	0	0	0	0	0	0	0	0	0	0	0	0	0	0	-89	0	0	0	0	0	0	0	0	0	0	0	5733	-812	-2372	28204	-4840	106	18	736	654	0	0	0	18	733	651	1603352540
-55	0	-75	-76	-75	0	0	0	0	0	0	0	-86	-86	-86	-88	-94	0	0	-77	-86	0	0	-78	0	0	-91	-86	0	-86	-90	0	0	0	0	0	0	0	0	0	0	0	0	0	0	0	0	0	0	0	0	0	0	0	0	0	5763	-782	-2365	28203	-4835	107	18	736	654	0	0	0	18	732	651	1603352542
-56	0	-74	-74	-74	0	0	0	0	0	0	-90	-86	-86	-86	-85	-94	0	0	-80	-88	0	0	0	0	0	0	-87	-90	-88	0	0	0	0	0	0	0	0	0	0	0	0	0	0	0	0	-88	0	0	0	0	0	0	0	0	0	5718	-782	-2327	28203	-4837	106	18	737	654	0	0	0	18	732	651	1603352543
-59	0	-80	-80	-80	0	-82	0	0	0	0	0	-92	-90	-91	-84	-94	-93	-74	-74	0	0	0	0	0	0	0	-91	0	-92	0	0	0	0	0	0	0	0	0	0	0	0	0	0	0	0	0	0	0	0	0	0	0	0	0	0	5688	-782	-2320	28204	-4839	107	18	736	654	0	-1	0	18	733	651	1603352545
-59	-79	-74	-76	0	-82	-83	0	-82	-82	-82	0	-86	-87	-88	-87	-91	0	-73	-73	0	0	0	0	0	0	0	-88	0	-87	0	-91	0	0	0	0	0	0	0	0	-80	0	0	0	0	0	0	0	0	0	0	0	0	0	0	0	5733	-797	-2327	28203	-4835	106	18	736	655	0	0	0	18	732	651	1603352546
-60	-73	-80	-81	-81	0	-83	0	0	0	0	0	-90	-90	-91	-86	-92	-94	-73	-73	0	0	0	0	0	0	0	-89	0	-91	0	0	0	0	0	0	0	0	0	0	0	0	0	0	0	0	0	0	0	0	0	0	0	0	0	0	5725	-797	-2327	28203	-4837	107	18	736	654	0	0	0	18	732	651	1603352548
-58	-77	-81	-81	-80	0	-83	0	0	0	0	0	-91	-92	-91	-85	-93	-95	-72	-71	0	0	0	0	0	0	0	-91	0	0	-90	0	0	0	0	0	0	0	0	0	0	0	0	0	0	0	-91	0	0	0	0	0	0	0	0	0	5695	-782	-2327	28204	-4839	106	18	737	654	0	0	0	18	733	651	1603352550
-56	0	-81	-81	0	-84	-82	0	-82	-83	-83	0	-90	-90	-91	-84	0	-94	0	0	-86	0	0	0	0	0	0	-91	0	-90	0	-93	0	0	0	0	0	0	0	0	0	0	0	0	-87	0	0	0	0	0	0	0	0	0	0	0	5763	-752	-2365	28204	-4837	105	18	736	654	0	0	0	18	732	651	1603352551
-57	-80	-75	-75	-75	0	-82	0	0	0	0	0	-87	-87	-88	-88	-93	0	-73	-74	-88	0	0	0	0	0	0	-87	0	-88	0	0	0	0	0	0	0	0	-85	0	0	0	0	0	0	0	0	-86	0	0	0	0	0	0	0	0	5763	-737	-2342	28204	-4838	106	18	737	654	0	0	0	18	732	651	1603352553
-59	-74	-76	-75	-75	0	-84	-82	0	0	0	0	-87	-87	-86	-86	-91	0	-74	-80	0	-77	-76	-76	-78	-76	-90	-87	0	-87	0	-92	0	0	0	0	0	0	-89	0	0	0	0	0	0	0	0	0	0	0	0	0	0	0	0	0	5688	-767	-2342	28204	-4839	107	18	736	654	0	0	0	18	733	651	1603352554
-56	0	-75	-75	-75	0	0	0	0	0	0	0	-86	-87	-87	-87	-91	0	-75	0	-87	0	0	0	0	0	0	-88	-90	-87	0	0	0	0	0	0	0	0	0	0	0	0	0	0	0	0	0	0	0	0	0	0	0	0	0	0	5725	-812	-2327	28203	-4836	107	18	737	655	0	-1	0	18	732	651	1603352556
0	0	-82	-81	-82	0	0	0	0	0	0	0	-91	-91	-90	-85	-93	-95	0	0	0	0	0	0	0	0	0	-89	0	0	-89	0	0	0	0	0	0	0	0	0	0	0	0	0	0	0	0	0	0	0	0	0	0	0	0	0	5718	-812	-2327	28204	-4838	107	18	737	654	0	0	0	18	732	651	1603352558
-56	-81	-82	-80	-80	-85	-81	0	-82	-82	-83	0	-90	-90	-91	-85	0	-93	-73	-80	0	0	0	0	0	0	0	0	0	-90	0	0	0	0	0	0	0	0	-88	0	0	0	0	0	0	0	-88	0	0	0	0	0	0	0	-91	0	5725	-797	-2327	28205	-4842	106	18	736	653	0	0	0	18	733	650	1603352559
-61	0	-80	-82	-82	0	0	0	0	0	0	0	-92	-92	-89	-86	0	-96	0	-80	-87	0	0	0	0	0	0	-92	0	-92	0	0	0	0	0	0	0	0	0	0	0	0	0	0	-87	0	0	0	0	0	0	0	0	0	0	0	5823	-790	-2372	28203	-4837	106	18	736	654	0	-1	0	18	732	651	1603352561
0	0	-80	-81	-81	0	-84	0	0	0	0	0	-92	-92	-92	-89	-93	-93	-80	-79	0	0	0	0	0	0	0	-92	0	-91	0	-92	0	0	0	0	0	0	0	0	0	0	0	0	0	0	0	0	0	0	0	0	0	0	0	0	5703	-812	-2320	28203	-4836	107	18	737	654	0	-1	0	18	732	651	1603352562
-62	-73	-81	-81	-80	0	0	0	0	0	0	-89	-91	-90	-90	-85	-94	-95	-77	-79	0	0	0	0	0	0	0	-92	0	-91	0	0	-90	0	0	0	0	0	0	0	-79	0	0	0	0	0	0	0	0	0	0	0	0	0	0	0	5688	-797	-2357	28204	-4840	107	18	737	653	0	-1	0	18	733	650	1603352564
-57	-72	-82	-82	-82	0	-84	0	0	0	0	0	-91	-90	-91	-85	-93	-93	-77	-80	-84	0	0	0	0	0	0	-91	0	-90	-90	0	0	0	0	0	0	0	0	0	0	0	0	0	0	0	0	0	0	0	0	0	0	0	0	0	5688	-812	-2312	28203	-4838	107	18	736	654	0	0	0	18	732	651	1603352565
-60	-81	-76	-75	-76	-81	-81	0	-82	-82	-81	0	-86	-87	-87	-86	-92	0	0	-75	-87	-75	-75	0	0	-76	0	-87	0	-88	0	-92	0	0	0	0	0	0	0	0	-79	0	0	0	0	0	0	0	0	0	0	0	0	-95	0	0	5688	-782	-2327	28203	-4837	107	18	737	654	-1	0	0	18	732	651	1603352567
-57	-81	-75	-75	-75	0	-82	0	0	0	0	0	-88	-87	-87	-86	-94	0	-80	-82	-82	0	0	-77	0	0	0	-87	0	-87	0	0	-87	0	0	0	0	0	-88	0	-80	0	0	0	0	0	0	0	0	0	0	0	0	0	0	0	5718	-797	-2342	28204	-4839	106	18	736	653	0	0	0	18	733	651	1603352568
-59	0	-75	-75	-75	0	0	0	0	0	0	0	-86	-86	-87	-86	-93	0	-74	0	-87	0	0	-77	0	0	0	-87	-92	-87	0	0	0	0	0	0	0	0	0	0	0	0	0	0	0	0	0	0	0	0	0	0	0	0	0	0	5718	-722	-2350	28203	-4837	106	18	737	654	0	-1	0	18	732	651	1603352570
0	0	-82	-82	-83	0	-81	0	0	0	0	0	-91	-90	-89	-86	-95	-94	-83	0	0	0	0	-76	0	0	-92	-91	0	-89	-92	0	0	0	0	0	0	0	0	0	0	0	0	0	0	0	0	0	0	0	0	0	0	0	0	0	5680	-775	-2335	28203	-4837	107	18	736	654	-1	-1	0	18	732	651	1603352572
-57	-80	-81	-81	-80	-83	-83	0	-82	-82	-83	0	-92	-89	-90	-88	-96	-93	0	0	0	0	0	0	0	0	0	-90	0	-90	0	0	0	0	0	0	0	0	0	0	0	0	0	0	0	0	0	0	0	0	0	0	0	0	0	0	5688	-767	-2327	28204	-4840	106	18	737	653	-1	-1	0	18	733	651	1603352573
-58	0	-81	-81	-82	0	0	0	0	0	0	0	-93	-91	-91	-85	-94	-93	0	0	-85	0	0	-76	0	0	0	0	0	0	0	0	0	0	0	0	0	0	0	-89	0	0	0	0	0	0	0	0	0	0	0	0	0	0	0	0	5688	-782	-2283	28203	-4837	107	18	737	654	-1	-1	0	18	732	651	1603352575
-64	0	-82	-82	-81	0	-83	0	0	0	0	0	-92	-90	-92	-86	-93	0	0	0	0	0	0	0	0	0	0	-90	0	0	0	0	0	0	0	0	0	0	0	0	0	0	0	0	0	0	0	0	0	0	0	0	0	0	0	0	5733	-812	-2334	28203	-4837	106	18	736	654	-1	-1	0	18	732	651	1603352576
