-53	-76	-79	-79	-79	0	-90	0	0	0	0	0	-82	-82	-81	-86	-94	-93	-76	-78	0	0	0	0	-85	0	0	-82	0	-82	0	0	0	0	0	0	0	0	0	0	0	0	0	0	0	0	0	0	0	0	0	0	0	0	0	0	0	0	0	0	0	0	0	5552	-886	-2641	28390	-4851	147	25	737	651	0	0	-1	25	734	649	1603352339
-62	-74	-83	-82	-82	0	0	0	-91	-89	0	0	-86	-87	-86	-87	-91	-91	-68	-74	0	0	0	0	0	0	0	-87	0	-87	0	-93	0	0	0	0	0	0	0	0	0	0	0	0	0	0	0	0	0	0	0	0	0	0	0	0	0	0	0	0	0	0	0	5582	-840	-2626	28394	-4865	149	25	738	649	-1	0	-1	25	735	647	1603352340
0	-75	-82	-82	-83	0	0	0	0	0	0	0	-88	-88	-87	-91	0	0	-76	-75	0	0	0	0	0	0	0	-88	0	-87	0	0	0	0	0	0	0	0	0	0	0	0	0	0	0	0	0	0	0	0	0	0	0	0	0	0	0	0	0	0	0	0	0	5619	-811	-2626	28388	-4850	150	26	737	653	0	-1	-1	25	734	649	1603352342
-55	-73	-83	-83	-83	0	0	0	0	0	0	0	-86	-87	-87	-92	-91	-91	-78	-71	0	0	0	-79	0	0	0	-87	0	-86	0	0	0	0	0	0	0	0	0	0	0	0	0	0	0	0	0	0	0	0	0	0	0	0	0	0	0	0	0	0	0	0	0	5612	-796	-2566	28385	-4843	151	26	737	654	-1	-1	-1	25	733	650	1603352344
-56	-74	-78	-78	-80	0	0	-74	0	0	0	0	-82	-84	-83	-90	-93	-95	-73	0	0	0	0	0	0	0	0	-83	-88	-83	0	0	-86	0	0	0	0	0	0	0	-79	0	0	0	0	0	0	0	0	0	0	0	0	0	0	0	0	0	0	0	0	0	0	5567	-788	-2626	28385	-4842	152	26	737	654	0	-1	-1	26	733	650	1603352345
-55	0	-82	-82	-81	0	0	0	0	0	0	0	-88	-87	-86	-90	-91	-92	-74	-80	-90	0	0	0	0	0	0	-87	0	-87	0	0	0	0	0	0	0	0	0	0	0	0	0	0	0	0	0	0	0	0	0	0	0	0	0	0	0	0	0	0	0	0	0	5552	-811	-2566	28385	-4843	152	26	737	654	-1	-1	-1	26	733	650	1603352347
-63	-77	-77	-77	-78	0	0	0	0	0	0	-87	-82	-83	-82	-90	0	0	-71	-78	0	0	0	-80	0	0	0	-82	-88	-83	0	0	0	0	0	0	0	0	0	0	0	0	0	0	0	0	0	0	0	-95	0	0	0	0	0	0	0	0	0	0	0	0	0	5552	-781	-2551	28384	-4839	152	25	737	654	-1	-1	0	26	732	651	1603352348
-57	0	-77	-76	-77	0	0	0	0	0	0	0	-83	-83	-83	-89	0	0	0	-80	-88	0	0	-76	0	0	0	-83	0	-82	0	0	0	0	0	0	0	0	0	0	-77	0	0	0	0	0	0	0	0	0	0	0	-95	0	0	0	0	0	0	0	0	0	0	5582	-826	-2536	28383	-4838	153	25	737	654	-1	-1	0	26	732	651	1603352350
-54	-73	-78	-80	-79	0	0	0	0	-87	0	0	-82	-83	-83	-88	0	0	-75	-74	-85	0	0	0	0	0	0	-82	0	-83	-90	0	0	0	0	0	0	0	0	0	0	0	0	0	0	0	0	0	0	0	0	0	0	-95	0	0	0	0	0	0	0	0	0	5507	-825	-2611	28384	-4839	152	26	737	654	-1	-1	0	26	732	650	1603352352
-58	-70	-79	-78	-79	0	0	0	0	0	0	0	-82	-82	-84	-88	0	0	-84	-82	0	0	-76	0	-76	0	0	-84	0	-83	0	0	-86	0	0	0	0	0	0	0	-81	0	0	0	0	0	0	0	0	0	0	0	0	0	0	0	0	0	0	0	0	0	0	5567	-781	-2537	28383	-4836	152	26	737	654	-1	-1	0	26	732	651	1603352353
-53	-77	-78	-78	-78	0	0	0	0	0	0	0	-83	-82	-83	-93	0	-95	-78	-77	0	0	0	0	0	0	-91	-82	-89	-83	0	-96	-86	0	0	0	0	0	0	0	0	0	0	0	0	0	0	0	0	0	0	0	0	-95	0	0	0	0	0	0	0	0	0	5567	-855	-2596	28383	-4837	153	26	737	654	-1	-1	0	26	732	651	1603352355
-58	-69	-77	-76	-76	0	0	0	0	0	0	0	-83	-83	-83	-92	-95	0	-75	-77	-84	0	0	-75	0	0	0	-83	-87	-83	0	0	0	0	0	0	0	0	0	0	0	0	0	0	0	0	0	0	0	0	0	0	0	0	0	0	0	0	0	0	0	0	0	5612	-803	-2611	28383	-4838	153	26	737	654	-1	-1	0	26	732	651	1603352356
-53	-75	-77	-78	-78	0	0	0	0	0	0	0	-82	-82	-83	-91	0	-94	-67	-68	0	-75	-75	-74	-75	-75	0	-82	-88	-83	0	0	0	0	0	0	0	0	0	0	-79	0	0	0	0	0	0	0	0	0	0	0	0	0	0	0	0	0	0	0	0	0	0	5551	-773	-2596	28383	-4837	153	26	737	654	-1	-1	0	26	732	651	1603352358
-58	-67	-77	-77	-76	0	0	0	0	0	0	0	-82	-82	-83	0	0	0	-76	-77	0	0	0	0	0	0	0	-83	0	-83	0	0	0	0	0	0	0	0	0	0	-80	0	0	0	0	0	0	0	0	0	0	0	0	0	0	0	0	0	0	0	0	0	0	5567	-788	-2566	28383	-4838	153	26	737	654	-1	-1	0	26	732	651	1603352360
-58	0	-77	-78	-77	0	0	0	0	0	0	0	-82	-83	-83	-89	-95	0	0	0	0	0	0	0	-76	0	0	-83	0	-83	0	0	0	0	0	0	0	0	0	0	0	0	0	0	0	0	0	0	0	0	0	0	0	0	0	0	0	0	0	0	0	0	0	5567	-818	-2566	28385	-4841	153	26	737	653	-1	-1	0	26	733	650	1603352361
-53	-67	-77	-77	-77	0	0	0	0	0	0	0	0	-83	-83	-92	0	-93	0	-68	0	0	0	0	0	0	0	-83	0	-83	-89	0	0	0	0	0	0	0	0	0	0	0	0	0	0	0	0	0	0	0	0	0	0	0	0	0	0	0	0	0	0	0	0	5612	-826	-2566	28383	-4838	153	26	737	654	-1	-1	0	26	732	651	1603352363
-58	-68	-81	-81	-81	0	0	0	0	0	0	0	-87	-87	-87	0	-93	-90	0	0	0	0	0	-75	0	0	0	-87	-88	-87	0	0	0	0	0	0	0	0	0	0	0	0	0	0	0	0	0	0	0	0	0	0	0	0	0	0	0	0	0	0	0	0	0	5566	-728	-2552	28383	-4838	154	25	737	654	-1	-1	0	26	732	651	1603352364
-59	-76	-81	-82	-82	0	0	0	0	0	0	0	-87	-88	-86	-90	-93	-90	-77	-77	0	0	0	0	0	0	-89	-86	0	-87	0	0	0	0	0	0	0	0	0	0	-78	0	0	0	0	0	0	0	0	0	0	0	0	0	0	0	0	0	0	0	0	0	0	5567	-810	-2596	28385	-4843	154	26	737	653	-1	-1	0	26	733	650	1603352366
-52	-79	-82	-81	-83	0	0	0	0	0	0	0	-88	-88	-88	0	-93	-90	-81	-69	0	0	-77	-75	0	-75	0	-88	0	-88	0	0	0	0	0	0	0	0	0	0	0	0	0	0	0	0	0	0	0	0	0	0	0	0	0	0	0	0	0	0	0	0	-91	5552	-863	-2566	28383	-4839	154	26	737	654	-1	-1	0	26	732	651	1603352368
-58	-83	-78	-79	-78	0	0	0	0	0	0	-85	-82	-83	-83	-90	-93	-94	-83	-69	0	0	0	0	0	0	0	-83	0	-84	0	0	0	0	0	0	0	0	0	0	0	0	0	0	0	0	0	0	0	0	0	0	-97	0	0	0	0	0	0	0	0	0	0	5582	-811	-2566	28383	-4837	152	25	737	654	-1	-1	0	26	732	651	1603352369
-59	0	-77	-77	-76	0	0	-75	0	0	0	0	-82	-83	-83	-91	0	0	0	0	-85	-75	-76	-76	-77	-75	-90	-83	-89	-83	-89	0	0	0	0	0	0	0	0	0	-80	0	0	0	0	0	0	0	0	0	0	0	0	0	0	0	0	0	0	0	0	0	0	5590	-863	-2566	28385	-4842	154	25	737	653	-1	-1	0	26	733	650	1603352371
-58	-70	-77	-78	-77	0	0	0	-88	0	0	0	-82	-83	-83	-93	-94	-94	-69	-78	0	0	0	0	0	0	0	-83	0	-83	0	-90	0	0	0	0	0	0	0	0	-77	0	0	0	0	0	0	0	0	0	0	0	0	0	0	0	0	0	0	0	0	0	0	5567	-781	-2566	28383	-4838	154	25	737	654	-1	-1	0	26	732	651	1603352372
-57	-77	-80	-81	-81	0	0	0	0	0	0	0	-88	-87	-88	-88	-92	-90	-78	-73	0	0	0	0	0	0	0	-88	0	-87	0	0	-86	0	-94	0	0	0	0	0	0	0	0	0	0	0	0	0	0	-93	0	0	0	0	0	0	0	0	0	0	0	0	0	5522	-810	-2566	28383	-4839	154	26	737	654	-1	-1	0	26	732	651	1603352374
0	0	-82	-81	-81	0	0	0	0	0	0	0	-88	-88	-87	-88	-90	-90	-70	0	0	-72	-74	-76	-74	-75	-89	-87	0	-87	0	0	0	0	0	-93	0	0	0	0	0	0	0	0	0	0	0	0	0	0	0	0	0	0	0	0	0	0	0	0	0	0	0	5507	-810	-2551	28385	-4843	155	26	737	653	-1	-1	0	26	733	650	1603352376
-53	0	-82	-82	-82	0	0	0	0	0	0	0	-88	-87	-87	-89	-91	-90	0	0	0	-75	-77	-75	-75	-77	0	-87	0	-88	0	0	-87	0	0	0	0	0	0	0	0	0	0	0	0	0	0	0	0	0	0	0	0	0	0	0	0	0	0	0	0	0	0	5552	-796	-2566	28384	-4839	154	26	737	654	-1	-1	0	26	732	651	1603352377
-52	-73	-78	-78	-77	0	0	0	0	0	0	0	-82	-84	-84	-92	0	-94	-80	-74	0	0	0	0	0	0	0	-83	0	-83	0	0	0	0	0	0	0	0	0	0	0	0	0	0	0	0	0	0	0	0	0	0	0	0	0	0	0	0	0	0	0	0	0	5551	-795	-2634	28383	-4839	154	26	737	654	-1	-1	0	26	732	651	1603352379
-55	-75	-77	-77	-77	0	0	0	0	0	0	0	-81	-82	-82	-89	0	-96	-81	-82	0	-78	-78	0	-78	0	-88	-83	-88	-82	-87	0	0	0	-93	0	0	0	0	0	0	0	0	0	0	0	0	0	0	0	0	0	0	0	0	0	0	0	0	0	0	0	0	5566	-795	-2626	28385	-4842	155	26	737	652	-1	-1	0	26	733	650	1603352380
-55	-71	-83	-85	-84	0	0	-75	0	0	0	0	-87	-88	-88	-90	-91	-90	-69	-81	0	-75	-76	0	-76	-75	0	-87	0	-88	0	0	0	0	0	0	0	0	0	0	0	0	0	-88	0	0	-87	-87	0	0	0	0	0	0	0	0	0	0	0	0	0	0	0	5567	-781	-2604	28384	-4839	155	26	736	654	-1	-1	0	26	732	650	1603352382
-55	-73	-78	-77	-77	0	0	0	0	0	0	0	-82	-83	-84	-90	0	-95	-72	-72	0	0	0	0	0	0	0	-83	0	-84	0	0	-85	0	0	0	0	0	0	0	-80	0	0	0	0	0	0	0	0	0	0	0	0	0	0	0	0	0	0	0	0	0	0	5567	-781	-2566	28383	-4839	154	26	737	654	-1	-1	0	26	732	651	1603352384
-59	0	-78	-77	-78	0	0	0	0	0	0	-87	-82	-82	-83	-91	0	-92	0	0	-90	0	0	0	0	0	0	-83	0	-83	0	0	-86	0	0	0	0	0	0	0	0	0	0	0	0	0	0	0	0	0	0	0	0	-95	0	0	0	0	0	0	0	0	0	5612	-826	-2566	28384	-4841	154	25	737	653	-1	-1	0	26	733	650	1603352385
0	-79	-81	-81	-82	0	-86	0	0	0	0	0	-87	-89	-86	0	-93	-89	-72	-76	0	-77	-77	-77	-76	-78	0	-88	0	-87	0	0	0	0	0	0	0	0	0	0	0	0	0	0	0	0	0	0	0	0	0	0	0	0	0	0	0	0	0	0	0	0	0	5567	-811	-2559	28384	-4840	154	26	737	654	-1	-1	0	26	732	650	1603352387
0	0	-83	-82	-82	0	0	0	-91	-89	0	0	-88	-86	-86	-90	-93	-91	0	-81	0	0	0	-76	0	0	-87	-87	-86	-86	-89	-91	0	0	0	0	0	0	0	0	0	0	0	0	0	0	0	0	0	0	0	0	0	0	0	0	0	0	0	0	0	0	0	5582	-803	-2559	28384	-4840	154	25	737	654	-1	-1	0	26	732	650	1603352388
-57	-72	-81	-82	-82	0	0	0	0	0	0	0	-87	-89	-87	-88	-92	-92	-78	-73	0	0	0	0	0	0	0	-87	0	-87	0	0	0	0	0	-94	0	0	0	0	0	0	0	0	0	0	0	0	0	0	0	0	0	0	0	0	0	0	0	0	0	0	0	5522	-818	-2551	28384	-4840	154	26	737	654	-1	-1	0	26	733	650	1603352390
-56	-71	-76	-75	-76	0	0	0	0	0	0	0	-81	-82	-83	-90	0	0	-71	0	0	0	0	0	0	0	-88	-83	-89	-83	-88	0	0	0	0	0	0	0	0	0	0	0	0	0	0	0	0	0	0	0	0	-95	0	-94	0	0	0	0	0	0	0	0	0	5567	-825	-2633	28385	-4842	154	26	737	653	-1	-1	0	26	733	650	1603352392
-56	-72	-82	-81	-81	0	-89	0	-88	-89	-87	0	-89	-87	-88	-90	-93	-90	-78	-77	0	0	0	-77	0	0	0	-87	0	-88	0	0	0	0	0	0	0	0	0	0	0	0	0	0	0	0	0	0	0	0	0	0	-95	0	0	0	0	0	0	0	0	0	0	5521	-803	-2626	28384	-4839	154	26	737	654	-1	-1	0	26	732	651	1603352393
-58	0	-82	-81	-81	0	0	0	0	0	0	0	-88	-87	-87	-87	-91	-91	0	-70	0	0	0	0	0	0	0	-88	0	-88	0	0	0	0	0	0	0	0	0	0	-80	0	0	0	0	0	0	0	0	0	0	0	0	0	0	0	0	0	0	0	0	0	0	5552	-795	-2611	28384	-4840	154	26	737	654	-1	-1	0	26	733	650	1603352395
0	-70	-81	-81	-83	0	0	0	0	0	0	0	-88	-87	-88	0	-93	-91	0	0	-88	0	0	0	0	0	0	-87	0	-88	0	0	0	0	0	0	0	0	0	0	0	0	0	0	0	0	0	0	0	0	0	0	0	0	0	0	0	0	0	0	0	0	0	5612	-818	-2559	28384	-4839	155	26	737	653	-1	-1	0	26	732	651	1603352396
-52	-72	-82	-82	-82	-87	0	0	-88	-85	-87	0	-88	-88	-88	-88	-93	-92	-77	-72	0	0	0	0	0	0	-89	-87	0	-87	-88	0	0	0	0	0	0	0	0	0	-78	0	0	0	0	0	0	0	0	0	0	0	0	0	0	0	0	0	0	0	0	0	0	5574	-796	-2537	28383	-4838	155	26	737	654	-1	-1	0	26	732	651	1603352398
-56	-72	-83	-83	-83	0	-86	0	0	0	0	0	-87	-87	-87	-89	-93	-90	-72	-78	0	0	0	0	0	0	0	-87	0	-87	0	0	0	0	0	0	0	0	0	0	0	0	0	0	0	0	0	0	0	0	0	0	0	0	0	0	0	0	0	0	0	0	0	5582	-803	-2551	28384	-4840	155	26	737	653	-1	-1	0	26	733	650	1603352399
-57	0	0	-77	-76	0	0	0	-86	-89	0	0	-82	-83	-82	-88	-95	0	0	-78	-89	0	0	0	0	0	-90	-82	0	-82	-90	-93	0	0	0	0	0	0	0	0	-78	0	0	0	0	0	0	0	0	0	0	0	0	-94	0	0	0	0	0	0	0	0	0	5567	-811	-2566	28384	-4840	155	26	737	653	-1	-1	0	26	733	650	1603352401
-54	-79	-82	-82	-84	0	0	0	0	0	0	0	-89	-87	-88	-87	-94	-91	-79	-79	0	-75	-74	-74	-75	-74	0	-87	0	-87	0	0	0	0	0	0	0	0	0	0	0	0	0	0	0	0	0	0	0	0	0	0	0	0	0	0	0	0	0	0	0	0	0	5559	-810	-2693	28383	-4838	154	26	737	654	-1	-1	0	26	732	651	1603352403
-55	-72	-75	-75	-76	0	0	0	0	0	0	0	-81	-82	-82	-90	0	0	-71	-70	0	0	0	0	0	0	-90	-81	0	-82	0	0	0	0	0	0	0	0	0	0	0	0	0	0	0	0	0	0	0	0	0	0	0	0	0	0	0	0	0	0	0	0	0	5567	-841	-2536	28383	-4838	156	26	737	654	-1	-1	0	26	732	651	1603352404
0	-78	-78	-78	-77	0	0	-76	0	-89	0	0	-82	-82	-83	-87	0	-93	-79	-79	0	-73	-73	-75	-74	-73	-88	-83	-90	-84	-88	-92	0	0	0	0	0	0	0	0	0	0	0	0	0	0	0	0	0	0	0	0	0	-95	0	0	0	0	0	0	0	0	0	5612	-796	-2536	28385	-4842	155	26	737	653	-1	-1	0	26	733	650	1603352406
-53	0	-76	-76	-76	0	0	0	0	0	0	0	-81	-83	-83	-88	0	0	0	-72	0	0	0	0	0	0	-91	-83	-90	-83	-90	0	0	0	0	0	0	0	0	0	0	0	0	0	0	0	0	0	0	0	0	0	0	0	0	0	0	0	0	0	0	0	0	5537	-795	-2551	28383	-4838	155	26	737	654	-1	-1	0	26	732	651	1603352407
0	-80	-76	-75	-76	0	0	0	0	0	0	0	-82	-83	-82	-88	0	-93	-80	-71	0	0	0	-76	0	0	-91	-83	-89	-83	-89	0	-84	0	0	0	0	0	0	0	0	0	0	0	0	0	0	0	0	0	0	0	0	0	0	0	0	0	0	0	0	0	0	5552	-796	-2551	28383	-4838	154	26	737	653	-1	-1	0	26	732	651	1603352409
-58	-77	-82	-82	-81	0	0	0	0	0	0	0	-87	-87	-87	-89	-91	-92	-71	-78	0	-77	-75	-75	-75	-75	0	-88	0	-88	0	0	0	0	0	0	0	0	0	0	0	0	0	0	0	0	0	0	0	0	0	0	0	0	0	0	0	0	0	0	0	0	0	5552	-811	-2551	28386	-4845	153	26	737	652	-1	-1	0	26	733	650	1603352411
-57	0	-82	-81	-81	0	0	0	0	0	0	0	-89	-89	-88	-90	-92	-91	0	-81	0	-76	-74	-74	-73	-76	0	-87	0	-88	0	0	0	0	0	0	0	0	0	0	0	0	0	0	0	0	0	0	0	0	0	0	0	0	0	0	0	0	0	0	0	0	0	5567	-803	-2566	28384	-4841	151	26	737	654	0	0	0	25	733	650	1603352412
-53	-70	-82	-84	-82	0	0	0	0	0	0	0	-88	-88	-89	-91	-92	-91	-78	-79	0	0	0	0	0	0	0	-87	0	-89	0	0	0	0	0	0	0	0	0	0	0	0	0	0	0	0	0	0	0	0	0	0	0	0	0	0	0	0	0	0	0	0	0	5559	-811	-2566	28385	-4841	151	26	737	653	-1	-1	0	25	733	650	1603352414
-58	-72	-78	-78	-77	0	0	0	0	0	0	0	-82	-84	-83	-90	0	-95	-72	0	0	0	0	0	-76	0	0	-83	-87	-83	0	0	0	0	0	0	0	0	0	0	0	0	0	0	0	0	0	0	0	0	0	0	0	-94	0	0	0	0	0	0	0	0	0	5575	-826	-2551	28386	-4845	151	26	737	652	-1	0	0	26	733	650	1603352415
-57	-82	-82	-83	-82	0	0	0	0	0	0	0	-89	-87	-87	-91	-92	-92	-84	-83	0	0	0	-77	0	0	0	-87	0	-87	0	0	-84	0	0	0	0	0	0	0	0	0	0	0	0	0	0	0	0	0	0	0	0	0	0	0	0	0	0	0	0	0	0	5567	-825	-2596	28385	-4842	152	26	737	654	0	0	0	26	733	650	1603352417
0	0	-82	-81	-83	0	0	0	0	0	0	0	-88	-87	-88	-89	-92	-92	-70	-69	0	0	0	0	0	0	-92	-87	-91	-87	-89	0	0	0	0	0	0	0	0	0	0	0	0	0	0	0	0	0	0	0	0	0	0	0	0	0	0	0	0	0	0	0	0	5552	-811	-2566	28384	-4840	152	26	737	654	-1	-1	0	26	733	650	1603352419
0	0	-77	-77	-77	-87	-88	0	-86	-86	-87	0	-82	-83	-82	-91	-93	-94	0	0	0	0	0	-76	0	0	0	-83	0	-83	0	0	0	0	0	0	0	0	0	0	0	0	0	0	0	0	0	0	0	0	0	0	0	-95	0	0	0	0	0	0	0	0	0	5522	-811	-2529	28385	-4841	151	26	737	653	-1	-1	0	25	733	650	1603352420
-54	-70	-76	-76	-76	0	-87	0	0	0	0	0	-82	-83	-83	-89	0	0	-73	-72	0	0	0	0	0	0	0	-83	0	-83	0	0	0	0	0	0	0	0	0	0	0	0	0	0	0	0	0	0	0	0	0	0	0	0	0	0	0	0	0	0	0	0	0	5582	-766	-2551	28385	-4841	151	26	737	654	-1	0	0	25	733	650	1603352422
-56	-80	-81	-79	-81	0	-87	0	0	0	0	0	-86	-88	-87	-91	-91	0	-72	-72	0	0	0	0	0	0	0	-89	0	-87	-89	0	0	0	0	0	0	0	0	0	0	0	0	0	0	0	0	0	0	0	0	0	0	0	0	0	0	0	0	0	0	0	0	5582	-750	-2611	28385	-4841	152	26	736	653	0	0	0	26	733	650	1603352423
-52	-72	-81	-80	-82	0	0	0	0	0	0	0	-88	-88	-86	0	-91	-92	0	0	0	0	0	0	0	0	0	-88	0	-88	0	0	0	0	0	0	0	0	0	0	-80	0	0	0	0	0	0	0	0	0	0	0	0	0	0	0	0	0	0	0	0	0	0	5552	-855	-2596	28385	-4841	150	26	736	654	-1	0	0	25	733	650	1603352425
-57	-72	-83	-83	-81	0	0	0	0	0	0	0	-89	-87	-87	-88	-93	-91	-71	-78	0	0	0	0	0	0	0	-87	0	-87	0	0	-84	0	0	0	0	0	0	0	0	0	0	0	0	0	0	0	0	0	0	0	0	0	0	0	0	0	0	0	0	0	0	5597	-811	-2566	28384	-4841	153	25	737	654	-1	-1	0	26	733	650	1603352427
-58	-73	-82	-83	-83	0	0	0	-91	-88	0	0	-87	-88	-87	-91	-91	-92	-73	-79	0	0	0	0	0	0	0	-87	0	-87	0	-91	0	0	0	0	0	0	0	0	0	0	0	0	0	0	0	0	0	0	0	0	0	0	0	0	0	0	0	0	0	0	0	5567	-796	-2551	28385	-4841	152	26	737	654	-1	-1	0	26	733	650	1603352428
-58	-72	-82	-82	-82	0	0	0	0	0	0	0	-90	-87	-87	-87	-93	-91	-80	-81	0	0	0	0	0	0	0	-88	0	-88	0	0	0	0	0	0	0	0	0	0	0	0	0	0	0	0	0	0	0	0	0	0	0	0	0	0	0	0	0	0	0	0	0	5612	-826	-2551	28384	-4840	152	25	736	653	-1	-1	0	26	733	650	1603352430
0	-73	-81	-81	-80	0	0	0	0	0	0	0	-87	-89	-88	-88	-91	-90	-78	-79	0	-76	-75	-76	-75	0	-90	-86	0	-87	0	0	0	0	0	0	0	0	0	0	0	0	0	0	0	0	0	0	0	0	0	0	0	0	0	0	0	0	0	0	0	0	0	5567	-826	-2536	28385	-4842	151	25	736	654	-1	0	0	25	733	650	1603352431
-57	-73	-83	-81	-81	0	0	0	0	0	0	0	-87	-88	-87	-89	-91	-92	-73	-81	0	0	0	0	0	0	0	-87	0	-87	0	0	0	0	0	0	0	0	0	0	0	0	0	0	0	0	0	0	0	0	0	0	0	0	0	0	0	0	0	0	0	0	0	5567	-795	-2611	28384	-4840	150	26	737	654	-1	0	0	25	732	650	1603352433
-57	-83	-82	-81	-82	0	0	0	0	0	0	0	-88	-88	-87	-88	-93	-91	-81	-82	0	0	0	0	0	0	0	-88	0	-87	0	0	0	0	0	0	0	0	0	0	0	0	0	0	0	0	0	0	0	0	0	0	0	0	0	0	0	0	0	0	0	0	0	5552	-810	-2619	28385	-4841	151	25	737	654	-1	-1	0	25	733	650	1603352435
-53	-74	-82	-81	-81	0	0	0	0	0	0	0	-89	-87	-89	-87	-92	-92	-76	-79	0	0	0	0	0	0	0	-87	-89	-88	0	0	0	0	0	0	0	0	0	0	0	0	0	0	0	0	0	0	0	0	0	0	0	0	0	0	0	0	0	0	0	0	0	5567	-855	-2596	28386	-4845	152	26	737	654	0	-1	0	26	733	650	1603352436
-53	-74	-82	-80	-81	0	0	0	0	0	0	0	-89	-87	-88	-90	-93	-92	-80	-73	0	0	0	0	0	0	0	-89	0	-87	0	0	0	0	0	0	0	0	0	0	-79	0	0	0	0	0	0	0	0	0	0	0	0	0	0	0	0	0	0	0	0	0	0	5551	-765	-2626	28385	-4841	151	25	737	653	-1	0	0	25	733	650	1603352438
-54	-72	-83	-83	-82	0	0	0	0	0	0	0	-89	-87	-87	-87	-93	-92	-72	-72	0	0	0	0	0	0	0	-88	0	-87	0	0	0	0	0	0	0	0	0	0	-80	0	0	0	0	0	0	0	0	0	0	0	0	0	0	0	0	0	0	0	0	0	0	5567	-781	-2596	28385	-4842	151	26	737	653	-1	-1	0	25	733	650	1603352439
-56	-76	-81	-81	-81	0	0	0	0	0	0	0	-89	-87	-88	-86	-91	-91	-72	-71	0	0	0	-77	0	0	0	-88	0	-87	-89	0	0	0	0	0	0	0	0	0	0	0	0	0	0	0	0	0	0	0	0	0	0	0	0	0	0	0	0	0	0	0	0	5627	-796	-2596	28387	-4847	152	26	737	652	0	0	0	26	733	650	1603352441
-57	-72	-81	-82	-82	0	0	0	0	0	0	0	-86	-89	-88	-87	-92	-89	-77	-72	0	0	0	0	0	0	0	-87	0	-88	0	0	0	0	0	0	0	0	0	0	0	0	0	0	0	0	0	0	0	0	0	0	0	0	0	0	0	0	0	0	0	0	0	5567	-796	-2551	28385	-4842	152	26	737	653	0	0	0	26	733	650	1603352443
-55	0	-82	-80	-81	0	0	0	0	0	0	0	-88	-89	-87	-90	-93	-91	-77	0	0	0	0	0	0	0	0	-87	0	-87	0	0	0	0	0	0	0	0	0	0	0	0	0	0	0	0	0	0	0	0	0	0	0	0	0	0	0	0	0	0	0	0	0	5567	-811	-2499	28384	-4841	152	26	737	653	-1	0	0	26	733	650	1603352444
-58	-72	-77	-77	-77	0	0	-76	0	0	0	0	-81	-83	-81	-90	0	-94	-73	-73	0	-79	-79	-82	-80	-81	0	-83	0	-81	0	0	0	0	0	0	0	0	0	0	0	0	0	0	0	0	0	0	0	0	0	0	0	-94	0	0	0	0	0	0	0	0	0	5567	-855	-2611	28386	-4844	152	26	737	652	-1	0	0	26	733	650	1603352446
-53	-79	-81	-81	-80	0	0	0	0	0	0	0	-89	-88	-87	-88	-91	-91	-77	-73	-88	0	0	0	0	0	0	-89	0	-88	0	0	0	0	0	0	0	0	0	0	-78	0	0	0	0	0	0	0	0	0	0	0	0	0	0	0	0	0	0	0	0	0	0	5567	-811	-2566	28385	-4841	152	26	736	653	-1	-1	0	26	733	650	1603352447
-55	-79	-77	-76	-76	0	0	0	0	0	0	-89	-82	-82	-83	-89	0	-95	-80	-81	-86	0	0	0	0	0	0	-83	0	-82	0	0	-87	0	0	0	0	0	0	0	-80	0	0	0	0	0	0	-87	0	0	0	0	0	0	0	0	0	0	0	0	0	0	0	5582	-855	-2611	28384	-4840	151	26	737	654	-1	0	0	25	733	650	1603352449
-57	0	-81	-81	-81	0	0	0	0	0	0	0	-88	-88	-86	-87	-94	-90	0	0	0	0	0	0	0	0	0	-90	0	-88	0	0	0	0	0	0	0	0	0	0	0	0	0	0	0	0	0	0	0	0	0	0	0	0	0	0	0	0	0	0	0	0	0	5597	-826	-2596	28386	-4846	152	25	737	652	-1	-1	0	25	733	650	1603352451
-52	0	-81	-81	-81	0	0	0	0	0	0	0	-87	-88	-88	-91	-94	-90	0	0	-85	0	0	-75	0	0	-93	-89	0	-88	0	0	0	0	0	0	0	0	0	0	0	0	0	0	0	0	0	0	0	0	0	0	0	0	0	0	0	0	0	0	0	0	0	5514	-826	-2536	28385	-4841	152	26	737	653	-1	0	0	26	733	650	1603352452
-56	-72	-78	-77	-77	0	0	0	0	0	0	0	-81	-83	-82	-92	0	-94	-71	-71	0	-75	-75	-75	-75	-75	0	-83	0	-82	0	0	-86	0	0	0	0	0	0	0	0	0	0	0	0	0	0	0	0	0	0	0	0	0	0	0	0	0	0	0	0	0	0	5506	-795	-2567	28385	-4841	151	25	737	653	-1	0	0	26	733	650	1603352454
-53	-71	-82	-81	-82	0	0	0	0	0	0	0	-88	-87	-87	-92	-94	-92	-71	-72	0	0	0	-74	0	0	0	-87	0	-88	0	0	0	0	0	0	0	0	0	0	0	0	0	0	0	0	0	0	0	0	0	0	0	0	0	0	0	0	0	0	0	0	0	5612	-826	-2596	28387	-4847	151	25	737	652	-1	-1	0	25	733	650	1603352455
0	-77	-83	-82	-81	0	0	0	0	0	0	0	-88	-88	-88	-90	-92	-92	-75	-71	-86	0	0	0	0	0	0	-87	0	-88	0	0	0	0	0	0	0	0	0	0	0	0	0	0	0	0	-88	-89	0	0	0	0	0	0	0	0	0	0	0	0	0	0	0	5552	-781	-2551	28385	-4842	150	25	737	653	-1	0	0	25	733	650	1603352457
-59	-72	-82	-82	-82	0	0	0	0	0	0	0	-88	-87	-88	-87	-92	-90	-72	-72	0	0	0	0	0	0	0	-88	0	-89	0	0	0	0	0	0	0	0	0	0	0	0	0	0	0	0	0	0	0	0	0	0	0	0	0	0	0	0	0	0	0	0	0	5567	-811	-2559	28385	-4841	152	25	737	653	-1	-1	0	26	733	650	1603352459
-53	-73	-80	-82	-81	0	0	0	0	0	0	0	-90	-87	-88	-90	-94	-91	-73	-77	0	0	0	0	-76	0	0	-88	-89	-87	0	0	0	0	0	0	0	0	0	0	0	0	0	0	0	0	0	0	0	0	0	0	0	0	0	0	0	0	0	0	0	0	0	5559	-878	-2626	28386	-4844	151	26	737	652	-1	-1	0	25	733	650	1603352460
-58	-80	-81	-81	-81	0	0	0	0	0	0	-88	-88	-87	-89	-89	-94	-93	-80	-71	-87	-76	-76	0	-77	0	0	-88	0	-88	0	0	-88	0	0	0	0	0	0	0	0	0	0	0	0	0	0	0	0	0	0	0	0	0	0	0	0	0	0	0	0	0	0	5552	-810	-2619	28385	-4841	152	26	737	653	-1	-1	0	26	733	650	1603352462
-53	-70	-78	-77	-78	0	0	0	0	0	0	0	-82	-82	-82	-83	0	0	-70	-70	0	0	0	0	0	0	0	-83	0	-81	0	0	0	0	0	0	0	0	0	0	0	0	0	0	0	0	0	0	0	0	0	-96	0	0	0	0	0	0	0	0	0	0	0	5582	-788	-2596	28384	-4840	151	26	737	653	-1	0	0	26	733	650	1603352463
0	0	-78	-78	-78	0	0	0	0	0	0	0	-82	-83	-83	-90	0	0	0	0	0	0	0	-76	0	0	-90	-83	-87	-82	0	0	0	0	0	0	0	0	0	0	0	0	0	-88	0	0	0	0	0	0	0	0	0	0	0	0	0	0	0	0	0	0	0	5567	-811	-2566	28384	-4840	152	26	737	654	-1	0	0	26	733	650	1603352465
-57	-70	-80	-79	-82	0	0	0	0	0	0	0	-87	-87	-87	-86	-92	-91	0	-71	0	0	0	0	0	0	0	-87	0	-87	0	0	0	0	0	0	0	0	0	0	0	0	0	0	0	0	0	0	0	0	0	0	0	0	0	0	0	0	0	0	0	0	0	5552	-811	-2559	28386	-4844	153	26	737	653	-1	0	0	26	733	650	1603352467
-56	0	-81	-82	-80	0	0	0	0	0	0	0	-88	-88	-87	0	-91	-91	-78	0	0	0	0	0	0	0	0	-87	0	-87	0	0	0	0	0	0	0	0	0	0	0	0	0	0	0	0	0	0	0	0	0	0	0	0	0	0	0	0	0	0	0	0	0	5552	-856	-2551	28384	-4841	153	26	737	653	-1	-1	0	26	733	650	1603352468
-55	-71	-81	-80	-82	0	0	0	0	0	0	0	-90	-87	-87	-87	-93	-91	-72	-79	0	0	0	0	0	0	0	-88	0	-87	0	0	0	0	0	0	0	0	0	0	0	0	0	0	0	0	0	0	0	0	0	0	0	0	0	0	0	0	0	0	0	0	0	5552	-826	-2462	28385	-4842	152	26	737	653	-1	-1	0	26	733	650	1603352470
-55	-72	-80	-81	-82	0	0	-78	0	0	0	0	-89	-88	-88	-90	-91	-91	-72	-73	0	-76	-77	0	-77	0	0	-87	0	-87	0	0	0	0	0	0	0	0	0	0	0	0	0	0	0	0	0	0	0	0	0	0	0	0	0	0	0	0	0	0	0	0	0	5476	-765	-2522	28385	-4842	153	26	737	653	-1	-1	0	26	733	650	1603352471
-56	-72	-81	-81	-81	0	0	0	0	0	0	0	-88	-88	-88	-88	-92	-90	-72	-77	0	0	0	0	0	0	0	-87	0	-87	0	0	0	0	0	0	0	0	0	0	0	0	0	0	0	0	0	0	0	0	0	0	0	0	0	0	0	0	0	0	0	0	0	5627	-811	-2521	28385	-4841	152	26	737	653	-1	0	0	26	733	650	1603352473
-55	0	-76	-77	-77	0	0	0	0	0	0	0	-82	-83	-82	-89	0	0	0	-73	0	0	0	0	0	0	-91	-82	-91	-82	0	0	0	0	0	0	0	0	0	0	-78	0	0	0	0	0	0	0	0	0	0	0	0	0	0	0	0	0	0	0	0	0	0	5582	-856	-2566	28385	-4841	150	26	737	654	-1	0	0	25	733	650	1603352474
-55	0	-82	-81	-81	0	0	0	0	0	0	0	-89	-87	-87	-88	-93	-91	0	-78	0	0	0	0	0	0	0	-89	0	-87	0	0	-83	0	0	0	0	0	0	0	0	0	0	0	0	0	0	0	0	0	0	0	0	0	0	0	0	0	0	0	0	0	0	5612	-811	-2596	28386	-4845	151	26	737	653	-1	0	0	25	733	650	1603352476
-56	-72	-81	-81	-81	0	0	0	0	0	0	0	-87	-87	-87	-88	-91	-90	0	-78	0	0	0	0	0	0	0	-88	0	-87	-90	0	0	0	0	0	0	0	0	0	0	0	0	0	0	0	0	0	0	0	0	0	0	0	0	0	0	0	0	0	0	0	0	5612	-811	-2596	28385	-4842	150	25	737	654	-1	0	0	25	733	650	1603352478
-54	-73	-76	-77	-77	0	0	0	-91	-91	0	0	-82	-82	-82	-90	0	-93	-78	-72	0	0	0	0	0	0	0	-83	0	-83	0	0	0	0	0	0	0	0	0	0	0	0	0	0	0	0	0	0	0	0	0	0	-95	0	0	0	0	0	0	0	0	0	0	5619	-811	-2603	28385	-4842	149	25	737	653	-1	-1	0	25	733	650	1603352479
-59	-82	-81	-82	-83	0	0	0	0	0	0	0	-88	-89	-88	-87	-93	-92	-83	-82	0	0	0	0	0	0	-89	-88	0	-87	0	0	0	0	0	0	0	0	0	0	0	0	0	0	0	0	0	0	0	0	0	0	0	0	0	0	0	0	0	0	0	0	0	5522	-795	-2581	28386	-4846	151	26	737	653	-1	-1	0	25	733	650	1603352481
-53	-72	-82	-82	-82	0	-90	0	0	0	0	0	-89	-88	-87	-91	-90	-92	-75	-73	-88	-76	-74	-75	-75	-76	0	-89	0	-89	0	0	0	0	0	0	0	0	0	0	0	0	0	0	0	0	0	0	0	0	0	0	0	0	0	0	0	0	0	0	0	0	0	5589	-826	-2566	28385	-4842	150	25	736	653	-1	0	0	25	733	650	1603352482
-57	0	-77	-76	-77	0	0	0	0	0	0	0	-81	-82	-83	-89	0	-93	0	0	-88	-74	-75	-76	-75	-75	0	-83	0	-81	0	0	0	0	0	0	0	0	0	0	0	0	0	0	0	0	0	0	0	0	0	0	0	0	0	0	0	0	0	0	0	0	0	5582	-803	-2566	28385	-4841	150	26	737	654	-1	0	0	25	733	650	1603352484
0	-83	-83	-81	-81	0	0	0	0	0	0	0	-88	-88	-87	-88	-92	-91	-72	-73	0	0	0	0	0	0	0	-87	0	-87	0	0	0	0	0	0	0	0	0	0	-80	0	0	0	0	0	0	0	0	0	0	0	0	0	0	0	0	0	0	0	0	0	0	5567	-796	-2522	28387	-4848	150	25	737	652	-1	0	0	25	733	649	1603352486
0	0	-81	-81	-81	0	0	0	0	0	0	0	-88	-88	-89	0	-90	-92	0	0	0	0	0	-76	0	0	0	-87	0	-88	0	0	0	0	0	0	0	0	0	0	0	0	0	0	0	0	0	0	0	0	0	0	0	0	0	0	0	0	0	0	0	0	0	5559	-810	-2596	28385	-4842	150	25	737	653	-1	0	0	25	733	650	1603352487
-57	-72	-81	-83	-82	0	0	0	0	0	0	-89	-88	-88	-88	-94	-90	-92	-73	-72	0	0	0	0	0	0	0	-87	0	-89	0	0	0	0	0	0	0	0	0	0	0	0	0	0	0	0	0	0	0	0	0	0	0	0	0	0	0	0	0	0	0	0	0	5552	-811	-2536	28385	-4843	150	26	737	653	-1	0	0	25	733	650	1603352489
-56	0	-81	-83	-82	0	0	0	0	-90	0	0	-89	-87	-88	-89	-92	-92	-81	0	0	0	0	0	0	0	0	-88	0	-88	0	0	0	0	0	0	0	0	0	0	0	0	0	0	0	0	0	0	0	0	0	0	0	0	0	0	0	0	0	0	0	0	0	5559	-826	-2566	28386	-4844	151	26	737	652	-1	-1	0	25	733	650	1603352490
-57	0	-83	-81	-82	0	0	0	0	0	0	0	-88	-88	-88	-87	-94	-91	0	0	0	0	0	0	0	0	0	-89	-87	-88	0	0	0	0	0	0	0	0	0	0	0	0	0	0	0	0	0	0	0	0	0	0	0	0	0	0	0	0	0	0	0	0	0	5567	-825	-2626	28386	-4845	151	26	737	653	-1	0	0	25	733	650	1603352492
-55	-73	-82	-81	-82	0	0	0	0	0	0	0	0	-88	-88	-87	-92	-91	-74	-74	0	0	0	0	0	0	0	-89	0	-89	0	0	0	0	0	0	0	0	0	0	0	0	0	0	0	0	0	0	0	0	0	0	0	0	0	0	0	0	0	0	0	0	0	5552	-826	-2596	28386	-4843	150	25	737	653	-1	0	0	25	733	650	1603352494
-56	-73	-79	-79	-78	0	0	0	0	0	0	0	-81	-82	-83	-91	0	-95	-73	-80	0	0	0	0	0	0	0	-83	0	-82	0	0	0	0	0	0	0	0	0	0	-81	0	0	0	0	0	0	0	0	0	0	0	-95	0	0	0	0	0	0	0	0	0	0	5657	-826	-2603	28386	-4844	149	25	737	653	-1	0	0	25	733	650	1603352495
-56	-81	-81	-81	-82	0	0	-79	0	0	0	0	-89	-88	-88	-88	-93	0	-72	-80	0	0	0	0	0	0	0	-89	-88	-88	0	0	0	0	0	0	0	0	0	0	0	0	0	0	0	0	0	0	0	0	0	0	0	0	0	0	0	0	0	0	0	0	0	5552	-833	-2596	28386	-4844	152	26	737	653	-1	-1	0	26	733	650	1603352497
-54	-73	-82	-82	-82	0	0	0	0	0	0	0	-88	-87	-88	-88	-91	-93	-72	-72	0	0	0	-76	0	0	0	-89	0	-88	0	0	0	0	0	0	0	0	0	0	0	0	0	0	0	0	0	0	0	0	0	0	0	0	0	0	0	0	0	0	0	0	0	5567	-781	-2537	28385	-4842	150	25	737	653	-1	0	0	25	733	650	1603352498
-54	-72	-83	-82	-80	0	0	0	0	0	0	0	-88	-88	-88	-89	-93	0	-80	-72	0	0	0	0	0	0	0	-88	0	-89	0	0	0	0	0	0	0	0	0	0	0	0	0	0	0	0	0	0	0	0	0	0	0	0	0	0	0	0	0	0	0	0	0	5514	-826	-2522	28385	-4843	151	26	737	653	-1	-1	0	25	733	650	1603352500
-58	-78	-83	-83	-82	0	0	0	0	0	0	0	-87	-88	-88	-87	-92	-92	-78	-76	0	-77	-76	-77	-77	-77	0	-88	0	-88	0	0	0	0	0	0	0	0	0	0	0	0	0	0	0	0	0	0	0	0	0	0	0	0	0	0	0	0	0	0	0	0	0	5566	-780	-2626	28387	-4847	151	26	737	653	-1	0	0	25	733	649	1603352502
-56	-81	-78	-78	-77	0	0	-80	0	0	0	0	-82	-82	-83	-86	0	0	-70	-70	0	0	0	0	0	0	-88	-81	-91	-83	-89	0	0	0	0	0	0	-81	0	0	0	0	0	0	0	0	0	0	0	0	0	0	0	0	0	0	0	0	0	0	0	0	0	5552	-825	-2611	28385	-4841	151	26	737	654	-1	0	0	25	733	650	1603352503
-54	-78	-82	-82	-82	0	0	0	0	0	0	0	-88	-88	-87	-87	-92	-93	0	0	0	0	0	0	0	0	0	-88	0	-88	0	0	-86	0	0	0	0	0	0	0	0	0	0	0	0	0	0	0	0	0	0	0	0	0	0	0	0	0	0	0	0	0	0	5567	-825	-2596	28385	-4843	151	26	737	653	-1	-1	0	25	733	650	1603352505
0	0	-81	-82	-80	0	0	0	0	0	0	0	-88	-88	-88	-87	-91	-91	-70	-79	0	0	0	0	0	0	0	-89	0	-87	0	0	0	0	0	0	0	0	0	0	0	0	0	0	0	0	0	0	0	0	0	0	0	0	0	0	0	0	0	0	0	0	0	5567	-781	-2596	28386	-4843	152	26	737	653	-1	0	0	26	733	650	1603352506
-56	-71	-81	-83	-81	0	0	0	0	0	0	0	-88	-88	-88	-87	-93	-92	-71	-71	0	0	0	0	0	0	0	-88	0	-88	-90	0	0	0	0	0	0	0	0	0	0	0	0	0	0	0	0	0	0	0	0	0	0	0	0	0	0	0	0	0	0	0	0	5582	-856	-2521	28386	-4843	151	25	737	653	-1	0	0	25	733	650	1603352508
-56	-81	-82	-82	-81	0	0	0	0	0	0	0	-89	-87	-87	-90	-92	-91	-79	-70	0	-77	-76	-74	-77	0	0	-87	0	-88	0	0	0	0	0	0	0	0	0	0	0	0	0	0	0	0	0	0	0	0	0	0	0	0	0	0	0	0	0	0	0	0	0	5627	-856	-2536	28386	-4844	151	25	737	653	-1	0	0	25	733	650	1603352510
-57	-73	-77	-77	-77	0	-89	0	-88	-91	-88	0	-81	-82	-82	-88	0	0	-73	-78	0	-83	-81	-78	-82	-80	0	-82	-89	-82	0	0	-82	0	0	0	0	-83	0	0	0	0	0	0	0	0	0	0	0	0	0	-94	0	0	0	0	0	0	0	0	0	0	0	5552	-900	-2626	28386	-4846	152	26	737	653	-1	-1	0	26	733	650	1603352511
-59	-73	-80	-82	-82	0	0	0	0	0	0	0	-87	-88	-88	-87	-95	-91	-73	-73	0	0	0	0	0	0	0	-87	0	-88	0	0	0	0	0	0	0	0	0	0	0	0	0	0	0	0	0	0	0	0	0	0	0	0	0	0	0	0	0	0	0	0	0	5552	-803	-2596	28386	-4843	151	26	737	653	-1	-1	0	25	733	650	1603352513
-56	-72	-83	-82	-82	0	0	0	0	0	0	0	-88	-88	-88	-88	-92	-92	-73	-73	0	0	0	0	0	0	0	-87	-89	-88	0	0	0	0	0	0	0	0	0	0	0	0	0	0	0	0	0	0	0	0	0	0	0	0	0	0	0	0	0	0	0	0	0	5552	-788	-2566	28386	-4844	151	26	737	653	-1	-1	0	25	733	650	1603352514
-55	-78	-75	-76	-76	0	0	0	0	0	0	0	-81	-82	-83	-89	0	-94	-80	-72	0	0	0	0	0	0	0	-83	0	-82	-91	0	0	0	0	0	0	0	0	0	0	0	0	0	0	0	0	0	0	0	0	0	0	0	0	0	0	0	0	0	0	0	0	5597	-818	-2596	28387	-4848	152	26	737	652	-1	-1	0	26	733	649	1603352516
-56	-81	-82	-80	-82	0	0	0	0	0	0	0	-88	-89	-88	-88	-92	-90	-79	-71	0	0	0	-75	0	0	0	-88	-88	-88	0	0	0	0	0	0	0	0	0	0	0	0	0	0	0	0	0	0	0	0	0	0	0	0	0	0	0	0	0	0	0	0	0	5567	-810	-2611	28386	-4844	152	26	737	653	-1	0	0	26	733	650	1603352518
-56	0	-82	-82	-83	0	0	0	0	0	0	0	-86	-88	-88	-90	-93	-91	0	-81	0	0	0	0	0	0	0	-87	0	-89	0	0	0	0	0	0	0	0	0	0	0	0	0	0	0	0	0	0	0	0	0	0	0	0	0	0	0	0	0	0	0	0	0	5567	-781	-2596	28386	-4843	152	26	737	653	-1	-1	0	26	733	650	1603352519
-57	-72	-83	-81	-81	0	0	0	0	0	0	0	-88	-88	-88	0	-92	-90	-73	-72	-87	0	0	0	0	0	0	-87	0	-87	0	0	0	0	0	0	0	0	0	0	-79	0	0	0	0	0	0	0	0	0	0	0	0	0	0	0	0	0	0	0	0	0	0	5567	-826	-2566	28387	-4848	152	25	737	652	-1	-1	0	26	733	649	1603352521
-54	-73	-82	-82	-82	0	-88	0	0	0	0	0	-88	-88	-87	-87	-92	-90	-72	-79	0	0	0	0	0	0	0	-88	0	-89	0	0	0	0	0	0	0	0	0	0	0	0	0	0	0	0	0	0	-87	0	0	0	0	0	0	0	0	0	0	0	0	0	0	5552	-810	-2611	28386	-4844	153	26	737	653	-1	-1	0	26	733	650	1603352522
-56	-79	-82	-83	-82	0	0	0	0	0	0	0	-89	-88	-88	-89	-94	-93	-74	-80	0	-77	-76	-76	-76	-78	-90	-86	-89	-89	0	0	0	0	0	0	0	-83	0	0	0	0	0	0	0	0	0	0	0	0	0	0	0	0	0	0	0	0	0	0	0	0	0	5522	-856	-2514	28386	-4844	152	26	736	653	-1	-1	0	26	733	650	1603352524
-53	-72	-81	-82	-83	0	0	0	0	0	0	0	-89	-87	-88	-87	-91	-90	-72	-72	0	-76	0	0	-77	0	0	-88	0	-88	0	0	0	0	0	0	0	0	0	0	0	0	0	0	0	0	0	0	0	0	0	0	0	0	0	0	0	0	0	0	0	0	0	5627	-721	-2596	28386	-4845	152	26	737	652	-1	-1	0	26	733	650	1603352526
0	-72	-77	-77	-77	0	0	0	0	0	0	0	-81	-82	-81	-88	-93	0	-72	0	0	-76	-76	-76	-77	-76	-90	-83	0	-82	0	0	0	0	0	0	0	0	0	0	0	0	0	0	0	0	0	0	0	0	0	0	0	0	0	0	0	0	0	0	0	0	0	5469	-825	-2551	28386	-4844	152	26	737	653	-1	-1	0	26	733	650	1603352527
-53	-78	-78	-78	-78	0	0	0	0	0	0	0	-83	-82	-83	-87	0	-94	-70	-80	-88	0	0	0	0	0	0	-83	0	-83	0	0	0	0	0	0	0	0	0	0	0	0	0	0	0	0	0	0	0	0	0	0	0	0	0	0	0	0	0	0	0	0	0	5559	-826	-2551	28385	-4843	151	26	737	653	-1	-1	0	25	733	650	1603352529
-56	-72	-83	-82	-81	0	0	0	0	0	0	0	-88	-88	-87	-89	-90	-92	-70	-79	-86	-76	-76	-76	-75	-75	0	-89	0	-89	0	0	0	0	0	0	0	0	0	0	0	0	0	0	0	0	0	0	0	0	0	0	0	0	0	0	0	0	0	0	0	0	0	5582	-826	-2551	28385	-4843	152	26	737	652	-1	-1	0	26	733	650	1603352530
-56	-81	-82	-82	-81	0	0	0	0	0	0	-85	-87	-89	-88	0	-93	-90	-70	-81	-88	-76	-75	-75	-77	-75	0	-87	0	-88	0	0	0	0	0	0	0	0	0	-88	0	0	0	0	0	0	0	0	0	0	0	0	0	0	0	0	0	0	0	0	0	0	0	5612	-841	-2566	28386	-4844	152	26	737	653	-1	-1	0	26	733	650	1603352532
-52	-81	-82	-81	-82	0	0	-80	0	0	0	0	-88	-89	-88	-88	-92	0	-83	-71	0	0	0	0	0	0	0	-88	-90	-88	0	0	0	0	0	0	0	0	0	0	0	0	0	0	0	0	0	0	0	0	0	0	0	0	0	0	0	0	0	0	0	0	0	5612	-826	-2566	28386	-4843	152	26	737	653	-1	-1	0	26	733	650	1603352534
-53	-70	-82	-82	-82	0	0	0	0	0	0	0	-87	-89	-88	-85	-94	-91	-72	-81	0	0	0	0	0	0	0	-89	0	-88	0	0	0	0	0	0	0	0	0	0	0	0	0	0	0	0	0	0	0	0	0	0	0	0	0	0	0	0	0	0	0	0	0	5612	-871	-2551	28386	-4843	151	26	737	653	-1	-1	0	25	733	650	1603352535
-57	-71	-83	-83	-83	0	0	0	0	0	0	-89	-88	-88	-87	-89	-92	-90	-80	-71	0	0	0	0	0	0	0	-87	0	-86	0	0	0	0	0	0	0	0	0	0	0	0	0	0	0	0	0	0	0	0	0	0	0	0	0	0	0	0	0	0	0	0	0	5612	-871	-2559	28386	-4845	151	25	737	653	0	-1	0	25	733	650	1603352537
-57	-80	-82	-81	-83	0	0	0	0	0	0	0	-88	-87	-89	-90	-91	-92	-71	-78	0	0	0	0	0	0	0	-88	0	-89	0	0	-86	0	0	0	0	0	0	0	0	0	0	0	0	0	0	0	0	0	0	0	0	0	0	0	0	0	0	0	0	0	0	5605	-840	-2611	28386	-4843	151	26	737	653	0	-1	0	25	733	650	1603352538
-57	-71	-82	-82	-82	0	0	0	0	0	0	0	-86	-87	-88	-88	-93	-91	-71	-80	0	0	0	0	0	0	0	-88	0	-88	0	0	0	0	0	0	0	0	0	0	-78	0	0	0	0	0	0	0	-84	0	0	0	0	0	0	0	0	0	0	0	0	0	0	5567	-848	-2663	28386	-4844	150	25	737	653	0	-1	0	25	733	650	1603352540
-56	-81	-81	-81	-82	0	0	0	0	0	0	0	-87	-87	-87	-89	-91	0	-72	-81	0	0	0	0	0	0	0	-89	0	-87	0	0	0	0	0	0	0	0	0	0	0	0	0	0	0	0	0	0	0	0	0	0	0	0	0	0	0	0	0	0	0	0	0	5582	-795	-2611	28387	-4848	151	26	737	652	0	0	0	25	733	649	1603352542
-56	-79	-79	-79	-79	0	0	0	0	0	0	0	-82	-84	-83	-86	0	0	-71	-72	0	0	0	0	0	0	0	-83	0	-84	0	0	0	0	0	0	0	0	0	0	0	0	0	0	0	0	0	0	0	0	0	0	0	0	0	0	0	0	0	0	0	0	0	5567	-796	-2477	28385	-4842	150	26	737	653	0	-1	0	25	733	650	1603352543
-53	-78	-78	-78	-78	0	0	0	0	0	0	0	-83	-84	-83	-88	-93	-95	-71	-78	-89	0	0	0	0	0	0	-83	0	-83	0	0	0	0	0	0	0	0	0	0	0	0	0	0	0	0	0	0	0	0	0	0	0	0	0	0	0	0	0	0	0	0	0	5567	-811	-2536	28385	-4842	151	26	737	654	0	-1	0	25	733	650	1603352545
-56	-79	-77	-76	-77	0	0	0	0	0	0	-88	-82	-83	-83	-88	0	0	0	-79	0	-76	0	-75	-76	0	0	-83	0	-82	0	0	0	0	0	0	0	0	0	0	0	0	0	0	0	0	0	0	0	0	0	0	0	0	0	0	0	0	0	0	0	0	0	5567	-781	-2551	28386	-4844	151	26	736	653	0	-1	0	25	733	650	1603352546
-52	-71	-76	0	-76	0	0	0	0	0	0	0	-81	-82	-83	-86	0	0	-71	-80	0	-75	-77	-76	-75	-76	0	-82	-90	-83	0	0	0	0	0	0	0	0	0	0	0	0	0	0	0	0	0	0	0	0	0	0	0	0	0	0	0	0	0	0	0	0	0	5665	-811	-2551	28385	-4842	150	26	737	653	0	-1	0	25	733	650	1603352548
-56	-80	-82	-81	-82	0	0	0	0	0	0	0	-89	-91	-87	-89	-90	-93	-70	-81	-88	0	0	0	0	0	0	-87	0	-87	0	0	0	0	0	0	0	-83	0	0	0	0	0	0	0	0	0	0	0	0	0	0	0	0	0	0	0	0	0	0	0	0	0	5582	-781	-2611	28386	-4844	150	25	737	653	0	0	0	25	733	650	1603352550
-56	-71	-79	-78	-78	0	0	0	0	0	0	0	-82	-82	-82	-87	-96	-94	-80	0	0	-76	-76	-75	-77	-75	-88	-83	-87	-83	0	0	-86	0	0	0	0	0	0	-87	0	0	0	0	0	0	0	0	0	0	0	0	0	0	0	0	0	0	0	0	0	0	0	5574	-855	-2626	28386	-4845	151	25	737	652	0	-1	0	25	733	650	1603352551
-52	-81	-83	-82	-82	0	0	0	0	0	0	0	-88	-87	-87	-87	-92	-90	-72	-83	0	0	0	0	0	0	0	-89	0	-88	0	0	0	0	0	0	0	0	0	0	0	0	0	0	0	0	0	0	0	0	0	0	0	0	0	0	0	0	0	0	0	0	0	5582	-811	-2566	28386	-4845	151	26	737	653	0	-1	0	25	733	650	1603352553
-56	0	-82	-81	-82	0	0	0	0	0	0	0	-89	-88	-88	-88	-91	-91	0	0	0	0	0	0	0	0	-90	-87	0	-88	0	0	0	0	0	0	0	0	0	0	-79	0	0	0	0	0	0	0	0	0	0	0	0	0	0	0	0	0	0	0	0	0	0	5567	-811	-2566	28386	-4843	150	25	737	653	0	-1	0	25	733	650	1603352554
-58	-77	-78	-78	-78	0	0	0	0	-91	0	0	-80	-82	-82	-86	0	-94	-73	-79	0	0	0	-76	0	0	0	-82	0	-82	0	0	-86	0	0	0	0	0	0	0	0	0	0	0	0	0	0	0	0	0	0	0	0	0	0	0	0	0	0	0	0	0	0	5582	-871	-2596	28386	-4845	151	25	737	653	0	-1	0	25	733	650	1603352556
-58	0	-81	-81	-81	0	0	0	0	0	0	0	-88	-87	-88	-87	-92	-92	0	0	0	-76	0	-76	-76	-75	0	-89	0	-88	0	0	0	0	0	0	0	0	0	0	0	0	0	0	0	0	0	0	0	0	0	0	0	0	0	0	0	0	0	0	0	0	0	5582	-796	-2544	28386	-4844	150	26	737	653	0	-1	0	25	733	650	1603352558
-59	0	-76	-76	-75	0	0	0	0	0	0	0	-82	-82	-82	-91	-95	-96	0	-78	0	0	0	0	0	0	0	-82	0	-82	0	0	-86	0	0	0	0	0	0	0	-78	0	0	0	0	0	0	0	0	0	0	0	-95	0	0	0	0	0	0	0	0	0	0	5582	-871	-2566	28385	-4842	150	25	737	653	0	0	0	25	733	650	1603352559
-58	-71	-77	-77	-76	0	0	0	0	-88	0	0	-81	-82	-81	-89	0	0	-70	-80	-89	0	0	0	0	0	0	-82	0	-81	0	0	0	0	0	0	0	0	0	-90	-78	0	0	0	0	0	0	0	-88	0	0	-94	0	0	0	0	0	0	0	0	0	0	0	5612	-856	-2611	28386	-4844	151	26	737	652	0	-1	0	25	733	650	1603352561
-57	-70	-76	-76	-76	0	-86	0	0	0	0	0	-81	-82	-81	-89	0	-93	-84	-69	0	0	0	0	0	0	0	-83	0	-83	0	0	0	0	0	0	0	0	0	0	0	0	0	0	0	0	0	0	0	0	0	0	-95	0	0	0	0	0	0	0	0	0	0	5582	-811	-2596	28385	-4843	150	26	737	653	0	0	0	25	733	650	1603352562
-57	0	-83	-82	-80	0	0	-78	0	0	0	0	-87	-86	-87	-87	-90	-91	0	0	0	0	0	0	0	0	0	-86	0	-87	-88	0	0	0	0	0	0	0	0	0	0	0	0	0	0	0	0	0	0	0	0	0	0	0	0	0	0	0	0	0	0	0	0	5665	-871	-2603	28385	-4843	150	26	737	653	0	-1	0	25	733	650	1603352564
-53	0	-76	-77	-77	0	0	0	-88	-88	-87	0	-82	-82	-83	-86	-96	-93	-71	-71	-90	0	0	0	0	0	0	-82	0	-82	0	0	0	0	0	0	0	0	0	0	0	0	0	0	0	0	0	0	0	0	0	0	0	0	0	0	0	0	0	0	0	0	0	5567	-893	-2566	28385	-4843	150	25	737	653	0	-1	0	25	733	650	1603352565
-58	0	-81	-81	-82	0	0	0	0	0	0	0	-89	-89	-88	-89	-92	-93	0	0	-87	0	0	0	0	0	0	-88	0	-88	0	0	0	0	0	0	0	0	0	0	0	0	0	0	0	0	0	0	0	0	0	0	0	0	0	0	0	0	0	0	0	0	0	5514	-855	-2596	28386	-4845	150	25	737	653	0	-1	0	25	733	650	1603352567
-58	-77	-82	-82	-83	0	-86	0	-85	-87	-86	-87	-88	-88	-87	-87	-93	-92	-77	-77	-88	-78	-77	-77	-77	-78	0	-87	0	-87	0	0	0	0	0	0	0	0	0	0	0	0	0	0	0	0	0	0	0	0	0	0	0	0	0	0	0	0	0	0	0	0	0	5597	-796	-2604	28386	-4844	150	25	737	653	0	-1	0	25	733	650	1603352568
-58	-78	-81	-81	-81	0	0	0	0	0	0	0	-89	-89	-87	-85	-92	-92	-78	-70	0	0	0	0	0	0	0	-88	0	-87	0	0	-85	0	0	0	0	0	0	0	0	0	0	0	0	0	0	0	-90	0	0	0	0	0	0	0	0	0	0	0	0	0	0	5582	-811	-2596	28386	-4843	150	25	736	653	0	-1	0	25	733	650	1603352570
-58	-76	-82	-83	-82	0	0	0	0	0	0	0	-88	-88	-88	-87	-95	-91	-76	-78	0	-76	-76	-76	-76	-77	-88	-87	-88	-87	0	0	0	0	0	0	0	0	0	0	0	0	0	0	0	0	0	0	0	0	0	0	0	0	0	0	0	0	0	0	0	0	0	5582	-796	-2536	28387	-4846	151	26	737	653	0	-1	0	25	733	650	1603352572
-56	0	-76	-76	-78	0	0	0	0	0	0	0	-82	-82	-82	-88	0	-95	0	0	0	-77	-74	-76	0	-75	0	-82	-90	-82	0	0	0	0	0	0	0	0	0	0	0	0	0	0	0	0	0	0	0	0	0	0	0	0	0	0	0	0	0	0	0	0	0	5544	-796	-2566	28385	-4842	150	25	736	653	0	-1	0	25	733	650	1603352573
-56	-76	-82	-81	-82	0	0	0	0	0	0	0	-90	-89	-87	-89	-90	-91	-76	-75	0	0	0	0	-78	0	0	-87	0	-87	0	0	0	0	0	0	0	0	0	0	0	0	0	0	0	0	0	0	0	0	0	0	0	0	0	0	0	0	0	0	0	0	0	5567	-810	-2596	28386	-4844	150	25	737	653	0	-1	0	25	733	650	1603352575
-53	0	-79	-77	-78	0	0	0	0	0	0	-89	-82	-83	-83	-89	0	-93	0	-71	0	0	0	0	0	0	0	-83	0	-82	0	0	-84	0	0	0	0	0	0	0	0	0	0	0	0	0	0	0	0	0	0	-95	0	-95	0	0	0	0	0	0	0	0	0	5552	-780	-2611	28386	-4846	151	26	737	653	0	-1	0	25	733	650	1603352576
