-57	-75	-81	-80	-80	-82	-85	-80	-84	-85	-84	0	-88	-87	-88	-81	-94	0	-75	-74	0	0	0	0	0	0	0	-88	0	-89	0	0	0	0	0	0	0	0	0	0	0	0	0	0	0	0	0	0	0	0	0	0	0	0	0	0	0	0	0	0	0	0	5402	-1079	-2819	28555	-5094	60	8	765	618	-1	0	0	10	761	618	1603352339
0	-77	-79	-80	-80	0	0	0	0	0	0	0	-88	-89	-88	-82	0	0	-76	-74	0	0	0	-83	0	0	0	-88	0	-90	0	0	0	0	0	0	0	0	0	0	0	0	0	0	0	0	0	0	0	0	0	0	0	0	0	0	0	0	0	0	0	0	5386	-1049	-2864	28577	-5100	63	11	764	620	0	0	0	10	761	617	1603352340
-59	-72	-82	-80	0	0	0	0	0	0	0	0	-82	-82	-82	-82	0	0	-71	-72	0	0	0	0	0	0	0	-82	0	-81	-89	-90	0	0	0	0	0	0	0	0	-85	0	0	0	0	0	0	0	0	0	0	0	0	0	0	0	0	0	0	0	0	0	5386	-1049	-2834	28585	-5086	64	11	765	622	0	0	0	11	760	619	1603352342
-65	-69	-80	-79	-80	0	0	0	0	0	0	0	-88	-88	-88	-81	-92	0	0	0	0	0	0	0	0	0	0	0	0	-88	0	0	0	0	0	0	0	0	0	0	0	0	0	0	0	0	0	0	0	0	0	0	0	0	0	0	0	0	0	0	0	0	5402	-1041	-2872	28587	-5089	65	11	764	621	0	0	0	11	760	618	1603352344
-58	-75	-81	-80	-81	0	0	0	0	0	0	0	-88	-89	-88	-82	-95	0	-68	-69	0	-79	-78	-78	-79	-78	0	-88	0	-89	0	0	0	0	0	0	0	0	0	0	0	0	0	0	0	0	0	0	0	0	0	0	0	0	0	0	0	0	0	0	0	0	5424	-1064	-2834	28584	-5082	64	11	764	623	0	0	0	10	760	619	1603352345
-60	-73	-80	-81	-81	-84	-83	0	-83	-83	-83	0	-81	-81	-83	-81	0	0	-69	-74	0	0	0	0	0	0	0	-82	0	-83	0	-90	0	0	0	0	0	0	0	0	0	0	0	0	0	0	0	0	-84	0	0	0	0	0	0	0	0	0	0	0	0	0	5349	-1041	-2835	28582	-5080	65	11	764	623	0	0	0	11	759	619	1603352347
-59	-76	-81	-81	-81	0	-85	0	0	0	0	0	-88	-88	-87	-81	0	0	-78	-78	0	-77	-76	0	-75	-76	0	-88	0	-90	0	0	0	0	0	0	0	0	0	0	0	0	0	0	0	0	0	0	0	0	0	0	0	0	0	0	0	0	0	0	0	0	5341	-1034	-2835	28582	-5079	66	11	764	622	-1	-1	0	11	759	619	1603352348
-60	0	-80	-80	-80	0	-85	0	0	0	0	0	-88	-87	-88	-82	0	0	0	-79	0	0	0	0	0	0	0	-88	0	-89	0	0	0	0	0	0	0	0	0	0	0	0	0	0	0	0	0	0	0	0	0	0	0	0	0	0	0	0	0	0	0	0	5386	-1034	-2819	28581	-5078	67	11	764	623	-1	-1	0	11	759	620	1603352350
-61	-79	-81	-80	-81	0	0	0	0	0	0	0	-89	-89	-88	-79	-90	0	-73	-79	0	0	0	0	0	-76	0	-89	0	-87	0	0	0	0	0	0	0	0	0	0	0	0	0	0	0	0	0	0	0	0	0	0	0	0	0	0	0	0	0	0	0	0	5402	-1072	-2819	28581	-5077	68	11	764	623	-1	-1	0	11	759	620	1603352352
-60	-71	-82	-81	-81	0	-84	0	0	0	0	0	-87	-88	-89	-81	-93	0	-71	-72	0	0	0	0	0	0	0	-88	0	-88	0	0	0	0	0	0	0	0	0	0	0	0	-88	0	0	0	0	0	0	0	0	0	0	0	0	0	0	0	0	0	0	0	5357	-1071	-2834	28582	-5081	69	11	764	622	-1	-1	0	11	759	619	1603352353
-59	-71	-80	-81	-79	0	-85	0	0	0	0	0	-89	-89	-88	-82	-91	0	-78	-72	0	0	0	0	0	0	0	-87	0	-88	0	0	0	0	0	0	0	0	0	0	0	0	0	0	0	0	0	-88	0	0	0	0	0	0	0	0	0	0	0	0	0	0	5447	-1004	-2805	28581	-5078	68	11	764	623	-1	-1	0	11	759	620	1603352355
0	-71	-81	-81	-80	0	0	0	0	0	0	0	-88	-88	-87	-82	-93	0	-77	-72	0	0	0	-77	0	0	0	-88	0	-87	0	0	-86	0	0	0	0	0	0	0	0	0	0	0	0	0	0	0	-85	0	0	0	0	0	0	0	0	0	0	0	0	0	5387	-1034	-2745	28581	-5077	68	11	764	623	-1	-1	0	11	759	620	1603352356
-59	-72	-80	-81	-81	0	0	0	0	0	0	0	-87	-88	-88	-79	-93	0	-78	-71	0	0	0	-78	0	0	0	-88	0	-88	0	0	0	0	0	0	0	0	0	0	0	0	0	0	0	0	0	0	0	0	0	0	0	0	0	0	0	0	0	0	0	0	5462	-1005	-2790	28582	-5079	69	11	764	623	-1	-1	0	11	759	620	1603352358
0	0	-81	-80	-81	-84	-84	0	-84	-84	-83	0	-88	-88	-89	-81	0	0	0	0	0	0	-76	0	0	0	-89	-88	0	-88	-88	-91	0	0	0	0	0	0	0	0	0	0	0	0	0	0	0	0	0	0	0	0	0	0	0	0	0	0	0	0	0	0	5417	-1019	-2790	28581	-5077	67	11	764	623	-1	-1	0	11	759	620	1603352360
0	0	-80	-81	-81	0	-85	0	0	0	0	0	-87	-87	-88	-81	-91	0	-71	-78	0	0	0	0	0	0	0	-89	0	-88	0	0	0	0	0	0	0	0	0	0	0	0	0	0	0	0	0	0	0	0	0	0	0	0	0	0	0	0	0	0	0	0	5401	-1004	-2835	28580	-5076	68	11	764	623	-1	-1	0	11	759	620	1603352361
-61	-72	-81	-81	-81	0	-85	0	0	0	0	0	-88	-90	-89	-82	-94	0	0	0	0	0	0	0	0	0	-88	-89	0	-88	-93	0	0	0	0	0	0	0	0	0	0	0	0	0	0	0	0	0	0	0	0	0	0	0	0	0	0	0	0	0	0	0	5402	-1064	-2879	28581	-5078	69	11	764	623	-1	-1	0	11	759	620	1603352363
-61	0	-81	-81	-81	0	0	0	0	0	0	0	-88	-88	-88	-81	0	0	-78	-81	-90	-76	-75	-75	-77	-77	0	-88	0	-87	0	0	0	0	0	0	0	0	0	0	0	0	0	0	0	0	0	0	0	0	0	0	0	0	0	0	0	0	0	0	0	0	5402	-1124	-2812	28582	-5079	69	11	764	623	-1	-1	0	11	759	619	1603352364
-59	0	-79	-78	-79	0	-84	0	0	0	0	0	-82	-83	-82	-81	0	0	0	-71	0	-75	-75	-76	-76	-75	0	-83	0	-83	0	0	0	0	0	0	0	0	0	0	0	0	0	0	0	0	0	0	0	0	0	0	0	0	0	0	0	0	0	0	0	0	5372	-1049	-2820	28581	-5077	69	11	764	623	-1	-1	0	11	759	620	1603352366
-61	-73	-81	-81	-81	0	0	0	0	0	0	0	-89	-88	-88	-78	-92	0	-70	-69	0	0	0	-78	0	-79	0	-87	0	-88	0	0	0	0	0	0	0	0	0	0	-81	0	0	0	0	0	0	0	0	0	0	0	0	0	0	0	0	0	0	0	0	0	5402	-1049	-2849	28581	-5078	69	11	764	623	-1	-1	0	11	759	620	1603352368
-61	-70	-80	-81	-81	-83	-83	0	0	0	0	0	-91	-87	-88	-80	-93	0	-71	-71	0	0	0	-76	0	0	0	-89	0	-88	-91	-94	0	0	0	0	0	0	0	0	0	0	0	0	0	0	0	0	0	0	0	0	0	0	0	0	0	0	0	0	0	0	5386	-1049	-2819	28582	-5079	69	11	764	623	-1	-1	0	11	759	619	1603352369
-60	-77	-80	-80	-82	-84	-85	0	-84	-84	-82	0	-89	-88	-88	-80	-92	0	-71	-71	0	0	0	-75	0	0	0	-87	0	-88	0	0	0	0	0	0	0	0	0	0	0	0	0	0	0	0	0	0	0	0	0	0	0	0	0	0	0	0	0	0	0	0	5402	-1064	-2819	28581	-5077	69	11	764	623	-1	-1	0	11	759	620	1603352371
-60	-70	-80	-81	-80	0	-85	0	0	0	0	0	-90	-88	-87	-82	-91	0	-77	-79	-88	0	0	0	0	0	0	-88	0	-87	0	0	0	0	0	0	0	0	0	0	0	0	0	0	0	0	0	0	0	0	0	0	0	0	0	0	0	0	0	0	0	0	5387	-1079	-2819	28581	-5078	70	11	764	623	-1	-1	0	11	759	620	1603352372
-61	0	-81	-82	-82	0	-84	0	0	0	0	0	-88	-89	-87	-81	0	0	-71	-79	0	0	0	0	0	0	0	-88	0	-89	0	0	0	0	0	0	0	0	0	0	0	0	0	0	0	0	0	0	0	0	0	0	0	0	0	0	0	0	0	0	0	0	5394	-1079	-2797	28582	-5080	69	11	764	622	-1	-1	0	11	759	619	1603352374
-61	-71	-81	-81	-81	0	0	0	0	0	0	0	-89	-88	-88	0	-91	0	-78	-78	0	0	0	0	0	0	0	-89	0	-88	0	0	0	0	0	0	0	0	0	0	0	0	0	0	0	0	0	0	0	0	0	0	0	0	0	0	0	0	0	0	0	0	5402	-1094	-2804	28580	-5076	69	11	764	623	-1	-1	0	11	759	620	1603352376
-59	-71	-79	-79	-79	0	-84	0	0	0	0	0	-82	-81	-82	-80	0	0	-71	-78	0	0	0	0	0	0	0	-82	0	-81	-87	0	0	0	0	0	0	0	0	0	0	0	0	0	0	0	0	0	-85	0	0	0	-93	0	0	0	0	0	0	0	0	0	5417	-1004	-2797	28580	-5075	69	11	764	623	-1	-1	0	11	759	620	1603352377
-61	-71	-79	-81	-79	-83	-85	0	-83	-86	-85	0	-81	-82	-83	-82	0	0	-71	-78	0	-75	-75	-76	-76	-75	0	-82	0	-81	0	0	0	0	0	0	0	0	0	0	0	0	0	0	0	0	0	0	0	0	0	0	0	0	0	0	0	0	0	0	0	0	5402	-1064	-2782	28582	-5079	69	11	764	622	-1	-1	0	11	759	619	1603352379
-60	0	-80	-81	-80	0	0	0	0	0	0	0	-88	-88	-88	-81	-92	0	0	0	0	0	0	0	0	0	0	-88	0	-88	0	0	0	0	0	0	0	0	0	0	-84	0	0	0	0	0	0	0	0	0	0	0	0	0	0	0	0	0	0	0	0	0	5417	-1049	-2812	28581	-5077	69	11	764	623	-1	-1	0	11	759	620	1603352380
-59	-77	-81	-81	-82	-84	-84	0	-83	-82	-84	0	-90	-88	-88	-81	-91	0	-70	-70	0	-75	0	-75	-77	-75	0	-88	0	-87	0	0	0	0	0	0	0	0	0	0	0	0	0	0	0	0	0	0	0	0	0	0	0	0	0	0	0	0	0	0	0	0	5402	-1049	-2812	28581	-5077	68	11	764	623	-1	-1	0	11	759	620	1603352382
-61	-71	-81	-81	-81	0	-84	0	0	0	0	0	-88	-88	-89	-82	-92	0	-70	0	0	-77	-76	-76	-76	-75	0	-87	-89	-88	0	0	0	0	0	0	0	0	0	0	0	0	0	0	0	0	0	0	0	0	0	0	0	0	0	0	0	0	0	0	0	0	5417	-1094	-2819	28582	-5081	70	11	764	622	-1	-1	0	12	759	619	1603352384
-60	0	-80	-80	-80	0	0	-82	0	0	0	0	-89	-89	-88	-81	-94	0	-72	-71	0	0	0	0	0	0	0	-90	0	-88	0	0	0	0	0	0	0	0	0	0	0	0	0	0	0	0	0	0	0	0	0	0	0	0	0	0	0	0	0	0	0	0	5394	-1034	-2819	28579	-5074	70	11	764	624	-1	-1	0	12	759	620	1603352385
-62	-72	-80	-80	-79	0	-83	0	-84	-85	-85	0	-81	-81	-82	-80	0	0	-72	-72	0	0	0	0	0	0	0	-82	0	-81	0	0	0	0	0	0	0	0	0	0	0	0	0	0	0	0	0	0	0	0	0	0	0	0	0	0	0	0	0	0	0	0	5477	-1064	-2804	28580	-5075	70	11	764	623	-1	-1	0	12	759	620	1603352387
-61	-72	-80	-80	-81	0	-86	0	0	0	0	0	-88	-88	-89	-81	0	0	-71	-71	0	0	0	0	0	0	0	-88	0	-88	0	0	0	0	0	0	0	0	0	0	0	0	0	0	0	0	0	0	0	0	0	0	0	0	0	0	0	0	0	0	0	0	5357	-1049	-2790	28582	-5080	69	11	764	623	-1	-1	0	11	759	619	1603352388
-60	0	-80	-78	-79	0	-83	0	0	0	0	0	-81	-81	-82	-83	0	0	-81	-81	0	0	0	0	0	0	0	-82	0	-82	-93	0	0	0	0	0	0	0	0	0	-83	0	0	0	0	0	0	0	0	0	0	0	0	0	0	0	0	0	0	0	0	0	5342	-1064	-2804	28579	-5074	70	11	764	623	-1	-1	0	12	759	620	1603352390
-60	-71	-80	-81	-81	0	-85	0	0	0	0	0	-90	-88	-88	-83	-91	0	-71	-72	-87	0	0	0	0	0	0	-89	0	-88	0	0	0	0	0	0	0	0	0	0	0	0	0	0	0	0	0	0	0	0	0	0	0	0	0	0	0	0	0	0	0	0	5402	-1034	-2819	28581	-5077	70	11	764	623	-1	-1	0	12	759	620	1603352392
-62	-71	-79	-79	0	0	-83	0	0	0	0	0	-82	-82	-82	-81	0	0	0	-71	-87	0	0	0	0	0	0	-82	0	-82	-91	-92	0	0	0	0	0	0	0	0	0	0	0	0	0	0	0	0	0	0	0	0	0	0	0	0	0	0	0	0	0	0	5401	-1004	-2820	28580	-5075	69	11	764	623	-1	-1	0	11	759	620	1603352393
-60	0	-80	-82	-81	0	-84	0	0	0	0	0	-90	-88	-88	-81	0	0	-80	-71	0	0	0	-78	0	0	0	-88	0	-88	0	0	0	-88	0	0	0	0	0	0	0	0	0	0	0	0	0	0	0	0	0	0	0	0	0	0	0	0	0	0	0	0	5349	-1034	-2805	28581	-5077	71	11	764	623	-1	-1	0	12	759	620	1603352395
-61	-76	-82	-80	-81	0	-84	0	0	0	0	0	-89	-88	-87	-81	-93	0	0	-71	-87	0	0	0	0	0	-90	-87	0	-90	0	0	0	0	0	0	0	0	0	0	0	0	0	0	0	0	0	0	0	-91	0	0	0	0	0	0	0	0	0	0	0	0	5402	-1049	-2804	28580	-5076	71	11	765	623	-1	-1	0	12	759	620	1603352396
-60	-77	-81	-80	-82	-84	-84	0	-85	-86	-84	0	-89	-89	-88	-80	-93	0	-78	-71	0	-76	-76	-76	-77	-77	0	-88	0	-88	0	0	0	0	0	0	0	0	0	0	0	0	0	0	0	0	0	0	0	0	0	0	0	0	0	0	0	0	0	0	0	0	5387	-1079	-2722	28580	-5076	70	11	764	623	-1	-1	0	12	759	620	1603352398
-61	-77	-79	-79	-79	0	-85	0	0	0	0	0	-82	-81	-82	-82	0	0	-77	-77	0	-77	-77	-77	0	0	0	-83	-90	-83	0	0	0	0	0	0	0	0	0	0	0	0	0	0	0	0	0	0	0	0	0	0	0	0	0	0	0	0	0	0	0	0	5402	-1049	-2804	28580	-5075	70	11	764	623	-1	-1	0	12	759	620	1603352399
-61	-78	-81	-80	-81	-84	-84	0	-83	-85	-83	0	-91	-89	-89	-82	-93	0	-77	-79	0	0	0	0	0	0	0	-90	0	-88	0	-94	0	0	0	0	0	0	0	0	0	-86	0	0	0	0	0	0	0	0	0	0	0	0	0	0	0	0	0	0	0	0	5341	-1027	-2820	28580	-5076	69	11	764	623	-1	-1	0	11	759	620	1603352401
0	-78	-81	-80	-80	0	-84	0	0	0	0	0	-87	-87	-88	-82	-93	0	-79	-79	0	0	0	0	0	0	0	-87	0	-88	0	0	0	0	0	0	0	0	0	0	0	0	0	0	0	0	0	0	0	0	0	0	0	0	0	0	0	0	0	0	0	0	5357	-1034	-2790	28580	-5074	70	11	764	623	-1	-1	0	12	759	620	1603352403
0	-78	-81	-81	-81	0	0	0	0	0	0	0	-88	-88	-88	-81	0	0	-77	-71	0	0	0	0	0	0	0	-87	0	-87	0	0	0	0	0	0	0	0	0	0	0	0	0	0	0	0	0	0	0	0	0	0	0	0	0	0	0	0	0	0	0	0	5394	-1049	-2812	28581	-5077	70	11	764	623	-1	-1	0	12	759	620	1603352404
-60	0	-82	-81	-80	-83	-85	0	-83	-83	-83	0	-89	-88	-88	-81	0	0	0	-77	0	0	0	-76	0	0	0	-88	0	-88	0	-92	0	0	0	0	0	0	0	0	0	0	0	0	0	0	0	0	0	0	0	0	0	0	0	0	0	0	0	0	0	0	5492	-1080	-2797	28579	-5074	70	11	764	624	-1	-1	0	12	759	620	1603352406
-61	-72	-80	-80	-80	0	-85	0	0	0	0	0	-89	-89	-90	-82	0	0	-78	-71	0	0	0	0	0	0	0	-89	0	-88	0	0	0	0	0	0	0	0	0	0	0	0	0	0	0	0	0	0	0	0	0	0	0	0	0	0	0	0	0	0	0	0	5394	-1079	-2804	28580	-5075	70	11	764	624	-1	-1	0	12	759	620	1603352407
-60	-81	-80	-80	-80	-86	-84	0	-85	-84	-83	0	-89	-88	-89	-80	0	0	-80	-79	0	0	0	0	0	0	0	-89	0	0	0	0	0	0	0	0	0	0	0	0	0	0	0	0	0	0	0	0	0	0	0	0	0	0	0	0	0	0	0	0	0	0	5417	-1034	-2790	28582	-5079	70	11	764	623	-1	-1	0	11	759	619	1603352409
0	-72	-80	-81	-81	0	-84	0	0	0	0	0	-89	-88	-89	-82	-94	0	-71	-71	0	0	0	0	0	0	0	-89	-87	-88	0	0	0	0	0	0	0	0	0	0	0	0	0	0	0	0	0	0	0	0	0	0	0	0	0	0	0	0	0	0	0	0	5357	-1079	-2804	28581	-5078	67	11	764	623	0	0	0	11	759	620	1603352411
-60	-78	-80	-80	-80	0	0	0	0	0	0	0	-90	-89	-89	-81	-93	0	-71	-82	0	0	0	-75	0	0	0	-90	0	-88	0	0	0	0	0	0	0	0	0	0	0	0	0	0	0	0	0	0	0	0	0	0	0	0	0	0	0	0	0	0	0	0	5417	-1139	-2804	28582	-5078	66	11	764	623	0	0	0	11	759	620	1603352412
-61	-78	-80	-80	-79	-85	-83	0	-83	-83	-83	0	-82	-82	-82	-81	0	0	-79	-79	-89	0	0	0	0	0	0	-82	0	-82	0	0	0	0	0	0	0	0	0	0	0	0	0	0	0	0	0	0	0	0	0	0	0	0	0	0	0	0	0	0	0	0	5402	-1079	-2789	28582	-5078	67	11	764	623	-1	-1	0	11	759	620	1603352414
-60	-71	-81	-81	-81	0	-83	0	0	0	0	0	-88	-90	-90	-81	-91	0	-72	-81	0	0	0	0	0	0	0	-89	0	-88	0	0	0	0	0	0	0	0	0	0	0	0	0	0	0	0	0	0	0	0	0	0	0	0	0	0	0	0	0	0	0	0	5447	-1095	-2737	28582	-5079	67	11	764	623	-1	0	0	11	759	620	1603352415
0	-83	-81	-82	-81	-85	-84	0	-86	-83	-85	0	-89	-88	-88	-80	-95	0	-72	-79	0	-75	-76	-76	-76	-76	0	-90	0	-89	0	0	0	0	0	0	0	0	0	0	0	0	0	0	0	0	0	0	0	0	0	0	0	0	0	0	0	0	0	0	0	0	5402	-1079	-2819	28581	-5077	67	11	764	623	-1	0	0	11	759	620	1603352417
-61	-77	-81	-81	-80	0	0	0	0	0	0	0	-89	-88	-89	-81	-91	0	-81	-72	0	0	0	-76	0	0	0	-88	0	-89	0	0	0	0	0	0	0	0	0	0	0	0	0	0	0	0	0	0	0	0	0	0	0	0	0	0	0	0	0	0	0	0	5387	-1064	-2804	28582	-5080	66	11	764	622	-1	0	0	11	759	619	1603352419
-61	-80	-81	-81	-81	0	0	0	0	0	0	0	-88	-89	-87	-78	-94	0	-81	-71	0	-75	-77	-78	-76	-75	0	-88	0	-88	0	0	0	0	0	0	0	0	0	0	0	0	0	0	0	0	0	0	0	0	0	0	0	0	0	0	0	0	0	0	0	0	5402	-1049	-2819	28582	-5079	66	11	764	623	-1	0	0	11	759	620	1603352420
-61	-80	-81	-81	-81	-85	-85	0	-84	-85	-83	0	-89	-88	-89	-79	-91	0	-79	-78	0	-76	-75	0	0	0	0	-88	0	-89	0	0	0	0	0	0	0	0	0	0	0	0	0	0	0	0	0	0	0	0	0	0	0	0	0	0	0	0	0	0	0	0	5402	-1034	-2834	28582	-5078	66	11	764	623	0	0	0	11	759	620	1603352422
-60	-72	-81	-80	-81	0	-84	0	0	0	0	0	-89	-89	-88	-80	-95	0	-72	-72	0	0	0	0	0	0	0	-88	0	-89	0	0	0	0	0	0	0	0	0	0	0	0	0	0	0	0	0	0	0	0	0	0	0	0	0	0	0	0	0	0	0	0	5402	-1094	-2834	28584	-5083	67	11	765	622	-1	0	0	11	760	619	1603352423
0	-72	-82	-81	-80	-84	-85	0	-83	-84	-82	0	-88	-88	-88	-83	-94	0	-80	-71	0	-77	-78	-77	-78	-77	0	-89	0	-89	0	-94	-86	-88	0	0	0	0	0	0	0	0	0	0	0	0	0	0	0	0	0	0	0	0	0	0	0	0	0	0	0	0	5402	-1034	-2790	28582	-5078	66	11	764	623	-1	0	0	11	759	620	1603352425
-61	-81	-81	-81	-82	0	-85	0	0	0	0	0	-90	-88	-88	-80	-93	0	-81	-82	0	-77	-78	-77	-78	-78	0	-88	0	-89	0	0	0	0	0	0	0	0	0	0	0	0	0	0	0	0	0	0	0	0	0	0	0	0	0	0	0	0	0	0	0	0	5402	-1049	-2804	28583	-5081	66	11	764	623	0	0	0	11	759	619	1603352427
-60	-71	-81	-81	-81	0	0	0	0	0	0	0	-88	-89	-88	-79	0	0	0	0	0	0	0	0	0	0	0	-88	0	-89	0	0	0	0	0	0	0	0	0	0	0	0	0	0	0	0	0	0	0	0	0	0	0	0	0	0	0	0	0	0	0	0	5402	-1079	-2879	28583	-5081	67	11	764	622	-1	0	0	11	759	619	1603352428
0	-82	-76	-75	-76	0	-85	0	0	0	0	0	-81	-82	-81	-80	0	0	-81	-71	0	0	0	-76	0	0	0	-83	0	-81	0	0	0	0	0	0	0	0	0	0	0	0	0	0	0	0	0	0	0	0	0	0	0	0	0	0	0	0	0	0	0	0	5357	-1064	-2804	28582	-5080	68	11	764	623	-1	-1	0	11	759	619	1603352430
-61	0	-81	-81	-81	0	-85	0	0	0	0	0	-89	-88	-89	-82	-91	0	0	-72	0	0	0	0	0	0	0	-89	0	-87	0	0	0	0	0	0	0	0	0	0	0	0	0	0	0	0	0	0	0	0	0	0	0	0	0	0	0	0	0	0	0	0	5409	-982	-2805	28582	-5079	68	11	764	623	-1	-1	0	11	759	619	1603352431
0	0	-81	-81	-81	0	-87	-81	0	0	0	0	-90	-88	-88	-81	-93	0	0	0	0	0	0	-76	0	0	0	-88	0	-88	0	0	0	0	0	0	0	0	0	0	0	0	0	0	0	0	0	0	0	0	0	0	0	0	0	0	0	0	0	0	0	0	5417	-1049	-2819	28582	-5080	69	11	764	622	-1	-1	0	11	759	619	1603352433
0	-79	-81	-81	-81	0	0	0	0	0	0	0	-88	-88	-88	0	-92	0	-71	-81	0	0	0	0	0	0	0	-87	0	-89	0	0	0	0	0	0	0	0	0	0	0	0	0	0	0	0	0	0	0	0	0	0	0	0	0	0	0	0	0	0	0	0	5402	-1094	-2789	28581	-5078	67	11	764	623	-1	-1	0	11	759	620	1603352435
-62	-80	-76	-75	-76	0	0	0	0	0	0	0	-82	-82	-82	-81	-94	0	-79	-78	0	0	0	0	0	0	-88	-83	0	-82	0	0	0	0	-93	0	0	0	0	0	0	0	0	0	0	0	0	0	0	-94	0	0	0	0	0	0	0	0	0	0	0	0	5417	-1079	-2789	28581	-5078	68	11	764	623	-1	0	0	11	759	620	1603352436
-61	-79	-81	-81	-80	-83	-85	0	-83	-86	-83	0	-90	-89	-87	-81	-94	0	-72	-71	0	0	0	-75	0	0	0	-89	0	-89	0	0	0	0	0	0	0	0	0	0	0	0	0	0	0	0	0	0	0	0	0	0	0	0	0	0	0	0	0	0	0	0	5417	-1079	-2804	28583	-5081	67	11	764	623	-1	0	0	11	759	619	1603352438
-61	0	-81	-81	-81	0	-84	0	0	0	0	0	-87	-89	-87	-81	-91	0	0	0	-90	0	0	0	0	0	0	-89	0	-87	0	0	0	0	0	0	0	0	0	0	0	0	0	0	0	0	0	0	0	0	0	0	0	0	0	0	0	0	0	0	0	0	5417	-1064	-2789	28583	-5081	67	11	764	623	-1	-1	0	11	759	619	1603352439
-60	0	-80	-81	-81	0	-85	0	0	0	0	0	-87	-88	-88	-80	-94	0	0	0	0	0	0	0	0	0	0	-87	0	-88	0	0	0	0	0	0	0	0	0	0	0	0	0	0	0	0	0	0	0	0	0	0	0	0	0	0	0	0	0	0	0	0	5417	-1110	-2774	28582	-5079	68	11	764	623	-1	-1	0	11	759	619	1603352441
-61	0	-81	-81	-81	0	-83	0	0	0	0	0	-88	-87	-87	-82	0	0	0	0	0	0	0	-77	0	0	0	-87	0	-87	0	0	0	0	0	0	0	0	0	0	0	0	0	0	0	0	0	0	0	0	0	0	0	0	0	0	0	0	0	0	0	0	5409	-1049	-2790	28582	-5079	67	11	764	623	-1	-1	0	11	759	620	1603352443
0	-78	-75	-74	-74	0	-83	-81	0	0	0	0	-82	-83	-82	-82	0	0	-72	0	0	-76	0	-77	-76	-77	0	-82	0	-81	0	0	0	0	0	0	0	0	0	0	0	0	0	0	0	0	0	0	0	0	0	0	0	0	0	0	0	0	0	0	0	0	5357	-1064	-2790	28583	-5082	68	11	764	623	-1	-1	0	11	760	619	1603352444
-62	0	-81	-81	-81	0	0	0	0	0	0	0	-89	-88	-89	-81	-95	0	0	-79	0	0	0	-75	0	0	0	-89	0	-89	0	0	0	0	0	0	0	0	0	0	0	0	0	0	0	0	0	0	0	0	0	0	0	0	0	0	0	0	0	0	0	0	5417	-1004	-2805	28581	-5078	68	11	765	623	-1	-1	0	11	759	620	1603352446
-62	-72	-81	-81	-81	0	-79	0	0	0	0	0	-90	-89	-88	-82	-91	0	-77	-72	0	0	0	0	0	0	0	-90	0	-89	0	0	0	0	0	0	0	0	0	0	0	0	0	0	0	0	0	0	0	0	0	0	0	0	0	0	0	0	0	0	0	0	5401	-982	-2805	28582	-5078	68	11	764	623	-1	0	0	11	759	620	1603352447
-62	-71	-76	-74	-75	-83	-84	0	-83	-83	-84	0	-81	-82	-82	-80	0	0	-80	-72	0	-77	-78	-78	-77	-78	0	-83	0	-82	-96	0	0	0	0	0	0	0	0	0	0	0	0	0	0	0	0	0	0	0	0	0	0	0	0	0	0	0	0	0	0	0	5357	-1124	-2797	28583	-5082	68	11	764	623	-1	0	0	11	760	619	1603352449
-62	-72	-81	-81	-81	0	0	0	0	0	0	0	-88	-88	-89	-80	0	0	-72	-84	0	-75	-75	-77	-76	-76	0	-89	0	-89	0	0	0	0	0	0	0	0	0	0	0	0	0	0	0	0	0	0	0	0	0	0	0	0	0	0	0	0	0	0	0	0	5394	-1034	-2819	28582	-5079	67	11	764	623	0	-1	0	11	759	619	1603352451
-61	0	-75	-74	-75	0	-83	0	0	0	0	0	-81	-82	-81	-82	0	0	-79	-72	0	0	0	0	0	0	0	-82	0	-82	0	0	0	0	0	0	0	0	0	0	0	0	0	0	0	0	0	0	0	0	0	0	0	0	0	0	0	0	0	0	0	0	5417	-1102	-2812	28582	-5078	67	11	764	623	-1	-1	0	11	759	620	1603352452
0	-73	-82	-81	-81	0	-84	0	0	0	0	0	-90	-89	-89	-83	-93	0	-72	-78	-86	-78	-74	-76	-77	-78	0	-88	0	-88	0	0	0	0	0	0	0	0	0	0	0	0	0	0	0	0	0	0	0	0	0	0	0	0	0	0	0	0	0	0	0	0	5462	-1065	-2700	28584	-5084	67	11	764	622	-1	-1	0	11	760	619	1603352454
-61	0	-82	-82	-82	-84	-85	0	-85	-83	-84	0	-89	-90	-88	-79	-93	0	-83	0	0	-75	-77	-77	-77	-76	0	-89	0	0	0	0	0	0	0	0	0	0	0	0	0	0	0	0	0	0	0	0	0	0	0	0	0	0	0	0	0	0	0	0	0	0	5447	-1027	-2790	28581	-5078	67	11	764	623	-1	-1	0	11	759	620	1603352455
-62	-72	-76	-76	-76	0	0	0	0	0	0	0	-81	-82	-81	-81	0	0	-71	-71	0	0	0	-77	0	0	0	-82	0	-80	0	0	0	0	0	0	0	0	0	0	0	0	0	0	0	0	0	-87	0	0	0	0	0	0	0	0	0	0	0	0	0	0	5387	-1034	-2797	28581	-5077	66	11	764	623	-1	0	0	11	759	620	1603352457
-61	0	-81	0	-81	0	0	0	0	0	0	0	-89	-89	-89	-82	-93	0	-71	-72	-86	0	0	0	0	0	0	-88	0	-88	0	0	0	0	0	0	0	0	0	0	0	0	0	0	0	0	0	0	0	0	0	0	0	0	0	0	0	0	0	0	0	0	5387	-1049	-2790	28584	-5083	67	11	764	622	-1	0	0	11	760	619	1603352459
-62	0	-81	-81	-81	-85	-86	0	-84	-86	-84	0	-88	-88	-88	-80	0	0	-71	0	0	-76	-76	-76	-75	-74	0	-89	0	-89	0	0	0	0	0	0	0	0	0	0	0	0	0	0	0	0	0	0	0	0	0	0	0	0	0	0	0	0	0	0	0	0	5402	-1064	-2797	28582	-5078	67	11	764	623	-1	-1	0	11	759	620	1603352460
-60	0	-81	-81	-81	0	0	0	0	0	0	0	-89	-88	-90	-81	-92	0	-71	-71	0	-75	-76	-75	-76	-76	-91	-89	-88	-88	0	0	0	0	0	0	0	0	0	0	0	0	0	0	0	0	0	0	0	0	0	0	0	0	0	0	0	0	0	0	0	0	5402	-1057	-2789	28582	-5079	66	11	764	623	-1	0	0	11	759	620	1603352462
-60	-76	-82	-81	-81	0	-85	0	0	0	0	0	-88	-88	-88	-80	0	0	-76	-72	0	0	0	0	0	0	0	-88	0	-88	0	0	0	0	0	0	0	0	0	0	-82	0	0	0	0	0	0	0	0	0	0	0	0	0	0	0	0	0	0	0	0	0	5387	-1049	-2804	28584	-5084	68	11	764	622	-1	-1	0	11	760	619	1603352463
-64	-71	-76	-76	-75	0	0	0	0	0	0	0	-82	-81	-82	-81	0	0	-71	-78	0	0	0	0	0	0	0	-83	0	-81	0	0	0	0	0	0	0	0	0	0	0	0	0	0	0	0	0	0	0	0	0	0	0	0	0	0	0	0	0	0	0	0	5402	-1094	-2812	28581	-5078	67	11	764	623	-1	-1	0	11	759	620	1603352465
-59	-78	-80	-81	-81	0	-82	0	0	0	0	0	-88	-88	-88	-79	-92	0	-71	-79	-89	0	0	0	0	0	0	-89	0	-88	0	0	0	0	0	0	0	0	0	0	0	0	0	0	0	0	0	0	0	0	0	0	0	0	0	0	0	0	0	0	0	0	5402	-1064	-2834	28582	-5079	68	11	764	623	-1	-1	0	11	759	620	1603352467
-64	-71	-76	-76	-75	0	-82	0	0	0	0	0	-81	-81	-81	-82	0	0	0	-79	0	0	0	0	0	0	0	-82	0	-81	0	0	0	0	0	0	0	0	0	0	-80	0	0	0	0	0	0	0	0	0	0	0	0	0	0	0	0	0	0	0	0	0	5402	-1064	-2834	28581	-5077	67	11	764	623	-1	-1	0	11	759	620	1603352468
-64	-78	-81	-81	-81	0	-83	0	0	0	0	0	-90	-88	-90	-81	-92	0	-80	-71	0	0	0	-77	0	0	0	-89	0	-89	0	0	0	0	0	0	0	0	0	0	-83	0	0	0	0	0	0	0	0	0	0	0	0	0	0	0	0	0	0	0	0	0	5387	-1034	-2790	28582	-5080	67	11	764	623	-1	-1	0	11	759	619	1603352470
-65	0	-81	-80	-81	-83	-83	-81	0	0	0	0	-89	-88	-89	-78	0	0	0	0	0	-81	-79	-82	-80	-82	0	-89	0	-89	0	-89	0	0	0	0	0	0	0	0	0	0	0	0	0	0	0	0	0	0	0	0	0	0	0	0	0	0	0	0	0	0	5402	-1049	-2864	28581	-5077	67	11	764	624	-1	0	0	11	759	620	1603352471
-63	-71	-81	-82	-81	0	-84	0	0	0	0	0	-89	-89	-89	-80	-94	0	-71	-81	0	0	0	0	0	0	0	-89	0	-88	0	0	0	-89	0	0	0	0	0	0	0	0	0	0	0	0	0	0	0	0	0	0	0	0	0	0	0	0	0	0	0	0	5356	-1019	-2775	28581	-5077	67	11	764	623	-1	-1	0	11	759	620	1603352473
-59	-77	-75	-75	-75	0	-83	0	0	0	0	0	-81	-81	-81	-82	0	0	-70	-76	0	0	0	0	0	0	0	-82	0	-82	-94	0	0	0	0	0	0	0	0	0	-82	0	0	0	0	0	0	0	0	0	0	0	0	0	0	0	0	0	0	0	0	0	5462	-1094	-2797	28582	-5079	66	11	764	623	-1	-1	0	11	759	619	1603352474
-58	0	-81	-81	-81	0	0	0	0	0	0	0	-88	-88	-88	-81	-93	0	-77	-70	0	0	0	0	0	0	0	-88	0	-90	0	0	0	0	0	0	0	0	0	0	0	0	0	0	0	0	0	0	0	0	0	0	0	0	0	0	0	0	0	0	0	0	5402	-1057	-2819	28581	-5078	67	11	764	623	-1	-1	0	11	759	620	1603352476
-65	-78	-80	-81	-80	0	-82	0	0	0	0	0	-90	-88	-89	-81	-91	0	-80	-70	0	0	0	0	0	0	0	-89	0	-88	0	0	0	0	0	0	0	0	0	0	0	0	0	0	0	0	0	0	0	0	0	0	0	0	0	0	0	0	0	0	0	0	5402	-1034	-2864	28581	-5077	67	11	764	623	-1	-1	0	11	759	620	1603352478
-63	-70	-76	-75	-76	-83	-84	0	-85	-84	-83	0	-82	-83	-83	-80	0	0	0	-71	-88	0	0	0	0	0	0	-83	0	-82	0	0	0	0	0	0	0	0	0	0	0	0	0	0	0	0	0	0	0	0	0	0	0	-95	0	0	0	0	0	0	0	0	5402	-1049	-2804	28581	-5078	67	11	764	624	-1	0	0	11	759	620	1603352479
-59	0	-81	-80	-82	0	0	0	0	0	0	0	-88	-88	-87	-79	0	0	0	0	-86	0	0	0	0	0	-88	0	-89	-87	0	0	0	0	0	0	0	0	0	0	0	0	0	0	0	0	0	0	0	0	0	0	0	0	0	0	0	0	0	0	0	0	5394	-1049	-2804	28581	-5078	67	11	764	623	-1	-1	0	11	759	620	1603352481
-65	-71	-82	-82	-82	0	0	0	0	0	0	0	-89	-90	-89	-81	-92	0	-83	-72	0	-77	-78	0	-77	0	0	-90	0	-90	0	0	0	0	0	0	0	0	0	0	0	0	0	0	0	0	0	0	0	0	0	0	0	0	0	0	0	0	0	0	0	0	5357	-1049	-2790	28582	-5079	67	11	764	623	-1	-1	0	11	759	620	1603352482
-59	0	-83	-83	-82	0	-85	0	0	0	0	0	-89	-89	-87	-81	-93	0	0	0	0	0	0	0	0	0	0	-89	0	-88	0	0	0	0	0	0	0	0	0	0	0	0	0	0	0	0	0	0	0	0	0	0	0	0	0	0	0	0	0	0	0	0	5387	-1034	-2775	28583	-5081	66	11	764	623	-1	0	0	11	759	619	1603352484
-59	-72	-82	-81	-82	0	0	0	0	0	0	0	-88	-88	-90	-79	-93	0	0	-83	-88	0	0	0	0	0	0	-89	0	-89	0	0	0	0	0	0	0	0	0	0	-81	0	0	0	0	0	0	0	0	0	0	0	0	0	0	0	0	0	0	0	0	0	5402	-1094	-2812	28582	-5079	66	11	764	623	-1	-1	0	11	759	620	1603352486
0	-81	-82	-81	-82	0	-84	0	0	0	0	0	-91	-89	-88	-81	-91	0	-72	-79	0	0	0	0	0	0	0	-89	0	-89	0	0	0	0	0	0	0	0	0	0	0	0	0	0	0	0	0	0	0	0	0	0	0	0	0	0	-85	0	0	0	0	0	5394	-1064	-2819	28582	-5079	66	11	764	623	-1	-1	0	11	759	619	1603352487
0	0	-81	-81	-81	-83	-84	0	-84	-82	-81	0	-90	-88	-87	-81	-94	0	0	0	0	0	0	0	0	0	0	-88	0	-89	0	0	0	0	0	0	0	0	0	0	0	0	0	0	0	0	0	0	-85	0	0	0	0	0	0	0	0	0	0	0	0	0	5387	-1079	-2819	28584	-5083	67	11	764	622	-1	0	0	11	760	619	1603352489
-64	0	-82	-82	-83	0	-84	0	0	0	0	0	-91	-89	-88	-81	-92	0	-72	0	0	0	0	0	0	0	0	-89	0	-88	0	0	0	0	0	0	0	0	0	0	0	0	0	0	0	0	0	0	0	0	0	0	0	0	0	0	0	0	0	0	0	0	5402	-1057	-2864	28582	-5080	66	11	764	623	-1	-1	0	11	759	619	1603352490
-60	0	-83	-82	-82	0	0	0	0	0	0	0	-90	-89	-89	-81	-93	0	0	0	0	0	0	-78	-79	0	0	-89	0	-89	0	0	0	0	0	0	0	0	0	0	0	0	0	0	0	0	0	0	0	0	0	0	0	0	0	0	0	0	0	0	0	0	5417	-1049	-2790	28582	-5078	66	11	764	623	-1	0	0	11	759	620	1603352492
0	-75	-83	-82	-83	0	-83	-81	0	0	0	0	-89	-89	-89	-82	-93	0	-69	-68	0	-81	-81	-79	-82	-80	0	-89	0	-91	0	0	0	0	0	0	0	0	0	0	0	0	0	0	0	0	0	0	0	0	0	0	0	0	0	0	0	0	0	0	0	0	5417	-1049	-2797	28584	-5083	67	11	764	622	-1	-1	0	11	760	619	1603352494
-63	-68	-75	-76	-76	0	0	-81	0	0	0	0	-81	-82	-82	-81	0	0	0	0	-87	0	0	0	0	0	0	-81	-87	-83	0	0	-87	0	0	0	0	0	0	0	-84	0	0	0	0	0	0	0	-87	0	0	0	0	0	0	0	0	0	0	0	0	0	5402	-1147	-2789	28581	-5077	67	11	764	623	-1	0	0	11	759	620	1603352495
-62	0	-76	-77	-76	0	-83	0	0	0	0	0	-82	-83	-83	-80	-95	0	0	0	-87	0	0	0	0	0	0	-83	-86	-83	0	0	0	0	0	0	0	0	0	0	0	0	0	0	0	0	-87	0	0	0	0	0	0	0	0	0	0	0	0	0	0	0	5402	-1049	-2804	28581	-5077	66	11	764	624	0	0	0	11	759	620	1603352497
0	0	-83	-82	-81	0	-82	0	0	0	0	0	-89	-88	-89	-80	0	0	-69	0	-90	-77	-77	-78	-77	-79	0	-88	0	-89	0	0	0	0	0	0	0	0	0	0	0	0	0	0	0	0	0	0	0	0	0	0	0	0	0	0	0	0	0	0	0	0	5402	-1064	-2789	28584	-5084	67	11	764	622	-1	0	0	11	760	619	1603352498
0	-78	-82	-82	-82	-82	-83	0	-84	-85	-82	0	-88	-89	-88	-80	-93	0	-69	-70	0	0	0	0	0	0	0	-90	0	-89	0	0	0	0	0	0	0	0	0	0	0	0	0	0	0	0	0	0	0	0	0	0	0	0	0	0	0	0	0	0	0	0	5387	-1064	-2789	28582	-5079	66	11	764	623	-1	0	0	11	759	619	1603352500
0	-69	-82	-81	-81	0	0	0	0	0	0	0	-90	-87	-90	0	-92	0	-69	-77	0	0	0	0	0	0	0	-89	0	-90	0	0	0	0	0	0	0	0	0	0	0	0	0	0	0	0	0	0	0	0	0	0	0	0	0	0	0	0	0	0	0	0	5402	-1004	-2767	28582	-5079	67	11	764	623	-1	-1	0	11	759	619	1603352502
-63	-68	-82	-82	-81	0	0	0	0	0	0	0	-90	-90	-88	-82	-92	0	-69	-68	0	0	0	0	0	0	0	-90	0	-89	0	0	0	0	0	0	0	0	0	0	-81	0	0	0	0	0	0	0	0	0	0	0	0	0	0	0	0	0	0	0	0	0	5357	-1064	-2790	28583	-5080	66	11	764	622	-1	-1	0	11	759	619	1603352503
-63	-69	-81	-82	-81	-84	-83	-83	-83	0	0	0	-91	-88	-88	-80	-92	0	-70	-77	0	-77	-78	-78	-76	-78	0	-89	0	-89	0	-94	0	0	0	-92	0	0	0	0	0	0	0	0	0	0	0	0	0	0	0	0	0	0	0	0	0	0	0	0	0	0	5387	-1064	-2804	28582	-5078	67	11	764	623	-1	0	0	11	759	620	1603352505
-57	-68	-81	-82	-82	0	-83	0	0	0	0	0	-91	-88	-90	-81	-91	0	-75	-69	0	0	0	-78	0	-78	0	-88	0	-88	0	0	0	0	0	0	0	0	0	0	0	0	0	0	0	0	0	0	0	0	0	0	0	0	0	0	0	0	0	0	0	0	5402	-1064	-2804	28582	-5078	67	11	764	623	-1	-1	0	11	759	620	1603352506
-62	-69	0	-82	-82	0	-83	0	0	0	0	0	-90	-88	-89	-82	-89	0	-72	-68	0	0	0	0	0	0	0	-88	0	-90	0	0	0	0	0	0	0	0	0	0	0	0	0	0	0	0	0	0	0	0	0	0	0	0	0	0	0	0	0	0	0	0	5387	-1064	-2804	28581	-5077	66	11	764	623	-1	-1	0	11	759	620	1603352508
0	-68	-81	-82	-82	0	-84	0	0	-84	-81	0	-88	-89	-89	-81	-93	0	-68	0	0	0	0	0	0	0	0	-88	0	-90	0	0	0	-89	0	0	0	0	0	0	0	0	0	0	0	0	0	0	0	0	0	0	0	0	0	0	0	0	0	0	0	0	5387	-1049	-2804	28583	-5080	66	11	764	623	-1	-1	0	11	759	619	1603352510
-56	-68	-76	-76	-76	0	-84	-81	0	0	0	0	-81	-81	-82	-80	0	0	-68	-69	0	-78	-77	-77	0	-79	-87	-82	-85	-82	-85	0	0	0	0	0	0	0	0	0	0	0	0	-87	0	0	-87	-86	0	0	0	0	0	0	0	0	0	0	0	0	0	0	5357	-1079	-2775	28581	-5077	67	11	764	623	-1	-1	0	11	759	620	1603352511
-57	-69	-83	-82	-82	0	-84	0	0	0	0	0	-88	-89	-89	-81	-94	0	-69	-70	0	0	0	0	0	0	0	-89	0	-89	0	0	0	0	0	0	0	0	0	0	-82	0	0	0	0	0	0	0	0	0	0	0	0	0	0	0	0	0	0	0	0	0	5402	-1079	-2782	28582	-5079	66	11	764	623	-1	-1	0	11	759	620	1603352513
-58	-68	-81	-82	-81	-83	-85	0	-83	-86	-85	0	-90	-89	-89	-82	-92	0	-76	-77	0	0	0	0	0	0	0	-88	0	-90	0	0	0	0	0	0	0	0	0	0	0	0	0	0	0	0	0	0	0	0	0	0	0	0	0	0	0	0	0	0	0	0	5402	-1042	-2849	28582	-5079	67	11	764	623	-1	-1	0	11	759	619	1603352514
-61	0	-82	-81	-82	0	-83	0	0	0	0	0	-90	-91	-89	-82	-90	0	-73	-75	0	0	0	0	0	0	0	-89	0	-90	0	0	0	0	0	0	0	0	0	0	0	0	0	0	0	0	0	0	0	0	0	0	0	0	0	0	0	0	0	0	0	0	5349	-1064	-2804	28582	-5078	65	11	764	623	-1	0	0	11	759	620	1603352516
-62	0	-82	-82	-82	0	0	0	0	0	0	0	-89	-88	-89	-81	-92	0	0	0	-87	0	0	0	0	0	0	-89	0	-89	0	0	0	0	0	0	0	0	0	0	0	0	0	0	0	0	0	0	0	0	0	0	0	0	0	0	0	0	0	0	0	0	5417	-1034	-2819	28581	-5076	66	11	764	624	-1	0	0	11	759	620	1603352518
-58	-79	-77	-76	-75	-82	-84	0	-83	-84	-84	0	-81	-81	-81	-82	0	0	-70	-70	0	0	0	0	0	0	0	-82	0	-81	0	0	0	0	0	0	0	0	0	0	0	0	0	0	-88	0	0	0	-88	0	0	0	0	0	0	0	0	0	0	0	0	0	5357	-1094	-2819	28582	-5079	67	11	764	623	-1	0	0	11	759	620	1603352519
-62	-79	-82	-82	-82	0	0	0	0	0	0	0	-90	-88	-89	-81	-93	0	-71	-79	0	0	0	0	0	0	0	-88	0	-88	0	0	0	0	0	0	0	0	0	0	0	0	0	0	0	0	0	0	0	0	0	0	0	0	0	0	0	0	0	0	0	0	5410	-1080	-2744	28581	-5077	67	11	764	623	-1	0	0	11	759	620	1603352521
0	-68	-82	-81	-82	0	0	0	0	0	0	0	-90	-89	-88	-82	-92	0	-74	-67	0	0	0	0	0	0	0	-88	0	-88	0	0	0	0	0	0	0	0	0	0	0	0	0	0	0	0	0	0	0	0	0	0	0	0	0	0	0	0	0	0	0	0	5447	-1079	-2849	28581	-5077	66	11	764	623	-1	-1	0	11	759	620	1603352522
-59	0	-81	-81	-82	0	-87	0	0	0	0	-90	-89	-89	-88	-82	-92	0	0	0	0	-78	-77	-77	0	-78	0	-88	0	-90	0	0	0	0	0	0	0	0	0	0	0	0	0	0	0	0	-87	0	0	0	0	0	0	0	0	0	0	0	0	0	0	0	5417	-1072	-2804	28584	-5082	66	11	764	623	-1	0	0	11	760	619	1603352524
-60	-75	-77	-76	-76	0	0	0	0	0	0	0	-81	-82	-82	-82	0	0	-69	-69	0	0	0	0	0	0	0	-82	0	-82	0	0	0	0	0	0	0	0	0	0	0	0	0	0	0	0	-89	0	0	0	0	0	0	0	0	0	0	0	0	0	0	0	5394	-1079	-2819	28581	-5077	65	11	764	624	-1	0	0	11	759	620	1603352526
-60	0	-75	-76	-77	0	0	0	0	0	0	0	-81	-82	-82	-82	0	0	-71	-70	-88	0	0	0	0	0	-87	-82	0	-82	0	0	0	0	0	0	0	0	0	0	0	0	0	0	0	0	0	0	0	0	0	0	0	0	0	0	0	0	0	0	0	0	5417	-1079	-2774	28581	-5077	67	11	764	624	-1	-1	0	11	759	620	1603352527
-60	-72	-82	-81	-82	0	0	0	0	0	0	0	-90	-88	-90	-80	-94	0	-71	-72	0	0	0	0	0	0	0	-89	0	-89	0	0	0	0	0	0	0	0	0	0	0	0	0	0	0	0	0	0	0	0	0	0	0	0	0	0	0	0	0	0	0	0	5417	-1064	-2782	28583	-5081	67	11	764	623	-1	-1	0	11	759	619	1603352529
0	-80	-82	-81	-82	0	-85	0	0	0	0	0	-88	-89	-89	-79	-92	0	-71	-81	0	0	0	0	0	0	0	-89	0	-89	0	0	0	0	0	0	0	0	0	0	0	0	0	0	0	0	0	0	0	0	0	0	0	0	0	0	0	0	0	0	0	0	5357	-1034	-2775	28582	-5079	67	11	764	623	-1	0	0	11	759	620	1603352530
-64	-70	-77	-76	-78	-81	-83	0	-81	-82	0	0	-80	-80	-81	-80	0	0	-69	-76	0	0	0	0	0	0	-88	-81	0	-81	-84	0	0	0	0	0	0	0	-88	0	0	0	0	0	0	0	0	0	0	0	0	0	0	0	0	0	0	0	0	0	0	0	5387	-1034	-2804	28580	-5075	67	11	764	624	-1	0	0	11	759	620	1603352532
-65	-72	-83	-83	-81	0	-84	0	0	0	0	0	-90	-90	-90	-81	-92	0	0	-78	0	-77	-77	-77	0	-76	0	-89	0	-89	0	0	0	0	0	0	0	0	0	0	0	0	0	0	0	0	0	0	0	0	0	0	0	0	0	0	0	0	0	0	0	0	5417	-1034	-2804	28583	-5082	67	11	764	622	-1	0	0	11	760	619	1603352534
-61	-75	-77	-76	-76	0	0	0	0	0	0	0	-80	-82	-81	-80	0	0	-75	-71	0	-79	-78	-80	-77	-78	0	-81	-89	-81	0	0	0	0	0	0	0	0	0	0	0	0	0	0	0	0	0	0	0	0	0	0	0	0	0	0	-86	0	0	0	0	0	5311	-1079	-2805	28581	-5077	66	11	764	624	-1	0	0	11	759	620	1603352535
-63	-70	-81	-83	-82	0	0	0	0	0	0	0	-90	-89	-90	-82	-94	0	-75	-75	0	0	0	-79	0	0	0	-89	0	-89	0	0	0	0	0	0	0	0	0	0	0	0	0	0	0	0	0	0	0	0	0	0	0	0	0	0	0	0	0	0	0	0	5402	-1079	-2767	28581	-5078	67	11	764	623	0	0	0	11	759	620	1603352537
-62	0	-82	-82	-82	0	0	0	0	0	0	0	-90	-90	-89	-81	-92	0	0	0	-86	0	0	0	0	0	-88	-91	-88	0	0	0	0	0	0	0	0	0	0	0	0	0	0	0	0	0	0	0	0	0	0	0	0	0	0	0	0	0	0	0	0	0	5296	-1019	-2820	28581	-5078	67	11	764	623	0	-1	0	11	759	619	1603352538
0	0	-76	-77	-76	-82	-82	0	-82	-83	0	0	-81	-82	-81	-82	0	0	0	-70	0	0	0	0	0	0	0	-81	0	-82	0	0	0	0	0	0	0	0	0	0	0	0	0	0	0	0	-88	0	0	0	0	0	0	0	0	0	0	0	0	0	0	0	5417	-1004	-2790	28581	-5078	67	11	764	623	0	-1	0	11	759	620	1603352540
-63	0	-75	-75	-76	0	0	0	0	0	0	-88	-80	-81	-81	-78	0	0	-73	-73	-88	0	0	-78	0	0	0	-80	0	-81	0	0	0	0	0	0	0	0	0	0	0	0	0	0	0	0	0	0	0	0	0	0	0	0	0	0	0	0	0	0	0	0	5417	-1064	-2789	28581	-5078	66	11	764	623	0	-1	0	11	759	620	1603352542
-59	-74	-76	-76	-76	0	-83	0	0	0	0	0	-80	-81	-81	-81	0	0	-74	-69	0	0	-81	0	0	-82	0	-81	-89	-81	0	0	0	0	0	0	0	0	0	0	0	0	0	0	0	0	0	0	0	0	0	0	0	0	0	0	0	0	0	0	0	0	5387	-1056	-2834	28583	-5080	66	11	764	622	0	0	0	11	759	619	1603352543
-58	-72	-81	-82	-82	-83	-84	0	-85	-84	-84	0	-90	-89	-90	-80	-92	0	-68	-68	-88	0	0	-77	0	0	-88	-89	0	-90	0	0	0	0	0	0	0	0	0	0	0	0	0	0	0	0	0	0	0	0	0	0	0	0	0	0	0	0	0	0	0	0	5387	-1072	-2834	28582	-5079	67	11	764	623	0	-1	0	11	759	619	1603352545
-61	0	-82	-82	-81	0	0	0	0	0	0	0	-87	-88	-90	-81	0	0	0	0	0	0	0	0	0	0	0	-88	0	-90	0	0	0	0	0	0	0	0	0	0	0	0	0	0	0	0	0	0	0	0	0	0	0	0	0	0	0	0	0	0	0	0	5357	-1042	-2745	28582	-5078	67	11	764	623	0	0	0	11	759	620	1603352546
0	-73	-77	-76	-76	0	0	0	0	0	0	0	-79	-80	-80	-81	-93	0	-73	0	0	0	0	0	0	0	0	-81	-86	-79	0	0	-88	0	0	0	0	0	0	0	0	0	0	0	0	0	0	0	-85	0	0	0	-93	0	0	0	0	0	0	0	0	0	5387	-1057	-2804	28582	-5079	67	11	764	623	0	-1	0	11	759	619	1603352548
-64	-77	-80	-80	-80	-84	-82	0	-84	-83	0	0	-90	-88	-89	-84	-91	0	-75	-75	0	0	0	0	0	0	0	-88	0	0	0	0	0	0	0	0	0	0	0	0	0	0	0	0	0	0	0	0	0	0	0	0	0	0	0	0	0	0	0	0	0	0	5402	-1049	-2834	28582	-5079	66	11	764	623	0	-1	0	11	759	619	1603352550
-54	-77	-77	-76	-76	0	0	0	0	0	0	0	-81	-82	-82	-85	-94	0	-75	-77	0	-75	-74	-75	-75	-75	0	-81	-89	-82	0	0	0	0	-90	0	0	0	0	0	0	0	0	0	0	0	0	0	0	0	0	0	0	0	0	0	0	0	0	0	0	0	5341	-1042	-2752	28581	-5077	68	11	764	624	0	-1	0	11	759	620	1603352551
-55	0	-76	-75	-75	0	0	0	0	0	0	0	-82	-83	-83	-81	0	0	0	-75	0	-75	-75	-78	-77	-77	0	-83	0	-83	0	0	0	0	0	0	0	0	0	0	0	0	0	0	0	0	0	0	0	0	0	0	0	0	0	0	0	0	0	0	0	0	5386	-1049	-2894	28581	-5077	67	11	764	623	0	0	0	11	759	620	1603352553
-63	0	-80	-80	-80	-83	-82	-84	-84	-83	-82	0	-89	-88	-88	-85	-91	0	0	0	0	0	0	0	0	0	0	-89	0	-88	0	0	0	0	0	0	0	0	0	0	0	0	0	0	0	0	0	0	0	0	0	0	0	0	0	0	0	0	0	0	0	0	5402	-1064	-2819	28582	-5080	66	11	764	623	0	0	0	11	759	619	1603352554
-54	-72	-80	-81	-79	0	0	0	0	0	0	0	-90	-88	-89	-80	-94	0	0	0	0	0	0	0	0	0	0	-87	0	-88	0	0	0	0	0	0	0	0	0	0	0	0	0	0	0	0	0	0	-85	0	0	0	0	0	0	0	0	0	0	0	0	0	5356	-1004	-2797	28582	-5078	67	11	764	623	0	-1	0	11	759	620	1603352556
0	-71	-81	-81	-80	-80	-81	0	-81	-81	-80	0	-88	-88	-88	-80	-93	0	-76	-76	0	0	0	0	0	0	0	-88	0	-88	0	-90	0	0	0	0	0	0	0	0	0	0	0	0	0	0	0	0	0	0	0	0	0	0	0	0	0	0	0	0	0	0	5402	-1072	-2774	28582	-5078	67	11	765	623	0	-1	0	11	759	620	1603352558
-62	-79	-82	-82	-81	0	0	0	0	0	0	0	-88	-89	-90	-82	-93	0	-75	-75	0	0	0	0	-81	0	0	-89	0	-89	0	0	0	0	-93	0	0	0	0	0	0	0	0	0	0	0	0	0	0	0	0	0	0	0	0	0	0	0	0	0	0	0	5357	-1079	-2790	28583	-5080	67	11	764	623	0	-1	0	11	759	619	1603352559
-62	-72	-77	-77	-77	0	0	0	0	0	0	0	-81	-82	-81	-80	0	0	-70	-70	0	0	0	0	0	0	0	-83	0	-83	0	0	0	0	0	0	0	0	0	0	0	0	0	0	0	0	0	0	-86	0	0	0	0	0	0	0	0	0	0	0	0	0	5402	-1079	-2789	28581	-5076	66	11	764	624	0	0	0	11	759	620	1603352561
-62	-74	-75	-77	-75	0	0	0	0	0	0	0	-81	-81	-82	-78	0	0	0	0	0	-78	-78	-77	-78	-78	0	-82	0	-82	0	0	0	0	0	0	0	0	-89	0	0	0	0	0	0	0	0	0	0	0	0	0	0	0	0	0	0	0	0	0	0	0	5357	-1072	-2804	28582	-5078	66	11	764	623	0	-1	0	11	759	620	1603352562
-61	0	-75	-75	-75	0	0	0	0	0	0	0	-80	-82	-82	-81	0	0	-80	0	0	0	0	0	0	0	-87	-82	0	-81	0	0	0	0	0	0	0	0	0	0	0	0	0	0	0	0	0	0	0	0	0	0	0	0	0	0	0	0	0	0	0	0	5387	-1064	-2744	28583	-5082	67	11	764	623	0	-1	0	11	760	619	1603352564
-63	0	-82	-81	-81	0	-86	0	0	0	0	0	-91	-90	-90	-81	-92	0	0	0	0	0	0	0	0	0	0	0	0	-90	0	0	0	0	0	0	0	0	0	0	0	0	0	0	0	0	0	0	0	0	0	0	0	0	0	0	0	0	0	0	0	0	5341	-1004	-2820	28581	-5077	66	11	764	623	0	-1	0	11	759	620	1603352565
0	-74	-82	-82	-83	0	-85	0	0	0	0	0	-89	-91	-88	-80	-92	0	-75	-70	0	0	0	0	0	0	0	-89	0	-90	0	0	0	0	0	0	0	0	0	0	0	0	0	0	0	0	0	0	0	0	0	0	0	0	0	0	0	0	0	0	0	0	5387	-1079	-2834	28582	-5079	66	11	764	623	0	0	0	11	759	620	1603352567
-60	-75	-81	-81	0	0	0	0	0	0	0	0	-89	-88	-88	-81	-94	0	-72	-71	0	0	0	0	0	0	0	-89	0	-89	0	0	0	0	0	0	0	0	0	0	0	0	0	0	0	0	0	0	0	0	0	0	0	0	0	0	0	0	0	0	0	0	5507	-1050	-2804	28583	-5082	67	11	764	622	0	0	0	11	760	619	1603352568
-63	0	-81	-81	-81	0	0	0	0	0	0	0	-90	-89	-88	-82	-92	0	0	-71	0	0	0	0	0	0	0	-88	0	-89	0	0	0	0	0	0	0	0	0	0	0	0	0	0	0	0	0	0	0	0	0	0	0	0	0	0	0	0	0	0	0	0	5447	-1072	-2849	28581	-5078	66	11	764	623	0	0	0	11	759	620	1603352570
-61	-71	-81	-81	-80	0	0	0	0	0	0	0	-89	-88	-89	-81	-91	0	-72	-76	0	0	0	0	0	0	0	-90	0	-89	0	0	0	0	0	0	0	0	0	0	0	0	0	0	0	0	0	0	0	0	0	0	0	0	0	0	0	0	0	0	0	0	5387	-1049	-2790	28581	-5078	67	11	764	623	0	0	0	11	759	620	1603352572
-60	-73	-81	-81	-81	0	-85	0	0	0	0	0	-89	-89	-89	-80	-94	0	-73	-72	0	0	0	0	0	0	0	-89	0	-90	0	0	0	0	0	0	0	0	0	0	0	0	0	0	0	0	0	0	0	0	0	0	0	0	0	0	0	0	0	0	0	0	5402	-1079	-2804	28583	-5081	67	11	764	622	0	-1	0	11	759	619	1603352573
0	-70	-80	-81	-81	-85	-84	0	-86	-84	-84	0	-89	-89	-89	-80	-92	0	-70	-70	0	0	0	0	0	0	0	-86	0	-89	0	-89	0	0	0	0	0	0	0	0	0	0	0	0	0	0	0	0	0	0	0	0	0	0	0	0	0	0	0	0	0	0	5417	-1072	-2789	28581	-5077	67	11	764	623	0	-1	0	11	759	620	1603352575
-60	-72	-80	-79	-81	0	-82	0	0	0	0	0	-90	-88	-88	-81	-92	0	0	-68	0	-81	-78	-79	-80	-81	0	-88	0	-89	0	0	0	0	0	0	0	0	0	0	0	0	0	0	0	0	0	0	0	0	0	0	0	0	0	0	0	0	0	0	0	0	5409	-1064	-2812	28581	-5077	67	11	764	623	0	0	0	11	759	620	1603352576
