1.299015417000778392e+07 2.322887846688431501e+07 -2.739036447637691745e+05 2.874756736992862076e+07
4.140402178581833839e+06 1.820888348106071353e+07 1.887142742400674894e+07 2.664738749168212339e+07
-2.899434394912619144e+06 2.297282274149247631e+07 -1.274306428366514854e+07 2.790747155371224135e+07
1.364207740838277712e+07 7.083193266829074360e+06 2.159510885496973619e+07 2.991572816961206868e+07
-3.584507242891688831e+06 1.974398034833331779e+07 1.693316057293818519e+07 2.510112664685597271e+07
9.044893073293209076e+06 2.359449889131109416e+07 -8.240762299589472823e+06 2.916767462622734532e+07
-1.172093089664555900e+07 1.043409231733474322e+07 2.137307570823282003e+07 2.592665104265362397e+07
-1.210487076651993021e+07 2.335270690581178665e+07 -1.996049173132781638e+06 2.534353582308019325e+07
-2.325333156464198232e+07 7.110946997933473438e+06 1.115580120437705331e+07 2.660675301935481653e+07
-1.867030181946865842e+07 1.136566442049603909e+07 -1.488799618727112561e+07 2.865450879641580954e+07
