1.298992251074249484e+07 2.322898146070108190e+07 -2.770872365750892786e+05 2.874785276823975518e+07
4.139000248689820059e+06 1.821083405890582129e+07 1.886984812209367752e+07 2.664691951174278185e+07
-2.900434940776037052e+06 2.297412890028823912e+07 -1.274045698573664762e+07 2.790675775255560130e+07
1.364072586928898282e+07 7.085600368759321980e+06 2.159517087123036385e+07 2.991508720566427335e+07
-3.585587905268033035e+06 1.974204598898899183e+07 1.693520514956302568e+07 2.510121688193190470e+07
9.044005660597329959e+06 2.359381030240024626e+07 -8.243623308722329326e+06 2.916796183936112374e+07
-1.172241272169046290e+07 1.043179775499003381e+07 2.137340757619330660e+07 2.592697512809748575e+07
-1.210521408948144503e+07 2.335278108368766680e+07 -1.992828364671857562e+06 2.534306365508859232e+07
-2.325473459566948190e+07 7.110681727329845540e+06 1.115310792883699201e+07 2.660695807686347514e+07
-1.866954376968584210e+07 1.136389263401311636e+07 -1.489030146018947847e+07 2.865520940520783886e+07
