1.298969066088929027e+07 2.322908412072645128e+07 -2.802708228004475241e+05 2.874811268923298642e+07
4.137598537312650122e+06 1.821278454991158098e+07 1.886826841841986775e+07 2.664649171965489537e+07
-2.901435248848378658e+06 2.297543483100572601e+07 -1.273784941299317777e+07 2.790607811892529204e+07
1.363937446187615953e+07 7.088007553934232332e+06 2.159523242532550544e+07 2.991443666154693812e+07
-3.586668789912861772e+06 1.974011145751379430e+07 1.693724935328458995e+07 2.510129963086442649e+07
9.043118003588460386e+06 2.359312146751445532e+07 -8.246484142658230849e+06 2.916826461808912456e+07
-1.172389469335212559e+07 1.042950324086370319e+07 2.137373898721048981e+07 2.592725122544256225e+07
-1.210555720312642865e+07 2.335285492864878476e+07 -1.989607512947985902e+06 2.534259358112312108e+07
-2.325613730503303185e+07 7.110416551093475893e+06 1.115041442091896385e+07 2.660714484654394165e+07
-1.866878567519460618e+07 1.136212055227527954e+07 -1.489260641250954010e+07 2.865586774957250431e+07
