1.298945862044734694e+07 2.322918644696771353e+07 -2.834544027708216454e+05 2.874840379376532137e+07
4.136197044025361538e+06 1.821473495461970195e+07 1.886668831252888218e+07 2.664601114065834507e+07
-2.902435319357575849e+06 2.297674053386366367e+07 -1.273524156494093128e+07 2.790536941323223338e+07
1.363802318616052903e+07 7.090414822327180766e+06 2.159529351725449041e+07 2.991377262841128930e+07
-3.587749896824755706e+06 1.973817675398825109e+07 1.693929318404228985e+07 2.510137726688314974e+07
9.042230102183995768e+06 2.359243238665212691e+07 -8.249344801530127414e+06 2.916856261545746401e+07
-1.172537681097476184e+07 1.042720877598276176e+07 2.137406994113851711e+07 2.592760588366790488e+07
-1.210590010750028677e+07 2.335292844066288322e+07 -1.986386618002142757e+06 2.534212291385024413e+07
-2.325753969251748547e+07 7.110151469216302037e+06 1.114772068102733418e+07 2.660735201552894711e+07
-1.866802753626251221e+07 1.136034817580111325e+07 -1.489491104353636131e+07 2.865656776505713165e+07
