1.298922638936286233e+07 2.322928843945572525e+07 -2.866379765434288420e+05 2.874871437274065241e+07
4.134795769095639698e+06 1.821668527260794863e+07 1.886510780474501476e+07 2.664553296979184076e+07
-2.903435152140631340e+06 2.297804600857050717e+07 -1.273263344210502692e+07 2.790468559154966846e+07
1.363667204244198091e+07 7.092822173406142741e+06 2.159535414700398594e+07 2.991315415779416263e+07
-3.588831225908114575e+06 1.973624187866169959e+07 1.694133664159726724e+07 2.510147830364386365e+07
9.041341956379530951e+06 2.359174305987210199e+07 -8.252205285219632089e+06 2.916886181689082831e+07
-1.172685907500074618e+07 1.042491435967401043e+07 2.137440043807703629e+07 2.592794345813008025e+07
-1.210624280264582112e+07 2.335300161969707534e+07 -1.983165679900818504e+06 2.534165133916604891e+07
-2.325894175818433613e+07 7.109886481637685560e+06 1.114502670903543010e+07 2.660755916706373543e+07
-1.866726935284047201e+07 1.135857550436821207e+07 -1.489721535353845544e+07 2.865726807719546184e+07
