1.298899396755135059e+07 2.322939009823464602e+07 -2.898215445980089717e+05 2.874899287821577489e+07
4.133394712620224804e+06 1.821863550369220972e+07 1.886352689519981667e+07 2.664507579153727740e+07
-2.904434747320362367e+06 2.297935125520817563e+07 -1.273002504426482320e+07 2.790399485958087817e+07
1.363532103050025739e+07 7.095229607565689832e+06 2.159541431458406895e+07 2.991252488549225032e+07
-3.589912777293344960e+06 1.973430683137875423e+07 1.694337972613819689e+07 2.510156853871979564e+07
9.040453566146302968e+06 2.359105348721477389e+07 -8.255065593685653061e+06 2.916916011091287062e+07
-1.172834148543990590e+07 1.042261999193400145e+07 2.137473047802885622e+07 2.592825583447783813e+07
-1.210658528860249370e+07 2.335307446571796760e+07 -1.979944698739564512e+06 2.534118126520057768e+07
-2.326034350204278156e+07 7.109621588307236321e+06 1.114233250491670519e+07 2.660775703508268669e+07
-1.866651112498223782e+07 1.135680253799563460e+07 -1.489951934247077443e+07 2.865796809268008918e+07
