1.298876135500308871e+07 2.322949142331592366e+07 -2.930051063866806799e+05 2.874928457605551183e+07
4.131993874490849674e+06 1.822058564797327667e+07 1.886194558379394189e+07 2.664461440778024122e+07
-2.905434104897626676e+06 2.298065627369907871e+07 -1.272741637151816115e+07 2.790330203358595818e+07
1.363397015031787753e+07 7.097637124839267693e+06 2.159547401999557391e+07 2.991187343396359310e+07
-3.590994550961610861e+06 1.973237161225123703e+07 1.694542243757146597e+07 2.510165517905087397e+07
9.039564931449737400e+06 2.359036366871561855e+07 -8.257925726906868629e+06 2.916945330947133154e+07
-1.172982404228849895e+07 1.042032567278031819e+07 2.137506006099374965e+07 2.592853763804411516e+07
-1.210692756541674584e+07 2.335314697869355604e+07 -1.976723674549802905e+06 2.534070907975875959e+07
-2.326174492397474870e+07 7.109356789198254235e+06 1.113963806888947450e+07 2.660796359331006929e+07
-1.866575285278275236e+07 1.135502927679770254e+07 -1.490182301016399451e+07 2.865868339455545321e+07
