1.298852855165343918e+07 2.322959241473498195e+07 -2.961886621159072965e+05 2.874956369228826091e+07
4.130593254813906737e+06 1.822253570525336266e+07 1.886036387067010254e+07 2.664416951447897032e+07
-2.906433224935365841e+06 2.298196106404663995e+07 -1.272480742380100675e+07 2.790259332789289579e+07
1.363261940216498636e+07 7.100044724747576751e+06 2.159553326322671026e+07 2.991125225856271386e+07
-3.592076546848594211e+06 1.973043622147215158e+07 1.694746477571791038e+07 2.510175801318401471e+07
9.038676052316397429e+06 2.358967360445773602e+07 -8.260785684664897621e+06 2.916975788557175919e+07
-1.173130674498380162e+07 1.041803140309536271e+07 2.137538918684745580e+07 2.592889650177193061e+07
-1.210726963312729076e+07 2.335321915859008208e+07 -1.973502607437030412e+06 2.534023811583218351e+07
-2.326314602398684621e+07 7.109092084260700271e+06 1.113694340093227290e+07 2.660817013408723846e+07
-1.866499453622156754e+07 1.135325572061963007e+07 -1.490412635679878108e+07 2.865938402079770342e+07
