1.298829555746252835e+07 2.322969307251650468e+07 -2.993722116518054390e+05 2.874983649154218286e+07
4.129192853369541466e+06 1.822448567578902096e+07 1.885878175560243800e+07 2.664369195437008515e+07
-2.907432107273725793e+06 2.298326562596343458e+07 -1.272219820163099840e+07 2.790192179116362333e+07
1.363126878583359718e+07 7.102452407663514838e+06 2.159559204428673908e+07 2.991060771732028201e+07
-3.593158765034970827e+06 1.972850065897535160e+07 1.694950674067183584e+07 2.510185664181467891e+07
9.037786928645862266e+06 2.358898329442565143e+07 -8.263645467149871401e+06 2.917004748938537017e+07
-1.173278959404414147e+07 1.041573718208873086e+07 2.137571785570587218e+07 2.592922147717689723e+07
-1.210761149177633226e+07 2.335329100537482277e+07 -1.970281497470727889e+06 2.533976833852041140e+07
-2.326454680204629153e+07 7.108827473451968282e+06 1.113424850109946355e+07 2.660837639566091821e+07
-1.866423617539263517e+07 1.135148186957405135e+07 -1.490642938220832124e+07 2.866008522289713472e+07
