1.298806237241282314e+07 2.322979339667557180e+07 -3.025557545573661337e+05 2.875013778700167686e+07
4.127792670392761938e+06 1.822643555920324102e+07 1.885719923887909576e+07 2.664322997730564699e+07
-2.908430752165448852e+06 2.298456995970071107e+07 -1.271958870444839261e+07 2.790121668021541461e+07
1.362991830142071098e+07 7.104860173416362144e+06 2.159565036317149922e+07 2.990995385766157508e+07
-3.594241205563508905e+06 1.972656492476228997e+07 1.695154833245614171e+07 2.510194118811962754e+07
9.036897560471054167e+06 2.358829273870732263e+07 -8.266505074123248458e+06 2.917034068794383109e+07
-1.173427258931466192e+07 1.041344301001169905e+07 2.137604606753529608e+07 2.592953774492321163e+07
-1.210795314141179435e+07 2.335336251901602745e+07 -1.967060344669394661e+06 2.533929496646378934e+07
-2.326594725811631233e+07 7.108562956730057485e+06 1.113155336945306510e+07 2.660858295388830453e+07
-1.866347777034995705e+07 1.134970772368000448e+07 -1.490873208634736203e+07 2.866078644244678691e+07
