1.298736167149778828e+07 2.323009236775792018e+07 -3.121063450932572596e+05 2.875099850154146925e+07
4.123593432117723860e+06 1.823228468642864749e+07 1.885244927883252501e+07 2.664188480982096493e+07
-2.911425261492011137e+06 2.298848159017571807e+07 -1.271175856557386369e+07 2.789915141204548627e+07
1.362586764051378891e+07 7.112083966254257597e+06 2.159582254674005136e+07 2.990804358232561126e+07
-3.597489860814770684e+06 1.972075669329754263e+07 1.695767086748395488e+07 2.510223707401162013e+07
9.034227988661533222e+06 2.358621959785827994e+07 -8.275082841480221599e+06 2.917122956713505462e+07
-1.173872245169375464e+07 1.040656078854727000e+07 2.137702796070364490e+07 2.593051296779181063e+07
-1.210897683662983589e+07 2.335357506074370071e+07 -1.957396630243401043e+06 2.533788024241119623e+07
-2.327014669383139163e+07 7.107769970702293329e+06 1.112346658462068625e+07 2.660925119252642617e+07
-1.866120229049306363e+07 1.134438351713034697e+07 -1.491563827064672112e+07 2.866289008364552259e+07
