1.298712772246640362e+07 2.323019135773838684e+07 -3.152898621677078772e+05 2.875128540057132766e+07
4.122194122868063860e+06 1.823423422105880827e+07 1.885086515555173904e+07 2.664143391364479065e+07
-2.912422956324179657e+06 2.298978501005162671e+07 -1.270914797005639970e+07 2.789844480037855357e+07
1.362451768437757343e+07 7.114492062301300466e+06 2.159587901689911261e+07 2.990741132603646815e+07
-3.598573190544301644e+06 1.971882027329872176e+07 1.695971096569652855e+07 2.510233121793632582e+07
9.033337642201699317e+06 2.358552805981166661e+07 -8.277941745941419154e+06 2.917152187573241070e+07
-1.174020603129105829e+07 1.040426681309971958e+07 2.137735434431089833e+07 2.593083675658196956e+07
-1.210931765061680973e+07 2.335364524147874489e+07 -1.954175306971262209e+06 2.533740837107329816e+07
-2.327154586161060259e+07 7.107505829902108759e+06 1.112077052627437189e+07 2.660945745410010964e+07
-1.866044370914908871e+07 1.134260819206615165e+07 -1.491793968920866773e+07 2.866359130319517478e+07
