9.962591594034321606e+06 2.122717850778369606e+07 -1.265154976927305944e+07 2.976776531291663274e+07
1.640370443598898128e+05 2.483470447613968328e+07 9.352965610024143010e+06 2.534201559501114488e+07
-5.339874388117761351e+06 2.586014846071611717e+07 -2.827285033783109975e+05 2.523774476799449325e+07
9.428651144284877926e+06 1.704867801619100943e+07 1.797841531065366417e+07 2.740975672254460305e+07
-9.904167982265986502e+06 1.103076851722821780e+07 2.179268948681461811e+07 2.558810113075810671e+07
-1.850007192788269743e+07 -7.423447522465301678e+06 1.757365802189664915e+07 2.905224464671943337e+07
-8.764918061499180272e+06 1.678518506157688424e+07 -1.773229960462722555e+07 2.817399035212060809e+07
-1.865374725262332708e+07 1.938607357266183943e+06 1.886423409462396428e+07 2.704191466574864835e+07
-1.230732389453353360e+07 2.056338196865971386e+07 1.091219395851239003e+07 2.410612208927505463e+07
-2.604731250216688588e+07 6.262433222837170586e+06 -1.302731238528805785e+06 2.758079731769859046e+07
