9.961291584323208779e+06 2.122624321741538122e+07 -1.265414965926981345e+07 2.976805460262631997e+07
1.634782481600865722e+05 2.483578591724634543e+07 9.350098326046546921e+06 2.534200390336526185e+07
-5.340157938757617027e+06 2.586012605838989839e+07 -2.795180011737843743e+05 2.523733526373479515e+07
9.427999680117839947e+06 1.705088977897479013e+07 1.797666382751499861e+07 2.740936248722542822e+07
-9.906075541997110471e+06 1.102869223949290439e+07 2.179291583546240628e+07 2.558836974195977300e+07
-1.849796679358519241e+07 -7.424197264698237181e+06 1.757555092149877176e+07 2.905245479969167337e+07
-8.767248617750465870e+06 1.678585867504515871e+07 -1.773054282457252964e+07 2.817341505334216729e+07
-1.865546835070483387e+07 1.936928012663580477e+06 1.886273279155326635e+07 2.704224894211966917e+07
-1.230722924270388484e+07 2.056194861672289670e+07 1.091499776308050193e+07 2.410615295871023461e+07
-2.604723035212491825e+07 6.262147371645458043e+06 -1.305861886849423870e+06 2.758120652530458570e+07
