9.958690684775596485e+06 2.122437220225698128e+07 -1.265934863918140158e+07 2.976862121119632572e+07
1.623611209909087047e+05 2.483794785093002766e+07 9.344363159923667088e+06 2.534199519570660964e+07
-5.340724788337008096e+06 2.586008011086475477e+07 -2.730969788179297466e+05 2.523652911602587625e+07
9.426697264891676605e+06 1.705531276683024317e+07 1.797315970766853169e+07 2.740862559943071753e+07
-9.909891081088256091e+06 1.102453997450593859e+07 2.179336710955637693e+07 2.558890157224582508e+07
-1.849375596980579197e+07 -7.425697315653042868e+06 1.757933560055660084e+07 2.905289370756826177e+07
-8.771908975036857650e+06 1.678720603983532637e+07 -1.772702804994219169e+07 2.817224946604824439e+07
-1.865891039390617609e+07 1.933569984507475048e+06 1.885972898715115339e+07 2.704294716023186967e+07
-1.230703995659007877e+07 2.055908085255859047e+07 1.092060465767994151e+07 2.410616014819994569e+07
-2.604706497822567821e+07 6.261575344939348288e+06 -1.312123102507029893e+06 2.758202076991453767e+07
