9.957389795043215156e+06 2.122343647765807435e+07 -1.266194772877655365e+07 2.976892280330952257e+07
1.618027899444540963e+05 2.483902834343235940e+07 9.341495277886472642e+06 2.534199669642533362e+07
-5.341008087391997688e+06 2.586005656564117223e+07 -2.698864586516440031e+05 2.523611809359723702e+07
9.426046313713390380e+06 1.705752399207980931e+07 1.797140707079934701e+07 2.740824246245002747e+07
-9.911799060629999265e+06 1.102246398707044125e+07 2.179359203502842411e+07 2.558912221279892698e+07
-1.849165028030447289e+07 -7.426447624455271289e+06 1.758122738005847856e+07 2.905310235982177407e+07
-8.774238775963960215e+06 1.678787979105815291e+07 -1.772527005545939133e+07 2.817166097490519285e+07
-1.866063133907072991e+07 1.931891300834693015e+06 1.885822648574393988e+07 2.704328291987139732e+07
-1.230694532242925465e+07 2.055764644064098597e+07 1.092340774707867764e+07 2.410619103508534282e+07
-2.604698175440445542e+07 6.261289169333597645e+06 -1.315253669667835347e+06 2.758243029162445292e+07
