9.956088611906174570e+06 2.122250060838561505e+07 -1.266454655158812366e+07 2.976921390784185380e+07
1.612446138671291992e+05 2.484010851966796070e+07 9.338627196579119191e+06 2.534199849379776046e+07
-5.341291302683007903e+06 2.586003263942863047e+07 -2.666759326844134484e+05 2.523571098001736775e+07
9.425395533515501767e+06 1.705973503797822073e+07 1.796965404947008193e+07 2.740787012715411559e+07
-9.913707179757317528e+06 1.102038809679765068e+07 2.179381648607159778e+07 2.558936805146644264e+07
-1.848954440588160232e+07 -7.427198122135161422e+06 1.758311878609082475e+07 2.905331401351273805e+07
-8.776568324895117432e+06 1.678855358806720749e+07 -1.772351165634563565e+07 2.817108447206172720e+07
-1.866235223305745423e+07 1.930212837596591562e+06 1.885672358503384143e+07 2.704363457665928826e+07
-1.230685069426407479e+07 2.055621167544400692e+07 1.092621059796793014e+07 2.410622160786682367e+07
-2.604689817269152775e+07 6.261002885494444519e+06 -1.318384209647301584e+06 2.758283979588415101e+07
