9.954787135357268155e+06 2.122156459449252114e+07 -1.266714510757472925e+07 2.976949300662438199e+07
1.606865927049769089e+05 2.484118837962919846e+07 9.335758915976740420e+06 2.534199160096175224e+07
-5.341574434265279211e+06 2.586000833221504465e+07 -2.634654009375378373e+05 2.523530327313010022e+07
9.424744924279162660e+06 1.706194590447627008e+07 1.796790064370952919e+07 2.740750707537404075e+07
-9.915615438545729965e+06 1.101831230361227319e+07 2.179404046269711107e+07 2.558962017221234366e+07
-1.848743834646325558e+07 -7.427948808755620383e+06 1.758500981873436272e+07 2.905350947340163961e+07
-8.778897621883496642e+06 1.678922743084397912e+07 -1.772175285256652534e+07 2.817050706180693954e+07
-1.866407307599533349e+07 1.928534594629606232e+06 1.885522028488981351e+07 2.704396944633771107e+07
-1.230675607214780524e+07 2.055477655699509755e+07 1.092901321028076485e+07 2.410625249475222081e+07
-2.604681423310438544e+07 6.260716493373963051e+06 -1.321514722380394582e+06 2.758324931759406254e+07
