9.631204869951147586e+06 2.099093640664932132e+07 -1.328801724325965159e+07 2.983843537922095880e+07
3.011078093768842518e+04 2.509311999259907007e+07 8.635924443691767752e+06 2.534454884312041476e+07
1.671173514586567692e+07 8.987197236973676831e+06 1.910111898744453117e+07 3.032402571185198054e+07
-5.407753269715217873e+06 2.584289736584081501e+07 5.134867578751637484e+05 2.513961790089071542e+07
9.272284621568020433e+06 1.759155913414137438e+07 1.753236259718481079e+07 2.731930093625875190e+07
-1.038141344636014476e+07 1.051895516111491993e+07 2.183428805748146400e+07 2.564960564469684660e+07
-1.797248233060631156e+07 -7.615203190534738824e+06 1.803156262696701661e+07 2.910736688312162831e+07
-9.335068911782428622e+06 1.695352831282216311e+07 -1.728432401383694634e+07 2.802848429413052276e+07
-1.907887297927842289e+07 1.528923434542300180e+06 1.847975900828997791e+07 2.712481208217295259e+07
-2.601602169878096879e+07 6.188112312485251576e+06 -2.078143105895358138e+06 2.768394689842459932e+07
