9.629832123667601496e+06 2.098996697531481087e+07 -1.329054932877124101e+07 2.983871718278723955e+07
2.958928575061820447e+04 2.509412182952678204e+07 8.633009577512852848e+06 2.534457432043831423e+07
1.670953446143954620e+07 8.988010917407510802e+06 1.910264018171981722e+07 3.032345821332086995e+07
-5.408017577757049352e+06 2.584278016090006009e+07 5.166966315287880134e+05 2.513922457298286259e+07
9.271675060030562803e+06 1.759372464642176405e+07 1.753051689677324519e+07 2.731895139094720781e+07
-1.038335430454110354e+07 1.051690457378307357e+07 2.183439668891858310e+07 2.564986287835654616e+07
-1.797033316296139732e+07 -7.616000194087556563e+06 1.803336172453970090e+07 2.910760043683585525e+07
-9.337335622527904809e+06 1.695421185049759597e+07 -1.728246812175492942e+07 2.802786910415432602e+07
-1.908057965419034660e+07 1.527299281297139823e+06 1.847815965584604442e+07 2.712513166546063498e+07
-2.601585134131962061e+07 6.187798203690462746e+06 -2.081265082202905556e+06 2.768435671678821370e+07
