9.628459084197765216e+06 2.098899741347578168e+07 -1.329308113435942866e+07 2.983897860449919850e+07
2.906793617156613618e+04 2.509512334071316570e+07 8.630094527134809643e+06 2.534459679631876573e+07
1.670733364354798384e+07 8.988824782984852791e+06 1.910416098569775000e+07 3.032291917609488964e+07
-5.408281814601672813e+06 2.584266257251240313e+07 5.199064938984301407e+05 2.513884024938736483e+07
9.271065665277108550e+06 1.759588996481114626e+07 1.752867082129530236e+07 2.731860092077412456e+07
-1.038529529132169299e+07 1.051485409668197855e+07 2.183450484553585202e+07 2.565010630889401585e+07
-1.796818382544365153e+07 -7.616797389830584638e+06 1.803516043901773915e+07 2.910783397309986502e+07
-9.339602070006769150e+06 1.695489542206685245e+07 -1.728061183553104475e+07 2.802728331779502332e+07
-1.908228626343073696e+07 1.525675352930394933e+06 1.847655991245948523e+07 2.712548482296725363e+07
-2.601568063061552867e+07 6.187483975139724091e+06 -2.084387015112347202e+06 2.768480431487323716e+07
