9.625712126196125522e+06 2.098705789885997027e+07 -1.329814390465663001e+07 2.983954641713422909e+07
2.802567371663451195e+04 2.509712538564424962e+07 8.624263874228496104e+06 2.534465316052206233e+07
1.670293160685980879e+07 8.990453069874031469e+06 1.910720142315161228e+07 3.032182464608760551e+07
-5.408810074932340533e+06 2.584242624535140768e+07 5.263261848261633422e+05 2.513806887996239960e+07
9.269847376046352088e+06 1.760022001968866214e+07 1.752497754529211298e+07 2.731789612392983958e+07
-1.038917765007360093e+07 1.051075347382916510e+07 2.183471973428584263e+07 2.565061655326072499e+07
-1.796388464022152498e+07 -7.618392358238473535e+06 1.803875671921907365e+07 2.910818713060647994e+07
-9.344134175755433738e+06 1.695626266692143679e+07 -1.727689808020389453e+07 2.802609853526158631e+07
-1.908569928533242643e+07 1.522428170258607715e+06 1.847335925236830488e+07 2.712617403676709905e+07
-1.228379546574418247e+07 2.019106897075868398e+07 1.161105477010115981e+07 2.411765539188486710e+07
-2.601533814947019517e+07 6.186855158418010920e+06 -2.090630752130888635e+06 2.768565422772824764e+07
