9.624338207546161488e+06 2.098608794611232728e+07 -1.330067486948698200e+07 2.983982581257045642e+07
2.750476075399853289e+04 2.509812591933023557e+07 8.621348271777858958e+06 2.534468225003503636e+07
1.670073038808771223e+07 8.991267491234797984e+06 1.910872105662955716e+07 3.032125624014516920e+07
-5.409074098514265381e+06 2.584230750656477734e+07 5.295360131552146049e+05 2.513769024513788149e+07
9.269238481524838135e+06 1.760238475608500093e+07 1.752313034482374787e+07 2.731753816761334240e+07
-1.039111902209259011e+07 1.050870332803437114e+07 2.183482646642566100e+07 2.565086148451691866e+07
-1.796173479346232116e+07 -7.619190130622654222e+06 1.804055428417893872e+07 2.910842126017789543e+07
-9.346399833794500679e+06 1.695694634006527811e+07 -1.727504061130477116e+07 2.802551843767326698e+07
-1.908740569824087620e+07 1.520804915638815612e+06 1.847175833539059758e+07 2.712644594605991617e+07
-1.228370395314890146e+07 2.018954738500674069e+07 1.161379659243585542e+07 2.411777021431759745e+07
-2.601516637907148898e+07 6.186540570157199167e+06 -2.093752556076655863e+06 2.768605984058938920e+07
