9.622963995837599039e+06 2.098511786317536980e+07 -1.330320555396567285e+07 2.984011032092048600e+07
2.698399324218370020e+04 2.509912612712645903e+07 8.618432485373651609e+06 2.534470802400663495e+07
1.669852903588226810e+07 8.992082097843028605e+06 1.911024029982625693e+07 3.032068813085643575e+07
-5.409338051117636263e+06 2.584218838429263607e+07 5.327458300700999098e+05 2.513730681150348857e+07
9.268629753733752295e+06 1.760454929828274995e+07 1.752128276950860769e+07 2.731718919815898687e+07
-1.039306052246082015e+07 1.050665329274944030e+07 2.183493272374060005e+07 2.565110221027063578e+07
-1.795958477708099782e+07 -7.619988095244196244e+06 1.804235146588870510e+07 2.910865570385322720e+07
-9.348665228860560805e+06 1.695763004704781994e+07 -1.727318274805324152e+07 2.802490565582711995e+07
-1.908911204492475837e+07 1.519181886264204979e+06 1.847015702790707722e+07 2.712680720046756417e+07
-1.228361245962643623e+07 2.018802545223043114e+07 1.161653816167661175e+07 2.411783078402337059e+07
-2.601499425549861416e+07 6.186225861930072308e+06 -2.096874316603765590e+06 2.768648044318756834e+07
