9.621589490954808891e+06 2.098414765002377331e+07 -1.330573595825734548e+07 2.984037413331227377e+07
2.646337114042509347e+04 2.510012600899846852e+07 8.615516515069553629e+06 2.534472960992598161e+07
1.669632754980996996e+07 8.992896889888150617e+06 1.911175915305025503e+07 3.032005316978354380e+07
-5.409601932788211852e+06 2.584206887852938846e+07 5.359556354275278281e+05 2.513692547189522535e+07
9.268021192629635334e+06 1.760671364631155878e+07 1.751943481931075454e+07 2.731683694806369394e+07
-1.039500215123780072e+07 1.050460336791513674e+07 2.183503850623606145e+07 2.565132225751633197e+07
-1.795743459113520384e+07 -7.620786252116662450e+06 1.804414826431380585e+07 2.910888983342463896e+07
-9.350930360372349620e+06 1.695831378765769675e+07 -1.727132449093356729e+07 2.802433126446000114e+07
-1.909081832597192377e+07 1.517559081535691395e+06 1.846855532934563980e+07 2.712714416417211667e+07
-1.228352098523744196e+07 2.018650317260045186e+07 1.161927947750606574e+07 2.411786524820340425e+07
-2.601482177875456586e+07 6.185911033658386208e+06 -2.099996033962775953e+06 2.768688577684522793e+07
