9.620214693060124293e+06 2.098317730682832003e+07 -1.330826608201505616e+07 2.984065204547999799e+07
2.594289442364592105e+04 2.510112556488198042e+07 8.612600361006293446e+06 2.534475508724388108e+07
1.669412593091023713e+07 8.993711867014434189e+06 1.911327761559394747e+07 3.031948476384110749e+07
-5.409865743582318537e+06 2.584194898926465213e+07 5.391654292157376185e+05 2.513654083419580758e+07
9.267412798194618896e+06 1.760887780011051893e+07 1.751758649427144602e+07 2.731648169653094932e+07
-1.039694390797077864e+07 1.050255355401306972e+07 2.183514381388966367e+07 2.565158427253569663e+07
-9.353195228598996997e+06 1.695899756194016337e+07 -1.726946583973258734e+07 2.802375385420521349e+07
-1.909252454139157757e+07 1.515936501404751092e+06 1.846695323967698216e+07 2.712744486632420868e+07
-1.228342953004404157e+07 2.018498054631072283e+07 1.162202053956532106e+07 2.411790632601596415e+07
-2.601464894889518991e+07 6.185596085359891877e+06 -2.103117707449823152e+06 2.768733724887858704e+07
