9.618839602182332426e+06 2.098220683366569877e+07 -1.331079592513763905e+07 2.984094974619463459e+07
2.542256304286513478e+04 2.510212479475858808e+07 8.609684023190900683e+06 2.534477878463957086e+07
1.669192417888168618e+07 8.994527029362291098e+06 1.911479568767495453e+07 3.031893373831554130e+07
-5.410129483545832336e+06 2.584182871649280563e+07 5.423752112946140114e+05 2.513615949458754063e+07
9.266804570423591882e+06 1.761104175957283750e+07 1.751573779447122291e+07 2.731613003974305838e+07
-1.039888579297769442e+07 1.050050385071114264e+07 2.183524864672093838e+07 2.565183190857563913e+07
-9.355459833808893338e+06 1.695968136994028836e+07 -1.726760679423749819e+07 2.802313208549693227e+07
-1.909423069053117186e+07 1.514314146452026442e+06 1.846535075949331000e+07 2.712781360687526688e+07
-1.228333809409226663e+07 2.018345757328879833e+07 1.162476134797529317e+07 2.411793421146391332e+07
-2.601447576586218551e+07 6.185281016844830476e+06 -2.106239338420259301e+06 2.768769850328623503e+07
