9.617464218011986464e+06 2.098123623037360609e+07 -1.331332548814642616e+07 2.984119916215678677e+07
2.490237696324009448e+04 2.510312369858214259e+07 8.606767501711331308e+06 2.534480335454614833e+07
1.668972229373795912e+07 8.995342376955527812e+06 1.911631336929346249e+07 3.031839381112845987e+07
-5.410393152748391964e+06 2.584170806019740924e+07 5.455849818128874758e+05 2.513576107121610641e+07
9.266196509286569431e+06 1.761320552468068525e+07 1.751388871991458908e+07 2.731577628892903775e+07
-1.040082780614144728e+07 1.049845425813655742e+07 2.183535300472575054e+07 2.565207593242051080e+07
-9.357724175373949111e+06 1.696036521143243462e+07 -1.726574735497145355e+07 2.802254329770017788e+07
-1.909593677412159368e+07 1.512692015942707658e+06 1.846374788808755204e+07 2.712811160424360633e+07
-1.228324667746919207e+07 2.018193425414590910e+07 1.162750190162682161e+07 2.411806370952976122e+07
-2.601430222979521006e+07 6.184965828283306211e+06 -2.109360924662044272e+06 2.768817578419163451e+07
