9.616088540922161192e+06 2.098026549727161974e+07 -1.331585477030707151e+07 2.984148098317328468e+07
2.438233614267036319e+04 2.510412227632114664e+07 8.603850796612810344e+06 2.534482705194183812e+07
1.668752027525467426e+07 8.996157909906253219e+06 1.911783066061359271e+07 3.031782631259734556e+07
-5.410656751201936975e+06 2.584158702038840204e+07 5.487947402197853662e+05 2.513539053329262510e+07
9.265588614765547216e+06 1.761536909537312761e+07 1.751203927064294741e+07 2.731542072329237685e+07
-1.040276994738374837e+07 1.049640477637550980e+07 2.183545688790210709e+07 2.565232117778062448e+07
-9.359988253404306248e+06 1.696104908641396835e+07 -1.726388752185161039e+07 2.802196709151041135e+07
-1.909764279146239161e+07 1.511070110502803698e+06 1.846214462609715760e+07 2.712845156938561052e+07
-1.228315528017553315e+07 2.018041058805574104e+07 1.163024220199726708e+07 2.411812666991536319e+07
-2.601412834059812874e+07 6.184650519416995347e+06 -2.112482468208647799e+06 2.768856761138075963e+07
