9.614712570766832680e+06 2.097929463431291282e+07 -1.331838377184009552e+07 2.984176278673956171e+07
2.386244056208338588e+04 2.510512052789957076e+07 8.600933908070741221e+06 2.534486151612187549e+07
1.668531812380187586e+07 8.996973628106299788e+06 1.911934756138985977e+07 3.031727348969935253e+07
-5.410920278992559761e+06 2.584146559704183415e+07 5.520044868628279073e+05 2.513500889703065529e+07
9.264980886854272336e+06 1.761753247154762596e+07 1.751018944673324004e+07 2.731506938060840592e+07
-1.040471221659165993e+07 1.049435540555069409e+07 2.183556029624620453e+07 2.565257780068270490e+07
-1.794668111938749254e+07 -7.624779920930719003e+06 1.805312650643277913e+07 2.910995469806176797e+07
-9.362252067942228168e+06 1.696173299486149102e+07 -1.726202729485101253e+07 2.802139208938567340e+07
-1.909934874276610464e+07 1.509448429890459403e+06 1.846054097330185771e+07 2.712878582830641419e+07
-1.228306390228384733e+07 2.017888657538578659e+07 1.163298224841580167e+07 2.411818992695467174e+07
-2.601395409836143255e+07 6.184335090326193720e+06 -2.115603967737505678e+06 2.768899481016124412e+07
