9.613336307530995458e+06 2.097832364154307172e+07 -1.332091249272513203e+07 2.984204068145706505e+07
2.334269014893565327e+04 2.510611845334393904e+07 8.598016835960905999e+06 2.534488760419739410e+07
1.668311583922372572e+07 8.997789531642235816e+06 1.912086407173914835e+07 3.031670599116824195e+07
-5.411183736159944907e+06 2.584134379015500098e+07 5.552142215282896068e+05 2.513462965144852176e+07
9.264373325532255694e+06 1.761969565315206721e+07 1.750833924821935222e+07 2.731472131856536865e+07
-1.040665461386365630e+07 1.049230614556174725e+07 2.183566322976552695e+07 2.565282332524630055e+07
-1.794452991737052798e+07 -7.625579231555249542e+06 1.805492100433541834e+07 2.911018853097948059e+07
-9.364515619242498651e+06 1.696241693681617454e+07 -1.726016667376763374e+07 2.802077871423212439e+07
-1.910105462775864452e+07 1.507826974326198921e+06 1.845893692993876711e+07 2.712915217817763984e+07
-1.228297254384591803e+07 2.017736221616098657e+07 1.163572204082818143e+07 2.411825288734027371e+07
-2.601377950308227167e+07 6.184019540922208689e+06 -2.118725423602396622e+06 2.768941721013185009e+07
