9.611959751245044172e+06 2.097735251903983206e+07 -1.332344093285823427e+07 2.984232068765091896e+07
2.282308487760461867e+04 2.510711605259099230e+07 8.595099580421380699e+06 2.534491308151529729e+07
1.668091342171397060e+07 8.998605620471287519e+06 1.912238019153748825e+07 3.031614206993176788e+07
-5.411447122752123512e+06 2.584122159972143173e+07 5.584239441014688928e+05 2.513425701949890703e+07
9.263765930764624849e+06 1.762185864018578827e+07 1.750648867509113625e+07 2.731436845771245658e+07
-1.040859713905933499e+07 1.049025699656033888e+07 2.183576568845482171e+07 2.565307214790105075e+07
-1.794237854622630775e+07 -7.626378734513215721e+06 1.805671511868321151e+07 2.911042238134741038e+07
-9.366778906654711813e+06 1.696310091204532236e+07 -1.725830565914382413e+07 2.802020732430245355e+07
-1.910276044675640762e+07 1.506205743469389156e+06 1.845733249568976462e+07 2.712948465717623383e+07
-1.228288120491400734e+07 2.017583751041100919e+07 1.163846157917156629e+07 2.411831584772587940e+07
-2.601360455477815121e+07 6.183703871153100394e+06 -2.121846835791759193e+06 2.768982973327921703e+07
