9.610582901955842972e+06 2.097638126689244434e+07 -1.332596909210542776e+07 2.984261238549065590e+07
2.230362471711449325e+04 2.510811332558751479e+07 8.592182141561061144e+06 2.534494276433566958e+07
1.667871087147364765e+07 8.999421894547767937e+06 1.912389592065609246e+07 3.031560095612987876e+07
-5.411710438826597296e+06 2.584109902573029697e+07 5.616336545838715974e+05 2.513388437009907514e+07
9.263158702543208376e+06 1.762402143255293742e+07 1.750463772741987929e+07 2.731401591096346080e+07
-1.041053979216249473e+07 1.048820795856705122e+07 2.183586767231547087e+07 2.565331948728729412e+07
-9.369041930583432317e+06 1.696378492063528299e+07 -1.725644425065454096e+07 2.801961851905548200e+07
-1.910446619950094074e+07 1.504584737525813282e+06 1.845572767077723145e+07 2.712981832278963551e+07
-1.228278988554002903e+07 2.017431245816378295e+07 1.164120086338645406e+07 2.411837879066126794e+07
-2.601342925348185748e+07 6.183388080994213931e+06 -2.124968204022865277e+06 2.769025333731484786e+07
