9.609205759622257203e+06 2.097540988512799144e+07 -1.332849697049449198e+07 2.984290619480673596e+07
2.178430961831752211e+04 2.510911027231526747e+07 8.589264519386600703e+06 2.534497094643732160e+07
1.667650818790361844e+07 9.000238354122674093e+06 1.912541125951663405e+07 3.031499297309361026e+07
-5.411973684441825375e+06 2.584097606817024574e+07 5.648433529891463695e+05 2.513350393790213391e+07
9.262551640848636627e+06 1.762618403019706160e+07 1.750278640524322540e+07 2.731366334676424786e+07
-1.041248257328746654e+07 1.048615903146481887e+07 2.183596918135561794e+07 2.565354042449409515e+07
-1.793807529706033692e+07 -7.627978317381910980e+06 1.806030219634812325e+07 2.911092573287811130e+07
-9.371304690731044859e+06 1.696446896246004105e+07 -1.725458244855220243e+07 2.801904592506079003e+07
-1.910617188579343259e+07 1.502963956644501537e+06 1.845412245536765829e+07 2.713017776237463579e+07
-2.601325359922920540e+07 6.183072170426640660e+06 -2.128089527959450148e+06 2.769071412776448205e+07
