9.607828323938619345e+06 2.097443837358708307e+07 -1.333102456853837520e+07 2.984313493226086721e+07
2.126513953627366573e+04 2.511010689274794236e+07 8.586346713928122073e+06 2.534499432972909138e+07
1.667430537182580866e+07 9.001054998920241371e+06 1.912692620756311715e+07 3.031442186236742511e+07
-5.412236859648987651e+06 2.584085272703336552e+07 5.680530392414511880e+05 2.513311631621548161e+07
9.261944745677690953e+06 1.762834643300492316e+07 1.750093470864739269e+07 2.731331828615866229e+07
-1.041442548174396902e+07 1.048411021598507836e+07 2.183607021554152668e+07 2.565383421635996178e+07
-1.793592341891965643e+07 -7.628778397406706586e+06 1.806209515979145840e+07 2.911116136316825077e+07
-9.373567187226038426e+06 1.696515303752241284e+07 -1.725272025273874402e+07 2.801846671743357554e+07
-1.910787750586305559e+07 1.501343400567581877e+06 1.845251684922473133e+07 2.713051233539935946e+07
-2.601307759197900444e+07 6.182756139292885549e+06 -2.131210808633025736e+06 2.769110684491471201e+07
