9.606450595637794584e+06 2.097346673284283280e+07 -1.333355188484439068e+07 2.984345749953578785e+07
2.074611444300319999e+04 2.511110318682640418e+07 8.583428725312022492e+06 2.534501951039329171e+07
1.667210242295635492e+07 9.001871829074515030e+06 1.912844076500033215e+07 3.031384087481800094e+07
-5.412499964492871426e+06 2.584072900231473148e+07 5.712627131881573005e+05 2.513272927038601786e+07
9.261338016986221075e+06 1.763050864100850374e+07 1.749908263759429380e+07 2.731296813008949906e+07
-1.041636851813919283e+07 1.048206151149093732e+07 2.183617077490710840e+07 2.565409984357439354e+07
-1.793377137199715897e+07 -7.629578669776303694e+06 1.806388773944623768e+07 2.911141049992691725e+07
-9.375829420137507841e+06 1.696583714580721781e+07 -1.725085766316485777e+07 2.801786594133723155e+07
-1.910958305950938538e+07 1.499723069445755333e+06 1.845091085251642019e+07 2.713084690842408314e+07
-2.601290123181018606e+07 6.182439987651269883e+06 -2.134332044942365494e+06 2.769153105970796570e+07
