9.605072573854874820e+06 2.097249496234141290e+07 -1.333607892095136270e+07 2.984368505037511140e+07
2.022723430923093110e+04 2.511209915449446812e+07 8.580510553656049073e+06 2.534505219465111569e+07
1.666989934168549441e+07 9.002688844469616190e+06 1.912995493156953156e+07 3.031329494475601241e+07
-5.412762999012083746e+06 2.584060489401244745e+07 5.744723745989201125e+05 2.513235782505121082e+07
9.260731454774349928e+06 1.763267065408208966e+07 1.749723019218092039e+07 2.731262216207259148e+07
-1.041831168230196647e+07 1.048001291816639900e+07 2.183627085944562405e+07 2.565435646647647396e+07
-1.793161915598245710e+07 -7.630379134641054086e+06 1.806567993558447063e+07 2.911162124620655924e+07
-9.378091389078002423e+06 1.696652128716136143e+07 -1.724899468015707657e+07 2.801728914184006676e+07
-1.911128854664279521e+07 1.498102963324125856e+06 1.844930446530646086e+07 2.713118687356608734e+07
-2.601272451872501895e+07 6.182123715422266163e+06 -2.137453237148054875e+06 2.769195555370470136e+07
