9.603694259445615113e+06 2.097152306274246797e+07 -1.333860567524212413e+07 2.984400313294406980e+07
1.970849907578807324e+04 2.511309479575287923e+07 8.577592198911337182e+06 2.534508097006016970e+07
1.666769612765215337e+07 9.003506045268386602e+06 1.913146870752839744e+07 3.031272683546728268e+07
-5.413025963289245963e+06 2.584048040210378170e+07 5.776820237829487305e+05 2.513196660861970484e+07
9.260125059003002942e+06 1.763483247223985940e+07 1.749537737238438800e+07 2.731227020863100141e+07
-1.042025497432499938e+07 1.047796443591720052e+07 2.183637046916396543e+07 2.565458249914685637e+07
-1.792946677139631659e+07 -7.631179791842229664e+06 1.806747174778598174e+07 2.911185748725432158e+07
-9.380353094184637070e+06 1.696720546159008518e+07 -1.724713130361037329e+07 2.801671234234289825e+07
-1.911299396740546823e+07 1.496483082027679309e+06 1.844769768744023517e+07 2.713149685923401639e+07
-2.601254745273268968e+07 6.181807322539299726e+06 -2.140574385384942871e+06 2.769236118401606008e+07
