9.602315651860304177e+06 2.097055103371454775e+07 -1.334113214867682196e+07 2.984429153269265592e+07
1.918990871799644083e+04 2.511409011053650826e+07 8.574673661221975461e+06 2.534511424762539938e+07
1.666549278110554814e+07 9.004323431407194585e+06 1.913298209271513671e+07 3.031216232092340291e+07
-5.413288857361040078e+06 2.584035552658772096e+07 5.808916604882244719e+05 2.513157266995422915e+07
9.259518829674070701e+06 1.763699409534970298e+07 1.749352417830722407e+07 2.731192244324166700e+07
-1.042219839386162534e+07 1.047591606511222012e+07 2.183646960404654592e+07 2.565482413231189549e+07
-1.792731421812001988e+07 -7.631980641458855011e+06 1.806926317616320774e+07 2.911209402495578304e+07
-9.382614535585507751e+06 1.696788966909625754e+07 -1.724526753342661634e+07 2.801611275286136195e+07
-1.911469932161076367e+07 1.494863425693841651e+06 1.844609051907280087e+07 2.713179934130831435e+07
-2.601237003387539834e+07 6.181490808994219638e+06 -2.143695489208118524e+06 2.769278449139798805e+07
