9.600936751111451536e+06 2.096957887532261759e+07 -1.334365834118459560e+07 2.984455234364699200e+07
1.867146316802874207e+04 2.511508509886290506e+07 8.571754940489659086e+06 2.534513553689103946e+07
1.666328930194465816e+07 9.005141002952396870e+06 1.913449508720859513e+07 3.031157953600155190e+07
-5.413551681261018850e+06 2.584023026746485010e+07 5.841012844233115902e+05 2.513119673991346359e+07
9.258912766755556688e+06 1.763915552340018377e+07 1.749167060994851962e+07 2.731157228717250377e+07
-1.042414194079668075e+07 1.047386780587622337e+07 2.183656826408981904e+07 2.565509185355246067e+07
-1.792516149621134996e+07 -7.632781683504384011e+06 1.807105422068156302e+07 2.911233024855332449e+07
-9.384875712942967191e+06 1.696857390954151377e+07 -1.724340336989184469e+07 2.801552935718189180e+07
-1.911640460866919905e+07 1.493243994842354208e+06 1.844448296073921397e+07 2.713218757375258580e+07
-2.601219226217451319e+07 6.181174174741806462e+06 -2.146816548540605698e+06 2.769322667991551012e+07
