9.599557557480730116e+06 2.096860658782125637e+07 -1.334618425220192410e+07 2.984484615296307579e+07
1.815316242127399892e+04 2.511607976062828302e+07 8.568836036971971393e+06 2.534516490560749546e+07
1.666108569028415158e+07 9.005958759890291840e+06 1.913600769093941152e+07 3.031098594939491898e+07
-5.413814435062545352e+06 2.584010462471682206e+07 5.873108957823327510e+05 2.513081419624017552e+07
9.258306870239257812e+06 1.764131675629562140e+07 1.748981666737958044e+07 2.731122483588708937e+07
-1.042608561553191766e+07 1.047181965778921917e+07 2.183666644931633398e+07 2.565531640295433253e+07
-1.792300860619569942e+07 -7.633582917818108574e+06 1.807284488091764599e+07 2.911263065405171365e+07
-9.387136626283336431e+06 1.696925818289785087e+07 -1.724153881299198046e+07 2.801495285433842242e+07
-1.911810982931821421e+07 1.491624788732867688e+06 1.844287501172368973e+07 2.713252155346990749e+07
-2.601201413762607425e+07 6.180857419691878371e+06 -2.149937563748455606e+06 2.769364639255258814e+07
