9.598178070780556649e+06 2.096763417113462463e+07 -1.334870988202430867e+07 2.984513155127420649e+07
1.763500641398690641e+04 2.511707409584216774e+07 8.565916950594201684e+06 2.534518828889926895e+07
1.665888194676780142e+07 9.006776702010741457e+06 1.913751990347534791e+07 3.031046101194487140e+07
-5.414077118806655519e+06 2.583997859834069014e+07 5.905204943670802750e+05 2.513043706213438511e+07
9.257701140095485374e+06 1.764347779401617125e+07 1.748796235060674325e+07 2.731087467981792241e+07
-1.042802941753827780e+07 1.046977162141213194e+07 2.183676415970155597e+07 2.565557211844509095e+07
-1.792085554722628742e+07 -7.634384344750132412e+06 1.807463515758921206e+07 2.911286867502168193e+07
-9.389397275583330542e+06 1.696994248912201822e+07 -1.723967386275405437e+07 2.801438055699743330e+07
-1.911981498348698765e+07 1.490005807392796502e+06 1.844126667207202315e+07 2.713280335703618452e+07
-2.601183566026758403e+07 6.180540543827911839e+06 -2.153058534470948391e+06 2.769407209061434492e+07
