9.596798291025087237e+06 2.096666162532858923e+07 -1.335123523057847843e+07 2.984541094671043754e+07
1.711699512150418013e+04 2.511806810443956032e+07 8.562997681500313804e+06 2.534521408032108843e+07
1.665667807052979246e+07 9.007594829663895071e+06 1.913903172542001680e+07 3.030987880288020521e+07
-5.414339732548433356e+06 2.583985218832679465e+07 5.937300801499149529e+05 2.513006142874732241e+07
9.257095576304331422e+06 1.764563863650726527e+07 1.748610765966610610e+07 2.731052122565760463e+07
-1.042997334701294638e+07 1.046772369654052891e+07 2.183686139525767416e+07 2.565582125520376116e+07
-1.791870231981559098e+07 -7.635185964144569822e+06 1.807642505028355494e+07 2.911310701009557024e+07
-9.391657660998174921e+06 1.697062682822503150e+07 -1.723780851905750483e+07 2.801378606297947839e+07
-1.912152007052483037e+07 1.488387051399957389e+06 1.843965794237729162e+07 2.713313702264958620e+07
-1.228187777892317995e+07 2.015904288426065817e+07 1.166857971577443369e+07 2.411895679422345757e+07
-2.601165683011592552e+07 6.180223547096839175e+06 -2.156179460709002335e+06 2.769449749202240258e+07
