9.595418218235276639e+06 2.096568895047415048e+07 -1.335376029777823947e+07 2.984568826557075605e+07
1.659912850019149482e+04 2.511906178639137745e+07 8.560078229728924111e+06 2.534523985429269075e+07
1.665447406214570627e+07 9.008413142665008083e+06 1.914054315638791025e+07 3.030930950697666779e+07
-5.414602276350760832e+06 2.583972539466178045e+07 5.969396531962376321e+05 2.512967469702177495e+07
9.256490178871452808e+06 1.764779928362356126e+07 1.748425259467165917e+07 2.731017646170572191e+07
-1.043191740386434272e+07 1.046567588327427022e+07 2.183695815598230809e+07 2.565607067116591334e+07
-1.791654892402138188e+07 -7.635987776014835574e+06 1.807821455896611512e+07 2.911334504851575568e+07
-9.393917782346243039e+06 1.697131120011574402e+07 -1.723594278205992281e+07 2.801318767756296694e+07
-1.912322509066946059e+07 1.486768520488647744e+06 1.843804882239459082e+07 2.713347039160928503e+07
-1.228178667812209949e+07 2.015751402241074294e+07 1.167131620060610212e+07 2.411902214528889209e+07
-2.601147764722565934e+07 6.179906429511981085e+06 -2.159300341808152851e+06 2.769497927508397773e+07
