9.594037852383684367e+06 2.096471614660798758e+07 -1.335628508362629265e+07 2.984595687677242234e+07
1.608140651949774474e+04 2.512005514164347947e+07 8.557158595392238349e+06 2.534527074117808789e+07
1.665226992176114209e+07 9.009231640988722444e+06 1.914205419628876820e+07 3.030876478097970411e+07
-5.414864750245038420e+06 2.583959821734741703e+07 6.001492131893950282e+05 2.512929995359581336e+07
9.255884947754437104e+06 1.764995973539052904e+07 1.748239715559088811e+07 2.730982869631638750e+07
-1.043386158804116584e+07 1.046362818167076260e+07 2.183705444187510759e+07 2.565632099453938752e+07
-1.791439535933950543e+07 -7.636789780583539978e+06 1.808000368406916410e+07 2.911350395019849390e+07
-9.396177639473233372e+06 1.697199560471131280e+07 -1.723407665189639479e+07 2.801260007638102025e+07
-1.912493004385855421e+07 1.485150214677920565e+06 1.843643931216201931e+07 2.713380405722268298e+07
-1.228169559751396999e+07 2.015598481458013505e+07 1.167405243027153611e+07 2.411912258874220401e+07
-2.601129811157016456e+07 6.179589190943068825e+06 -2.162421178528280929e+06 2.769543825071096793e+07
