9.592657193688608706e+06 2.096374321394019574e+07 -1.335880958767562732e+07 2.984626356434919685e+07
1.556382912936061621e+04 2.512104817017971724e+07 8.554238778490977362e+06 2.534530042399846390e+07
1.665006564924627170e+07 9.010050324712093920e+06 1.914356484522108361e+07 3.030821885091771930e+07
-5.415127154289751314e+06 2.583947065637246892e+07 6.033587601435993565e+05 2.512892939822211117e+07
9.255279882924979553e+06 1.765211999178372696e+07 1.748054134243399277e+07 2.730947314812994376e+07
-1.043580589960301109e+07 1.046158059167057090e+07 2.183715025294120982e+07 2.565655573486842215e+07
-1.791224162696257234e+07 -7.637591977441452444e+06 1.808179242461539060e+07 2.911374108120736107e+07
-9.398437232389468700e+06 1.697268004197883606e+07 -1.723221012856605649e+07 2.801201608739414439e+07
-1.912663493003651500e+07 1.483532133980557323e+06 1.843482941171132028e+07 2.713413742618238181e+07
-1.228160453711986169e+07 2.015445526027689502e+07 1.167678840564157814e+07 2.411915616296113282e+07
-2.601111822316511348e+07 6.179271831335184164e+06 -2.165541970888867043e+06 2.769586635690277442e+07
