9.591276241665683687e+06 2.096277015218543261e+07 -1.336133381076440215e+07 2.984650249273049086e+07
1.504639630355034024e+04 2.512204087193725258e+07 8.551318779163055122e+06 2.534533668555092812e+07
1.664786124442744441e+07 9.010869193928357214e+06 1.914507510331328586e+07 3.030763995739442110e+07
-5.415389488557836041e+06 2.583934271171862632e+07 6.065682942486702232e+05 2.512853877509801090e+07
9.254674984391519800e+06 1.765428005264725536e+07 1.747868515532418713e+07 2.730912328871447966e+07
-1.043775033830054477e+07 1.045953311353961378e+07 2.183724558917053044e+07 2.565680605824190006e+07
-1.791008772639086470e+07 -7.638394366809491999e+06 1.808358078103353828e+07 2.911397821221622452e+07
-9.400696561119452119e+06 1.697336451188947260e+07 -1.723034321205650643e+07 2.801142668883976713e+07
-1.912833974913745373e+07 1.481914278419120237e+06 1.843321912108398229e+07 2.713447170255340263e+07
-1.228151349702107348e+07 2.015292536002325639e+07 1.167952412577272579e+07 2.411921971665414050e+07
-2.601093798201525211e+07 6.178954350613647141e+06 -2.168662719100276008e+06 2.769623719147996232e+07
