9.589894996968548745e+06 2.096179696186044440e+07 -1.336385775165020116e+07 2.984681488652846590e+07
1.452910797924455255e+04 2.512303324692441896e+07 8.548398597337093204e+06 2.534536577506389841e+07
1.664565670773228444e+07 9.011688248507523909e+06 1.914658497028175741e+07 3.030707814763429388e+07
-5.415651753078519367e+06 2.583921438338888437e+07 6.097778151595629752e+05 2.512815384074489027e+07
9.254070252126287669e+06 1.765643991795469448e+07 1.747682859427345917e+07 2.730877463336404040e+07
-1.043969490416993201e+07 1.045748574724310450e+07 2.183734045056709647e+07 2.565705908639912307e+07
-1.790793365930887312e+07 -7.639196948094818741e+06 1.808536875193908811e+07 2.911444109669198841e+07
-9.402955625587590039e+06 1.697404901438431069e+07 -1.722847590243780613e+07 2.801083610367058590e+07
-1.913004450110615790e+07 1.480296648005910218e+06 1.843160844031137228e+07 2.713480625812790915e+07
-1.228142247726917453e+07 2.015139511384008080e+07 1.168225959061871842e+07 2.411931174910250306e+07
-2.601075738820847869e+07 6.178636748850415461e+06 -2.171783421933658421e+06 2.769666261033823714e+07
