9.588513459079442546e+06 2.096082364265636355e+07 -1.336638141123196669e+07 2.984708768578239158e+07
1.401196414329204708e+04 2.512402529505370557e+07 8.545478233223764226e+06 2.534540294402768463e+07
1.664345203903986886e+07 9.012507488523306325e+06 1.914809444621883333e+07 3.030650883428053558e+07
-5.415913947897163220e+06 2.583908567137842998e+07 6.129873227296376135e+05 2.512778180210268125e+07
9.253465686107574031e+06 1.765859958765788749e+07 1.747497165931245312e+07 2.730842566390968487e+07
-1.044163959708416648e+07 1.045543849291804060e+07 2.183743483712697402e+07 2.565732710429338738e+07
-1.790577942254304141e+07 -7.639999722514727153e+06 1.808715633997973055e+07 2.911467943176587671e+07
-9.405214425702996552e+06 1.697473354939962178e+07 -1.722660819979286194e+07 2.801025061396498233e+07
-1.913174918591405824e+07 1.478679242728048936e+06 1.842999736939975247e+07 2.713513573568905145e+07
-1.228133147790703923e+07 2.014986452160254121e+07 1.168499480039357208e+07 2.411940228083213419e+07
-2.601057644175370038e+07 6.178319025978099555e+06 -2.174904079530932941e+06 2.769712279003024846e+07
