9.587131628237739205e+06 2.095985019479801506e+07 -1.336890478902468830e+07 2.984737219413241744e+07
1.349496472006011754e+04 2.512501701635739207e+07 8.542557686681170017e+06 2.534542723473077640e+07
1.664124723817199841e+07 9.013326914070647210e+06 1.914960353125585243e+07 3.030589966462946311e+07
-5.416176073082489893e+06 2.583895657567100227e+07 6.161968170980854193e+05 2.512740316727816314e+07
9.252861286323193461e+06 1.766075906167417392e+07 1.747311435050157458e+07 2.730807971334299445e+07
-1.044358441721384227e+07 1.045339135038811341e+07 2.183752874886063859e+07 2.565757653770576045e+07
-1.790362501708821207e+07 -7.640802689733589068e+06 1.808894354434255138e+07 2.911482302960765362e+07
-9.407472961609506980e+06 1.697541811694286019e+07 -1.722474010401041433e+07 2.800964533571246639e+07
-1.913345380344432965e+07 1.477062062656302005e+06 1.842838590843874216e+07 2.713547030871377513e+07
-1.228124049897509813e+07 2.014833358314296231e+07 1.168772975538745522e+07 2.411945295626445115e+07
-2.601039514262963831e+07 6.178001181876555085e+06 -2.178024692551490385e+06 2.769754819143830985e+07
