9.585749504380088300e+06 2.095887661829682440e+07 -1.337142788509663567e+07 2.984765399769869447e+07
1.297810970893595368e+04 2.512600841072410718e+07 8.539636957990327850e+06 2.534546110560341179e+07
1.663904230577245727e+07 9.014146524939142168e+06 1.915111222496157140e+07 3.030533005462200195e+07
-5.416438128690973856e+06 2.583882709625631198e+07 6.194062982533351751e+05 2.512701252670384571e+07
9.252257052738137543e+06 1.766291834000324830e+07 1.747125666783030331e+07 2.730772864986250922e+07
-1.044552936439101584e+07 1.045134431983340904e+07 2.183762218576212972e+07 2.565782595366791263e+07
-1.790147044436402619e+07 -7.641605849257006310e+06 1.809073036386341974e+07 2.911506077137413993e+07
-9.409731233060402796e+06 1.697610271690310910e+07 -1.722287161530223861e+07 2.800904724694965407e+07
-1.913515835366877168e+07 1.475445107777381316e+06 1.842677405743423104e+07 2.713580456763457879e+07
-1.228114954053789377e+07 2.014680229870379344e+07 1.169046445515807718e+07 2.411950570827267691e+07
-2.601021349089763686e+07 6.177683216570354998e+06 -2.181145260231938213e+06 2.769800596300027147e+07
