9.584367087462678552e+06 2.095790291317796707e+07 -1.337395069948035665e+07 2.984792292300428078e+07
1.246139903805125505e+04 2.512699947817920521e+07 8.536716047029765323e+06 2.534548569296020642e+07
1.663683724160803854e+07 9.014966321244083345e+06 1.915262052750517800e+07 3.030476014796084166e+07
-5.416700114744436927e+06 2.583869723314127326e+07 6.226157657597425859e+05 2.512664408280649036e+07
9.251652985354190692e+06 1.766507742251263186e+07 1.746939861140186712e+07 2.730738269929581881e+07
-1.044747443889105693e+07 1.044929740096743405e+07 2.183771514784678817e+07 2.565802561905929074e+07
-1.789931570341344178e+07 -7.642409201476676390e+06 1.809251679934955761e+07 2.911525083914576098e+07
-9.411989239835781977e+06 1.697678734917748719e+07 -1.722100273385818675e+07 2.800847973096832633e+07
-1.913686283648566157e+07 1.473828378147654235e+06 1.842516181646164134e+07 2.713614603349530697e+07
-1.228105860264934413e+07 2.014527066834400222e+07 1.169319889959081821e+07 2.411956657463215292e+07
-2.601003148653810099e+07 6.177365129942490719e+06 -2.184265783200215083e+06 2.769842958448612317e+07
