9.582984377655755728e+06 2.095692907961742580e+07 -1.337647323181778379e+07 2.984821521415141970e+07
1.194483269691467285e+04 2.512799021863019839e+07 8.533794954025136307e+06 2.534551776646041125e+07
1.663463204597212002e+07 9.015786302905268967e+06 1.915412843869541585e+07 3.030422172149248421e+07
-5.416962031327400357e+06 2.583856698630174249e+07 6.258252199491059873e+05 2.512626035251839459e+07
9.251049084136128426e+06 1.766723630920215324e+07 1.746754018120574951e+07 2.730703372984145954e+07
-1.044941963973901793e+07 1.044725059481938370e+07 2.183780763507031277e+07 2.565831852096404880e+07
-1.789716079497968405e+07 -7.643212746150213294e+06 1.809430285019830987e+07 2.911548797015462443e+07
-9.414246982465587556e+06 1.697747201389054954e+07 -1.721913345924730226e+07 2.800786665246847644e+07
-1.913856725191619620e+07 1.472211873706977814e+06 1.842354918548012897e+07 2.713648060652003065e+07
-1.228096768535662629e+07 2.014373869201077893e+07 1.169593308877082542e+07 2.411961964074429870e+07
-2.600984912961596623e+07 6.177046922023805790e+06 -2.187386260634087957e+06 2.769889185820426419e+07
