9.581601374788219109e+06 2.095595511755078286e+07 -1.337899548237363063e+07 2.984849312631914392e+07
1.142841062841750681e+04 2.512898063207368553e+07 8.530873678939564154e+06 2.534554715262708440e+07
1.663242671846814267e+07 9.016606470098800957e+06 1.915563595881293714e+07 3.030365272224264964e+07
-5.417223878481219523e+06 2.583843635573494807e+07 6.290346606267732568e+05 2.512587302748544514e+07
9.250445349061142653e+06 1.766939500002770871e+07 1.746568137726904824e+07 2.730667968237373978e+07
-1.045136496753718145e+07 1.044520390075862780e+07 2.183789964746375009e+07 2.565860451258258522e+07
-1.789500571847207099e+07 -7.644016483532708138e+06 1.809608851691270247e+07 2.911568133601740003e+07
-9.416504460256047547e+06 1.697815671079568937e+07 -1.721726379205179214e+07 2.800729435512748733e+07
-1.914027159986053407e+07 1.470595594509901479e+06 1.842193616456332803e+07 2.713681547619845718e+07
-1.228087678871951811e+07 2.014220636986728385e+07 1.169866702239794098e+07 2.411969129133833945e+07
-2.600966642010570690e+07 6.176728592686942779e+06 -2.190506693261395674e+06 2.769931666630491614e+07
