9.580218078870331869e+06 2.095498102704114467e+07 -1.338151745108202286e+07 2.984875814277595654e+07
1.091213279482163489e+04 2.512997071846975759e+07 8.527952221843874082e+06 2.534557472397111356e+07
1.663022125938281231e+07 9.017426822746837512e+06 1.915714308767111599e+07 3.030308401964651048e+07
-5.417485656248567626e+06 2.583830534143758565e+07 6.322440876111747930e+05 2.512549257783828303e+07
9.249841780127108097e+06 1.767155349487042055e+07 1.746382219968349859e+07 2.730632891554695368e+07
-1.045331042255505547e+07 1.044315731850492768e+07 2.183799118504190817e+07 2.565883476820566133e+07
-1.789285047458649427e+07 -7.644820413399413228e+06 1.809787379892963171e+07 2.911591907778388262e+07
-9.418761673809247091e+06 1.697884144003941119e+07 -1.721539373178068921e+07 2.800667708857538179e+07
-1.914197588026141375e+07 1.468979540570793673e+06 1.842032275374465436e+07 2.713715034587687999e+07
-1.228078591278202832e+07 2.014067370180543512e+07 1.170140070065581240e+07 2.411975484503134713e+07
-2.600948335805046931e+07 6.176410141924582422e+06 -2.193627080634081736e+06 2.769974086364795268e+07
