9.578834490076508373e+06 2.095400680826754123e+07 -1.338403913757740706e+07 2.984904743248564377e+07
1.039599916799645871e+04 2.513096047775952518e+07 8.525030582864928991e+06 2.534560711157523841e+07
1.662801566877167299e+07 9.018247360857453197e+06 1.915864982524138689e+07 3.030251500294645503e+07
-5.417747364684252068e+06 2.583817394340027496e+07 6.354535008709380636e+05 2.512511544373249263e+07
9.249238377320196480e+06 1.767371179365399480e+07 1.746196264850403741e+07 2.730598385494137183e+07
-1.045525600416586362e+07 1.044111084872087836e+07 2.183808224777744338e+07 2.565909858059744909e+07
-1.789069506306389347e+07 -7.645624535881792195e+06 1.809965869647722319e+07 2.911615650544644892e+07
-9.421018622501591220e+06 1.697952620139631629e+07 -1.721352327895839885e+07 2.800609189552348107e+07
-1.914368009305973351e+07 1.467363711905436590e+06 1.841870895305919275e+07 2.713748521555530652e+07
-1.228069505759785883e+07 2.013914068788271025e+07 1.170413412343271077e+07 2.411981600804452598e+07
-2.600929994347140193e+07 6.176091569690939039e+06 -2.196747422681129538e+06 2.770016507844120264e+07
