9.577450608187314123e+06 2.095303246113137156e+07 -1.338656054221259244e+07 2.984931274559615925e+07
9.880009693996049464e+03 2.513194990993383527e+07 8.522108761982906610e+06 2.534563588698429242e+07
1.662580994669685513e+07 9.019068084436248988e+06 1.916015617149076611e+07 3.030194600369662046e+07
-5.418009003848134540e+06 2.583804216161111370e+07 6.386629004363383865e+05 2.512473230675179884e+07
9.248635140599813312e+06 1.767586989639737457e+07 1.746010272370359302e+07 2.730563369887220487e+07
-1.045720171284170635e+07 1.043906449091310985e+07 2.183817283569463715e+07 2.565931592305939645e+07
-1.788853948396889865e+07 -7.646428850990529172e+06 1.810144320951541886e+07 2.911639395055923238e+07
-9.423275306650768965e+06 1.698021099492656440e+07 -1.721165243332952261e+07 2.800549080532322079e+07
-1.914538423801779002e+07 1.465748108699230477e+06 1.841709476271129400e+07 2.713785156542653218e+07
-1.228060422322381660e+07 2.013760732821170613e+07 1.170686729051894136e+07 2.411989125338341668e+07
-2.600911617636978999e+07 6.175772875905686989e+06 -2.199867719669230282e+06 2.770055749893773347e+07
