9.576066433366471902e+06 2.095205798580390587e+07 -1.338908166464203969e+07 2.984958886039145291e+07
9.364164344276301563e+03 2.513293901493483409e+07 8.519186759321639314e+06 2.534566736717709154e+07
-5.418270573775932193e+06 2.583790999607035518e+07 6.418722860419292701e+05 2.512436147217461467e+07
9.248032069957302883e+06 1.767802780300517380e+07 1.745824242535367236e+07 2.730528354280304164e+07
-1.045914754779357836e+07 1.043701824591460824e+07 2.183826294875900075e+07 2.565960102471682802e+07
-1.788638373705741018e+07 -7.647233358851419762e+06 1.810322733825970814e+07 2.911658879969051480e+07
-9.425531726215284318e+06 1.698089582058139890e+07 -1.720978119493611529e+07 2.800487353877111524e+07
-1.914708831543789059e+07 1.464132730625281110e+06 1.841548018239376321e+07 2.713818582434733585e+07
-1.228051340970509499e+07 2.013607362270444632e+07 1.170960020206213184e+07 2.411995780851387605e+07
-2.600893205680504814e+07 6.175454060589299537e+06 -2.202987970878229942e+06 2.770098112042358145e+07
