9.574681965535361320e+06 2.095108338228590786e+07 -1.339160250496150553e+07 2.984985808235074207e+07
8.848463059272617102e+03 2.513392779276418313e+07 8.516264574829315767e+06 2.534568984305754304e+07
-5.418532074533035979e+06 2.583777744676332921e+07 6.450816577854255447e+05 2.512398732205605879e+07
9.247429165375772864e+06 1.768018551341198757e+07 1.745638175349983573e+07 2.730493429414520040e+07
-1.046109350957546197e+07 1.043497211314591579e+07 2.183835258699848130e+07 2.565986124236376211e+07
-1.788422782301057875e+07 -7.648038059245183133e+06 1.810501108215974271e+07 2.911682713476440310e+07
-9.427787880231330171e+06 1.698158067803203315e+07 -1.720790956458554417e+07 2.800436238699308410e+07
-1.914879232507684082e+07 1.462517577874155715e+06 1.841386521231611073e+07 2.713852039737205952e+07
-1.228042261707956158e+07 2.013453957115292549e+07 1.171233285842361487e+07 2.411996950015976280e+07
-2.600874758477886394e+07 6.175135123662257567e+06 -2.206108176568645053e+06 2.770140472445921227e+07
