9.573297204891026020e+06 2.095010865077190474e+07 -1.339412306276544370e+07 2.985016236179746687e+07
8.332905835629440844e+03 2.513491624331562966e+07 8.513342208773031831e+06 2.534572432468779385e+07
-5.418793506175922230e+06 2.583764451367984712e+07 6.482910156546953367e+05 2.512360449917928502e+07
9.246826426838608459e+06 1.768234302755080536e+07 1.745452070818917453e+07 2.730458712206326798e+07
-1.046303959814386070e+07 1.043292609265599214e+07 2.183844175041316822e+07 2.566009598269279674e+07
-1.788207174150476605e+07 -7.648842952327230014e+06 1.810679444149688631e+07 2.911705527891113237e+07
-9.430043770433222875e+06 1.698226556776864827e+07 -1.720603754084687680e+07 2.800372112639158592e+07
-1.915049626687926427e+07 1.460902650458145887e+06 1.841224985250996053e+07 2.713885465629286319e+07
-1.228033184543222748e+07 2.013300517414391041e+07 1.171506525854911841e+07 2.412003544453260303e+07
-2.600856276031205431e+07 6.174816065078059211e+06 -2.209228336675837170e+06 2.770182832849484310e+07
