9.569141164733633399e+06 2.094718368786780536e+07 -1.340168304305936769e+07 2.985098739064198360e+07
6.787098009206354618e+03 2.513787963117975369e+07 8.504574021114559844e+06 2.534582504734458774e+07
-5.419577386877235025e+06 2.583724341172298044e+07 6.579190046020057052e+05 2.512247128203926980e+07
9.245019207277936861e+06 1.768881439186643809e+07 1.744893533183401823e+07 2.730354475075680763e+07
-1.046887862272588164e+07 1.042678870682709664e+07 2.183870639164607972e+07 2.566085805115170404e+07
-1.787560249353935197e+07 -7.651258787563584745e+06 1.811214221118526533e+07 2.911777358222395182e+07
-9.436809850979670882e+06 1.698432042815461010e+07 -1.720041911533214152e+07 2.800191218447003886e+07
-1.915560768472786248e+07 1.456059220331043005e+06 1.840740143502326310e+07 2.713984668372114375e+07
-1.228005965678014606e+07 2.012839990899219736e+07 1.172326092387768067e+07 2.412023360920525342e+07
-2.600800617245167494e+07 6.173858158875534311e+06 -2.218588543268562760e+06 2.770305926685420051e+07
