9.567755232101883739e+06 2.094620844441301748e+07 -1.340420247166601755e+07 2.985126589611710608e+07
6.272116543687880039e+03 2.513886677242736146e+07 8.501650928901905194e+06 2.534585384020385891e+07
-5.419838542552368715e+06 2.583710894347031787e+07 6.611283059375169687e+05 2.512208573692853004e+07
9.244417132702633739e+06 1.769097112044137344e+07 1.744707279301297292e+07 2.730319250066151470e+07
-1.047082521718376689e+07 1.042474313680463284e+07 2.183879365572611615e+07 2.566111137596263364e+07
-1.787344574319529533e+07 -7.652064451374136843e+06 1.811392403158018366e+07 2.911801312136286497e+07
-9.439064681169688702e+06 1.698500544522945583e+07 -1.719854552206446975e+07 2.800132458328808844e+07
-1.915731135474387929e+07 1.454445194271489978e+06 1.840578451651170850e+07 2.714015337129791826e+07
-1.227996896949918568e+07 2.012686412932717428e+07 1.172599230044082738e+07 2.412029957102831081e+07
-2.600781993843179569e+07 6.173538613199888729e+06 -2.221708520382793620e+06 2.770348437160855532e+07
