9.566369006509734318e+06 2.094523307313863188e+07 -1.340672161778923683e+07 2.985154410493853316e+07
5.757278920941986144e+03 2.513985358625303581e+07 8.498727655316762626e+06 2.534588231895921007e+07
-5.420099629369772039e+06 2.583697409140350670e+07 6.643375930256189313e+05 2.512169390973940492e+07
9.243815224087530747e+06 1.769312765241764858e+07 1.744520988096677139e+07 2.730284744005592912e+07
-1.047277193803341314e+07 1.042269767949151807e+07 2.183888044497436658e+07 2.566136351415875182e+07
-1.787128882552667707e+07 -7.652870307996624149e+06 1.811570546736807749e+07 2.911821788221782073e+07
-9.441319246349202469e+06 1.698569049404583126e+07 -1.719667153644061089e+07 2.800073699955635890e+07
-1.915901495647327602e+07 1.452831393772838637e+06 1.840416720859424025e+07 2.714048703691131994e+07
-1.227987830345808715e+07 2.012532800438419729e+07 1.172872342040461861e+07 2.412042697506802529e+07
-2.600763335207544640e+07 6.173218945634512231e+06 -2.224828451594497077e+06 2.770390917970921099e+07
