9.563595676471270621e+06 2.094328194737373665e+07 -1.341175906234841980e+07 2.985210261660750583e+07
4.728035051132552326e+03 2.514182623148014396e+07 8.492880564310763031e+06 2.534594166714974493e+07
-5.420621596596702002e+06 2.583670323581829667e+07 6.707561236690913793e+05 2.512093934487412125e+07
9.242611904612246901e+06 1.769744012651815265e+07 1.744148293720436841e+07 2.730215402075360715e+07
-1.047666575875882804e+07 1.041860710316237621e+07 2.183905259897762537e+07 2.566185786137710139e+07
-1.786697449001140520e+07 -7.654482599145495333e+06 1.811926718369355798e+07 2.911873802085798606e+07
-9.445827581410318613e+06 1.698706068667738140e+07 -1.719292238837703317e+07 2.799957409959596768e+07
-1.916242195525923371e+07 1.449604469120154157e+06 1.840093142428052798e+07 2.714116096432042494e+07
-1.227969703521071188e+07 2.012225471720701084e+07 1.173418489308892936e+07 2.412055949202154204e+07
-2.600725912244277075e+07 6.172579244659602642e+06 -2.231068175953747705e+06 2.770476748611895368e+07
