9.562208572016358376e+06 2.094230619298904389e+07 -1.341427736070602760e+07 2.985237962136390805e+07
4.213628727187402546e+03 2.514281206280380487e+07 8.489956747026491910e+06 2.534597375810016692e+07
-5.420882477115670219e+06 2.583656723228149489e+07 6.739653671594790649e+05 2.512056969691174105e+07
9.242010493718333542e+06 1.769959606850989535e+07 1.743961890558115020e+07 2.730180775608300045e+07
-1.047861285839161091e+07 1.041656198440771736e+07 2.183913796372631937e+07 2.566212287783391401e+07
-1.786481707159475610e+07 -7.655289033954326995e+06 1.812104746472862735e+07 2.911895686403866112e+07
-9.448081351394537836e+06 1.698774583045111224e+07 -1.719104722586774454e+07 2.799897362015333027e+07
-1.916412535223859549e+07 1.447991344958819449e+06 1.839931294791578501e+07 2.714149403662642464e+07
-1.227960643312015943e+07 2.012071755523220822e+07 1.173691524533005059e+07 2.412060414712873846e+07
-2.600707147920344770e+07 6.172259211148786359e+06 -2.234187969053245150e+06 2.770519320163093135e+07
