9.560821174650378525e+06 2.094133031104319170e+07 -1.341679537630276009e+07 2.985266412971393391e+07
3.699366089411079884e+03 2.514379756655511633e+07 8.487032748627701774e+06 2.534600642490777373e+07
-5.421143288988195360e+06 2.583643084489763901e+07 6.771745961762889056e+05 2.512018895061087981e+07
9.241409248684780672e+06 1.770175181375428662e+07 1.743775450081823394e+07 2.730145669260251150e+07
-1.048056008444817178e+07 1.041451697834109887e+07 2.183922285365330055e+07 2.566235252269936725e+07
-1.786265948649761081e+07 -7.656095661473305896e+06 1.812282736067863554e+07 2.911919580987016857e+07
-9.450334856050454080e+06 1.698843100572470948e+07 -1.718917167129803821e+07 2.799839231849998608e+07
-1.916582868062058091e+07 1.446378446491843089e+06 1.839769408235685527e+07 2.714186727933365852e+07
-1.227951585246529430e+07 2.011918004789255559e+07 1.173964534109059349e+07 2.412067101636311412e+07
-2.600688348371127620e+07 6.171939055562620983e+06 -2.237307715992812533e+06 2.770561860303898901e+07
