9.556657224874854088e+06 2.093840190024928749e+07 -1.342434772644183412e+07 2.985350985451668873e+07
2.157439889081753790e+03 2.514675211202277243e+07 8.478259667319800705e+06 2.534610295951231197e+07
-5.421925313168325461e+06 2.583601937962707505e+07 6.868021947590757627e+05 2.511906712846304849e+07
9.239606508630374447e+06 1.770821786815107986e+07 1.743215904832090437e+07 2.730041161651230231e+07
-1.048640251889410242e+07 1.040838263867991976e+07 2.183947467442695051e+07 2.566310501098873839e+07
-1.785618573099436611e+07 -7.658516700686281547e+06 1.812816473825904727e+07 2.911992878881610930e+07
-9.457093778750222176e+06 1.699048672039494291e+07 -1.718354265472146496e+07 2.799661244864119217e+07
-1.917093825549333543e+07 1.441541103613320738e+06 1.839283514905960485e+07 2.714289347428827360e+07
-1.227924423959369957e+07 2.011456545328861848e+07 1.174783409010271914e+07 2.412087216502300277e+07
-2.600631738401751965e+07 6.170977856041812338e+06 -2.246666677715404890e+06 2.770703632852903381e+07
