9.521855125364210457e+06 2.091395405274150893e+07 -1.348718482448587008e+07 2.986043294920142367e+07
-1.064181235522124916e+04 2.517125852870523557e+07 8.405087511836417019e+06 2.534691479599221423e+07
1.653747394911503792e+07 9.052049184836667031e+06 1.922008877925030887e+07 3.027904454733767733e+07
-5.428418357080081478e+06 2.583245612771457061e+07 7.670268007989469916e+05 2.510964675056780875e+07
9.224641653932780027e+06 1.776203254781848937e+07 1.738539984852392972e+07 2.729178658464119956e+07
-1.053513345200840756e+07 1.035730287625124305e+07 2.184140699054270238e+07 2.566934758208205923e+07
-1.780217962649480999e+07 -7.678759540031409822e+06 1.817250799669791386e+07 2.912597801149687544e+07
-9.513325147532071918e+06 1.700762851951390132e+07 -1.713649709562302753e+07 2.798190852871916443e+07
-1.921349388457046077e+07 1.401308890479790047e+06 1.835220788227462396e+07 2.715115154553052783e+07
-1.227698850487709045e+07 2.007598969456732273e+07 1.181598373100675456e+07 2.412261486591801047e+07
