9.520459234149206430e+06 2.091297449621750414e+07 -1.348969461869093217e+07 2.986073424466091394e+07
-1.115192535315267742e+04 2.517223451692499593e+07 8.402158288099344820e+06 2.534694866686484590e+07
1.653526288853680715e+07 9.052877518046449870e+06 1.922157905438350514e+07 3.027847495478043705e+07
-5.428677200440006331e+06 2.583230860564839840e+07 7.702355763574001612e+05 2.510927141383444518e+07
9.224045210837220773e+06 1.776418256084635854e+07 1.738352464103785157e+07 2.729143943000948429e+07
-1.053708431677883677e+07 1.035526116833965294e+07 2.184147811043635011e+07 2.566960959710142016e+07
-1.780001723060065880e+07 -7.679571762622695416e+06 1.817427671214480326e+07 2.912621873725059256e+07
-9.515570942789625376e+06 1.700831458792680502e+07 -1.713461018720042333e+07 2.798136050463104993e+07
-1.921519520477427915e+07 1.399702537457590923e+06 1.835057773892099038e+07 2.715149151067253202e+07
-1.227689856822651997e+07 2.007444218096118420e+07 1.181870636853273585e+07 2.412271110386884212e+07
