9.519063049915120006e+06 2.091199481373092905e+07 -1.349220412893329188e+07 2.986099716709160060e+07
-1.166189583518635482e+04 2.517321017643458024e+07 8.399228885231334716e+06 2.534699454348728433e+07
1.653305169916107692e+07 9.053706036928720772e+06 1.922306893678008392e+07 3.027792602328100055e+07
-5.428935976692663506e+06 2.583216069951976091e+07 7.734443351817756193e+05 2.510890146921836212e+07
9.223448933021478355e+06 1.776633237539172918e+07 1.738164906159511581e+07 2.729108417847673967e+07
-1.053903530634329841e+07 1.035321957491049357e+07 2.184154875550760701e+07 2.566986712741482258e+07
-1.779785466975463182e+07 -7.680384178314360790e+06 1.817604504148832336e+07 2.912645977710822970e+07
-9.517816471875421703e+06 1.700900068649008498e+07 -1.713272288766241819e+07 2.798077142018059269e+07
-1.921689645487811416e+07 1.398096410340666771e+06 1.834894720717569441e+07 2.715182458297853172e+07
-1.227680865454931185e+07 2.007289432255850360e+07 1.182142874831126444e+07 2.412277254608550668e+07
