9.517666572936611250e+06 2.091101500553018227e+07 -1.349471335467317328e+07 2.986127986061898246e+07
-1.217172387668862939e+04 2.517418550726582482e+07 8.396299303089566529e+06 2.534703141579736769e+07
1.653084038099056669e+07 9.054534741510910913e+06 1.922455842644755542e+07 3.027739000494268909e+07
-5.429194685899727046e+06 2.583201240931583196e+07 7.766530773240089184e+05 2.510852553917759657e+07
9.222852820537736639e+06 1.776848199113807455e+07 1.737977311046113446e+07 2.729075681239194423e+07
-1.054098642073022015e+07 1.035117809593669511e+07 2.184161892575960979e+07 2.567010846392616257e+07
-1.779569194426979870e+07 -7.681196787023321725e+06 1.817781298448587209e+07 2.912673587445330620e+07
-9.520061734863284975e+06 1.700968681518984213e+07 -1.713083519695475698e+07 2.798012565742291883e+07
-1.921859763478381932e+07 1.396490509181158617e+06 1.834731628711156175e+07 2.715215765528452769e+07
-1.227671876391032897e+07 2.007134611961303279e+07 1.182415086988735572e+07 2.412284271341103688e+07
