9.516269803142167628e+06 2.091003507162068412e+07 -1.349722229599317349e+07 2.986156616634143889e+07
-1.268140951083321124e+04 2.517516050936950371e+07 8.393369541774664074e+06 2.534706319264387339e+07
1.652862893343258277e+07 9.055363632043616846e+06 1.922604752379424497e+07 3.027677842716156691e+07
-5.429453328107461333e+06 2.583186373503250629e+07 7.798618026477698004e+05 2.510814988834031671e+07
9.222256873268304393e+06 1.777063140838170797e+07 1.737789678736652061e+07 2.729040784293758497e+07
-1.054293765956404246e+07 1.034913673181380704e+07 2.184168862118107826e+07 2.567038396796383709e+07
-1.779352905371802673e+07 -7.682009588944917545e+06 1.817958054150075838e+07 2.912697900833707303e+07
-9.522306730868099257e+06 1.701037297371903062e+07 -1.712894711582975090e+07 2.797953566556113958e+07
-1.922029874443227798e+07 1.394884833994565532e+06 1.834568497876402736e+07 2.715249072759052739e+07
-1.227662889634968713e+07 2.006979757195364684e+07 1.182687273355331458e+07 2.412288288381227478e+07
-2.600068176443756744e+07 6.161629343813341111e+06 -2.337114858052702621e+06 2.771926095641504228e+07
