9.514872740362109616e+06 2.090905501193921641e+07 -1.349973095315172896e+07 2.986181889784495905e+07
-1.319095275907404721e+04 2.517613518267398700e+07 8.390439601454652846e+06 2.534710067571157590e+07
1.652641735766389780e+07 9.056192708114087582e+06 1.922753622803704813e+07 3.027624268802674115e+07
-5.429711903372196481e+06 2.583171467666005716e+07 7.830705111377562862e+05 2.510776945614337176e+07
9.221661091221395880e+06 1.777278062696499005e+07 1.737602009243796766e+07 2.729005109068611637e+07
-1.054488902335703187e+07 1.034709548200855032e+07 2.184175784179242328e+07 2.567060760995438695e+07
-1.779136599804020301e+07 -7.682822584135887213e+06 1.818134771259438619e+07 2.912717237419984862e+07
-9.524551460132092237e+06 1.701105916211515293e+07 -1.712705864409203082e+07 2.797896336822015047e+07
-1.922199978385991603e+07 1.393279384705943987e+06 1.834405328207693249e+07 2.715280701278705895e+07
-1.227653905194352567e+07 2.006824868002910540e+07 1.182959433851193078e+07 2.412297432295322791e+07
-2.600048215642712265e+07 6.161305133752250113e+06 -2.340233045455263928e+06 2.771968726523442194e+07
