9.513475384896405041e+06 2.090807482675175369e+07 -1.350223932556439191e+07 2.986210159137234464e+07
-1.370035366839822382e+04 2.517710952715653554e+07 8.387509482150739990e+06 2.534713964204778895e+07
1.652420565275599062e+07 9.057021970098860562e+06 1.922902453981025890e+07 3.027564880476640537e+07
-5.429970411728156731e+06 2.583156523420146108e+07 7.862792025065409252e+05 2.510740460699087009e+07
9.221065474452018738e+06 1.777492964656085894e+07 1.737414302595032379e+07 2.728972402125502005e+07
-1.054684051160448603e+07 1.034505434705151990e+07 2.184182658757783473e+07 2.567084953977313265e+07
-1.778920277801274881e+07 -7.683635772338942625e+06 1.818311449714570493e+07 2.912741491477621347e+07
-9.526795922852687538e+06 1.701174538040190190e+07 -1.712516978158371896e+07 2.797837667444952577e+07
-1.922370075281544402e+07 1.391674161512024701e+06 1.834242119727006927e+07 2.715314038174675778e+07
-1.227644923071920127e+07 2.006669944344858825e+07 1.183231568544156849e+07 2.412303576516989246e+07
-2.600028219688246772e+07 6.160980800040906295e+06 -2.343351184507649858e+06 2.772011325994988158e+07
