9.512077736656744033e+06 2.090709451605204493e+07 -1.350474741334374435e+07 2.986239449327710271e+07
-1.420961228862497956e+04 2.517808354280006140e+07 8.384579183867062442e+06 2.534717412367804348e+07
1.652199381947863474e+07 9.057851417737705633e+06 1.923051245860511437e+07 3.027509299788118154e+07
-5.430228853251733817e+06 2.583141540763534978e+07 7.894878769894704456e+05 2.510702686212746054e+07
9.220470022868722677e+06 1.777707846737090126e+07 1.737226558771678805e+07 2.728939035564162210e+07
-1.054879212435831688e+07 1.034301332689099573e+07 2.184189485854135454e+07 2.567109447102932632e+07
-1.778703939334325492e+07 -7.684449153698356822e+06 1.818488089540702850e+07 2.912765743790235743e+07
-9.529040119143815711e+06 1.701243162857766822e+07 -1.712328052821686491e+07 2.797775460908754170e+07
-1.922540165133508295e+07 1.390069164338191971e+06 1.834078872428750247e+07 2.715347404736015573e+07
-1.227635943274077028e+07 2.006514986245349795e+07 1.183503677390960045e+07 2.412310832317525148e+07
-2.600008188582537696e+07 6.160656342633742839e+06 -2.346469275138944853e+06 2.772053956876926124e+07
