9.510679795301608741e+06 2.090611407965621352e+07 -1.350725521705652215e+07 2.986262354483515397e+07
-1.471872865006607026e+04 2.517905722954966500e+07 8.381648706721538678e+06 2.534720979192310199e+07
1.651978185741388984e+07 9.058681051215764135e+06 1.923199998471199721e+07 3.027451049216281250e+07
-5.430487227983124554e+06 2.583126519696130231e+07 7.926965343725191196e+05 2.510664972802167013e+07
9.219874736417051405e+06 1.777922708946352080e+07 1.737038777766664699e+07 2.728903239932512864e+07
-1.055074386148275621e+07 1.034097242167150229e+07 2.184196265468044207e+07 2.567135589274128526e+07
-1.778487584409442917e+07 -7.685262728225057945e+06 1.818664690734043717e+07 2.912789997847872227e+07
-9.531284048504956067e+06 1.701311790645271540e+07 -1.712139088442108035e+07 2.797715831769715995e+07
-1.922710247936316952e+07 1.388464393196495250e+06 1.833915586316137388e+07 2.715380741631985456e+07
-1.227626965805653110e+07 2.006359993701374158e+07 1.183775760396055505e+07 2.412318056707669422e+07
-2.599988122327694669e+07 6.160331761484350078e+06 -2.349587317287983838e+06 2.772096587758864090e+07
