9.509281561488853768e+06 2.090513351808127761e+07 -1.350976273547668010e+07 2.986292902834690735e+07
-1.522770279339980334e+04 2.518003058737079427e+07 8.378718050770990551e+06 2.534724607092578337e+07
1.651756976672583818e+07 9.059510870499800891e+06 1.923348711802976951e+07 3.027391540483745188e+07
-5.430745535964356735e+06 2.583111460217790678e+07 7.959051744644518476e+05 2.510628458221546933e+07
9.219279615169400349e+06 1.778137551244901493e+07 1.736850959612965584e+07 2.728869632558167726e+07
-1.055269572319362499e+07 1.033893163116995990e+07 2.184202997600474954e+07 2.567159332040384784e+07
-1.778271213025703281e+07 -7.686076495956967585e+06 1.818841253296672925e+07 2.912813260733141005e+07
-9.533527711043467745e+06 1.701380421402337402e+07 -1.711950085011414066e+07 2.797656773252797499e+07
-1.922880323683902994e+07 1.386859848103588447e+06 1.833752261392870173e+07 2.715414078527955338e+07
-1.227617990672057681e+07 2.006204966719891131e+07 1.184047817546377145e+07 2.412326031457176432e+07
-2.599968020922679454e+07 6.160007056494954973e+06 -2.352705311383153312e+06 2.772134480906685814e+07
