9.507883034765385091e+06 2.090415283106511086e+07 -1.351226996937110834e+07 2.986321292593931407e+07
-1.573653477132692933e+04 2.518100361625132337e+07 8.375787216004569083e+06 2.534727545709245652e+07
1.651535754785035923e+07 9.060340875454748049e+06 1.923497385827466846e+07 3.027335869054090232e+07
-5.431003777268979698e+06 2.583096362326539680e+07 7.991137974653097335e+05 2.510590624404465407e+07
9.218684659003350884e+06 1.778352373664062470e+07 1.736663104282117635e+07 2.728833028981437162e+07
-1.055464770915203728e+07 1.033689095574324019e+07 2.184209682250473276e+07 2.567185144402465597e+07
-1.778054825203658640e+07 -7.686890456851338036e+06 1.819017777213147283e+07 2.912837514790777490e+07
-9.535771106669243425e+06 1.701449055122543871e+07 -1.711761042538022995e+07 2.797598913565838337e+07
-1.227609017878018878e+07 2.006049905296200886e+07 1.184319848849336244e+07 2.412333287257712707e+07
-2.599947884376100451e+07 6.159682227724132128e+06 -2.355823256355852354e+06 2.772177291525866836e+07
