9.506484215171206743e+06 2.090317201869148761e+07 -1.351477691862191446e+07 2.986348303785970435e+07
-1.624522458439134061e+04 2.518197631608000025e+07 8.372856202710290439e+06 2.534732101961097494e+07
1.651314520058638416e+07 9.061171066184388474e+06 1.923646020559116080e+07 3.027280497768180817e+07
-5.431261951921381056e+06 2.583081226023268700e+07 8.023224029655284248e+05 2.510554649035573378e+07
9.218089868024433032e+06 1.778567176152890548e+07 1.736475211817584559e+07 2.728799721750837192e+07
-1.055659981941562332e+07 1.033485039533360675e+07 2.184216319418459386e+07 2.567211406980163604e+07
-1.777838420942182466e+07 -7.687704610946691595e+06 1.819194262485723197e+07 2.912861737438021600e+07
-9.538014235516848043e+06 1.701517691806349903e+07 -1.711571961011413485e+07 2.797539882969268411e+07
-1.227600047428943962e+07 2.005894809437063709e+07 1.184591854292215593e+07 2.412340570978597179e+07
-2.599927712686825171e+07 6.159357275072593242e+06 -2.358941152650006581e+06 2.772220131810417771e+07
