9.505085102788630873e+06 2.090219108107357845e+07 -1.351728358303599618e+07 2.986375615121755004e+07
-1.675377232487965375e+04 2.518294868692053482e+07 8.369925010648839176e+06 2.534735188904615864e+07
1.651093272472399846e+07 9.062001442795824260e+06 1.923794616012946144e+07 3.027221769060377777e+07
-5.431520060019910336e+06 2.583066051304540038e+07 8.055309914731243625e+05 2.510515136507545412e+07
9.217495242107348517e+06 1.778781958743765950e+07 1.736287282189967856e+07 2.728764376334805787e+07
-1.055855205405958556e+07 1.033280994986499846e+07 2.184222909104903042e+07 2.567236229914898425e+07
-1.777622000247754157e+07 -7.688518958253216930e+06 1.819370709110438079e+07 2.912885961830288172e+07
-9.540257097453482449e+06 1.701586331446027383e+07 -1.711382840443600342e+07 2.797480883783090487e+07
-1.923390508515890688e+07 1.382047569462465122e+06 1.833262053814171255e+07 2.715517685705741122e+07
-1.227591079328692332e+07 2.005739679122757539e+07 1.184863833908750676e+07 2.412343509595264494e+07
-2.599907505856955424e+07 6.159032198493481614e+06 -2.362059000207448844e+06 2.772262942429598421e+07
