9.503685697583571076e+06 2.090121001824326441e+07 -1.351978996262830310e+07 2.986402416911181435e+07
-1.726217800464853644e+04 2.518392072868303582e+07 8.366993640043926425e+06 2.534738457330398262e+07
1.650872012074327841e+07 9.062832005137259141e+06 1.923943172157632187e+07 3.027165376936730370e+07
-5.431778101564253680e+06 2.583050838172709197e+07 8.087395622705606511e+05 2.510478142045937106e+07
9.216900781301077455e+06 1.778996721406147629e+07 1.736099315424901247e+07 2.728730439151345566e+07
-1.056050441280960664e+07 1.033076961962663569e+07 2.184229451309094951e+07 2.567263091035065055e+07
-1.777405563126599044e+07 -7.689333498781886883e+06 1.819547117083549127e+07 2.912910184477532282e+07
-9.542499692440856248e+06 1.701654974036744982e+07 -1.711193680838633701e+07 2.797421854931542650e+07
-1.923560555983031541e+07 1.380443928721768782e+06 1.833098573684218153e+07 2.715551113342843205e+07
-1.227582113585031405e+07 2.005584514401160553e+07 1.185135787614164129e+07 2.412350795061171055e+07
