1.308547475253182463e+07 2.173226944891796261e+07 7.957344502324245870e+06 2.378014125511350483e+07
8.555115394412834197e+06 1.294045707866125181e+07 2.155646211600462347e+07 2.368953497814986855e+07
6.035613833759706467e+05 1.890659489392275363e+07 -1.851616767787383869e+07 2.538633721109576151e+07
-1.456552597382152453e+06 2.406693148405541107e+07 1.037679738393285684e+07 2.070139471499425173e+07
1.062534030948238820e+07 2.443260479147528112e+07 -2.584833703040564433e+05 2.402504619637928903e+07
-8.385298504497500136e+06 1.648160213433651626e+07 1.893627287092408910e+07 2.075004894094014540e+07
-1.035400229537723213e+07 2.211594332733372226e+07 -1.014937265151087381e+07 2.246316887249441445e+07
-1.597040178386995941e+07 -3.727872386368921027e+06 2.086745144364079088e+07 2.426412229376413673e+07
-1.854483340832136944e+07 8.257422926308444701e+06 1.730002812054431066e+07 2.177012246387567371e+07
-2.034586891952044144e+07 1.497680191287007928e+07 -7.836771364121211693e+06 2.250105305090421066e+07
