1.308557463788366690e+07 2.173330981171362847e+07 7.954378788011956029e+06 2.378025967229108885e+07
8.553208327215231955e+06 1.294242162339664623e+07 2.155603498798541725e+07 2.368891230203026161e+07
6.019123068848028779e+05 1.890829232347036898e+07 -1.851446193781797588e+07 2.538565457602800429e+07
-1.457109048658511601e+06 2.406566168804416060e+07 1.037964822648051940e+07 2.070128259734527767e+07
1.062499184725892544e+07 2.443269817988295853e+07 -2.615854079937872884e+05 2.402528393814577162e+07
-8.386322432831270620e+06 1.647939560190507770e+07 1.893776181117178872e+07 2.075028607194901258e+07
-1.035501706606080569e+07 2.211675038873806596e+07 -1.014650342696018517e+07 2.246248983217151091e+07
-1.596855833994221687e+07 -3.729777443454944529e+06 2.086851548115066066e+07 2.426463494626089558e+07
-1.854693688983674347e+07 8.256784362568344921e+06 1.729813138099320605e+07 2.177024356838678569e+07
-2.034542421324320510e+07 1.497584743409178592e+07 -7.839732423483562656e+06 2.250164723081824556e+07
