1.308607321934706718e+07 2.173850622565687448e+07 7.939547686110090464e+06 2.378083317369710281e+07
8.543675242702731863e+06 1.295224541983137280e+07 2.155389246783212200e+07 2.368581965229091421e+07
5.936704911042079329e+05 1.891677849183446541e+07 -1.850592726833271235e+07 2.538205766734663025e+07
-1.459893718505919911e+06 2.405930788989442959e+07 1.039389900600134023e+07 2.070070340716827661e+07
1.062324722786303051e+07 2.443316010986785218e+07 -2.770955126402303576e+05 2.402645612162199989e+07
-8.391444866752490401e+06 1.646836118241385743e+07 1.894520040478384122e+07 2.075147265185487270e+07
-1.036008663214427233e+07 2.212078252758564427e+07 -1.013215402515069023e+07 2.245917833925148845e+07
-1.595934145704516396e+07 -3.739305865900526755e+06 2.087382899424342439e+07 2.426720026787037030e+07
-1.855745132882874086e+07 8.253594201818507165e+06 1.728864223247035593e+07 2.177081108436811715e+07
-2.034319782082297653e+07 1.497107042287694290e+07 -7.854535186124725267e+06 2.250457380683536828e+07
