1.308617276620418020e+07 2.173954442838079482e+07 7.936580960115002468e+06 2.378094529134608060e+07
8.541769076377600431e+06 1.295421039329952188e+07 2.155346258785182610e+07 2.368520477641863748e+07
5.920228414807524532e+05 1.891847552911139652e+07 -1.850421914092568308e+07 2.538131568408833817e+07
-1.460451135396068916e+06 2.405803616703620553e+07 1.039674847464220412e+07 2.070060266706126556e+07
1.062289784203713760e+07 2.443325149358762056e+07 -2.801975162113643601e+05 2.402670075622449443e+07
-8.392469912052690983e+06 1.646615394736486673e+07 1.894668690184873343e+07 2.075169269910057262e+07
-1.036109968807134777e+07 2.212158832139103860e+07 -1.012928348917381465e+07 2.245850859989463910e+07
-1.595749814823121205e+07 -3.741212177557617426e+06 2.087489036181128398e+07 2.426771351367452741e+07
-1.855955362240224704e+07 8.252956701163653284e+06 1.728674331299750134e+07 2.177093218887922913e+07
-2.034275197051805258e+07 1.497011409713082388e+07 -7.857495231220262125e+06 2.250516559606957063e+07
