1.308627225645337068e+07 2.174058227102394402e+07 7.933614065847409889e+06 2.378106850733353943e+07
8.539863060278940946e+06 1.295617543809980899e+07 2.155303224922873080e+07 2.368458150699162856e+07
5.903754300297796726e+05 1.892017250047886372e+07 -1.850251061606486142e+07 2.538061867004116252e+07
-1.461008713387810625e+06 2.405676412311298028e+07 1.039959771425561234e+07 2.070048515729500726e+07
1.062254830211305618e+07 2.443334254326453432e+07 -2.832995139661131543e+05 2.402693699727225304e+07
-8.393495143445527181e+06 1.646394659558853135e+07 1.894817299150395393e+07 2.075193073752075806e+07
-1.036211245823227614e+07 2.212239390371588618e+07 -1.012641273489997536e+07 2.245784666078511998e+07
-1.595565486215610057e+07 -3.743118698180533946e+06 2.087595128430266306e+07 2.426822855685111508e+07
-1.856165571778266877e+07 8.252319377626553178e+06 1.728484403035086021e+07 2.177105360749426112e+07
-2.034230592972720042e+07 1.496915746352100000e+07 -7.860455107023206539e+06 2.250575947932990640e+07
