1.308657038705483079e+07 2.174369363878888264e+07 7.924712372907255776e+06 2.378139018464735150e+07
8.534145914042187855e+06 1.296207099965735897e+07 2.155173848165843636e+07 2.368270749320812896e+07
5.854346233088374138e+05 1.892526302011511475e+07 -1.849738265548723191e+07 2.537851111999365315e+07
-1.462682414145163260e+06 2.405294606585844979e+07 1.040814405726871453e+07 2.070014068999682739e+07
1.062149875735967979e+07 2.443361368822299317e+07 -2.926054712707768194e+05 2.402763460462683067e+07
-8.396571954559136182e+06 1.645732383973162621e+07 1.895262881623750180e+07 2.075264424202369899e+07
-1.036514905443020165e+07 2.212480938138395548e+07 -1.011779916241028346e+07 2.245585573054276407e+07
-1.595012514085965604e+07 -3.748839513611182570e+06 2.087913138114806637e+07 2.426976798015967384e+07
-1.856796081429597363e+07 8.250408469508051872e+06 1.727914400368744135e+07 2.177140496762844920e+07
-2.034096666496826708e+07 1.496628571540766023e+07 -7.869333717969371006e+06 2.250756063845434412e+07
