-3.349551283280272968e+06 1.640759094192246348e+07 -2.076858870252990350e+07 3.013633914459350333e+07
-5.170575301326210611e+05 2.607327113429613039e+07 4.906289071725350805e+06 2.584848797500340268e+07
1.390400597510576993e+07 1.013737228031467088e+07 2.067635518432824686e+07 2.997901855628450587e+07
-5.696911126871014014e+06 2.540293938117592409e+07 4.456856545181401074e+06 2.512700804199788347e+07
8.638480763198625296e+06 2.010599782545141503e+07 1.497348209061188065e+07 2.734471974357860163e+07
-1.286687072814765759e+07 8.080731291844874620e+06 2.160610158733914793e+07 2.634868269151446223e+07
-1.520171896148961410e+07 -8.751632600709009916e+06 1.995419689231484011e+07 2.985015726633388922e+07
-1.192720499410568550e+07 1.780968308585856482e+07 -1.469942440358540788e+07 2.767617389088485390e+07
-1.220119057469484955e+07 1.805965674959539622e+07 1.478339832419797406e+07 2.466605645705331489e+07
-2.554218374048418552e+07 5.693328691667021252e+06 -5.889969968183927238e+06 2.862819182638889924e+07
