-3.351970732738301158e+06 1.640850804413977079e+07 -2.076742866499270126e+07 3.013575306158049777e+07
-5.174309732474246994e+05 2.607384467832321674e+07 4.903194910676063970e+06 2.584865645685567707e+07
1.390168617458363622e+07 1.013841680566742085e+07 2.067737153602239862e+07 2.997841627946943790e+07
-5.697127323321705684e+06 2.540234554093881324e+07 4.459999599277538247e+06 2.512675860858551413e+07
8.638060145178807899e+06 2.010788021663077921e+07 1.497120485376338288e+07 2.734450779323393852e+07
-1.286893190001332201e+07 8.078855110741887242e+06 2.160562539489748329e+07 2.634894531729144230e+07
-1.519940817625704035e+07 -8.752672830025816336e+06 1.995549496598588303e+07 2.985051433268927783e+07
-1.192911647211456113e+07 1.781036929180544615e+07 -1.469711648488815129e+07 2.767558569639550149e+07
-1.220116065081330948e+07 1.805773264023881406e+07 1.478578358856252395e+07 2.466626120045805350e+07
-2.554159527621287853e+07 5.692832293493711390e+06 -5.892989741171671078e+06 2.862867778005251288e+07
