-3.354389996191707440e+06 1.640942524219184369e+07 -2.076626819138550013e+07 3.013513188617961854e+07
-5.178043244373910129e+05 2.607441785917304084e+07 4.900100645137926564e+06 2.584883813107256591e+07
1.389936631568844430e+07 1.013946151568693295e+07 2.067838746428103372e+07 2.997781220528194681e+07
-5.697343513451931067e+06 2.540175131774346158e+07 4.463142556910984218e+06 2.512650498712088540e+07
8.637639662919884548e+06 2.010976234618195146e+07 1.496892729674347490e+07 2.734429254479811713e+07
-1.287099313563684933e+07 8.076979098500546999e+06 2.160514873514617980e+07 2.634920792561820894e+07
-1.519709730081616715e+07 -8.753713256781505421e+06 1.995679261535116658e+07 2.985090404840205610e+07
-1.193102764270217344e+07 1.781105546689723432e+07 -1.469480823243248835e+07 2.767499210978886858e+07
-1.220113080620754883e+07 1.805580822852110863e+07 1.478816853019783460e+07 2.466646896275046468e+07
-2.554100649262236431e+07 5.692335722161184996e+06 -5.896009392417314462e+06 2.862916375116634369e+07
