-3.356809073244596832e+06 1.641034253590545058e+07 -2.076510728189574182e+07 3.013451821437236667e+07
-5.181775837949896231e+05 2.607499067689280584e+07 4.897006274799819104e+06 2.584899642199768126e+07
1.389704639844891801e+07 1.014050641038008034e+07 2.067940296909647062e+07 2.997720212821954861e+07
-5.697559697308798321e+06 2.540115671161330491e+07 4.466285417938423343e+06 2.512625436709370837e+07
8.637219316402345896e+06 2.011164421400242299e+07 1.496664941966476664e+07 2.734408239182588086e+07
-1.287305443457150832e+07 8.075103255516201258e+06 2.160467160818796977e+07 2.634952721225219220e+07
-1.519478633433406986e+07 -8.754753881377104670e+06 1.995808984088728577e+07 2.985120984601772949e+07
-1.193293850570943207e+07 1.781174161103171483e+07 -1.469249964643166214e+07 2.767441380957297608e+07
-1.220110104092751443e+07 1.805388351482059434e+07 1.479055314863752760e+07 2.466673188518114761e+07
-2.554041738974672183e+07 5.691838977630471811e+06 -5.899028921858781017e+06 2.862964970482996106e+07
