-51	-51	-59	-54	-56	0	0	-79	-74	0	-74	-74	-74	0	0	0	-79	-91	-90	-90	-82	-81	-91	-90	-81	-82	-83	0	-92	0	0	0	0	-58	0	0	0	0	-94	0	0	0	0	0	0	0	0	0	0	0	0	0	0	0	0	0	0	0	0	0	0	0	0	0	0	0	0	0	-90	0	0	0	0	0	0	0	0	0	0	0	0	-69	0	0	0	0	0	0	0	0	0	0	0	0	0	0	0	0	3497	-2997	3873	21747	-7706	-194	-39	972	196	1	0	0	-33	955	219	1606974583
-50	-47	0	-55	-56	-60	-79	-78	-81	-71	-82	-81	-75	-75	0	0	-81	-90	-91	-90	0	-83	-90	-89	0	0	-85	0	-91	0	0	-91	-92	-56	0	0	0	0	-93	0	0	0	0	0	0	0	0	0	0	0	0	0	-88	0	0	0	0	0	0	0	0	0	0	0	0	0	0	0	-92	0	0	0	0	0	0	0	0	0	0	0	0	-62	0	0	0	0	0	0	0	0	0	0	0	0	0	0	0	0	3527	-2907	3962	21749	-7739	-194	-34	968	217	0	0	0	-34	956	214	1606974585
0	-52	-58	-55	0	0	-77	0	-79	-69	-78	-77	-74	0	0	0	0	-88	-89	-87	0	-82	-89	-88	0	0	-86	-91	0	0	0	-93	0	-58	0	0	0	0	0	0	0	-90	0	0	0	0	0	0	0	0	0	0	0	0	0	0	0	0	0	0	0	0	0	0	0	0	0	0	-92	0	0	0	0	0	0	0	0	0	0	0	0	-65	0	0	0	0	0	0	0	0	0	0	0	0	-92	0	0	0	3497	-3012	3917	21751	-7738	-194	-33	968	217	0	0	-1	-34	956	214	1606974586
-54	-52	0	-56	-59	-61	0	0	-75	0	-76	-74	-74	0	0	-84	-78	-90	-89	-90	-79	-79	-88	-89	0	-78	-84	-92	-92	0	-91	0	-91	-55	0	0	0	0	-90	0	0	0	0	0	0	0	0	0	0	-89	0	0	0	0	0	0	0	0	0	0	0	0	0	0	0	0	0	0	-91	0	0	0	0	0	0	0	0	0	0	0	0	-71	0	0	0	0	0	0	0	0	0	0	0	0	0	0	0	0	3497	-2952	3947	21748	-7723	-194	-34	967	220	0	0	-1	-34	955	216	1606974588
0	-49	0	-56	-60	0	0	-76	-73	-70	-72	-71	-74	-71	0	0	0	-90	-88	-89	-77	-77	-89	-88	-75	-77	-85	-91	-91	0	0	-91	-92	-57	0	0	0	0	-92	0	0	0	0	0	-87	0	0	0	0	0	0	0	0	0	0	0	0	0	0	0	0	0	0	0	0	0	0	0	-90	0	0	0	0	0	0	0	0	0	0	0	0	-61	0	0	0	0	0	0	0	0	0	0	0	0	-92	0	0	0	3497	-2967	3999	21747	-7719	-194	-34	967	220	0	0	0	-34	955	217	1606974589
0	0	-56	-57	-55	-61	-77	-71	-75	0	-76	-75	-76	-71	0	0	0	-90	-90	-89	0	-76	-91	-89	0	0	-82	-91	-91	0	0	-91	0	-57	0	0	0	0	-92	0	0	0	-92	0	0	0	0	0	0	0	0	0	0	0	0	0	0	0	0	0	0	0	0	0	0	0	0	0	-89	0	0	0	0	0	0	0	0	0	0	0	0	-65	0	0	0	0	0	0	0	0	0	0	0	0	0	0	0	0	3512	-2967	3932	21747	-7719	-193	-33	968	219	0	0	-1	-33	955	217	1606974591
0	-53	-54	-56	0	0	-78	-76	-76	-69	-77	-75	-76	-73	0	-85	-78	-90	-89	0	0	-80	-90	-90	0	0	-84	-91	-94	0	0	-90	-91	-58	0	0	0	0	0	0	0	0	0	0	0	0	0	0	0	0	0	-97	0	0	0	0	0	0	0	0	0	0	0	0	0	0	0	0	-90	0	0	0	0	0	0	0	0	0	0	0	0	-63	0	0	0	0	0	0	0	0	0	0	0	0	0	0	0	0	3527	-3005	3932	21747	-7717	-193	-34	967	220	0	0	0	-33	955	217	1606974592
-53	-49	0	-54	-57	0	-78	-72	-79	0	-79	-79	-81	-72	0	-86	0	-93	-90	-92	0	-77	0	-93	0	0	-87	-92	-91	0	-92	-92	-90	-59	-65	0	0	0	-91	0	0	0	0	0	0	0	0	0	0	0	0	0	0	0	0	0	0	0	0	0	0	0	0	0	0	0	0	0	0	0	0	0	0	0	0	0	0	0	0	0	0	-71	0	0	0	0	0	0	0	0	0	0	0	0	0	0	0	0	3527	-2952	3970	21746	-7712	-193	-34	967	220	-1	-1	0	-33	955	218	1606974594
0	-53	0	-54	0	-60	-78	-71	-76	-69	-77	-75	-76	-71	0	0	-77	-90	-89	-89	-76	-78	-89	-91	-76	-77	0	-91	-93	0	0	-91	-92	-56	0	0	0	0	-94	0	0	0	0	0	0	0	0	0	0	0	0	0	0	0	0	0	0	0	0	0	0	0	0	0	0	0	0	0	-91	0	0	0	0	0	0	0	0	0	0	0	0	-67	0	0	0	0	0	0	0	0	0	0	0	0	0	0	0	0	3497	-2967	3932	21746	-7714	-192	-34	967	220	-1	-1	0	-33	955	218	1606974596
-52	-52	-60	0	-56	-62	0	-71	-78	-68	-79	-78	-83	0	0	0	0	-94	-92	0	0	0	-92	-92	0	0	-85	-92	-92	0	0	-91	-91	-58	0	0	0	0	-91	0	0	0	0	0	0	0	0	-90	0	0	0	0	0	0	0	0	0	0	0	0	0	0	0	0	0	0	0	0	0	0	0	0	0	0	0	0	0	0	0	0	0	-65	0	0	0	0	0	0	0	0	0	0	0	0	0	0	0	0	3550	-2922	3932	21746	-7713	-192	-34	967	220	-1	-1	0	-33	955	218	1606974597
-62	-51	-54	0	-57	-60	-71	-71	-78	0	-78	-78	-82	-76	0	-85	-77	-93	-91	-91	-78	-77	0	-92	-77	-77	-83	0	-92	0	0	0	0	-59	0	0	0	0	-92	0	0	0	0	0	0	0	0	0	0	0	0	0	0	0	0	0	0	0	0	0	0	0	0	0	0	0	0	0	0	0	0	0	0	0	0	0	0	0	0	0	0	-72	0	0	0	0	0	0	0	0	0	0	0	0	0	0	0	0	3542	-2983	3947	21746	-7711	-192	-34	967	220	-1	-1	0	-33	955	218	1606974599
0	-49	-59	-56	-57	-60	0	0	-79	-69	-77	-78	-81	0	0	0	0	-92	-91	-91	0	-78	-92	-92	0	0	-85	-93	-93	0	0	-90	-92	-57	0	0	0	0	-89	0	0	0	0	0	-90	0	0	0	0	0	0	0	0	0	0	0	0	0	0	0	0	0	0	0	0	0	0	0	0	0	0	0	0	0	0	0	0	0	0	0	0	-72	0	0	0	0	0	0	0	0	0	0	0	0	0	0	0	0	3512	-2967	3932	21746	-7711	-191	-33	967	220	-1	-1	0	-33	955	218	1606974600
-52	-53	-59	0	-58	-62	0	0	-78	-69	-78	-77	-81	0	0	0	0	-94	-91	-93	0	0	-92	-94	0	0	-84	-90	-93	0	0	-90	-91	-58	0	0	0	0	-93	0	0	0	0	0	0	0	0	0	0	0	0	0	0	0	0	0	0	0	0	0	0	0	0	0	0	0	0	0	-94	0	-85	0	0	0	0	0	0	0	0	0	0	-74	0	0	0	0	0	0	0	0	0	0	0	0	0	0	0	0	3557	-2967	3932	21747	-7715	-191	-34	967	220	-1	-1	0	-33	955	218	1606974602
-60	-54	0	-55	-58	0	-79	0	-77	-69	-77	-77	-82	-71	0	0	0	0	-92	-92	0	-78	-91	-92	0	0	-85	-91	-92	-93	-91	-91	-93	-58	0	0	0	0	-91	0	0	0	0	0	0	0	0	0	0	0	0	0	0	0	0	0	0	0	0	-93	0	0	0	0	0	0	0	0	0	0	0	0	0	0	0	0	0	0	0	0	0	-73	0	0	0	0	0	0	0	0	0	0	0	0	0	0	0	0	3542	-2967	3932	21746	-7713	-192	-34	967	220	-1	-1	0	-33	955	218	1606974603
-51	-55	-54	-57	-58	0	-79	-71	-73	-68	-72	-72	-76	-72	0	-84	0	-91	-90	-90	0	0	-89	-90	0	0	-83	-92	0	0	0	-93	0	-56	0	0	0	0	-93	0	0	0	0	0	-88	0	-90	-85	0	0	0	0	0	0	0	0	0	0	0	0	0	0	0	0	0	0	0	0	-92	0	0	0	0	0	0	0	0	0	0	0	0	-60	0	0	0	0	0	0	0	0	0	0	0	0	0	0	0	0	3557	-2967	3917	21745	-7710	-193	-34	967	220	-1	-1	0	-33	955	218	1606974605
0	-52	0	-56	0	-62	-71	-69	-72	0	-72	-71	-77	-71	0	0	0	-90	-90	-89	0	-78	-89	-88	0	0	0	-92	-92	0	0	-92	0	-56	-65	0	0	0	-94	0	0	0	0	0	0	0	0	0	0	0	0	0	0	0	0	0	0	0	0	0	0	0	0	0	0	0	0	0	-92	0	0	0	0	0	0	0	0	0	0	0	0	-61	0	0	0	0	0	0	0	0	0	0	0	0	0	0	0	0	3557	-2952	3932	21746	-7714	-192	-34	967	220	-1	-1	-1	-33	955	218	1606974606
-58	-51	0	-56	-58	0	-68	-68	-73	-73	-74	-72	-77	-76	0	0	0	-89	-89	-89	0	-80	-90	-88	0	0	-85	-92	-93	0	0	-92	-92	-55	0	0	0	0	-92	0	0	0	0	0	0	0	0	0	0	0	0	0	0	0	0	0	0	0	0	0	0	0	0	0	0	0	0	0	-92	0	0	0	0	0	0	0	0	0	0	0	0	-63	0	0	0	0	0	0	0	0	0	0	0	0	0	0	0	0	3542	-2952	3932	21746	-7711	-193	-34	967	220	-1	-1	0	-33	955	218	1606974608
0	-55	-52	-56	-58	-62	0	-71	-74	-74	-74	-73	-76	-76	0	0	0	-88	-89	-89	0	-78	-89	-89	0	0	-85	-93	-92	0	0	-92	0	-55	0	0	0	0	-93	0	0	0	0	0	0	0	0	0	0	-89	0	0	0	0	0	0	0	0	0	0	0	0	0	0	0	0	0	0	-91	0	0	0	0	0	0	0	0	0	0	0	0	-71	0	0	0	0	0	0	0	0	0	0	0	0	0	0	0	0	3497	-2937	3962	21746	-7713	-193	-34	967	220	-1	-1	0	-33	955	218	1606974610
0	0	-52	-56	-60	0	-77	-69	-73	0	-71	-72	-78	-70	0	-84	-78	-88	-88	-90	-76	-78	-89	-89	-80	-77	-86	-92	-91	0	0	-92	0	-55	0	0	0	0	-93	0	0	-91	0	0	-91	0	-90	0	-92	-89	-89	0	0	0	0	0	0	0	0	0	0	0	0	0	0	0	0	0	-93	0	0	0	0	0	0	0	0	0	0	0	0	-73	0	0	0	0	0	0	0	0	0	0	0	0	0	0	0	0	3527	-2997	3947	21746	-7714	-192	-34	967	219	-1	-1	0	-33	955	218	1606974611
-56	-54	-51	0	-59	-63	0	-70	-73	-73	-72	-72	-77	0	0	0	0	-90	-90	-89	0	0	-89	-89	0	0	-87	-93	-93	0	0	-91	0	-55	0	0	0	0	-92	0	0	0	0	0	-90	-89	0	-87	0	0	-89	0	0	0	0	0	0	0	0	0	0	0	0	0	0	0	0	0	-89	0	0	0	0	0	0	0	0	0	0	0	0	-79	0	0	0	0	0	0	0	0	0	0	0	0	0	0	0	0	3550	-2975	3947	21746	-7712	-191	-34	967	220	-1	-1	0	-33	955	218	1606974613
-56	-50	-52	-55	-59	0	-76	-76	-72	0	-72	0	-77	-69	0	0	-78	-89	-87	-88	-78	-78	-87	-89	-78	-78	-88	-91	-93	0	0	-90	-91	-56	-66	0	0	0	-94	0	0	0	0	0	0	0	0	0	0	0	0	0	0	0	0	0	0	0	0	0	0	0	0	0	0	0	0	0	-91	0	0	0	0	0	0	0	0	0	0	0	0	-62	0	0	0	0	0	0	0	0	0	0	0	0	0	0	0	0	3527	-2960	3955	21746	-7711	-191	-34	967	220	-1	-1	0	-33	955	218	1606974614
-52	-49	-59	0	-58	0	0	0	-77	-73	-78	-77	-81	0	0	0	0	-93	-91	0	0	-79	-92	-94	0	0	-87	-91	-93	0	0	-94	-92	-58	0	0	0	0	-90	0	0	-90	0	0	0	0	0	0	0	0	0	0	0	0	0	0	0	0	0	0	0	0	0	0	0	0	0	0	0	0	0	0	0	0	0	0	0	0	0	0	0	-64	0	0	0	0	0	0	0	0	0	0	0	0	0	0	0	0	3572	-2997	3947	21746	-7711	-191	-34	967	220	-1	-1	0	-33	955	218	1606974616
-56	-53	0	-54	0	-63	-71	-72	-73	-73	-72	-72	-77	-69	0	-84	0	-91	-89	-89	0	-79	-89	-91	0	0	-85	-91	-93	0	0	-91	-92	-55	0	0	0	0	-92	0	0	0	0	0	0	0	0	0	0	0	0	0	0	0	0	0	0	0	0	0	0	0	0	0	0	0	0	0	-91	0	0	0	0	0	0	0	0	0	0	0	0	-63	0	0	0	0	0	0	0	0	0	0	0	0	0	0	0	0	3557	-2967	3962	21746	-7713	-191	-34	967	220	-1	-1	0	-33	955	218	1606974618
-55	-53	0	-54	-59	-62	-75	-75	-77	-73	-77	-78	-81	-75	0	0	0	-93	-92	-93	0	-78	-92	-92	0	0	-87	-91	-92	0	-91	-92	-90	-59	0	0	0	0	-93	0	0	0	0	0	0	0	0	0	0	-91	0	-88	0	0	0	0	0	0	0	0	0	0	0	0	0	0	0	0	-96	0	0	0	0	0	0	0	0	0	0	0	0	-66	0	0	0	0	0	0	0	0	0	0	0	0	0	0	0	0	3489	-2922	3954	21746	-7710	-192	-34	967	220	-1	-1	0	-33	955	218	1606974619
-48	-52	-56	-55	-58	-60	-70	-75	-78	0	-77	-77	-81	0	0	0	0	-92	-93	-92	0	-78	-92	-92	0	0	-88	-92	-93	0	0	-91	0	-58	0	0	0	0	-93	0	0	0	0	0	0	0	0	-88	0	0	0	0	0	0	0	0	0	0	0	0	0	0	0	0	0	0	0	0	0	0	0	0	0	0	0	0	0	0	0	0	0	-72	0	0	0	0	0	0	0	0	0	0	0	0	0	0	0	0	3497	-2960	3947	21746	-7712	-192	-34	967	220	-1	-1	0	-33	955	218	1606974621
0	-52	-52	-55	0	0	-75	-70	-72	-72	-72	-73	-77	-69	0	0	-79	-90	-90	-88	0	-77	-89	-90	0	0	-86	-92	-93	0	0	-92	-92	-55	0	0	0	0	-93	0	0	0	0	0	0	0	0	0	0	0	0	0	0	0	0	0	0	0	0	0	0	0	0	0	0	0	0	0	-91	0	0	0	0	0	0	0	0	0	0	0	0	-71	0	0	0	0	0	0	0	0	0	0	0	0	0	0	0	0	3512	-2945	3940	21746	-7713	-192	-34	967	220	-1	-1	0	-33	955	218	1606974623
-52	-52	0	-55	-58	-63	-75	-69	-73	0	-74	-73	-77	-70	0	0	-77	-90	-88	-88	-77	-78	-89	-88	-78	-79	-75	-91	-93	0	0	-92	0	-54	0	0	0	0	-93	0	0	0	0	0	0	0	0	0	0	0	-90	0	0	0	0	0	0	0	0	0	0	0	0	0	0	0	0	0	-91	0	0	0	0	0	0	0	0	0	0	0	0	-62	0	0	0	0	0	0	0	0	0	0	0	0	0	0	0	0	3550	-2967	3962	21746	-7713	-192	-34	967	220	-1	-1	0	-33	955	218	1606974624
-52	-49	-52	-54	-58	-60	-75	-69	-78	-72	-77	-77	-81	0	0	-85	0	-91	-92	-92	0	0	-91	-93	0	0	-85	-93	-91	0	-92	0	-91	-58	0	0	0	0	0	0	0	0	0	0	0	0	0	-90	0	0	0	0	0	0	0	0	0	0	0	0	0	0	0	0	0	0	0	0	0	0	0	0	0	0	0	0	0	0	0	0	0	-64	0	0	0	0	0	0	0	0	0	0	0	0	0	0	0	0	3557	-2967	3947	21746	-7712	-192	-34	967	220	-1	-1	0	-33	955	218	1606974626
-57	-49	-48	-55	0	0	-74	-75	-73	0	-73	0	-77	-75	0	0	0	-89	-90	-89	0	-77	-89	-90	0	0	-85	-92	-93	0	0	-92	0	-54	0	0	0	0	-92	0	0	-91	0	0	0	0	0	0	0	0	0	0	0	0	0	0	0	0	0	0	0	0	0	0	0	0	0	0	-91	0	0	0	0	0	0	0	0	0	0	0	0	-62	0	0	0	0	0	0	0	0	0	0	0	0	0	0	0	0	3572	-2997	3932	21746	-7714	-192	-34	967	220	-1	-1	0	-33	955	218	1606974627
0	-49	-49	-54	0	-62	-75	-74	-73	-71	-73	-71	-77	-75	0	-84	0	-90	-90	-90	0	-78	-88	-90	0	0	-84	-91	0	0	0	-92	0	-55	0	0	0	0	-93	0	0	0	0	0	0	0	0	-87	0	0	0	0	0	0	0	0	0	0	0	0	0	0	0	0	0	0	0	0	-93	0	0	0	0	0	0	0	0	0	0	0	0	-61	0	0	0	0	0	0	0	0	0	0	0	0	0	0	0	0	3527	-2952	3940	21746	-7713	-193	-34	967	220	-1	-1	0	-34	955	218	1606974629
-52	-53	0	-56	-59	-62	-74	-76	-77	-74	-78	-77	-81	-75	0	-87	0	-92	-91	-91	0	-79	-91	-92	0	0	-86	-93	-93	0	0	-91	0	-58	0	0	0	0	-92	0	0	0	0	0	0	0	0	0	0	0	0	-90	0	0	0	0	0	0	0	0	0	0	0	0	0	0	0	0	0	0	0	0	0	0	0	0	0	0	0	0	0	-60	0	0	0	0	0	0	0	0	0	0	0	0	0	0	0	0	3558	-3035	3918	21746	-7712	-192	-34	967	220	-1	-1	-1	-33	955	218	1606974630
-52	-53	-51	0	-59	0	0	0	-72	0	-73	-73	-76	0	0	0	-77	-88	-91	-89	0	-65	-89	-89	-79	-77	-84	0	-94	0	0	-90	0	-55	0	0	0	0	-91	0	0	-90	0	0	0	0	0	-87	0	0	0	0	0	0	0	0	0	0	0	0	0	0	0	0	0	0	0	0	-90	0	0	0	0	0	0	0	0	0	0	0	0	-72	0	0	0	0	0	0	0	0	0	0	0	0	0	0	0	0	3550	-2967	3932	21746	-7714	-193	-34	967	220	-1	-1	-1	-33	955	218	1606974632
-52	-50	-49	-55	-57	0	-74	-75	-78	-74	-78	-77	-81	-74	0	-86	0	0	-91	-91	0	-77	-90	-92	0	0	-86	-92	-94	0	0	-93	-92	-59	0	0	0	0	-92	0	0	0	0	0	0	0	0	0	0	0	0	-92	0	0	0	-88	0	0	0	0	0	0	0	0	0	0	0	0	0	0	0	0	0	0	0	0	0	0	0	0	0	-66	0	0	0	0	0	0	0	0	0	0	0	0	0	-92	0	0	3587	-2937	3932	21746	-7712	-192	-34	967	220	-1	-1	0	-33	955	218	1606974633
-51	-49	-47	0	-59	-62	0	0	-73	-73	-73	-75	-77	0	0	0	0	-90	-90	-89	0	-78	-90	-90	0	0	-86	-91	-92	0	0	-91	0	-54	0	0	0	0	-91	0	0	0	0	0	0	0	0	-87	-90	-90	0	0	0	0	0	0	0	0	0	0	0	0	0	0	0	0	0	0	-91	0	0	-94	0	0	0	0	0	0	0	0	0	-63	0	0	0	0	0	0	0	0	0	0	0	0	0	0	0	0	3505	-2960	3947	21747	-7713	-191	-34	967	220	-1	-1	0	-33	955	218	1606974635
-51	-55	0	-56	-57	-61	0	-77	-78	0	-78	-78	-81	-69	0	0	0	-95	-92	-93	0	0	0	-93	0	0	-81	-93	-92	0	0	0	0	-59	0	0	0	0	-92	0	0	0	0	0	0	0	0	0	0	0	0	0	0	0	0	0	0	0	0	0	0	0	0	0	0	0	0	0	0	0	0	0	0	0	0	0	0	0	0	0	0	-65	0	0	0	0	0	0	0	0	0	0	0	0	0	0	0	0	3542	-2937	3902	21747	-7717	-191	-34	967	219	-1	-1	-1	-33	955	217	1606974637
-59	0	-49	0	-58	0	-75	-70	-78	0	-77	-76	-77	0	0	0	-79	-89	-89	-89	-78	-77	-89	-89	-78	-76	-85	-92	-90	0	0	-91	0	-56	0	0	0	0	-91	0	0	-93	0	0	0	0	0	0	0	0	0	0	0	0	0	0	0	0	0	0	0	0	0	0	0	0	0	0	-91	0	0	0	0	0	0	0	0	0	0	0	0	-65	0	0	0	0	0	0	0	0	0	0	0	0	0	0	0	0	3542	-2937	3940	21746	-7714	-192	-34	967	220	-1	-1	0	-33	955	218	1606974638
-59	-54	0	-55	-58	-62	0	0	-77	-73	-75	-75	-76	0	0	0	0	-91	-88	-88	0	-76	-88	-89	0	0	-83	-92	0	0	-91	-93	-94	-55	0	0	0	0	-91	0	0	0	0	0	0	0	-89	0	0	0	0	0	0	0	0	0	0	0	0	0	0	0	0	0	0	0	0	0	-91	0	0	0	0	0	0	0	0	0	0	0	0	-69	0	0	0	0	0	0	0	0	0	0	0	0	0	0	0	0	3542	-2952	3932	21746	-7714	-192	-34	967	220	-1	-1	0	-33	955	218	1606974640
-59	-55	0	-55	-58	0	-70	0	-74	0	-75	-76	-78	-75	0	0	0	-90	-90	-88	0	-77	-88	-90	0	0	0	-93	-93	0	0	-91	0	-55	0	0	0	0	-94	0	0	0	0	0	0	0	0	0	0	0	0	0	0	0	0	0	0	0	0	0	0	0	0	0	0	0	0	0	-90	0	0	0	0	0	0	0	0	0	0	0	0	0	0	0	0	0	0	0	0	0	0	0	0	0	0	0	0	0	3527	-2952	3940	21747	-7714	-191	-34	967	219	-1	-1	0	-33	955	218	1606974641
0	-54	-50	-55	0	-61	0	-70	-76	-73	-75	-76	-76	-78	0	-83	0	-91	-90	-89	0	-77	-90	-89	0	0	-86	-93	-92	0	-92	-92	0	-55	0	0	0	0	-93	0	0	0	0	0	0	0	0	0	0	0	0	0	0	0	0	0	0	0	0	0	0	0	0	0	0	0	0	0	-92	0	0	0	0	0	0	0	0	0	0	0	0	-74	0	0	0	0	0	0	0	0	0	0	0	0	0	0	0	0	3542	-2922	3955	21747	-7715	-191	-34	967	219	-1	-1	0	-33	955	218	1606974643
0	-54	0	-56	-58	0	-74	-69	-76	-74	-75	-76	-76	0	0	-87	0	-89	-88	-89	0	0	-89	-88	0	0	-87	-91	-93	0	-93	-92	0	-56	0	0	0	0	0	0	0	0	0	0	0	0	0	0	0	0	0	0	0	0	0	0	0	0	0	0	0	0	0	0	0	0	0	0	-92	0	0	0	0	0	0	0	0	0	0	0	0	0	0	0	0	0	0	0	0	0	0	0	0	0	0	0	0	0	3527	-2975	3880	21746	-7712	-191	-34	967	220	-1	-1	0	-33	955	218	1606974645
-50	-53	-52	-55	-59	-62	-69	-70	-76	-72	-77	-76	-76	-69	0	0	0	-90	-89	-89	0	-76	-89	-88	0	0	-83	-92	-91	0	0	-91	0	-56	0	0	0	0	-95	0	0	0	0	0	0	0	0	-86	0	0	0	0	0	0	0	0	0	0	0	0	0	0	0	0	0	0	0	0	-91	0	-88	0	0	0	0	0	0	0	0	0	0	-65	0	0	0	0	0	0	0	0	0	0	0	0	-93	0	0	0	3543	-3013	4022	21748	-7718	-191	-33	967	218	-1	-1	0	-33	955	217	1606974646
-52	-51	-54	-56	0	0	-75	-69	-75	-74	-73	-75	-77	-76	0	0	-79	-91	-90	-89	-76	-77	-90	-90	-77	-77	0	-89	-91	0	0	-92	-91	-54	0	0	0	0	0	0	0	-82	0	0	0	0	0	0	0	0	0	0	0	0	0	0	0	0	0	0	0	0	0	0	0	0	0	0	-91	0	0	0	0	0	0	0	0	0	0	0	0	-63	0	0	0	0	0	0	0	0	0	0	0	0	0	0	0	0	3527	-2952	3895	21747	-7715	-191	-34	967	220	-1	-1	0	-33	955	218	1606974648
-51	-50	-51	-57	0	-62	-69	-69	-73	0	-72	-73	0	-74	0	0	0	-91	-91	-90	-84	-82	-89	-90	0	-85	-84	-91	-92	0	-93	-91	-91	-56	0	0	0	0	-94	0	0	0	0	0	0	0	0	-85	0	0	0	0	0	0	0	0	0	0	0	0	0	0	0	0	0	0	0	0	-91	0	0	0	0	0	0	0	0	0	0	0	0	-60	0	0	0	0	0	0	0	0	0	0	0	0	0	0	0	0	3557	-2952	3917	21747	-7714	-191	-34	967	220	-1	-1	0	-33	955	218	1606974649
0	0	-55	-57	-59	0	-69	0	-71	-74	-71	-71	-77	-70	0	0	0	0	-91	-91	0	-82	0	-91	0	0	-86	-91	-91	0	-91	-90	-90	-54	0	0	0	0	-94	0	0	0	0	0	0	0	0	0	0	0	0	-92	0	0	0	0	0	0	0	0	0	0	0	0	0	0	0	0	-89	0	0	0	0	0	0	0	0	0	0	0	0	-71	0	0	0	0	0	0	0	0	0	0	0	0	0	0	0	0	3542	-2997	3947	21747	-7714	-191	-34	967	220	-1	-1	0	-33	955	218	1606974651
-51	-51	0	-57	-59	-62	-79	-78	-71	-72	-71	-72	-77	-70	0	0	0	-91	-90	-91	0	-81	-89	-92	0	0	-90	-92	-91	0	-90	-90	-90	-56	0	0	0	0	-92	0	0	-91	0	0	0	0	0	0	0	0	0	0	0	0	0	0	0	0	0	0	0	0	0	0	0	0	0	0	-89	0	0	0	0	0	0	0	0	0	0	0	0	-65	0	0	0	0	0	0	0	0	0	0	0	0	0	0	0	0	3542	-3012	3940	21747	-7717	-191	-34	967	219	-1	-1	0	-33	955	217	1606974653
0	-52	-51	-57	0	0	-77	-69	-71	-71	-72	-71	-77	-68	0	0	0	-90	-91	-91	0	-82	-89	-90	0	0	-88	-91	-92	0	-91	-91	-91	-56	0	0	0	0	-92	0	0	0	0	0	0	0	0	0	0	0	0	0	0	0	0	0	0	0	0	0	0	0	0	0	0	0	0	0	-88	0	0	0	0	0	0	0	0	0	0	0	0	-62	0	0	0	0	0	0	0	0	0	0	0	0	0	0	0	0	3542	-2952	3887	21747	-7713	-191	-34	967	220	-1	-1	0	-33	955	218	1606974654
-51	-50	0	-58	-58	0	-69	0	-78	-71	-78	-79	-81	0	0	0	0	-94	-92	0	0	-84	-93	-91	0	0	-86	-92	0	0	-94	-90	-92	-57	0	0	0	0	-90	0	0	0	0	0	0	0	0	0	0	-89	0	0	0	0	0	0	0	0	0	0	0	0	0	0	0	0	0	0	0	0	0	0	0	0	0	0	0	0	0	0	0	-72	0	0	0	0	0	0	0	0	0	0	0	0	0	0	0	0	3527	-2952	3932	21747	-7714	-192	-34	967	220	0	0	0	-33	955	218	1606974656
-58	-49	0	-58	0	0	-78	-73	-78	-71	-79	-79	-81	-76	0	0	0	-91	-91	-91	0	0	-92	-92	0	0	-86	-92	-93	0	0	-92	0	-57	-65	0	0	0	-92	0	0	0	0	0	0	0	0	0	0	0	0	0	0	0	0	0	0	0	0	0	0	0	0	0	0	0	0	0	0	0	0	0	0	0	0	0	0	0	0	0	0	-61	0	0	0	0	0	0	0	0	0	0	0	0	0	0	0	0	3527	-2997	3947	21747	-7719	-192	-34	967	219	0	0	0	-33	955	217	1606974658
-47	-51	-62	-57	-60	-63	0	0	-71	-71	-72	-72	-77	-74	0	0	0	-89	-91	-89	0	-82	-91	-89	0	0	-86	-91	-91	0	0	-92	-91	-55	0	0	0	0	-93	0	0	0	0	0	0	0	0	-88	0	0	-89	0	0	0	0	0	0	0	0	0	0	0	0	0	0	0	0	0	-93	0	0	0	0	0	0	0	0	0	0	0	0	-61	0	0	0	0	0	0	0	0	0	0	0	0	0	0	0	0	3527	-2945	3940	21747	-7716	-192	-33	967	220	0	0	0	-33	955	217	1606974659
-49	-50	-61	-58	-59	0	-70	-79	-72	-70	-73	-73	-77	-79	0	0	0	-89	-89	-89	0	-83	-88	-90	0	0	0	0	-91	0	-90	-90	-90	-55	0	0	0	0	-93	0	0	-89	0	0	0	0	0	0	0	0	0	0	0	0	0	0	0	0	0	0	0	0	0	0	0	0	0	0	-92	0	0	0	0	0	0	0	0	0	0	0	0	-62	0	0	0	0	0	0	0	0	0	0	0	0	0	0	0	0	3587	-2967	3917	21747	-7717	-192	-34	967	219	0	0	0	-33	955	217	1606974661
-51	-52	-61	-58	-59	0	-70	-75	-76	-72	-77	-77	-81	-70	0	0	0	-90	-89	-90	0	0	-90	-90	0	0	0	-92	-92	0	0	-91	0	-59	-67	0	0	0	-93	0	0	0	0	0	0	0	0	-86	0	0	0	0	0	0	0	0	0	0	0	0	0	0	0	0	0	0	0	0	0	0	0	0	0	0	0	0	0	0	0	0	0	-71	0	0	0	0	0	0	0	0	0	0	0	0	0	0	0	0	3527	-2982	3932	21747	-7719	-194	-34	967	218	0	0	0	-34	955	217	1606974663
0	-50	0	-60	-60	-63	-75	-75	-72	-74	-73	-71	-76	-75	0	0	-83	-90	-90	-90	-77	-82	-90	-91	-82	-81	-87	0	-91	0	-92	-91	-91	-56	0	0	0	0	-92	0	0	0	0	0	0	0	0	0	0	0	0	0	0	0	0	0	0	0	0	0	0	0	0	0	0	0	0	0	-92	0	0	0	0	0	0	0	0	0	0	0	0	-77	0	0	0	0	0	0	0	0	0	0	0	0	0	0	0	0	3527	-2952	3947	21746	-7717	-194	-34	967	220	0	0	0	-34	955	217	1606974664
0	0	0	-59	-59	0	-76	-71	-71	-71	-71	-72	-76	-71	0	0	0	-91	-89	-90	0	0	0	-90	0	0	-85	-92	-93	0	-91	-91	-93	-56	0	0	0	0	-95	0	0	0	0	0	0	0	0	0	0	0	0	0	0	0	0	0	0	0	0	0	0	0	0	0	0	0	0	0	-90	0	0	0	0	0	0	0	0	0	0	0	0	-79	0	0	0	0	0	0	0	0	0	0	0	0	0	0	0	0	3497	-2952	3947	21746	-7716	-194	-34	967	220	0	0	0	-34	955	217	1606974666
-47	0	0	-60	-59	-58	-75	0	-78	0	-77	-77	-81	0	0	0	0	-92	-91	-91	0	-85	-93	-91	0	0	-84	-93	-91	-93	0	-91	-93	-60	0	0	0	0	-91	0	0	0	0	0	0	0	0	0	0	0	0	0	-88	0	0	0	0	0	0	0	0	0	0	0	0	0	0	0	0	0	0	0	0	0	0	0	0	0	0	0	0	-67	0	0	0	0	0	0	0	0	0	0	0	0	0	0	0	0	3587	-2997	3918	21747	-7718	-193	-34	967	219	0	0	0	-34	955	217	1606974667
-48	-49	-62	-59	-60	0	0	0	-72	0	-73	-72	-77	-71	0	0	0	-90	-91	-90	0	0	-90	-90	0	0	-84	-92	-93	0	0	-93	-91	-56	0	0	0	0	0	0	0	-91	0	0	0	0	0	0	0	0	0	0	0	0	0	0	0	0	0	0	0	0	0	0	0	0	0	0	-91	0	0	0	0	0	0	0	0	0	0	0	0	-62	0	0	0	0	0	0	0	0	0	0	0	0	0	0	0	0	3535	-2997	3977	21747	-7720	-194	-34	967	219	0	0	0	-34	955	217	1606974669
-53	-52	0	0	-59	-60	0	0	-73	-70	-73	-73	-77	0	0	0	0	-89	-90	-90	0	0	-90	-89	0	0	-83	-93	-92	0	0	-93	0	-55	0	0	0	0	-93	0	0	0	0	0	0	0	-88	0	0	0	-90	0	0	0	0	0	0	0	0	0	0	0	0	0	0	0	0	0	-90	0	0	0	0	0	0	0	0	0	0	0	0	-71	0	0	0	0	0	0	0	0	0	0	0	0	0	0	0	0	3527	-2967	3873	21746	-7716	-193	-34	967	220	-1	0	0	-33	955	217	1606974671
-50	-51	-64	-57	-57	-63	-70	-69	-77	-66	-77	-77	-83	-78	0	0	0	-91	-89	0	0	-81	-90	-89	0	0	-84	-91	-92	0	0	-93	0	-57	-66	0	0	0	-95	0	0	0	0	0	-89	0	0	-85	0	0	0	0	0	0	0	-90	0	0	0	0	0	0	0	0	0	0	0	0	0	0	0	0	0	0	0	0	0	0	0	0	0	-64	0	0	0	0	0	0	0	0	0	0	0	0	0	0	0	0	3542	-2960	3947	21746	-7717	-194	-34	967	220	0	0	0	-34	955	217	1606974672
-51	-49	-58	-58	-59	-64	-77	0	-77	-69	-77	-78	-83	0	0	0	0	-90	-91	-91	0	-84	-91	-90	0	0	-86	0	0	0	-91	-92	0	-57	0	0	0	0	-91	0	0	0	0	0	0	0	0	0	0	0	-88	0	0	0	0	0	0	0	0	0	0	0	0	0	0	0	0	0	0	0	0	0	0	0	0	0	0	0	0	0	0	0	0	0	0	0	0	0	0	0	0	0	0	0	0	0	0	0	3595	-2952	3940	21746	-7718	-195	-34	967	219	0	0	-1	-34	955	217	1606974674
-51	-51	-58	-58	-57	-62	-77	-71	-77	-69	-77	-77	-81	0	0	-85	0	-92	-91	0	0	-82	0	-93	0	0	-86	-91	-92	0	0	-92	0	-57	0	0	0	0	-92	0	0	0	0	0	0	0	0	0	0	0	0	0	0	0	0	0	0	0	0	0	0	0	0	0	0	0	0	0	0	0	0	0	0	0	0	0	0	0	0	0	0	-59	0	0	0	0	0	0	0	0	0	0	0	0	0	0	0	0	3527	-2922	3887	21747	-7716	-193	-34	967	220	0	0	0	-33	955	217	1606974676
-60	-48	-59	-56	-57	-56	-77	-76	-78	-70	-77	-77	-81	-77	0	0	0	-90	-91	-91	0	0	-89	-91	0	0	-84	-92	-93	0	-92	-93	-92	-64	0	0	0	0	-92	0	0	0	0	0	0	0	0	0	0	0	0	0	0	0	0	0	0	0	0	0	0	0	0	0	0	0	0	0	0	0	0	0	0	0	0	0	0	0	0	0	0	-70	0	0	0	0	0	0	0	0	0	0	0	0	0	0	0	0	3497	-2937	3947	21747	-7717	-193	-34	967	220	0	-1	0	-33	955	217	1606974677
-49	-49	-61	-56	-56	0	-72	-70	-72	0	-71	-71	-76	-70	0	-87	0	-90	-89	-88	0	0	-90	-89	0	0	-84	-93	-92	0	-92	-91	-91	-60	0	0	0	0	-91	0	0	0	0	0	0	0	-90	0	0	0	-90	0	0	0	0	0	0	0	0	0	0	0	0	0	0	0	0	0	-91	0	0	0	0	0	0	0	0	0	0	0	0	-61	0	0	0	0	0	0	0	0	0	0	0	0	0	0	0	0	3497	-2967	3932	21747	-7720	-193	-34	967	219	0	0	0	-33	955	217	1606974679
-52	-48	-62	-56	-56	0	-67	-75	-77	-70	-77	-77	-82	-74	0	0	0	-92	-89	-90	0	-81	-90	-90	0	0	-83	-92	-92	0	-92	-92	-92	-63	0	0	0	0	-92	0	0	0	0	0	0	0	0	0	0	0	0	0	0	0	0	-90	0	0	0	0	0	0	0	0	0	0	0	0	0	0	0	0	0	0	0	0	0	0	0	0	0	-62	0	0	0	0	0	0	0	0	0	0	0	0	0	0	0	0	3557	-2945	3925	21746	-7717	-194	-34	967	219	0	0	0	-34	955	217	1606974680
-57	-51	-60	-56	-56	0	-69	-71	-77	-67	-77	-77	-82	-70	0	0	0	-92	-91	-91	0	-83	-91	-90	0	0	-85	-91	-92	0	-92	-92	-93	-61	0	0	0	0	-91	0	0	0	0	0	0	0	0	-85	0	0	0	0	0	0	0	0	0	0	0	-93	0	0	0	0	0	0	0	0	0	0	0	0	0	0	0	0	0	0	0	0	0	-60	0	0	0	0	0	0	0	0	0	0	0	0	0	0	0	0	3505	-3012	3932	21747	-7716	-193	-34	967	219	0	-1	0	-33	955	217	1606974682
0	0	0	-56	0	-64	0	0	-72	-69	-71	-71	-76	0	0	0	0	-92	-89	-89	0	-81	-90	-89	0	0	-84	-92	-90	0	0	-92	0	-60	0	0	0	0	-95	0	0	0	0	0	0	0	0	0	0	0	0	0	0	0	0	0	0	0	0	0	0	0	0	0	0	0	0	0	-92	0	0	-94	0	0	0	0	0	0	0	0	0	-60	0	0	0	0	0	0	0	0	0	0	0	0	0	0	0	0	3482	-2997	3850	21747	-7718	-193	-34	967	219	0	0	-1	-33	955	217	1606974683
-60	-51	-59	-56	-57	-60	-71	0	-77	-70	-77	-78	-81	0	0	-85	0	-92	-90	-91	0	-81	-90	-91	0	0	-84	-94	-94	0	0	-92	-94	-59	0	0	0	0	-92	0	0	0	0	0	0	0	0	0	0	-91	0	0	0	0	0	0	0	0	0	0	0	0	0	0	0	0	0	0	0	0	0	0	0	0	0	0	0	0	0	0	0	-71	0	0	0	0	0	0	0	0	0	0	0	0	0	0	0	0	3497	-2997	3947	21747	-7716	-193	-34	967	220	0	0	0	-33	955	217	1606974685
-53	0	0	-57	-57	0	-71	0	-71	-70	-72	-72	-76	0	0	0	-82	-90	-89	-88	-82	-84	-89	-89	-81	-82	0	-91	-92	0	0	-91	-92	-56	0	0	0	0	-93	0	0	0	0	0	0	0	0	0	0	0	0	0	0	0	0	0	0	0	0	0	0	0	0	0	0	0	0	0	-91	0	0	0	0	0	0	0	0	0	0	0	0	-70	0	0	0	0	0	0	0	0	0	0	0	0	0	0	0	0	3550	-2952	3932	21746	-7716	-193	-34	967	220	0	0	0	-33	955	217	1606974687
0	-47	0	0	-57	-62	0	0	-74	-69	-72	-72	0	0	0	-86	-81	-89	-90	-89	-79	-82	-89	-90	-82	0	-87	-92	-92	0	0	-90	0	-56	0	0	0	0	-94	0	0	0	0	0	0	0	0	0	0	0	0	0	0	0	0	0	0	0	0	0	0	0	0	0	0	0	0	0	-92	0	0	0	0	0	0	0	0	0	0	0	0	-71	0	0	0	0	0	0	0	0	0	0	0	0	0	0	0	0	3542	-2937	3917	21748	-7722	-193	-34	967	218	0	0	0	-33	955	216	1606974688
-51	-51	0	-58	-51	-60	-76	-70	-77	-70	-77	-78	-81	-72	0	-86	0	-92	-93	-93	0	0	-93	-92	0	0	-86	-92	-91	0	0	-93	-91	-58	0	0	0	0	-90	0	0	0	0	0	-82	0	0	0	0	0	0	0	0	0	0	0	0	0	0	0	0	0	0	0	0	0	0	0	0	0	0	0	0	0	0	0	0	0	0	0	0	-59	0	0	0	0	0	0	0	0	0	0	0	0	0	0	0	0	3542	-2937	3962	21747	-7718	-193	-34	967	219	0	0	0	-33	955	217	1606974690
-51	-51	0	-58	-55	-60	0	0	-77	-69	-77	-77	-82	0	0	-85	0	-93	-92	-91	0	0	-94	-92	0	0	-83	-91	-92	0	0	-91	-92	-58	0	0	0	0	-93	0	0	0	0	0	-82	0	0	0	0	0	0	0	0	0	0	0	0	0	0	0	0	0	0	0	0	0	0	0	0	0	0	0	0	0	0	0	0	0	0	0	0	-74	0	0	0	0	0	0	0	0	0	0	0	0	0	0	0	0	3497	-2945	3992	21747	-7718	-193	-34	967	219	0	0	0	-33	955	217	1606974691
0	-51	0	-56	-57	-62	-71	0	-73	-69	-72	-73	-76	-76	0	-85	-79	-89	-89	-89	-81	-81	-88	-88	-80	-81	-85	-94	-91	0	0	-91	0	-58	0	0	0	0	-92	0	0	0	0	0	0	0	0	0	0	0	0	0	-92	0	0	0	0	0	0	0	0	0	0	0	0	0	0	0	-90	0	0	0	0	0	0	0	0	0	0	0	0	-61	0	0	0	0	0	0	0	0	0	0	0	0	0	0	0	0	3557	-2983	3955	21747	-7721	-194	-34	967	219	0	0	0	-34	955	216	1606974693
-52	-51	0	-56	-56	0	0	-71	-73	-70	-74	0	-75	-77	0	0	0	-87	-88	-90	0	-80	-90	-91	0	0	0	-93	-92	0	0	-92	-93	-57	0	0	0	0	-93	0	0	0	0	0	-83	0	0	0	0	-91	0	0	0	0	0	0	0	0	0	0	0	0	0	0	0	0	0	0	-90	0	0	0	0	0	0	0	0	0	0	0	0	-64	0	0	0	0	0	0	0	0	0	0	0	0	0	0	0	0	3512	-2945	3970	21746	-7718	-194	-34	967	220	0	0	0	-34	955	217	1606974695
-53	-51	0	-55	-58	-61	-73	0	-74	0	-74	-74	-75	-72	0	0	0	-89	-89	-87	0	0	0	-89	0	0	-85	-89	-93	0	0	-91	-92	-58	0	0	0	0	-91	0	0	0	0	0	0	0	0	0	0	0	0	0	0	0	0	0	0	0	0	0	0	0	0	0	0	0	0	0	-91	0	0	0	0	0	0	0	0	0	0	0	0	0	0	0	0	0	0	0	0	0	0	0	0	0	0	0	0	0	3557	-2967	3932	21747	-7717	-193	-34	967	219	0	0	0	-33	955	217	1606974696
-57	-51	0	-56	-57	-60	-77	0	-78	0	-78	-78	-81	0	0	0	0	0	-92	-91	0	0	-91	-91	0	0	-84	-91	-91	0	0	-92	-92	-58	0	0	0	0	-92	0	0	0	0	0	-83	0	0	0	0	-92	0	0	0	0	0	0	0	0	0	0	0	0	0	0	0	0	0	0	0	0	0	0	0	0	0	0	0	0	0	0	0	-60	0	0	0	0	0	0	0	0	0	0	0	0	0	0	0	0	3542	-2937	3932	21748	-7722	-193	-34	967	219	-1	0	0	-33	955	216	1606974698
0	-50	0	-54	-57	0	-77	-71	-74	-69	-75	-74	-75	-71	0	0	0	-91	-90	-90	0	-81	-89	-89	0	0	-84	-91	-94	0	-92	0	-91	-58	0	0	0	0	-94	0	0	0	0	0	0	0	0	0	0	0	0	0	0	0	0	0	0	0	0	0	0	0	0	0	0	0	0	0	-91	0	0	0	0	0	0	0	0	0	0	0	0	-64	0	0	0	0	0	0	0	0	0	0	0	0	0	0	0	0	3527	-2952	3955	21747	-7717	-193	-34	967	220	0	-1	0	-33	955	217	1606974699
-58	-49	0	-56	-57	-60	0	-71	-79	-70	-79	-79	-75	0	0	-85	0	-89	-88	-88	0	-81	0	-88	0	0	-86	-91	-93	0	0	-90	-94	-59	0	0	0	0	-94	0	0	0	0	0	0	0	0	0	0	-88	0	-92	0	0	0	0	0	0	0	0	0	0	0	0	0	0	0	0	-91	0	0	0	0	0	0	0	0	0	0	0	0	-70	0	0	0	0	0	0	0	0	0	0	0	0	0	0	0	0	3542	-2997	3947	21747	-7718	-193	-34	967	219	0	-1	0	-33	955	217	1606974701
-50	0	-58	-55	-58	-60	-80	-72	-80	-69	-80	-80	-82	-70	0	-84	0	-93	-93	-91	0	-81	-91	-91	0	0	-85	0	-92	0	0	-92	-92	-57	0	0	0	0	0	0	0	0	0	0	-83	0	0	0	0	0	0	0	0	0	0	0	-86	0	0	0	0	-87	0	-87	-85	0	0	0	0	0	0	0	0	0	0	0	0	0	0	0	0	-72	0	0	0	0	0	0	0	0	0	0	0	0	0	0	0	0	3535	-2952	3947	21748	-7723	-193	-34	967	219	0	0	0	-33	955	216	1606974703
-53	-49	-57	-55	-56	-62	0	-71	-74	0	-74	-75	-76	0	0	-85	0	-90	-89	-90	0	-81	0	-88	0	0	-88	-91	-91	0	-91	-91	-93	-58	-65	0	0	0	-94	0	0	0	0	0	0	-85	-84	0	0	0	-84	0	0	0	0	0	0	0	-72	0	0	0	0	0	0	0	0	0	-91	0	0	0	0	0	0	0	0	0	0	0	0	-61	0	0	0	0	0	0	0	0	0	0	0	0	0	0	0	0	3587	-2968	3962	21747	-7720	-194	-34	967	219	0	0	0	-34	955	217	1606974704
-57	-50	-51	-54	-59	-60	-71	-70	-79	-70	-78	-80	-81	-78	0	0	0	-92	-92	-92	0	0	-91	-93	0	0	-85	0	-91	0	0	-92	-90	-59	0	0	0	0	-93	0	0	-91	0	0	-83	-86	-82	0	-83	0	-85	0	0	0	0	0	0	0	0	0	0	0	0	0	0	0	0	0	0	0	-88	0	0	0	0	0	0	0	0	0	0	-70	0	0	0	0	0	0	0	0	0	0	0	0	0	0	0	0	3490	-2967	3925	21747	-7719	-193	-34	967	219	0	0	0	-33	955	217	1606974706
-58	-51	-50	-55	-56	-61	-71	-71	-79	0	-79	-78	-82	-71	0	0	0	-92	-92	-93	0	0	-92	-92	0	0	-86	-90	-91	0	-91	-92	-91	-58	0	0	0	0	-90	0	0	-87	0	0	0	0	0	0	0	0	0	0	0	-90	0	0	0	0	0	0	0	0	0	0	0	0	0	0	0	0	0	0	0	0	0	0	0	0	0	0	0	-63	0	0	0	0	0	0	0	0	0	0	0	0	0	0	0	0	3527	-2922	3925	21747	-7718	-193	-34	967	218	0	-1	0	-33	955	217	1606974707
0	0	-51	-55	-56	0	-78	-71	-74	-69	-73	-74	-75	-78	0	0	0	-92	-90	-90	0	-83	-90	-90	0	0	-84	-91	-91	0	0	-89	-91	-57	0	0	0	0	-94	0	0	0	0	0	0	0	0	-88	0	0	0	0	0	0	0	0	0	0	0	0	0	0	0	0	0	0	0	0	-91	0	0	0	0	0	0	0	0	0	0	0	0	-63	0	0	0	0	0	0	0	0	0	0	0	0	0	0	0	0	3542	-2953	3992	21747	-7718	-193	-34	967	220	0	0	0	-33	955	217	1606974709
-57	0	-50	0	-56	-59	0	0	-79	0	-79	-78	-81	0	0	-88	0	-94	-92	-92	0	0	-92	-90	0	0	-85	-93	-93	-94	-92	-91	0	-59	0	0	0	0	-92	0	0	0	0	0	0	0	0	0	0	0	0	0	0	0	0	0	0	0	0	0	0	0	0	0	0	0	0	0	0	0	0	0	0	0	0	0	0	0	0	0	0	-68	0	0	0	0	0	0	0	0	0	0	0	0	0	0	0	0	3497	-2952	3962	21747	-7718	-193	-34	967	219	0	-1	0	-33	955	217	1606974711
0	-50	-51	-55	0	0	-71	-78	-72	-69	-72	-73	-75	-72	0	0	-78	-90	-89	-90	0	-79	-89	-91	-78	0	-85	-91	-90	0	-92	-91	-93	-58	0	0	0	0	-92	0	0	0	0	0	0	0	0	-87	0	0	0	0	0	0	0	0	0	0	0	0	0	0	0	0	0	0	0	0	-91	0	0	0	0	0	0	0	0	0	0	0	0	-63	0	0	0	0	0	0	0	0	0	0	0	0	0	0	0	0	3655	-3013	3948	21746	-7717	-194	-34	967	219	0	-1	0	-34	955	217	1606974712
-53	-49	0	-54	-56	-61	0	0	-73	0	-73	-73	-76	0	0	0	-77	-90	-89	-90	-77	-79	-90	-91	-78	-76	-84	-91	-90	0	-92	-91	-91	-56	0	0	0	0	-93	0	0	0	0	0	-90	0	0	0	0	0	0	0	0	0	0	0	0	0	0	0	0	0	0	0	0	0	0	0	-91	0	0	0	0	0	0	0	0	0	0	0	0	-72	0	0	0	0	0	0	0	0	0	0	0	0	0	0	0	0	3542	-3012	3947	21747	-7718	-193	-34	967	219	0	-1	0	-33	955	217	1606974714
-58	0	-56	-55	-56	0	-77	-76	-78	0	-78	-78	-81	-76	0	0	0	-92	-91	-91	0	-80	-92	-90	0	0	-84	-91	-90	-92	-90	-91	0	-58	0	0	0	0	-92	0	0	0	0	0	0	0	0	0	0	0	0	0	0	0	0	0	0	0	0	0	0	0	0	0	0	0	0	0	0	0	-87	0	0	0	0	0	0	0	0	0	0	-65	0	0	0	0	0	0	0	0	0	0	0	0	0	0	0	0	3527	-2937	3917	21747	-7719	-193	-34	967	219	0	0	0	-33	955	217	1606974716
0	-49	-57	-55	-57	0	-70	0	-78	-69	-78	-78	-82	0	0	0	0	-91	-94	-92	0	-77	-92	-90	0	0	-84	-91	-91	0	0	-91	-91	-59	0	0	0	0	-90	0	0	0	0	0	-87	0	0	0	0	-87	0	0	0	0	0	0	0	0	0	-95	0	0	0	0	0	0	0	0	0	0	0	0	0	0	0	0	0	0	0	0	0	-63	0	0	0	0	0	0	0	0	0	0	0	0	0	0	0	0	3497	-2937	3902	21746	-7717	-194	-34	967	219	0	0	0	-34	955	217	1606974717
-49	-53	-56	-55	-56	0	-71	-77	-78	-67	-78	-78	-82	-69	0	-86	0	-92	-92	-92	0	-77	-94	-92	0	0	-85	-91	-91	0	-92	-91	-92	-59	-62	0	0	0	-92	0	0	0	0	0	0	0	0	0	0	0	0	0	0	0	0	0	0	0	0	-94	0	0	0	0	0	0	0	0	0	0	0	0	0	0	0	0	0	0	0	0	0	-66	0	0	0	0	0	0	0	0	0	0	0	0	0	0	0	0	3437	-2952	3947	21747	-7719	-193	-34	967	219	-1	-1	0	-33	955	217	1606974719
-60	-49	-56	-55	-57	-62	-76	-70	-74	0	-73	-72	-77	-70	0	0	-78	-91	-91	-89	-77	-77	0	-90	-77	-77	-85	-92	-93	0	0	-91	-93	-59	0	0	0	0	-93	0	0	0	0	0	0	0	0	-88	0	0	0	0	0	0	0	0	0	0	0	0	0	0	0	0	0	0	0	0	-90	0	0	0	0	0	0	0	0	0	0	0	0	-65	0	0	0	0	0	0	0	0	0	0	0	0	0	0	0	0	3497	-2952	3932	21746	-7717	-194	-34	967	219	-1	0	0	-34	955	217	1606974720
-60	-51	-56	-55	-57	0	-69	0	-78	-69	0	-77	-82	0	0	0	0	-94	-92	-90	0	-78	-90	-90	0	0	-85	-91	-92	0	0	-91	-93	-59	-62	0	0	0	0	0	0	0	0	0	0	0	0	0	0	0	0	0	0	0	0	0	-88	0	0	0	0	0	0	0	0	0	0	0	0	0	-89	0	0	0	0	0	0	0	0	0	0	-65	0	0	0	0	0	0	0	0	0	0	0	0	0	0	0	0	3542	-3020	3918	21746	-7716	-194	-34	967	219	-1	0	-1	-34	955	217	1606974722
-59	-50	-56	0	-57	-59	0	0	-78	-68	-78	-78	-82	0	0	-86	0	-91	-90	-91	0	-77	-92	-90	0	0	-85	-92	-91	0	0	-92	-91	-60	0	0	0	0	-89	0	0	0	0	0	0	0	0	0	0	0	0	-90	0	-89	0	0	0	0	0	-93	0	0	0	0	0	0	0	0	0	0	0	0	0	0	0	0	0	0	0	0	0	-61	0	0	0	0	0	0	0	0	0	0	0	0	0	0	0	0	3542	-2930	3969	21748	-7722	-193	-34	967	219	-1	-1	0	-33	955	216	1606974724
0	-52	-55	0	0	-63	0	0	-73	-69	-73	-73	-77	0	0	0	-78	-90	-91	-89	-78	-77	0	-90	-78	-78	-86	-92	-90	0	-91	-91	-92	-59	0	0	0	0	0	0	0	0	0	0	0	0	0	0	0	0	0	0	0	0	0	0	0	0	0	0	0	0	0	0	0	0	0	0	-91	0	0	0	0	0	0	0	0	0	0	0	0	-60	0	0	0	0	0	0	0	0	0	0	0	0	0	0	0	0	3557	-2922	3932	21747	-7719	-194	-34	967	219	0	0	0	-34	955	217	1606974725
0	0	-54	0	-58	-63	0	0	-73	-68	-72	-74	0	0	0	0	-77	-91	-91	-90	-77	-77	0	-90	-79	-76	-88	-93	-91	0	0	-92	0	-59	0	0	0	0	-93	0	0	0	0	0	0	0	0	0	0	0	0	0	0	0	0	0	0	0	0	0	0	0	0	0	0	0	0	0	-91	0	0	0	0	0	0	0	0	0	0	0	0	-61	0	0	0	0	0	0	0	0	0	0	0	0	0	0	0	0	3527	-2945	3932	21746	-7716	-194	-34	967	220	-1	-1	-1	-34	955	217	1606974727
-59	-50	-55	-56	-55	0	-77	-69	-72	0	0	-73	-76	-71	0	-87	0	-91	-90	-91	0	0	-90	-90	0	0	-87	-92	-93	0	0	-91	0	-59	0	0	0	0	-92	0	0	-89	0	0	-83	-83	-82	0	-82	0	-81	0	0	0	0	0	0	0	0	0	0	0	0	0	0	0	0	0	-92	0	0	0	0	0	0	0	0	0	0	0	0	-60	0	0	0	0	0	0	0	0	0	0	0	0	0	0	0	0	3542	-2952	3932	21748	-7723	-194	-34	967	218	-1	-1	0	-34	955	216	1606974728
0	0	-55	0	-57	0	0	0	-74	-68	0	-73	-76	0	0	0	-78	-89	-90	-89	-77	-78	-90	-89	-77	-78	-86	0	-91	0	0	-91	-91	-58	0	0	0	0	0	0	0	-89	0	0	-81	-84	-82	-87	-82	0	-84	0	0	0	0	0	0	0	0	0	0	0	0	0	0	0	0	0	-92	0	0	0	0	0	0	0	0	0	0	0	0	-61	0	0	0	0	0	0	0	0	0	0	0	0	0	0	0	0	3557	-2967	3977	21747	-7717	-194	-34	967	220	-1	-1	-1	-34	955	217	1606974730
0	-50	-54	-56	-57	-58	-76	-76	-77	-67	-77	-78	-83	0	0	0	0	-94	-92	-91	0	-78	-91	-91	0	0	-84	-90	-92	0	0	-91	-91	-60	0	0	0	0	0	0	0	0	0	0	0	0	0	0	0	0	0	0	0	0	0	0	0	0	0	0	0	0	0	0	0	0	0	0	0	0	0	0	0	0	0	0	0	0	0	0	0	-66	0	0	0	0	0	0	0	0	0	0	0	0	0	0	0	0	3527	-2997	3932	21746	-7718	-194	-34	967	219	0	0	0	-34	955	217	1606974732
-52	-53	-55	-56	-57	0	-75	-71	-72	-69	-74	-72	-77	-70	0	0	0	-91	-90	-90	0	0	0	-90	0	0	0	-91	-91	0	0	0	-92	-59	0	0	0	0	-93	0	0	0	0	0	-82	-81	-84	0	-83	0	-84	0	0	0	0	0	0	0	0	0	0	0	0	0	0	0	0	0	-90	0	0	0	0	0	0	0	0	0	0	0	0	-65	0	0	0	0	0	0	0	0	0	0	0	0	0	0	0	0	3527	-2952	3917	21747	-7719	-193	-34	967	219	0	0	0	-34	955	217	1606974733
0	-50	-55	0	-57	0	0	0	-78	-69	-77	-77	-82	0	0	0	0	-93	-91	-91	0	0	0	-92	0	0	-85	-91	-92	0	0	-91	0	-59	0	0	0	0	-92	0	0	0	0	0	-83	0	0	0	0	0	0	0	0	0	0	0	0	0	0	0	0	0	0	0	0	0	0	0	0	0	0	0	0	0	0	0	0	0	0	0	0	-67	0	0	0	0	0	0	0	0	0	0	0	0	0	0	-89	0	3550	-2997	3917	21747	-7719	-193	-34	967	219	-1	0	0	-33	955	217	1606974735
-52	-52	-55	-56	-57	-61	-70	-73	-72	-70	-73	0	-76	-77	0	0	0	-91	-90	-91	0	-78	0	-90	0	0	-86	-91	-93	0	0	-91	-93	-58	0	0	0	0	-93	0	0	-91	0	0	-83	-84	-82	0	-82	0	-82	0	0	0	0	0	0	0	0	0	0	0	0	0	0	0	0	0	-91	0	0	0	0	0	0	0	0	0	0	0	0	-65	0	0	0	0	0	0	0	0	0	0	0	0	0	0	0	0	3542	-2922	3962	21747	-7718	-193	-34	967	219	-1	0	0	-33	955	217	1606974736
-61	-50	-54	-56	-57	-62	-69	0	-78	-69	-78	-78	-82	-73	0	0	0	-94	-92	-92	0	-77	-92	-91	0	0	-84	-92	-90	0	0	-92	-91	-57	0	0	0	0	0	0	0	0	0	0	-83	0	0	0	0	0	0	0	0	0	0	0	0	0	0	-94	0	0	0	0	0	0	0	0	0	0	0	0	0	0	0	0	0	0	0	0	0	-65	0	0	0	0	0	0	0	0	0	0	0	0	0	0	0	0	3527	-2945	3940	21747	-7717	-193	-34	967	220	0	-1	0	-33	955	217	1606974738
-51	-49	-55	-57	-57	-60	-69	0	-78	-69	-77	-77	-81	0	0	-85	0	-92	-92	-91	0	0	0	-93	0	0	-86	-93	-91	0	-93	-91	0	-59	-65	0	0	0	-91	0	0	0	0	0	0	0	0	0	0	0	0	0	0	0	0	0	-74	0	0	0	0	0	0	0	0	0	0	0	0	0	0	0	0	0	0	0	0	0	0	0	0	-70	0	0	0	0	0	0	0	0	0	0	0	0	0	0	0	0	3497	-2967	3917	21747	-7719	-193	-34	967	219	0	0	0	-33	955	217	1606974740
0	0	-55	0	-59	0	0	-68	-73	0	-73	-72	-77	-67	0	-88	-76	-91	-90	-88	-77	-78	-89	-91	-79	-76	-92	-91	-91	0	0	-92	0	-57	0	0	0	0	-95	0	0	0	0	0	-90	-87	-88	0	-91	0	-89	0	0	0	0	0	0	0	0	0	0	0	0	0	0	0	0	0	-91	0	0	0	0	0	0	0	0	0	0	0	0	-68	0	0	0	0	0	0	0	0	0	0	0	0	0	0	0	0	3497	-2967	3962	21746	-7717	-194	-34	967	219	-1	-1	0	-34	955	217	1606974741
0	-48	0	-57	-59	0	-69	-76	-78	-72	-78	-78	-81	-75	0	0	0	-92	-92	-91	0	-77	-92	-92	0	0	-85	-93	-93	0	-92	-92	-92	-59	0	0	0	0	-92	0	0	0	0	0	0	0	0	0	0	0	0	0	0	0	0	0	0	0	0	0	0	0	0	0	0	0	0	0	0	0	0	0	0	0	0	0	0	0	0	0	0	-68	0	0	0	0	0	0	0	0	0	0	0	0	0	0	0	0	3512	-2967	3977	21747	-7720	-194	-34	967	218	-1	0	-1	-34	955	217	1606974743
-50	-51	0	-56	-58	0	-67	-68	-78	0	-78	-78	-81	-68	0	0	0	-94	-94	-92	0	-78	0	-93	0	0	-85	-93	-92	0	0	-91	0	-57	0	0	0	0	-93	0	0	0	0	0	0	0	0	0	0	0	0	0	0	0	0	0	0	0	0	0	0	0	0	0	0	0	0	0	0	0	0	0	0	0	0	0	0	0	0	0	0	-69	0	0	0	0	0	0	0	0	0	0	0	0	0	0	0	0	3542	-3012	3932	21747	-7717	-193	-34	967	219	-1	-1	0	-33	955	217	1606974745
0	-49	0	-56	-59	0	-70	0	-78	-72	-78	-77	-81	0	0	0	0	-92	-91	-92	0	-83	0	-92	0	0	-84	-92	-91	0	0	-91	0	-59	0	0	0	0	-93	0	0	0	0	0	0	0	0	0	0	0	0	0	0	0	0	0	0	0	0	0	0	0	0	0	0	0	0	0	0	0	0	0	0	0	0	0	0	0	0	0	0	-68	0	0	0	0	0	0	0	0	0	0	0	0	0	0	0	0	3535	-2967	3887	21747	-7718	-193	-34	967	220	0	0	0	-33	955	217	1606974746
-50	-50	-58	-56	-58	-63	-74	-76	-72	0	-73	-73	-76	-70	0	0	0	-90	-88	-89	0	-81	-89	-90	0	0	-87	-94	-92	0	0	-92	-92	-55	0	0	0	0	-95	0	0	0	0	0	0	0	0	0	0	0	0	0	0	0	0	0	0	0	0	0	0	0	0	0	0	0	0	0	-90	0	0	0	0	0	0	0	0	0	0	0	0	-67	0	0	0	0	0	0	0	0	0	0	0	0	0	0	0	0	3482	-2952	3932	21747	-7718	-193	-34	967	219	-1	-1	0	-33	955	217	1606974748
-58	-50	-67	-56	-58	-63	-69	0	-73	-72	-74	-73	-76	-71	0	-85	0	-91	0	-89	0	-82	0	0	0	0	-85	-92	-91	0	0	-91	0	-57	0	0	0	0	-93	0	0	0	0	0	0	0	0	0	0	-90	0	0	0	0	0	0	0	0	0	0	0	0	0	0	0	0	0	0	-92	0	0	0	0	0	0	0	0	0	0	0	0	-64	0	0	0	0	0	0	0	0	0	0	0	0	0	0	0	0	3602	-2952	3910	21747	-7721	-193	-34	967	219	-1	-1	0	-33	955	217	1606974749
0	-48	-63	-55	-59	0	0	-69	-74	-73	-73	-73	-76	-69	0	0	-81	-90	-89	-89	-84	-83	-90	-90	0	-81	-84	-91	-92	0	0	-92	0	-55	0	0	0	0	-93	0	0	-90	0	0	0	0	0	-86	0	0	-88	-94	0	0	0	0	0	0	0	0	0	0	0	0	0	0	0	0	-92	0	0	0	0	0	0	0	0	0	0	0	0	-70	0	0	0	0	0	0	0	0	0	0	0	0	0	0	0	0	3557	-2937	3917	21747	-7719	-194	-34	967	219	-1	-1	0	-34	955	217	1606974751
0	-50	0	-56	0	-63	-69	-70	-74	-72	-72	-73	-76	-69	0	0	-80	-91	-89	-89	-81	-80	-89	-89	-82	-79	-87	-92	-94	0	0	-92	0	-56	0	0	0	0	-94	0	0	0	0	0	0	0	0	0	0	0	0	0	0	0	0	0	0	0	0	0	0	0	0	0	0	0	0	0	-90	0	0	0	0	0	0	0	0	0	0	0	0	-63	0	0	0	0	0	0	0	0	0	0	0	0	0	0	0	0	3527	-2937	3947	21746	-7715	-193	-34	967	219	-1	-1	0	-34	955	217	1606974752
0	-48	-66	-57	0	0	-70	-76	-72	-72	-73	-73	-76	0	0	0	0	-91	-90	-90	0	0	-89	-90	0	0	-83	-93	-95	0	0	-91	0	-55	-64	0	0	0	-92	0	0	0	0	0	0	0	0	0	0	0	0	0	0	0	0	0	0	0	0	0	0	0	0	0	0	0	0	0	-92	0	0	0	0	0	0	0	0	0	0	0	0	-62	0	0	0	0	0	0	0	0	0	0	0	0	0	0	0	0	3542	-2967	3917	21748	-7723	-194	-34	967	219	-1	-1	-1	-34	955	216	1606974754
-51	-49	-62	-56	-58	-61	-71	-75	-78	-72	-78	-78	-82	-72	0	0	0	-90	-92	-91	0	0	-91	-93	0	0	-85	-92	0	-95	0	-91	-91	-58	0	0	0	0	-93	0	0	0	0	0	0	0	-87	-86	0	0	-86	0	0	0	0	0	0	0	0	0	0	0	0	0	0	0	0	0	-93	0	0	0	0	0	0	0	0	0	0	0	0	-70	0	0	0	0	0	0	0	0	0	0	0	0	0	0	0	0	3527	-2952	3940	21747	-7719	-193	-34	967	219	-1	-1	0	-33	955	217	1606974755
-50	-49	-63	-57	-58	-60	-70	-69	-78	-72	-77	-79	-81	-76	0	-85	0	-91	-91	-92	0	0	-90	-91	0	0	-87	-93	-94	0	0	-92	0	-59	0	0	0	0	-91	0	0	-92	0	0	0	0	0	-85	0	-87	0	0	-90	-86	0	0	-86	0	0	0	0	-85	0	-85	-85	0	0	0	0	0	0	0	0	0	0	0	0	0	0	0	0	0	0	0	0	0	0	0	0	0	0	0	0	0	0	0	0	0	3542	-2952	3932	21746	-7716	-193	-34	967	219	-1	-1	0	-33	955	217	1606974757
-48	-48	-64	-56	-59	-62	-75	-75	-72	-72	-73	-73	-76	-71	0	-87	0	-91	-89	-90	0	-82	-90	-89	0	0	-84	-92	-92	0	0	-92	0	-56	-65	0	0	0	-92	0	0	-89	0	0	0	0	-90	0	0	0	-90	0	0	0	0	0	-88	0	0	0	0	-88	0	0	0	0	0	0	-91	0	0	0	0	0	0	0	0	0	0	0	0	-61	0	0	0	0	0	0	0	0	0	0	0	0	0	0	0	0	3542	-2960	3887	21747	-7719	-193	-34	967	220	0	0	0	-33	955	217	1606974758
-58	-47	-64	-56	-59	-62	-75	-69	-78	-72	-77	-77	-82	-74	0	0	0	-92	-92	-93	0	0	-91	-93	0	0	-84	0	-92	0	0	-93	0	-57	0	0	0	0	-92	0	0	0	0	0	0	0	0	0	0	0	0	0	0	0	0	0	0	0	0	0	0	0	0	0	0	0	0	0	0	0	0	0	0	0	0	0	0	0	0	0	0	0	0	0	0	0	0	0	0	0	0	0	0	0	0	0	0	0	3542	-3012	3888	21747	-7717	-193	-34	967	220	-1	0	0	-33	955	217	1606974760
-51	-49	0	-57	-58	-59	0	-74	-78	-72	-79	-78	-82	0	0	-85	0	0	-91	-94	0	-81	0	-91	0	0	-82	-91	-94	0	0	-93	-91	-59	0	0	0	0	-91	0	0	0	-92	0	0	0	0	-85	0	0	0	0	0	0	0	0	-85	0	0	0	0	-86	0	-85	-84	0	0	0	0	0	0	0	0	0	0	0	0	0	0	0	0	-69	0	0	0	0	0	0	0	0	0	0	0	0	0	0	0	0	3527	-2952	3925	21747	-7716	-193	-34	967	219	-1	0	0	-33	955	217	1606974762
-48	-48	0	-56	-59	-60	-75	-72	-78	0	-78	-78	-81	-71	0	-89	0	-92	-91	-93	0	-84	-91	-90	0	0	-85	-94	0	0	0	-94	0	-58	-65	0	0	0	-92	0	0	0	0	0	0	0	0	0	0	0	0	0	0	0	0	0	0	0	0	0	0	0	0	0	0	0	0	0	0	0	0	0	0	0	0	0	0	0	0	0	0	-60	0	0	0	0	0	0	0	0	0	0	0	0	0	0	0	0	3603	-2960	3917	21747	-7720	-194	-34	967	219	0	0	0	-34	955	217	1606974763
-51	-48	-66	-56	-59	0	-76	-76	-74	0	-74	-73	-77	-76	0	0	-81	-89	-89	-90	-81	-80	-90	-89	-84	-80	0	-93	-91	0	0	-91	0	-55	0	0	0	0	0	0	0	0	0	0	0	0	0	0	0	0	0	0	0	0	0	0	0	0	0	0	0	0	0	0	0	0	0	0	-91	0	0	0	0	0	0	0	0	0	0	0	0	-60	0	0	0	0	0	0	0	0	0	0	0	0	0	0	0	0	3482	-2967	3962	21747	-7718	-192	-34	967	220	-1	-1	0	-33	955	217	1606974765
0	-49	-60	-55	-59	-62	-74	-74	-71	0	-71	-73	-76	-74	0	0	-79	-90	-91	-91	-81	-82	-90	-90	-82	0	-85	-93	-93	0	0	-92	0	-54	0	0	0	0	-96	0	0	0	0	0	0	0	0	-85	0	0	0	0	0	0	0	0	0	0	0	0	0	0	0	0	0	0	0	0	-89	0	0	0	0	0	0	0	0	0	0	0	0	-71	0	0	0	0	0	0	0	0	0	0	0	0	0	0	0	0	3527	-2967	3947	21747	-7717	-193	-34	967	220	0	0	0	-33	955	217	1606974767
0	-47	-64	-55	0	0	0	-70	-71	-73	-73	-71	-76	-70	0	0	0	-90	-91	-89	0	-82	-90	-90	0	0	-86	-92	-93	0	0	0	0	-55	0	0	0	0	-95	0	0	0	0	0	0	0	0	0	0	0	0	0	0	0	0	0	0	0	0	0	0	0	0	0	0	0	0	0	-91	0	0	0	0	0	0	0	0	0	0	0	0	-63	0	0	0	0	0	0	0	0	0	0	0	0	0	0	0	0	3542	-3012	3888	21747	-7718	-193	-34	967	219	-1	-1	0	-33	955	217	1606974768
-51	-48	-63	-56	-59	0	-74	0	-79	-72	-78	-78	-81	0	0	0	-83	-95	-94	-92	-81	-82	-92	-92	-81	-81	-85	-92	-92	0	-92	-92	0	-57	0	0	0	0	0	0	0	0	0	0	0	0	0	0	0	0	0	0	0	0	0	0	0	0	0	0	0	0	0	0	0	0	0	0	0	0	0	0	0	0	0	0	0	0	0	0	0	-74	0	0	0	0	0	0	0	0	0	0	0	0	0	0	0	0	3557	-2967	3940	21747	-7718	-192	-34	967	219	0	0	0	-33	955	217	1606974770
-56	-49	-63	-56	-59	-63	0	-69	-72	0	-72	-72	-76	-68	0	0	-83	-91	-90	-91	0	-84	-89	-89	-84	-83	-86	-91	-91	0	0	-91	-92	-56	0	0	0	0	-92	0	0	0	0	0	0	0	-90	-86	0	0	-89	0	0	0	0	0	0	0	0	0	0	0	0	0	0	0	0	0	-92	0	0	0	0	0	0	0	0	0	0	0	0	-61	0	0	0	0	0	0	0	0	0	0	0	0	0	0	0	0	3527	-3035	3955	21746	-7715	-193	-34	967	219	-1	-1	0	-34	955	217	1606974771
0	-48	-61	-56	-59	-61	0	0	-78	-71	-78	-78	-80	0	0	0	0	-92	-93	-92	0	0	0	-93	0	0	0	-90	-92	0	-92	-92	-91	-57	0	0	0	0	-92	0	0	-89	0	0	0	0	0	0	0	-89	0	0	0	0	0	0	0	0	0	0	0	0	0	0	0	0	0	0	0	0	0	0	0	0	0	0	0	0	0	0	0	-65	0	0	0	0	0	0	0	0	0	0	0	0	0	0	0	0	3527	-2967	3955	21747	-7721	-193	-34	967	219	-1	-1	0	-33	955	217	1606974773
-48	-48	-61	-55	-59	-62	-71	-75	-77	-72	-78	-78	-81	-75	0	0	0	-93	-93	0	0	0	0	-93	0	0	-87	-93	-92	0	0	-93	0	-58	-65	0	0	0	-92	0	0	0	0	0	0	0	0	0	0	0	0	0	0	0	0	0	0	0	0	0	0	0	0	0	0	0	0	0	0	0	0	0	0	0	0	0	0	0	0	0	0	-62	0	0	0	0	0	0	0	0	0	0	0	0	0	0	0	0	3550	-2952	3962	21747	-7717	-193	-34	967	219	-1	-1	0	-33	955	217	1606974775
0	-49	-61	-56	-59	0	-69	-71	-72	-71	-71	-71	-76	-71	0	-86	0	-91	-90	-90	0	-84	-90	-90	0	0	-86	0	-92	0	0	-93	-91	-55	0	0	0	0	-92	0	0	0	0	0	0	0	0	-85	0	0	0	0	0	0	0	0	0	0	0	0	0	0	0	0	0	0	0	0	-91	0	0	0	0	0	0	0	0	0	0	0	0	-62	0	0	0	0	0	0	0	0	0	0	0	0	0	0	0	0	3527	-2952	3947	21747	-7717	-193	-34	967	219	-1	-1	0	-33	955	217	1606974776
-48	-48	0	-56	-59	-62	0	-74	-71	-72	-71	-71	-76	-70	0	0	0	-92	-90	-91	-81	-81	-90	-91	0	-83	0	-93	-90	0	0	-92	-93	-55	0	0	0	0	-93	0	0	0	0	0	0	0	-90	-86	0	0	-90	-93	0	0	0	0	0	0	0	0	0	0	0	0	0	0	0	0	-90	0	0	0	0	0	0	0	0	0	0	0	0	-61	0	0	0	0	0	0	0	0	0	0	0	0	0	0	0	0	3527	-2967	3932	21747	-7718	-193	-34	967	219	-1	-1	0	-33	955	217	1606974778
0	-48	-63	-56	-59	0	-74	-70	-71	-71	-71	-71	-76	-68	0	-87	0	-90	-90	-91	0	0	0	-90	0	0	-85	-91	0	0	-92	-93	-91	-54	0	0	0	0	-93	0	0	0	0	0	0	0	0	-84	0	0	0	0	0	0	0	0	-85	0	0	0	0	-86	0	0	-85	0	0	0	-91	0	0	0	0	0	0	0	0	0	0	0	0	0	0	0	0	0	0	0	0	0	0	0	0	0	0	0	0	0	3587	-2952	3932	21747	-7718	-193	-34	967	219	-1	-1	0	-33	955	217	1606974779
-58	-47	-62	-56	-60	-62	-76	-70	-72	0	-72	-72	-76	-69	0	0	0	-90	-90	-91	0	-82	-90	-90	0	0	-86	-90	-92	0	-93	-92	-93	-56	0	0	0	0	0	0	0	0	0	0	0	0	0	0	0	0	0	0	0	0	0	0	0	0	0	0	0	0	0	0	0	0	0	0	-89	0	0	0	0	0	0	0	0	0	0	0	0	-62	0	0	0	0	0	0	0	0	0	0	0	0	0	0	0	0	3542	-2937	3939	21746	-7716	-194	-34	967	220	-1	-1	0	-34	955	217	1606974781
0	-48	-59	-55	-58	-61	-69	-70	-78	0	-78	-78	-82	-76	0	0	-81	-92	-92	-91	-80	-82	-92	-93	-80	0	0	-92	-92	0	0	0	0	-58	0	0	0	0	-93	0	0	0	0	0	0	0	0	0	0	0	0	-95	0	0	0	0	0	0	0	0	0	0	0	0	0	0	0	0	0	0	0	0	0	0	0	0	0	0	0	0	0	-79	0	0	0	0	0	0	0	0	0	0	0	0	0	0	0	0	3542	-2967	3932	21746	-7717	-193	-34	967	220	-1	-1	0	-34	955	217	1606974783
-58	-49	0	-56	-58	-61	-69	-76	-78	0	-77	-78	-82	-69	0	0	0	-92	-91	-92	0	0	-91	-92	0	0	-86	-92	0	0	0	0	0	-58	0	0	0	0	0	0	0	0	0	0	0	0	0	0	0	0	0	0	0	0	0	0	0	0	0	0	0	0	0	0	0	0	0	0	-92	0	0	0	0	0	0	0	0	0	0	0	0	-60	0	0	0	0	0	0	0	0	0	0	0	0	0	0	0	0	3587	-2952	3932	21747	-7722	-194	-34	967	219	0	-1	0	-34	955	216	1606974784
0	-49	-68	-57	-57	0	-76	-74	-73	0	-74	-73	-76	-75	0	0	-80	-90	-89	-88	-80	-80	-90	-89	-83	0	-88	-91	-93	0	0	-93	0	-55	0	0	0	0	-93	0	0	0	0	0	0	0	0	-89	0	0	0	0	0	0	0	0	0	0	0	0	0	0	-94	0	0	0	0	0	-90	0	0	0	0	0	0	0	0	0	0	0	0	-73	0	0	0	0	0	0	0	0	0	0	0	0	0	0	0	0	3497	-2922	3947	21747	-7718	-193	-34	967	219	0	0	0	-33	955	217	1606974786
-51	-49	0	-56	-59	0	-71	-75	-77	-72	-78	-78	-83	-75	0	-85	0	-92	-92	-91	0	-82	-91	-93	0	0	-85	-92	-93	0	0	-92	0	-58	0	0	0	0	-91	0	0	-86	0	0	0	0	0	0	0	0	0	0	0	0	0	0	0	0	0	0	0	0	0	0	0	0	0	0	-94	0	0	0	0	0	0	0	0	0	0	0	0	-61	0	0	0	0	0	0	0	0	0	0	0	0	0	0	0	0	3535	-2997	3932	21747	-7718	-193	-34	967	219	0	-1	0	-33	955	217	1606974787
-51	0	-67	-56	-59	0	-75	-67	-78	0	-78	-78	-82	-74	0	0	0	-92	-92	-91	0	-80	-91	-92	0	0	-85	-91	0	0	0	-92	0	-58	0	0	0	0	0	0	0	0	0	0	0	0	0	0	0	0	0	0	0	0	0	0	0	0	0	0	0	0	0	0	0	0	0	0	0	0	0	0	0	0	0	0	0	0	0	0	0	-74	0	0	0	0	0	0	0	0	0	0	0	0	0	0	0	0	3558	-2997	3932	21748	-7723	-194	-34	967	219	0	0	0	-34	955	216	1606974789
0	0	-65	-56	-58	-62	-68	-75	-73	-73	-71	-72	-77	-70	0	0	-79	-91	-91	-90	0	0	-90	-90	-78	0	-85	-92	-92	0	0	-92	-91	-55	0	0	0	0	-94	0	0	0	0	0	0	0	0	0	0	0	0	0	0	0	0	0	0	0	0	0	0	0	0	0	0	0	0	0	-91	0	0	0	0	0	0	0	0	0	0	0	0	-73	0	0	0	0	0	0	0	0	0	0	0	0	0	0	0	0	3467	-2997	3947	21747	-7718	-194	-34	967	220	-1	0	0	-34	955	217	1606974791
0	0	-62	-57	-59	0	-74	0	-72	-72	-72	-72	-77	0	0	0	0	-89	-89	-88	0	0	-88	-89	0	0	-85	-92	-91	0	-93	-92	-95	-56	0	0	0	0	-94	0	0	0	0	0	0	0	0	0	0	0	0	0	0	0	0	0	0	0	0	0	0	0	0	0	0	0	0	0	-92	0	0	0	0	0	0	0	0	0	0	0	0	-71	0	0	0	0	0	0	0	0	0	0	0	0	0	0	0	0	3587	-2952	3932	21747	-7719	-194	-34	967	219	0	0	0	-34	955	217	1606974792
0	-48	-58	-57	0	-63	-74	-69	-73	-73	-73	-72	-76	-75	0	0	-77	-90	-90	-89	-78	-78	-88	-89	-78	-78	-85	-94	-94	0	0	-92	-92	-56	0	0	0	0	-94	0	0	-91	0	0	0	0	0	0	0	0	0	0	0	0	0	0	0	0	0	0	0	0	0	0	0	0	0	0	-91	0	0	0	0	0	0	0	0	0	0	0	0	-74	0	0	0	0	0	0	0	0	0	0	0	0	0	0	0	0	3542	-2952	3932	21748	-7724	-194	-34	967	218	0	0	0	-34	955	216	1606974794
0	0	-56	-55	0	0	-70	-75	-73	-72	-71	-74	-76	-70	0	0	-77	-89	-90	-89	-77	-78	-89	-88	-79	-77	-87	-91	-93	0	0	-92	0	-54	0	0	0	0	-94	0	0	0	0	0	0	0	0	-85	0	0	0	0	0	0	0	0	0	0	0	0	0	0	0	0	0	0	0	0	-91	0	0	0	0	0	0	0	0	0	0	0	0	-72	0	0	0	0	0	0	0	0	0	0	0	0	0	0	0	0	3655	-3005	3918	21746	-7718	-194	-34	967	219	-1	0	0	-34	955	217	1606974795
0	-47	-57	-56	0	-63	0	-71	-71	-72	-71	-73	-76	-76	0	-87	0	-89	-91	-89	0	-79	-89	-90	0	0	-86	-92	-94	0	0	0	0	-54	0	0	0	0	-94	0	0	0	0	0	0	0	0	0	0	0	0	0	0	0	0	0	0	0	0	0	0	0	0	0	0	0	0	0	-91	0	0	0	0	0	0	0	0	0	0	0	0	-71	0	0	0	0	0	0	0	0	0	0	0	0	0	0	0	0	3557	-2967	3977	21747	-7719	-194	-34	967	219	-1	0	0	-34	955	217	1606974797
-57	0	-58	-56	0	-61	-71	-76	-77	-72	-78	-77	-81	-70	0	-86	-78	-92	-91	-92	-78	-78	-91	-92	-78	-77	-85	-91	-92	0	0	-92	-93	-59	0	0	0	0	-91	0	0	0	0	0	0	0	0	-86	0	0	0	0	0	0	0	0	0	0	0	0	0	0	0	0	0	0	0	0	0	0	0	0	0	0	0	0	0	0	0	0	0	-60	0	0	0	0	0	0	0	0	0	0	0	0	0	0	0	0	3542	-2967	3917	21748	-7723	-194	-34	967	218	0	0	0	-34	955	216	1606974799
-57	-48	0	-56	-61	-61	-70	-76	0	-71	-79	-77	-81	-77	0	-86	0	-92	-92	0	0	-78	0	0	0	0	-87	-92	-90	0	-92	-91	-92	-58	0	0	0	0	-91	0	0	0	0	0	0	0	0	0	0	0	0	0	0	0	0	0	0	0	0	0	0	0	0	0	0	0	0	0	0	0	0	0	0	0	0	0	0	0	0	0	0	-64	0	0	0	0	0	0	0	0	0	0	0	0	0	0	0	0	3542	-2967	3947	21746	-7718	-195	-34	967	219	0	0	0	-34	955	217	1606974800
0	-49	0	-56	-59	0	-75	-75	-72	-72	-72	-72	-76	-75	0	-83	-80	-90	-89	-89	0	0	-90	-90	0	-79	-85	-92	-91	0	0	-91	-93	-54	0	0	0	0	-93	0	0	0	0	0	0	0	0	0	0	0	0	0	0	0	0	0	0	0	0	0	0	0	0	0	0	0	0	0	-90	0	0	0	0	0	0	0	0	0	0	0	0	-59	0	0	0	0	0	0	0	0	0	0	0	0	0	0	0	0	3527	-2967	3917	21747	-7718	-194	-34	967	219	0	0	0	-34	955	217	1606974802
-50	-49	-58	-56	-60	0	-70	-75	-78	-72	-79	-78	-81	-70	0	0	0	-94	-91	-93	0	-78	0	-92	0	0	-85	-91	-93	0	0	-92	-91	-57	0	0	0	0	-94	0	0	0	0	0	0	0	0	-85	0	0	0	0	0	0	0	0	0	0	0	0	0	0	0	0	0	0	0	0	0	0	0	0	0	0	0	0	0	0	0	0	0	-64	0	0	0	0	0	0	0	0	0	0	0	0	0	0	0	0	3520	-2975	3917	21747	-7719	-194	-34	967	219	0	0	0	-34	955	217	1606974804
0	-48	-63	-57	0	-62	-69	-75	-71	-72	-72	-72	-76	-76	0	0	0	-90	-89	-89	0	-78	-89	-90	0	0	-88	-90	-92	0	0	-92	0	-53	0	0	0	0	-93	0	0	-89	0	0	0	0	0	-86	0	0	0	0	0	0	0	0	0	0	0	0	0	0	0	0	0	0	0	0	-92	0	0	0	0	0	0	0	0	0	0	0	0	-61	0	0	0	0	0	0	0	0	0	0	0	0	0	0	0	0	3542	-2952	3917	21747	-7721	-194	-34	967	219	0	0	0	-34	955	217	1606974805
-58	-49	-64	-57	-59	-60	-70	-69	-78	0	-78	-78	-83	-70	0	0	0	0	-92	-93	0	0	-93	-93	0	0	-85	-93	-92	0	-91	0	-91	-60	0	0	0	0	-92	0	0	0	0	0	0	0	0	-84	0	-87	0	0	0	0	0	0	0	0	0	0	0	0	0	0	0	0	0	0	-94	0	0	0	0	0	0	0	0	0	0	0	0	-59	0	0	0	0	0	0	0	0	0	0	0	0	0	0	0	0	3587	-2953	3992	21747	-7720	-195	-34	967	219	-1	0	0	-34	955	217	1606974807
0	-48	-61	0	0	0	-75	-77	-72	-73	-72	-71	-76	-71	0	0	-78	-90	-90	0	-78	-78	0	-90	-78	-77	0	-91	-92	0	0	-93	0	-59	0	0	0	0	-92	0	0	-92	0	0	-83	0	0	-87	0	0	0	0	0	0	0	0	0	0	0	0	0	0	0	0	0	0	0	0	-92	0	0	0	0	0	0	0	0	0	0	0	0	-62	0	0	0	0	0	0	0	0	0	0	0	0	0	0	0	0	3557	-2960	3962	21746	-7717	-194	-34	967	220	0	0	0	-34	955	217	1606974808
-51	-51	0	-54	-57	-62	-74	-72	-71	0	-71	-73	-76	-74	0	-85	0	-90	-91	-90	0	-78	-90	-89	0	0	-85	0	-93	0	-91	-90	-91	-56	0	0	0	0	0	0	0	0	0	0	-82	-83	-84	0	0	0	0	0	0	0	0	0	0	0	0	0	0	0	0	0	0	0	0	0	-92	0	0	0	0	0	0	0	0	0	0	0	0	-65	0	0	0	0	0	0	0	0	0	0	0	0	0	0	0	0	3535	-2945	3932	21747	-7720	-193	-34	967	219	0	0	0	-33	955	217	1606974810
-61	-51	0	-54	-57	0	-72	-75	-72	0	-72	-72	-76	-76	0	-85	0	-92	-89	-90	-77	-77	0	-90	0	-77	-86	-91	-93	0	-92	-92	0	-58	0	0	0	0	-93	0	0	-86	0	0	0	0	0	0	0	-88	0	0	-90	0	0	0	0	0	0	0	0	0	0	0	0	0	0	0	-92	0	0	0	0	0	0	0	0	0	0	0	0	-71	0	0	0	0	0	0	0	0	0	0	0	0	0	0	0	0	3482	-2967	3932	21747	-7719	-193	-34	967	219	0	0	0	-33	955	217	1606974811
-61	-50	-62	-54	-57	0	0	0	-77	-69	-77	-77	-83	0	0	0	0	-91	-90	-90	0	-79	-90	-91	0	0	-86	-92	-91	0	-92	-91	0	-64	0	0	0	0	-90	0	0	0	0	0	0	0	0	0	0	-88	0	0	0	0	0	0	0	0	0	0	0	0	0	0	0	0	0	0	0	0	0	0	0	0	0	0	0	0	0	0	0	-72	0	0	0	0	0	0	0	0	0	0	0	0	0	0	0	0	3542	-2922	3969	21746	-7717	-195	-34	967	220	0	0	0	-34	955	217	1606974813
0	-49	-63	-54	-57	-66	-70	-76	-71	-69	-72	-72	-76	-70	0	0	0	0	-92	-91	0	-77	-90	-91	0	0	-86	-91	-92	0	-92	-91	0	-60	0	0	0	0	-93	0	0	-89	0	0	0	0	0	-87	0	0	0	0	0	0	0	0	0	0	0	0	0	0	0	0	0	0	0	0	-92	0	0	0	0	0	0	0	0	0	0	0	0	-70	0	0	0	0	0	0	0	0	0	0	0	0	0	0	0	0	3603	-2967	3932	21747	-7719	-193	-34	967	219	-1	-1	0	-33	955	217	1606974814
-58	-50	-59	-55	-58	-62	-76	-72	-78	-68	-78	-78	-82	-77	0	0	0	-94	-92	-92	0	0	-93	-91	0	0	-85	-92	0	0	-91	-91	0	-58	0	0	0	0	-91	0	0	-92	0	0	0	0	0	0	0	0	0	0	0	0	0	0	0	0	0	-95	0	0	0	0	0	0	0	0	0	0	0	0	0	0	0	0	0	0	0	0	0	-62	0	0	0	0	0	0	0	0	0	0	0	0	0	0	0	0	3550	-2997	3947	21747	-7717	-193	-34	967	220	0	-1	0	-33	955	217	1606974816
-49	-47	-57	-55	-58	-61	0	-77	-77	0	-78	-77	-82	-71	0	0	0	-93	-91	-93	0	-77	-94	-92	0	0	-84	-91	-93	0	-93	-91	-91	-58	0	0	0	0	0	0	0	0	0	0	0	0	0	0	0	0	0	0	0	0	0	0	0	0	0	0	0	0	0	0	0	0	0	0	0	0	0	0	0	0	0	0	0	0	0	0	0	-59	0	0	0	0	0	0	0	0	0	0	0	0	0	0	0	0	3497	-2967	3962	21746	-7716	-193	-34	967	220	0	0	0	-33	955	217	1606974818
-61	-50	-58	-55	-57	0	-78	0	-72	0	-72	-72	-76	0	0	-82	-79	-88	-89	-89	-77	-78	0	-89	-77	-77	-84	-91	-92	0	0	-92	0	-58	-64	0	0	0	-94	0	0	-91	0	0	0	0	0	0	0	0	-89	-93	0	0	0	0	0	0	0	0	0	0	0	0	0	0	0	0	-91	0	0	0	0	0	0	0	0	0	0	0	0	-60	0	0	0	0	0	0	0	0	0	0	0	0	0	0	0	0	3527	-2952	3977	21747	-7720	-193	-34	967	219	-1	0	-1	-33	955	217	1606974819
-53	-48	-61	-55	-57	0	-72	-71	-78	0	-78	-79	-82	-71	0	0	0	-93	-92	-91	0	-76	-91	-93	0	0	-85	-91	-92	0	0	-91	0	-59	0	0	0	0	-92	0	0	0	0	0	0	0	-86	0	0	-88	0	0	0	0	0	0	0	0	0	0	0	0	0	0	0	0	0	0	0	0	0	0	0	0	0	0	0	0	0	0	0	-61	0	0	0	0	0	0	0	0	0	0	0	0	0	0	0	0	3535	-2952	3955	21746	-7716	-194	-34	967	220	-1	0	0	-34	955	217	1606974821
-53	-49	0	-54	-57	-65	-76	-75	-72	-69	-71	-71	-76	-70	0	0	0	-91	-90	-89	0	-77	-90	-93	0	0	-86	-91	-91	0	0	-91	0	-58	0	0	0	0	-92	0	0	0	0	0	0	0	0	0	0	0	0	0	0	0	0	0	0	0	0	0	0	0	0	0	0	0	0	0	-89	0	0	0	0	0	0	0	0	0	0	0	0	-61	0	0	0	0	0	0	0	0	0	0	0	0	0	0	0	0	3482	-2967	3962	21747	-7718	-194	-34	967	219	0	-1	0	-34	955	217	1606974822
-57	-49	-64	-54	-56	-57	0	0	-77	-70	-78	-77	-83	-75	0	0	0	-92	-91	-90	0	-78	-91	-92	0	0	-84	-91	0	0	0	-91	-91	-65	0	0	0	0	-91	0	0	-89	0	0	0	0	0	0	0	0	0	0	0	0	0	0	0	0	0	0	0	0	0	0	0	0	0	0	0	0	0	0	0	0	0	0	0	0	0	0	0	-69	0	0	0	0	0	0	0	0	0	0	0	0	0	0	0	0	3557	-2967	3947	21747	-7722	-194	-34	967	218	-1	0	-1	-34	955	216	1606974824
-58	-50	0	-55	-56	-59	-71	-71	-78	-69	-78	-78	-83	-70	0	0	0	-92	-92	-91	0	-79	-91	-90	0	0	-85	0	-92	0	-91	-91	-93	-65	0	0	0	0	-91	0	0	0	0	0	0	0	0	0	0	0	0	0	0	0	0	0	0	0	0	0	0	0	0	0	0	0	0	0	0	0	0	0	0	0	0	0	0	0	0	0	0	-63	0	0	0	0	0	0	0	0	0	0	0	0	0	0	0	0	3542	-2983	3947	21746	-7716	-193	-34	967	220	0	0	0	-33	955	217	1606974826
0	-52	-58	-55	0	-58	-72	-76	-78	-70	-78	-78	-82	-76	0	0	0	-92	-91	-92	0	-79	-90	-90	0	0	-86	-92	-92	0	0	-93	0	-65	-68	0	0	0	-91	0	0	0	0	0	-84	-83	-82	0	-84	0	-83	0	0	0	0	0	0	0	0	0	0	0	0	0	0	0	0	0	0	0	0	0	0	0	0	0	0	0	0	0	0	-76	0	0	0	0	0	0	0	0	0	0	0	0	-92	0	0	0	3527	-2952	3955	21747	-7717	-193	-34	967	220	0	0	0	-33	955	217	1606974827
-58	-51	-57	-55	-56	0	-73	-73	-73	-70	-73	-73	-76	-69	0	0	0	-89	-91	-90	0	0	-89	-91	0	0	-84	-92	-94	0	0	-91	0	-59	0	0	0	0	-92	0	0	-87	0	0	-82	0	0	0	0	-88	0	0	0	0	0	0	0	0	0	0	0	0	0	0	0	0	0	0	-90	0	0	0	0	0	0	0	0	0	0	0	0	-65	0	0	0	0	0	0	0	0	0	0	0	0	0	0	0	0	3542	-2952	3932	21748	-7720	-192	-34	967	219	-1	-1	0	-33	955	217	1606974829
-62	-49	-57	-54	-53	0	0	0	-73	0	-74	-73	-75	0	0	0	0	-91	-89	-91	0	0	-89	-90	0	0	-86	-92	-90	0	-92	-92	0	-57	0	0	0	0	-93	0	0	0	0	0	-83	0	0	0	0	0	0	0	0	0	0	0	0	0	0	0	0	0	0	0	0	0	0	0	-91	0	0	0	0	0	0	0	0	0	0	0	0	0	0	0	0	0	0	0	0	0	0	0	0	0	0	0	0	0	3542	-2952	3917	21747	-7716	-193	-34	967	220	-1	0	0	-33	955	217	1606974830
-52	-49	-62	-55	-57	-62	-73	-71	-73	-71	-73	-72	-76	-71	0	0	0	-89	-90	-89	0	-80	-90	-89	0	0	-84	-92	-92	0	0	0	0	-58	0	0	0	0	-93	0	0	0	0	0	-83	0	-82	0	-83	0	-86	0	0	0	0	0	0	0	0	0	0	0	0	0	0	0	0	0	-92	0	0	0	0	0	0	0	0	0	0	0	0	-61	0	0	0	0	0	0	0	0	0	0	0	0	0	0	0	0	3542	-2960	3962	21747	-7719	-193	-34	967	219	0	-1	0	-34	955	217	1606974832
0	-50	-57	-54	0	0	-75	-71	-75	-70	-76	-75	-75	-75	0	0	-77	-89	-90	-88	-79	-77	-89	-90	-79	-78	-85	-92	-90	0	0	-91	-92	-55	0	0	0	0	-93	0	0	0	0	0	0	0	0	0	-85	-89	-83	0	0	0	0	0	0	0	0	0	0	0	0	0	0	0	0	0	-92	0	0	0	0	0	0	0	0	0	0	0	0	-64	0	0	0	0	0	0	0	0	0	0	0	0	0	0	0	0	3558	-3020	3933	21747	-7721	-193	-34	967	218	0	0	0	-33	955	217	1606974834
-51	0	-57	-54	-56	-63	-75	-73	-76	-71	-76	-75	-76	-73	0	-86	-77	-91	-89	-89	-78	-77	-90	-89	-79	-78	-86	0	-91	0	0	-92	0	-58	0	0	0	0	-91	0	0	0	0	0	-81	-83	-84	-87	0	0	0	0	0	0	0	0	0	0	0	0	0	0	0	0	0	0	0	0	-90	0	0	0	0	0	0	0	0	0	0	0	0	-70	0	0	0	0	0	0	0	0	0	0	0	0	0	0	0	0	3535	-2952	3977	21747	-7718	-193	-34	967	219	-1	0	0	-33	955	217	1606974835
-51	-50	-59	-55	-57	-59	-70	-74	-77	-70	-77	0	-84	-70	0	-86	0	-92	-91	-90	0	-78	-92	-92	0	0	-85	-92	-93	0	-93	-91	-93	-64	0	0	0	0	-90	0	0	0	0	0	0	0	-89	-88	0	0	-88	0	0	0	0	0	0	0	0	0	0	0	0	0	0	0	0	0	0	0	0	0	0	0	0	0	0	0	0	0	0	-62	0	0	0	0	0	0	0	0	0	0	0	0	-92	0	0	0	3542	-2967	3962	21746	-7716	-194	-34	967	220	-1	-1	0	-34	955	217	1606974837
-51	-52	-62	-55	-58	0	-74	-70	-74	-70	-74	-73	-76	-74	0	0	0	-91	-92	-91	0	-77	-91	-89	0	0	-86	-92	-92	0	0	-92	-93	-57	0	0	0	0	-94	0	0	0	0	0	0	0	-87	-87	0	0	0	0	0	0	0	0	0	0	0	0	0	0	0	0	0	0	0	0	-93	0	0	0	0	0	0	0	0	0	0	0	0	-78	0	0	0	0	0	0	0	0	0	0	0	0	0	0	0	0	3535	-2937	3917	21747	-7717	-193	-34	967	219	-1	-1	0	-33	955	217	1606974838
-51	-43	-58	-54	-57	0	-74	-71	-77	-70	-77	-77	-82	-70	0	-86	0	-90	-90	-92	0	0	-91	-90	0	0	-85	-91	-92	0	0	-92	-92	-65	-66	0	0	0	-91	0	0	0	0	0	0	0	0	0	0	0	0	0	0	0	0	0	-86	0	0	0	0	-86	0	0	0	0	0	0	-94	0	0	0	0	0	0	0	0	0	0	0	0	-64	0	0	0	0	0	0	0	0	0	0	0	0	0	0	0	0	3632	-2908	3992	21747	-7718	-194	-34	967	219	-1	0	0	-34	955	217	1606974840
-50	-53	0	-55	-58	-63	-73	-70	-73	0	-74	-74	-75	-74	0	0	-78	-89	-89	-90	0	-77	-91	-90	0	0	-87	-91	-92	0	-90	-92	-92	-58	0	0	0	0	0	0	0	0	0	0	0	0	0	0	0	0	0	0	0	0	0	0	0	0	0	0	0	0	0	0	0	0	0	0	0	0	0	0	0	0	0	0	0	0	0	0	0	-63	0	0	0	0	0	0	0	0	0	0	0	0	0	0	0	0	3535	-2997	3917	21746	-7717	-194	-34	967	220	0	0	0	-34	955	217	1606974842
0	-50	-60	-56	-57	0	-71	0	-73	-69	-73	-74	-76	-74	0	0	-79	-90	-89	-89	-78	-77	-91	-89	-78	-77	-86	-92	-90	0	-92	-92	0	-57	0	0	0	0	-93	0	0	0	0	0	0	0	0	0	0	0	0	0	0	0	0	0	0	0	0	0	0	0	0	0	0	0	0	0	-94	0	0	0	0	0	0	0	0	0	0	0	0	-62	0	0	0	0	0	0	0	0	0	0	0	0	0	0	0	0	3527	-3005	3947	21747	-7717	-193	-34	967	220	0	0	0	-33	955	217	1606974843
0	-53	0	-56	0	-63	-72	-75	-74	-70	-75	-73	-75	-75	0	0	0	-89	-90	-90	0	-79	-91	-90	0	0	-86	-90	-93	0	-92	0	-91	-57	0	0	0	0	-93	0	0	0	0	0	0	0	0	0	0	0	0	0	0	0	0	0	0	0	0	0	0	0	0	0	0	0	0	0	0	0	0	0	0	0	0	0	0	0	0	0	0	-64	0	0	0	0	0	0	0	0	0	0	0	0	0	0	0	0	3557	-2937	3910	21747	-7720	-193	-34	967	219	-1	-1	0	-33	955	217	1606974845
-53	-51	-61	-55	-58	0	-69	-70	-73	0	-73	0	-75	-70	0	-88	-77	-90	-91	-90	-78	-78	-90	-90	-77	-78	-85	-91	-91	0	-93	-92	-92	-58	0	0	0	0	-91	0	0	0	0	0	0	0	0	0	0	0	0	0	0	0	0	0	0	0	0	0	0	0	0	0	0	0	0	0	-91	0	0	0	0	0	0	0	0	0	0	0	0	-63	0	0	0	0	0	0	0	0	0	0	0	0	0	0	0	0	3542	-2922	3917	21747	-7716	-193	-34	967	220	-1	-1	0	-33	955	217	1606974846
-52	-53	-59	-55	-56	0	-74	-65	-77	0	-77	-77	-82	-70	0	-86	0	-91	-89	-89	0	0	-90	-90	0	0	-85	-90	-90	0	0	-91	0	-65	-65	0	0	0	-91	0	0	0	0	0	0	0	0	-87	0	0	0	0	0	0	0	0	0	0	0	0	0	0	0	0	0	0	0	0	0	0	0	0	0	0	0	0	0	0	0	0	0	-64	0	0	0	0	0	0	0	0	0	0	0	0	0	0	0	0	3557	-2983	3947	21746	-7718	-194	-34	967	219	-1	-1	0	-34	955	217	1606974848
-52	-53	-59	-55	-57	-64	-72	-70	-73	0	-73	-74	-75	-74	0	0	-79	-89	-90	-89	0	-78	-90	-91	-76	0	-86	-92	-91	0	-92	-91	-92	-58	0	0	0	0	-92	0	0	-90	0	0	0	0	0	0	0	-89	0	0	-87	0	0	0	0	0	0	0	0	0	0	0	0	0	0	0	-91	0	0	0	0	0	0	0	0	0	0	0	0	-63	0	0	0	0	0	0	0	0	0	0	0	0	0	0	0	-89	3558	-2997	3932	21748	-7721	-192	-34	967	219	-1	-1	0	-33	955	216	1606974850
0	0	0	-54	-56	0	-71	0	-73	-70	-73	-73	-75	-70	0	0	0	-90	-88	-89	0	0	-90	-89	0	0	-83	-93	-91	0	-92	-92	-93	-57	0	0	0	0	-94	0	0	0	0	0	0	0	0	0	0	0	0	0	0	0	0	0	0	0	0	0	0	0	0	0	0	0	0	0	-92	0	0	0	0	0	0	0	0	0	0	0	0	-61	0	0	0	0	0	0	0	0	0	0	0	0	0	0	0	0	3527	-2952	3917	21746	-7716	-193	-34	967	220	-1	-1	0	-33	955	217	1606974851
0	-51	-60	-55	0	-64	0	-74	-73	-70	-73	-74	-75	0	0	0	-78	-91	-91	-90	-77	-78	-90	-90	-78	-78	-85	-91	-93	0	-92	-93	0	-58	0	0	0	0	-95	0	0	-88	0	0	0	0	-90	-88	0	0	-88	-91	0	0	0	0	0	0	0	0	0	0	0	0	0	0	0	0	-91	0	0	0	0	0	0	0	0	0	0	0	0	0	0	0	0	0	0	0	0	0	0	0	0	0	0	0	0	0	3527	-2967	3947	21747	-7718	-193	-33	967	219	-1	0	-1	-33	955	217	1606974853
0	0	-61	-55	-58	0	-70	0	-73	-67	-73	-72	-76	-74	0	0	0	-91	-90	-89	0	-79	-90	-91	0	0	0	-91	-92	0	-90	-91	-92	-58	0	0	0	0	-92	0	0	0	0	0	0	0	0	0	0	0	0	0	0	0	0	0	0	0	0	0	0	0	0	0	0	0	0	0	-93	0	0	0	0	0	0	0	0	0	0	0	0	-64	0	0	0	0	0	0	0	0	0	0	0	0	0	0	0	0	3557	-2967	3940	21747	-7719	-193	-34	967	219	-1	-1	0	-33	955	217	1606974854
-51	-53	-62	0	-58	-63	0	0	-73	0	-72	-73	-76	0	0	0	-76	-89	-88	-88	-78	-78	-89	-89	-78	-77	-84	-91	-94	0	-91	-94	-92	-58	0	0	0	0	-93	0	0	0	0	0	0	0	0	0	0	0	0	0	0	0	0	0	0	0	0	0	0	0	0	0	0	0	0	0	-90	0	0	0	0	0	0	0	0	0	0	0	0	-80	0	0	0	0	0	0	0	0	0	0	0	0	0	0	0	0	3497	-2967	3925	21747	-7716	-193	-34	967	219	-1	0	0	-33	955	217	1606974856
-60	-53	-63	-54	-56	0	-69	0	-78	0	-77	-77	-83	-70	0	0	0	-91	-91	-92	0	0	-89	-90	0	0	0	-93	-94	0	0	-93	0	-67	0	0	0	0	-91	0	0	-91	0	0	0	0	0	-87	0	0	0	0	0	0	0	0	0	0	0	0	0	0	0	0	0	0	0	0	0	0	0	0	0	0	0	0	0	0	0	0	0	-67	0	0	0	0	0	0	0	0	0	0	0	0	0	0	0	0	3527	-2952	3925	21747	-7717	-193	-34	967	219	-1	-1	0	-33	955	217	1606974857
0	-51	-61	0	-57	0	0	-72	-77	-71	-78	-78	-83	-76	0	0	0	-90	-90	-91	0	-78	-91	-91	0	0	-82	-91	-92	0	-91	-91	0	-65	0	0	0	0	-92	0	0	0	0	0	0	0	0	0	0	-88	0	0	0	0	0	0	0	0	0	0	0	0	0	0	0	0	0	0	0	0	0	0	0	0	0	0	0	0	0	0	0	-67	0	0	0	0	0	0	0	0	0	0	0	0	0	0	0	0	3527	-2997	3932	21747	-7715	-192	-34	967	219	0	-1	0	-33	955	218	1606974859
-51	-52	-60	-54	-58	0	-69	-69	-78	0	-78	-78	-84	-70	0	0	0	-92	-90	-90	0	0	-89	-90	0	0	-84	-90	-92	0	-93	-91	0	-64	-67	0	0	0	-91	0	0	0	0	0	0	0	0	0	0	0	0	0	0	0	0	0	0	0	0	0	0	0	0	0	0	0	0	0	0	0	0	0	0	0	0	0	0	0	0	0	0	-64	0	0	0	0	0	0	0	0	0	0	0	0	0	0	0	0	3497	-3012	3917	21746	-7716	-194	-34	967	220	-1	-1	0	-34	955	217	1606974861
-48	-49	-63	-55	-56	-65	-70	-71	-73	-71	-73	-73	-76	-75	0	0	0	-90	-90	-90	0	0	0	-89	0	0	-87	-90	-93	0	0	-92	0	-60	0	0	0	0	-94	0	0	0	0	0	0	0	0	-88	0	0	0	0	0	0	0	0	0	0	0	0	0	0	0	0	0	0	0	0	-92	0	0	0	0	0	0	0	0	0	0	0	0	0	0	0	0	0	0	0	0	0	0	0	0	0	0	0	0	0	3558	-2997	3932	21746	-7716	-193	-34	967	219	-1	-1	0	-34	955	217	1606974862
0	-50	-65	-54	-56	0	0	0	-73	0	-72	-74	-76	0	0	-84	-77	-90	-91	0	-77	-78	0	-90	-78	-77	-83	-93	-92	0	0	-92	0	-59	-65	0	0	0	-93	0	0	0	0	0	0	0	0	0	0	0	0	0	0	0	0	0	0	0	0	0	0	0	0	0	0	0	0	0	-91	0	0	0	0	0	0	0	0	0	0	0	0	-71	0	0	0	0	0	0	0	0	0	0	0	0	0	0	0	0	3482	-2997	3932	21747	-7718	-193	-34	967	220	0	0	0	-33	955	217	1606974864
0	-49	-64	-54	-58	-65	-76	-77	-72	-70	-72	-71	-76	-69	0	0	-78	-92	-92	0	0	0	0	-91	-79	0	-85	-92	-91	0	0	-92	-94	-59	0	0	0	0	0	0	0	0	0	0	0	0	-88	0	0	0	-89	0	0	0	0	0	0	0	0	0	0	0	0	0	0	0	0	0	-91	0	0	0	0	0	0	0	0	0	0	0	0	-65	0	0	0	0	0	0	0	0	0	0	0	0	0	0	0	0	3512	-2960	3932	21747	-7720	-193	-34	967	219	-1	-1	0	-33	955	217	1606974865
-52	-47	-60	0	0	0	0	0	-72	0	-71	-72	-77	0	0	0	0	0	-90	0	0	-77	0	-90	0	0	-85	-93	-93	0	0	0	-93	-60	0	0	0	0	0	0	0	0	0	0	0	0	0	0	0	0	0	0	0	0	0	0	0	0	0	0	0	0	0	0	0	0	0	0	-91	0	0	0	0	0	0	0	0	0	0	0	0	-62	0	0	0	0	0	0	0	0	0	0	0	0	0	0	0	0	3497	-3012	3887	21747	-7717	-193	-34	967	220	0	-1	0	-33	955	217	1606974867
-61	0	-66	-53	-57	-65	0	0	-72	-70	-72	-72	-77	0	0	-85	-77	-91	-89	-91	0	-77	-91	-90	-79	-78	-85	-92	-92	0	0	-91	-92	-59	0	0	0	0	-93	0	0	0	0	0	0	0	0	-89	0	0	0	0	0	0	0	0	0	0	0	0	0	0	0	0	0	0	0	0	-92	0	0	0	0	0	0	0	0	0	0	0	0	-67	0	0	0	0	0	0	0	0	0	0	0	0	0	0	0	0	3542	-2937	3917	21747	-7717	-193	-34	967	219	0	-1	0	-33	955	217	1606974868
0	-50	-58	-55	-58	0	-75	0	-70	-70	-72	-70	-77	-75	0	0	0	-90	-90	-91	0	-77	-90	-90	0	0	-84	-92	-93	0	0	-91	0	-59	0	0	0	0	-94	0	0	-90	0	0	0	0	0	0	0	0	0	0	0	0	0	0	0	0	0	0	0	0	0	0	0	0	0	0	-91	0	0	0	0	0	0	0	0	0	0	0	0	-60	0	0	0	0	0	0	0	0	0	0	0	0	0	0	0	0	3437	-2967	3962	21747	-7719	-194	-34	967	220	-1	0	0	-34	955	217	1606974870
-53	-52	-59	-54	-56	-65	-70	-74	-71	-69	-72	-71	-77	-73	0	0	0	-92	-90	0	0	-77	-90	-91	0	0	-85	-91	-92	0	0	-93	0	-60	0	0	0	0	0	0	0	0	0	0	0	0	0	0	0	0	0	0	0	0	0	0	0	0	0	0	0	0	0	0	0	0	0	0	-93	0	0	0	0	0	0	0	0	0	0	0	0	-64	0	0	0	0	0	0	0	0	0	0	0	0	0	0	0	0	3535	-2952	3962	21747	-7717	-193	-34	967	219	0	0	0	-33	955	217	1606974871
-60	-51	-59	0	-57	-56	-74	-76	-77	-70	-77	-77	-83	-73	0	0	0	-91	-91	-90	0	-78	0	-90	0	0	-84	-92	-93	0	0	-90	0	-64	0	0	0	0	0	0	0	0	0	0	0	0	0	0	0	0	0	0	0	0	0	0	0	0	0	-94	0	0	0	0	0	0	0	0	0	0	0	0	0	0	0	0	0	0	0	0	0	-65	0	0	0	0	0	0	0	0	0	0	0	0	0	0	0	0	3557	-2952	3887	21747	-7716	-193	-34	967	220	-1	-1	0	-33	955	217	1606974873
-59	-50	-59	0	-55	-56	0	-74	-77	-69	-77	-77	-83	0	0	-86	0	-92	-89	-90	0	-83	-90	-91	0	0	-84	-91	-92	0	0	-92	-92	-64	0	0	0	0	0	0	0	0	0	0	0	0	0	0	0	0	-88	0	0	0	0	0	-89	0	0	0	0	-85	0	-86	-87	0	0	0	0	0	0	0	0	0	0	0	0	0	0	0	0	-64	0	0	0	0	0	0	0	0	0	0	0	0	0	0	0	0	3587	-3013	3970	21747	-7718	-192	-34	967	219	-1	0	0	-33	955	217	1606974874
-53	-50	-58	-54	-56	-58	-75	0	-77	0	-76	-77	-84	-74	0	0	-82	-90	-91	-89	0	-79	-90	-90	-82	-83	-85	-92	-93	0	0	-92	0	-64	0	0	0	0	-90	0	0	-92	-90	0	0	0	0	0	0	0	-90	0	0	0	0	0	0	0	0	0	0	0	0	0	0	0	0	0	0	0	0	0	0	0	0	0	0	0	0	0	0	0	0	0	0	0	0	0	0	0	0	0	0	0	0	0	0	0	3557	-2967	3947	21747	-7717	-193	-34	967	220	0	0	0	-33	955	217	1606974876
-53	-50	0	-55	-57	-58	-69	-68	-77	0	-77	-77	-83	-70	0	0	0	-91	-90	-91	0	-82	-90	-89	0	0	-87	-91	-91	0	-91	-90	-91	-63	0	0	0	0	-92	0	0	0	0	0	0	0	0	0	0	0	0	0	0	-88	0	0	0	0	0	0	0	0	0	0	0	0	0	0	0	0	0	0	0	0	0	0	0	0	0	0	0	-59	0	0	0	0	0	0	0	0	0	0	0	0	0	0	0	0	3557	-2952	3962	21747	-7717	-192	-34	967	220	0	0	0	-33	955	217	1606974878
-59	-50	0	-54	-57	0	0	-70	-71	0	-72	-72	-77	-69	0	0	0	-92	-90	-91	0	0	-90	-91	0	0	-88	-91	-92	0	0	-91	-91	-60	0	0	0	0	-93	0	0	0	0	0	0	0	-89	-88	0	0	0	0	0	0	0	0	0	0	0	0	0	0	0	0	0	0	0	0	-90	0	0	0	0	0	0	0	0	0	0	0	0	-63	0	0	0	0	0	0	0	0	0	0	0	0	0	0	0	0	3557	-2967	3917	21747	-7720	-193	-34	967	218	-1	-1	0	-33	955	217	1606974879
0	0	-59	-55	-56	0	-69	0	-76	-70	-77	-77	-83	0	0	0	0	-89	-90	-89	0	0	-90	-90	0	0	-84	-92	-91	0	0	0	0	-63	0	0	0	0	-91	0	0	0	0	0	0	0	0	0	0	-87	0	0	0	0	0	0	0	0	0	0	0	0	0	0	0	0	0	0	0	0	0	0	0	0	0	0	0	0	0	0	0	-64	0	0	0	0	0	0	0	0	0	0	0	0	0	0	0	0	3557	-2967	3947	21747	-7717	-193	-34	967	220	0	0	0	-33	955	217	1606974881
-53	-51	0	-55	-55	-65	-74	-73	-70	0	-70	-70	-77	-70	0	0	0	-93	-91	0	0	-81	-91	-91	0	0	-84	-92	-91	0	-88	-91	-93	-59	0	0	0	0	-94	0	0	0	0	0	0	0	0	-87	0	0	-88	0	0	0	0	0	0	0	0	0	0	0	0	0	0	0	0	0	-91	0	0	0	0	0	0	0	0	0	0	0	0	-64	0	0	0	0	0	0	0	0	0	0	0	0	0	0	0	0	3580	-2997	3888	21747	-7717	-192	-34	967	219	-1	-1	0	-33	955	217	1606974882
0	-51	0	-55	-57	0	-73	-73	-71	0	-71	-71	-77	-69	0	-85	-82	-92	-91	0	0	0	0	-91	-82	0	-84	-91	-93	0	0	-92	-91	-60	0	0	0	0	-92	0	0	0	0	0	0	0	0	0	0	0	-87	0	0	0	0	0	-84	0	0	0	0	-84	0	-85	-85	0	0	0	-90	0	0	0	0	0	0	0	0	0	0	0	0	-59	0	0	0	0	0	0	0	0	0	0	0	0	0	0	0	0	3444	-2982	3932	21747	-7716	-193	-34	967	219	-1	-1	0	-33	955	217	1606974884
-60	-52	-59	-55	-56	0	-70	-70	-76	-70	-77	-77	-83	-74	0	0	0	-91	-90	-91	0	0	-90	-90	0	0	-84	-92	-91	0	0	-92	0	-64	-66	0	0	0	-91	0	0	0	0	0	0	0	0	0	0	0	0	0	0	0	0	0	0	0	0	0	0	0	0	0	0	0	0	0	0	0	0	0	0	0	0	0	0	0	0	0	0	-63	0	0	0	0	0	0	0	0	0	0	0	0	0	0	0	0	3497	-3012	3873	21747	-7717	-193	-34	967	220	0	0	0	-33	955	217	1606974886
-52	-48	-59	-54	-57	0	0	-71	-77	-70	-76	-77	0	-74	0	0	-81	-90	-90	-91	-81	-81	-91	-90	-82	-81	-87	-93	-91	0	-91	-92	-90	-64	-67	0	0	0	-92	0	0	0	0	0	0	0	0	0	0	-88	0	0	-88	-91	0	0	0	0	0	0	0	-88	0	0	0	0	0	0	0	0	0	0	0	0	0	0	0	0	0	0	0	-64	0	0	0	0	0	0	0	0	0	0	0	0	0	0	0	0	3572	-2937	3962	21747	-7717	-192	-34	967	219	0	0	0	-33	955	217	1606974887
-60	-51	-59	-55	-57	0	-71	-74	-77	0	-77	-77	-83	-71	0	0	-82	-90	-90	-92	0	0	-89	-90	0	0	-86	-92	-92	0	0	-92	-94	-64	0	0	0	0	-91	0	0	0	0	0	-90	0	0	0	0	0	0	0	0	0	0	0	0	0	0	0	0	0	0	0	0	0	0	0	0	0	0	0	0	0	0	0	0	0	0	0	0	-55	0	0	0	0	0	0	0	0	0	0	0	0	0	0	0	0	3557	-2982	3917	21748	-7722	-192	-34	967	219	0	0	0	-33	955	217	1606974889
-53	-51	-57	-54	-57	-64	-70	-71	-72	0	-72	-73	-77	-71	0	0	-82	-92	-90	-90	0	0	-90	-90	0	0	-84	0	-90	0	0	-92	-90	-59	0	0	0	0	-92	0	0	0	0	0	0	0	0	0	0	0	0	0	0	0	0	0	0	0	0	0	0	0	0	0	0	0	0	0	-91	0	0	0	0	0	0	0	0	0	0	0	0	-60	0	0	0	0	0	0	0	0	0	0	0	0	0	0	0	0	3557	-2952	3940	21747	-7719	-193	-34	967	220	0	0	0	-33	955	217	1606974890
0	-49	0	-54	-56	-57	-75	-71	-77	-69	-77	-77	-83	-76	0	0	0	-90	-91	-91	0	0	-89	-90	0	0	-86	-91	-91	0	0	-92	-91	-65	0	0	0	0	-92	0	0	0	0	0	0	0	0	0	0	0	0	0	0	0	0	0	0	0	0	0	0	0	0	0	0	0	0	0	0	0	0	0	0	0	0	0	0	0	0	0	0	-74	0	0	0	0	0	0	0	0	0	0	0	0	0	0	0	0	3557	-2922	3955	21747	-7717	-192	-34	967	220	0	-1	0	-33	955	217	1606974892
0	0	-61	-55	-57	0	-73	-72	-72	-67	-71	-72	-75	-70	0	0	-78	-90	-89	-89	-78	-77	-88	-90	-79	-77	-87	-92	-91	0	0	-90	-91	-58	0	0	0	0	-93	0	0	0	0	0	0	0	0	0	0	0	0	-91	0	0	0	0	0	0	0	0	0	0	0	0	0	0	0	0	-91	0	0	0	0	0	0	0	0	0	0	0	0	-65	0	0	0	0	0	0	0	0	0	0	0	0	0	0	0	0	3558	-3027	3933	21747	-7719	-193	-34	967	218	-1	0	0	-33	955	217	1606974893
-54	-50	-63	-55	-56	0	-74	-74	-77	0	-77	-77	-82	-70	0	0	0	-90	-89	-90	0	-78	-89	-88	0	0	-86	-92	-93	0	0	-92	-92	-65	0	0	0	0	-92	0	0	0	0	0	0	0	0	0	0	0	0	0	0	0	0	0	0	0	0	0	0	0	0	0	0	0	0	0	0	0	0	0	0	0	0	0	0	0	0	0	0	-61	0	0	0	0	0	0	0	0	0	0	0	0	0	0	0	0	3527	-2997	3962	21747	-7717	-192	-34	967	220	0	-1	0	-33	955	217	1606974895
0	-52	-62	-56	0	-63	-71	-70	-72	-69	-71	-72	-75	-75	0	0	0	-89	-89	-89	0	0	-90	-89	0	0	-85	-91	-93	0	0	-92	-92	-59	0	0	0	0	-94	0	0	0	0	0	0	0	0	-88	0	0	0	0	0	0	0	0	0	0	0	0	0	0	0	0	0	0	0	0	-93	0	0	0	0	0	0	0	0	0	0	0	0	-69	0	0	0	0	0	0	0	0	0	0	0	0	0	0	0	0	3558	-3012	3917	21747	-7717	-193	-34	967	219	0	0	0	-33	955	217	1606974897
-52	-48	-65	0	0	-57	-69	-75	-76	-70	-76	-77	-82	-69	0	0	0	-92	-91	-90	0	-76	-90	-93	0	0	-85	-92	0	0	-90	-91	-92	-65	0	0	0	0	-92	0	0	0	0	0	0	0	0	0	0	0	0	0	0	0	0	0	0	0	0	0	0	0	0	0	0	0	0	0	0	0	0	0	0	0	0	0	0	0	0	0	0	-60	0	0	0	0	0	0	0	0	0	0	0	0	0	0	0	0	3527	-3012	3858	21747	-7717	-194	-34	967	220	0	0	0	-34	955	217	1606974898
-59	-51	-63	-54	-56	-58	-76	-76	-77	-69	-77	-77	-83	-76	0	0	0	-91	-90	-91	0	-77	-90	-90	0	0	-86	-92	-92	0	-92	-91	0	-65	0	0	0	0	0	0	0	0	0	0	0	0	0	0	0	0	0	0	0	0	0	0	0	0	0	0	0	0	0	0	0	0	0	0	0	0	0	0	0	0	0	0	0	0	0	0	0	-65	0	0	0	0	0	0	0	0	0	0	0	0	0	0	0	0	3542	-2997	3917	21747	-7719	-193	-34	967	219	0	-1	0	-33	955	217	1606974900
0	-52	-61	-55	0	-59	-75	-71	-77	-70	-77	-77	-83	-75	0	0	-78	-90	-91	-90	-78	-78	-90	-90	-78	-77	-85	-91	-91	0	0	-91	-92	-66	0	0	0	0	-91	0	0	0	0	0	0	0	0	0	0	0	0	0	0	0	0	0	0	0	0	0	0	0	0	0	0	0	0	0	-95	0	0	0	0	0	0	0	0	0	0	0	0	-65	0	0	0	0	0	0	0	0	0	0	0	0	0	0	0	0	3527	-2892	3917	21747	-7717	-193	-34	967	219	0	0	0	-33	955	217	1606974902
-59	-48	-60	-55	-56	-57	-72	-71	-76	0	-77	-77	-83	-70	0	0	0	-91	-90	-90	0	-80	-90	-92	0	0	-85	-92	-91	0	-91	-93	-92	-66	0	0	0	0	-91	0	0	0	0	0	0	0	0	0	0	0	0	0	0	0	0	0	0	0	0	0	0	0	0	0	0	0	0	0	-94	0	0	0	0	0	0	0	0	0	0	0	0	-63	0	0	0	0	0	0	0	0	0	0	0	0	0	0	0	0	3527	-3012	3917	21747	-7717	-193	-34	967	219	0	-1	0	-33	955	217	1606974903
-58	-49	-63	-55	-56	-58	-74	-74	-77	-69	-77	-77	-82	-73	0	0	0	-90	-91	-89	0	-78	-90	-90	0	0	-82	-92	-93	0	0	-93	-91	-65	0	0	0	0	-92	0	0	0	0	0	0	0	0	0	0	-87	0	0	0	0	0	0	0	0	0	0	0	0	0	0	0	0	0	0	0	0	0	0	0	0	0	0	0	0	0	0	0	0	0	0	0	0	0	0	0	0	0	0	0	0	0	0	0	0	3527	-2997	3947	21748	-7721	-192	-34	967	219	0	0	0	-33	955	217	1606974905
-57	-48	-55	-54	-56	0	-69	-70	-72	-68	-72	-72	-75	-72	0	0	0	-90	-90	-90	0	-78	-89	-90	0	0	-86	-90	-91	0	0	-92	0	-58	0	0	0	0	-94	0	0	0	0	0	0	0	0	0	0	0	0	0	0	0	0	0	0	0	0	0	0	0	0	0	0	0	0	0	-92	0	0	0	0	0	0	0	0	0	0	0	0	-61	0	0	0	0	0	0	0	0	0	0	0	0	0	0	0	0	3527	-2997	3932	21747	-7718	-192	-34	967	219	0	0	0	-33	955	217	1606974906
-57	-49	-61	-54	-56	0	-75	-74	-77	-70	-77	0	-83	-74	0	-85	0	-90	-90	-89	0	-78	-88	-90	0	0	-86	0	-92	0	0	-93	0	-65	0	0	0	0	-90	0	0	0	0	0	0	0	0	-87	0	0	0	0	0	0	0	0	0	0	0	0	0	0	0	0	0	0	0	0	0	0	0	0	0	0	0	0	0	0	0	0	0	-60	0	0	0	0	0	0	0	0	0	0	0	0	0	0	0	0	3587	-2960	3932	21747	-7718	-193	-34	967	219	-1	0	0	-33	955	217	1606974908
0	-47	-67	-55	-56	0	-71	-70	-77	-69	-77	-77	-83	0	0	0	0	-91	-89	-90	0	-80	-89	-90	0	0	-83	-92	-90	0	-92	-92	0	-65	0	0	0	0	-92	0	0	-90	0	0	-82	0	0	0	0	0	0	0	0	0	0	0	0	0	0	0	0	0	0	0	0	0	0	0	0	0	0	0	0	0	0	0	0	0	0	0	0	-61	0	0	0	0	0	0	0	0	0	0	0	0	0	0	0	0	3527	-2937	3887	21747	-7720	-192	-34	967	219	-1	0	0	-33	955	217	1606974910
-52	-47	-63	0	-57	-64	0	-70	-71	-69	-71	-71	-76	0	0	-85	0	-91	-89	-91	0	-79	-92	-91	0	0	-84	0	-91	0	-93	-92	-92	-60	0	0	0	0	-93	0	0	-87	0	0	0	0	0	0	0	0	0	0	0	0	0	0	0	0	0	0	0	0	0	0	0	0	0	0	-91	0	0	0	0	0	0	0	0	0	0	0	0	-60	0	0	0	0	0	0	0	0	0	0	0	0	0	0	0	0	3512	-2952	3947	21747	-7717	-193	-34	967	220	0	0	0	-33	955	217	1606974911
-48	-47	0	-55	-56	0	-75	-70	-71	-70	-70	-71	-75	-74	0	-85	0	-89	-90	-90	0	-76	-90	-89	0	0	-87	-91	-91	0	0	-92	-91	-59	0	0	0	0	-92	0	0	0	0	0	-83	-82	-83	0	-83	-85	-83	0	0	0	0	0	0	0	0	0	0	0	0	0	0	0	0	0	-91	0	-88	0	0	0	0	0	0	0	0	0	0	-70	0	0	0	0	0	0	0	0	0	0	0	0	0	0	0	0	3557	-2967	3917	21747	-7717	-193	-34	967	220	-1	-1	0	-33	955	217	1606974913
0	-51	0	-54	-56	-63	-75	-69	-72	-69	-72	-72	-76	-74	0	-86	0	-90	-90	-88	0	0	-88	-91	0	0	0	-92	-93	0	-91	-91	-93	-58	0	0	0	0	0	0	0	0	0	0	0	0	0	0	0	0	0	0	0	0	0	0	0	0	0	0	0	0	0	0	0	0	0	0	-91	0	0	0	0	0	0	0	0	0	0	0	0	-68	0	0	0	0	0	0	0	0	0	0	0	0	0	0	0	0	3558	-2997	3917	21748	-7723	-192	-34	967	218	0	-1	-1	-33	955	216	1606974914
-52	-52	0	-56	-57	-58	-75	-75	-76	0	-77	-76	-83	-71	0	0	0	-90	-90	-89	0	0	-89	-90	0	0	-85	0	-92	0	0	-91	0	-66	0	0	0	0	-92	0	0	0	0	0	0	0	0	0	0	-91	0	0	0	0	0	0	0	0	0	0	0	0	0	0	0	0	0	0	0	0	0	0	0	0	0	0	0	0	0	0	0	0	0	0	0	0	0	0	0	0	0	0	0	0	0	0	0	0	3565	-2952	3917	21746	-7716	-194	-34	967	220	-1	0	-1	-34	955	217	1606974916
-52	-52	-62	-55	-57	-58	-74	-75	-76	-69	-77	-76	-83	-74	0	0	0	-89	-89	-90	0	-78	-90	-91	0	0	-85	-91	-91	0	0	-91	-92	-64	0	0	0	0	-92	0	0	0	0	0	-88	0	0	0	0	0	0	0	0	0	0	0	0	0	0	0	0	0	0	0	0	0	0	0	0	0	0	0	0	0	0	0	0	0	0	0	0	-63	0	0	0	0	0	0	0	0	0	0	0	0	0	0	0	0	3497	-2960	3947	21747	-7718	-193	-34	967	219	0	0	0	-33	955	217	1606974917
-58	-48	-61	-55	-56	-56	-70	-73	-76	-69	-76	-77	-83	-72	0	0	0	-90	-92	-89	0	0	-89	-90	0	0	-84	-92	-90	0	0	-90	-91	-65	0	0	0	0	-92	0	0	0	0	0	0	0	0	0	0	0	0	0	0	0	0	0	0	0	0	0	0	0	0	0	0	0	0	0	0	0	0	0	0	0	0	0	0	0	0	0	0	-71	0	0	0	0	0	0	0	0	0	0	0	0	0	0	0	0	3482	-2922	3984	21747	-7719	-193	-34	967	219	-1	-1	0	-33	955	217	1606974919
-58	-52	0	0	-58	0	0	0	-71	0	-72	-72	-75	0	0	0	0	-90	-90	-89	-80	-83	0	-89	0	0	0	-91	-90	0	0	-91	-92	-59	0	0	0	0	-94	0	0	-90	0	0	0	0	0	0	0	0	0	0	0	0	0	0	0	0	0	0	0	0	0	0	0	0	0	0	-92	0	0	0	0	0	0	0	0	0	0	0	0	-65	0	0	0	0	0	0	0	0	0	0	0	0	0	0	0	0	3527	-2922	3925	21747	-7717	-193	-34	967	219	-1	-1	0	-33	955	217	1606974920
-58	-48	-60	-54	-56	0	-74	-74	-76	-69	-76	-77	-83	-72	0	-89	0	-92	-90	-90	0	0	-90	-88	0	0	-86	-92	0	0	-92	-91	-92	-65	0	0	0	0	-91	0	0	0	0	0	0	0	0	-87	0	0	0	0	0	0	0	0	0	0	0	0	0	0	0	0	0	0	0	0	0	0	0	0	0	0	0	0	0	0	0	0	0	-65	0	0	0	0	0	0	0	0	0	0	0	0	0	0	0	0	3587	-2952	3932	21747	-7717	-192	-34	967	219	0	0	0	-33	955	217	1606974922
-51	-52	-61	-55	-57	-64	-72	0	-71	0	-71	-71	-76	-70	0	0	-81	-89	-89	-89	0	-81	-90	-88	-79	0	-86	-92	-93	0	0	-92	-93	-59	0	0	0	0	-93	0	0	0	0	0	0	0	0	0	0	0	0	0	0	0	0	0	0	0	0	0	0	0	0	0	0	0	0	0	-92	0	0	0	0	0	0	0	0	0	0	0	0	-66	0	0	0	0	0	0	0	0	0	0	0	0	0	0	0	0	3452	-2952	3947	21747	-7719	-192	-34	967	218	-1	0	0	-33	955	217	1606974923
-50	-48	-62	-55	-56	-57	0	-73	-76	0	-77	-77	-83	-71	0	0	-80	-91	-91	-91	0	0	-91	-90	0	0	-86	-91	-92	0	-91	-91	0	-65	0	0	0	0	-92	0	0	0	0	0	-90	0	-87	0	0	0	-88	0	0	0	0	0	0	0	0	0	0	0	0	0	0	0	0	0	0	0	0	0	0	0	0	0	0	0	0	0	0	-61	0	0	0	0	0	0	0	0	0	0	0	0	0	0	0	0	3512	-2997	3932	21747	-7718	-192	-34	967	220	0	0	0	-33	955	217	1606974925
-52	-52	-60	-54	-56	-64	-74	-69	-70	-69	-72	-72	-75	-74	0	0	0	-88	-90	-89	0	0	-89	-90	0	0	-86	0	0	0	0	0	0	-58	0	0	0	0	-94	0	0	-89	0	0	0	0	0	-86	0	0	-89	0	0	0	0	0	0	0	0	0	0	0	0	0	0	0	0	0	-94	0	0	0	0	0	0	0	0	0	0	0	0	-64	0	0	0	0	0	0	0	0	0	0	0	0	0	0	0	0	3542	-2967	3947	21747	-7714	-191	-33	967	220	-1	-1	0	-33	955	218	1606974927
-58	0	-62	-54	-58	-58	-71	0	-76	0	-76	-77	-83	-73	0	0	-81	-92	-90	-92	-79	0	-91	-91	-83	-80	-86	-92	-91	0	0	-92	0	-65	0	0	0	0	-95	0	0	-91	0	0	0	0	0	0	0	0	0	0	0	0	0	0	0	0	0	0	0	0	0	0	0	0	0	0	0	0	0	0	0	0	0	0	0	0	0	0	0	-63	0	0	0	0	0	0	0	0	0	0	0	0	0	0	0	0	3527	-2967	3947	21747	-7718	-192	-34	967	219	-1	-1	0	-33	955	217	1606974928
-56	0	-64	-55	-56	0	-74	-74	-72	-69	-70	-72	-75	-69	0	0	0	-90	-89	-88	-81	-82	-89	-89	0	-79	0	-92	-93	0	-91	-93	-92	-58	0	0	0	0	-91	0	0	0	0	0	0	0	0	-86	0	0	0	0	0	0	0	0	0	0	0	0	0	0	0	0	0	0	0	0	-92	0	0	0	0	0	0	0	0	0	0	0	0	-61	0	0	0	0	0	0	0	0	0	0	0	0	0	0	0	0	3497	-2997	3932	21747	-7719	-193	-34	967	219	-1	-1	0	-33	955	217	1606974930
0	-52	-62	0	-56	0	0	0	-77	-69	-77	-76	-83	0	0	0	0	-90	-90	-90	0	-81	-92	-90	0	0	-87	-91	-95	0	0	-91	0	-65	0	0	0	0	-90	0	0	0	0	0	0	0	0	-85	0	0	0	0	0	0	0	0	0	0	0	0	0	0	0	0	0	0	0	0	0	0	0	0	0	0	0	0	0	0	0	0	0	-59	0	0	0	0	0	0	0	0	0	0	0	0	0	0	0	0	3572	-2952	3940	21747	-7717	-193	-34	967	219	-1	-1	0	-33	955	217	1606974931
0	0	-61	-54	0	0	-71	-74	-72	-70	-71	-71	-75	0	0	0	0	-90	-90	-89	0	-77	-89	-89	0	0	-84	0	0	0	0	0	0	-59	0	0	0	0	-93	0	0	0	0	0	0	0	0	-88	0	0	0	0	0	0	0	0	0	0	0	0	0	0	0	0	0	0	0	0	-92	0	0	0	0	0	0	0	0	0	0	0	0	-59	0	0	0	0	0	0	0	0	0	0	0	0	0	0	0	0	3542	-2997	3865	21747	-7717	-193	-34	967	220	-1	-1	0	-33	955	217	1606974933
-59	-52	0	0	-54	-65	-70	-70	-71	0	-72	-71	-75	-73	0	0	0	-89	-88	0	0	-78	0	-91	0	0	-86	-92	0	0	-92	-91	-92	-59	0	0	0	0	-93	0	0	0	0	0	0	0	0	0	0	0	0	0	0	0	0	0	0	0	0	0	0	0	0	0	0	0	0	0	-92	0	0	0	0	0	0	0	0	0	0	0	0	-62	0	0	0	0	0	0	0	0	0	0	0	0	0	0	0	0	3588	-3035	3940	21747	-7719	-193	-34	967	219	-1	0	0	-33	955	217	1606974934
0	-48	0	-56	-57	0	-69	-74	-72	-70	-71	-71	-75	-74	0	0	0	-90	-90	-91	0	-78	-91	-89	0	0	-85	-92	-93	0	0	-92	-91	-60	0	0	0	0	-92	0	0	0	0	0	0	0	0	0	0	-88	0	0	0	0	0	0	0	0	0	0	0	0	0	0	0	0	0	0	-92	0	0	0	0	0	0	0	0	0	0	0	0	-65	0	0	0	0	0	0	0	0	0	0	0	0	0	0	0	0	3558	-3005	3955	21747	-7717	-193	-34	967	219	-1	-1	0	-33	955	217	1606974936
0	-47	0	-55	0	-65	-76	-72	-71	-69	-72	-72	-76	-75	0	0	0	-92	-90	-88	0	0	-91	-90	0	0	0	-92	-91	0	0	-91	0	-61	0	0	0	0	-93	0	0	0	0	0	0	0	0	0	0	-87	0	0	0	0	0	0	0	0	0	0	0	0	0	0	0	0	0	0	-92	0	0	0	0	0	0	0	0	0	0	0	0	-69	0	0	0	0	0	0	0	0	0	0	0	0	0	0	0	0	3632	-2968	3932	21747	-7717	-193	-34	967	220	-1	-1	0	-34	955	217	1606974938
-54	-48	0	-55	-57	0	0	-71	-72	-69	-72	-73	-75	-71	0	-86	0	-90	-90	-89	0	-78	-89	-89	0	0	-86	-92	-92	0	0	-91	-92	-61	0	0	0	0	-92	0	0	0	0	0	0	0	0	0	0	0	0	0	0	0	0	0	0	0	0	0	0	0	0	0	0	0	0	0	-92	0	0	0	0	0	0	0	0	0	0	0	0	-65	0	0	0	0	0	0	0	0	0	0	0	0	0	0	0	0	3542	-2967	3947	21748	-7723	-192	-34	967	218	0	-1	0	-33	955	216	1606974939
0	-48	-61	-55	-58	-64	0	-75	-72	-69	-71	-72	-76	0	0	-88	0	-91	-91	-91	0	0	-91	-92	0	0	-86	-92	-93	0	0	-92	0	-61	0	0	0	0	-92	0	0	0	0	0	0	0	0	-87	0	0	0	0	0	0	0	0	0	0	0	0	0	0	0	0	0	0	0	0	-94	0	0	0	0	0	0	0	0	0	0	0	0	-69	0	0	0	0	0	0	0	0	0	0	0	0	0	0	0	0	3542	-2997	3917	21747	-7717	-193	-34	967	219	-1	-1	0	-33	955	217	1606974941
-58	-52	-64	-56	-57	-56	-74	-68	-77	0	-77	-77	-83	-71	0	0	-78	-90	-90	-89	-76	-77	-90	-90	-77	-77	0	-93	-93	0	-91	-92	-92	-64	0	0	0	0	-91	0	0	0	0	0	0	0	0	0	0	0	0	0	0	0	0	0	0	0	0	0	0	0	0	0	0	0	0	0	0	0	0	0	0	0	0	0	0	0	0	0	0	-65	0	0	0	0	0	0	0	0	0	0	0	0	0	0	0	0	3587	-2968	3947	21746	-7716	-194	-34	967	220	-1	-1	0	-34	955	217	1606974942
0	-51	-60	-55	-56	0	-72	-74	-72	0	-73	-74	-75	-71	0	0	-78	-88	-91	-90	0	-80	0	-92	0	0	-86	-93	-92	0	0	-92	-91	-59	0	0	0	0	0	0	0	-87	0	0	0	0	0	0	0	0	0	0	0	0	0	0	0	0	0	0	0	0	0	0	0	0	0	0	0	0	0	0	0	0	0	0	0	0	0	0	0	-66	0	0	0	0	0	0	0	0	0	0	0	0	0	0	0	0	3542	-2990	3932	21748	-7722	-193	-34	967	218	-1	-1	0	-33	955	217	1606974944
0	0	0	-55	-56	-64	-70	-74	-74	-69	-74	-74	-76	-69	0	0	-78	-92	-90	-91	-77	-77	-90	-90	-78	-77	0	-92	-92	0	-93	-91	-90	-60	0	0	0	0	-92	0	0	0	0	0	0	0	0	0	0	0	0	0	0	0	0	0	0	0	0	0	0	0	0	0	0	0	0	0	-91	0	0	0	0	0	0	0	0	0	0	0	0	-61	0	0	0	0	0	0	0	0	0	0	0	0	0	0	0	0	3497	-2967	3902	21747	-7718	-193	-34	967	219	-1	0	0	-33	955	217	1606974945
-53	-50	0	-56	-56	0	0	-71	-73	-67	-72	-72	-76	0	0	0	0	-92	-92	-91	0	0	-91	-90	0	0	-86	-92	-93	0	-91	-90	0	-59	0	0	0	0	-91	0	0	0	0	0	0	0	0	0	0	0	0	0	0	0	0	0	0	0	0	0	0	0	0	0	0	0	0	0	-92	0	0	0	0	0	0	0	0	0	0	0	0	-63	0	0	0	0	0	0	0	0	0	0	0	0	0	0	0	0	3558	-2997	3947	21746	-7716	-193	-34	967	219	-1	-1	0	-34	955	217	1606974947
0	-50	-64	-55	0	-63	-77	-71	-74	-70	-73	-73	-76	0	-84	-86	-78	-90	-90	-91	0	-77	0	-89	-78	-76	-85	-92	-91	0	0	-93	0	-59	0	0	0	0	-92	0	0	0	0	0	-89	0	0	0	0	0	0	0	0	0	0	0	0	0	0	0	0	0	0	0	0	0	0	0	-90	0	0	0	0	0	0	0	0	0	0	0	0	-69	0	0	0	0	0	0	0	0	0	0	0	0	0	0	0	0	3542	-2952	3917	21747	-7719	-194	-34	967	219	0	0	0	-34	955	217	1606974949
0	-50	0	-56	-57	0	-71	-71	-73	-69	-72	-72	-76	-77	0	0	0	-89	-89	-89	0	-78	-90	-90	0	0	-81	-92	-92	0	0	-92	0	-59	0	0	0	0	-93	0	0	0	0	0	0	0	0	0	0	0	0	0	0	0	0	0	0	0	0	0	0	0	0	0	0	0	0	0	-91	0	0	0	0	0	0	0	0	0	0	0	0	-62	0	0	0	0	0	0	0	0	0	0	0	0	0	0	0	0	3527	-2967	3977	21747	-7719	-195	-34	967	219	-1	-1	0	-34	955	217	1606974950
0	-49	-64	0	-57	0	0	0	-77	-69	-78	-77	-81	0	0	0	0	-93	-92	-91	0	-78	-91	-91	0	0	-84	-93	-92	0	0	-92	0	-61	0	0	0	0	-93	0	0	0	0	0	0	0	0	0	0	0	0	-94	0	0	0	0	0	0	0	0	0	0	0	0	0	0	0	0	0	0	0	0	0	0	0	0	0	0	0	0	0	-66	0	0	0	0	0	0	0	0	0	0	0	0	-92	0	0	0	3603	-2998	3963	21746	-7717	-195	-34	967	219	-1	-1	0	-34	955	217	1606974952
0	-49	-64	-55	-58	-64	-76	-72	-73	-69	-73	-73	-76	-75	0	0	0	-91	-89	-90	-78	-79	-91	-89	-77	-78	0	-92	0	0	0	-93	0	-58	0	0	0	0	-92	0	0	0	0	0	0	0	0	-85	-92	0	0	0	0	0	0	0	0	0	0	0	0	0	0	0	0	0	0	0	0	0	0	0	0	0	0	0	0	0	0	0	0	-65	0	0	0	0	0	0	0	0	0	0	0	0	0	0	0	0	3542	-3012	3947	21747	-7719	-194	-34	967	218	-1	-1	0	-34	955	217	1606974953
0	-47	-60	-54	-57	0	-76	-76	-72	0	-73	-72	-76	-76	0	0	0	-90	-90	-90	0	0	0	-89	0	0	-85	-93	-90	0	-92	-92	-93	-58	0	0	0	0	-93	0	0	0	0	0	0	0	0	-87	0	0	0	0	0	0	0	0	0	0	0	0	0	0	0	0	0	0	0	0	-91	0	0	0	0	0	0	0	0	0	0	0	0	-67	0	0	0	0	0	0	0	0	0	0	0	0	0	0	0	0	3558	-2997	3947	21746	-7717	-195	-34	967	219	-1	-1	-1	-34	955	217	1606974955
-58	-48	0	-56	-57	-64	-77	-72	-74	-69	-73	-72	-76	-75	0	0	0	-91	-90	-89	0	0	0	-91	0	0	-84	-93	-92	0	-93	-90	-92	-58	0	0	0	0	-91	0	0	0	0	0	0	0	0	0	0	0	0	0	0	0	0	0	0	0	0	0	0	0	0	0	0	0	0	0	-90	0	0	0	0	0	0	0	0	0	0	0	0	-65	0	0	0	0	0	0	0	0	0	0	0	0	0	0	0	0	3542	-2982	3917	21747	-7717	-193	-34	967	220	-1	-1	0	-33	955	217	1606974987
0	-49	0	0	-57	0	0	0	-78	-69	-78	-79	-81	0	0	0	0	-90	-90	-90	0	-79	-90	-91	0	0	-85	-91	-92	0	-93	0	0	-60	0	0	0	0	-89	0	0	0	0	0	0	0	0	0	0	0	0	0	0	0	0	0	0	0	0	0	0	0	0	0	0	0	0	0	0	0	-85	0	0	0	0	0	0	0	0	0	0	-67	0	0	0	0	0	0	0	0	0	0	0	0	0	0	0	0	3527	-2967	3917	21747	-7719	-193	-34	967	219	-1	0	0	-34	955	217	1606974988
0	-49	0	-56	-57	0	-74	0	-78	-68	-77	-78	-81	0	0	0	0	-92	-91	-90	0	0	-91	-91	0	0	-84	-91	-90	0	-91	-91	-91	-61	0	0	0	0	-92	0	0	0	0	0	0	0	0	0	0	-87	0	0	0	0	0	0	0	0	0	0	0	0	0	0	0	0	0	0	0	0	0	0	0	0	0	0	0	0	0	0	0	-68	0	0	0	0	0	0	0	0	0	0	0	0	0	0	0	0	3587	-2967	3903	21747	-7721	-194	-34	967	219	0	-1	0	-34	955	217	1606974990
0	-49	-58	-56	-57	0	-76	-76	-72	-70	-71	-73	-76	-72	-82	0	0	-91	-89	-90	0	-79	-90	-90	0	0	-84	-92	-91	0	-92	-93	-92	-58	0	0	0	0	-93	0	0	0	0	0	0	0	0	0	0	0	0	0	0	0	0	0	0	0	-72	0	0	0	0	0	0	0	0	0	-90	0	0	0	0	0	0	0	0	0	0	0	0	-60	0	0	0	0	0	0	0	0	0	0	0	0	0	0	0	0	3475	-3027	3992	21746	-7716	-194	-34	967	219	-1	0	0	-34	955	217	1606974991
-52	-52	-55	-55	-59	-64	0	-71	-72	0	-71	-72	-76	-71	0	0	0	-91	-91	-89	0	-76	0	-90	0	0	-86	-92	-92	0	-92	-92	-92	-58	-64	0	0	0	-92	0	0	0	0	0	-88	0	0	0	0	0	0	0	0	0	0	0	0	0	0	0	0	0	0	0	0	0	0	0	-92	0	0	0	0	0	0	0	0	0	0	0	0	-66	0	0	0	0	0	0	0	0	0	0	0	0	0	0	0	0	3603	-2952	3932	21747	-7720	-194	-34	967	219	-1	-1	0	-34	955	217	1606974993
-58	-47	-60	-55	-58	0	-73	0	-77	0	-77	-77	-81	0	0	0	0	-91	-90	-90	0	-79	-90	-90	0	0	-85	-92	-91	-95	-93	-91	0	-60	-66	0	0	0	-91	0	0	0	0	0	0	0	0	0	0	0	0	0	0	0	0	0	0	0	0	0	0	0	0	0	0	0	0	0	0	0	0	0	0	0	0	0	0	0	0	0	0	-61	0	0	0	0	0	0	0	0	0	0	0	0	0	0	0	0	3542	-2967	3917	21747	-7722	-194	-34	967	219	-1	-1	0	-34	955	216	1606974995
-52	-48	-55	-54	-57	-63	-72	0	-73	-70	-73	-73	-76	-72	0	0	0	-90	-89	0	0	-78	0	-89	0	0	-84	-91	0	0	-91	-92	0	-59	0	0	0	0	-94	0	0	0	0	0	0	0	0	0	0	0	-89	0	0	0	0	0	0	0	0	0	0	0	0	0	0	0	0	0	-92	0	0	0	0	0	0	0	0	0	0	0	0	0	0	0	0	0	0	0	0	0	0	0	0	0	0	0	0	0	3527	-2914	3932	21747	-7718	-193	-34	967	219	0	0	0	-33	955	217	1606974996
0	-55	0	-53	-58	-61	-70	-76	-78	-71	-79	-79	-79	-75	0	0	0	-93	-92	0	0	0	0	-96	0	0	-84	-92	-94	0	0	-92	0	-59	0	0	0	0	-90	0	0	0	0	0	-89	0	0	0	0	0	0	0	0	0	0	0	0	0	0	0	0	0	0	0	0	0	0	0	0	0	0	0	0	0	0	0	0	0	0	0	0	0	0	0	0	0	0	0	0	0	0	0	0	0	0	0	0	0	3542	-3012	3962	21747	-7718	-193	-34	967	219	-1	-1	0	-34	955	217	1606974998
-60	-54	-55	-53	0	-62	-75	0	-73	-73	-72	-73	-75	0	0	0	0	-89	-88	-90	0	0	0	-89	0	0	-84	-90	-92	0	0	-90	0	-60	0	0	0	0	-92	0	0	0	0	0	0	0	0	0	0	0	0	0	0	0	0	0	0	0	0	0	0	0	0	0	0	0	0	0	-91	0	0	0	0	0	0	0	0	0	0	0	0	-59	0	0	0	0	0	0	0	0	0	0	0	0	0	0	0	0	3542	-2967	3887	21749	-7729	-193	-36	966	224	0	0	0	-33	956	215	1606974999
