0	-46	-47	-52	0	-68	-71	-66	-75	0	-75	-75	-78	-71	0	0	-81	-91	-89	-89	0	0	-90	-89	0	0	-86	0	0	0	0	0	0	-68	0	0	0	0	-85	0	0	0	0	0	0	0	0	0	0	0	0	0	0	0	0	0	0	0	0	0	0	0	0	0	0	0	0	0	0	0	0	0	0	0	0	0	0	0	0	0	0	-61	0	0	0	0	0	0	0	0	0	0	0	0	0	0	0	0	0	0	0	0	0	0	0	0	0	0	0	0	0	0	3956	-3103	3710	22167	-7721	-327	-57	968	218	-1	-1	0	-56	954	216	1606974583
-58	-48	-47	-54	-65	0	-65	-66	-71	-70	-72	-73	-75	-67	0	0	-80	-85	-85	-86	0	-80	-84	-85	0	0	-86	-91	-90	0	-91	-89	-90	-58	-62	0	0	0	-87	0	0	0	0	0	0	0	0	0	0	0	0	0	0	0	0	0	0	0	0	0	0	0	0	0	0	0	0	0	0	0	0	0	0	0	0	0	0	0	0	0	0	-63	0	0	0	0	0	0	0	0	0	0	0	0	-91	0	0	0	0	0	0	0	0	0	0	0	0	0	0	0	0	0	3918	-3043	3665	22155	-7738	-329	-58	968	216	-1	-1	-1	-57	955	214	1606974585
0	-48	-48	-58	-71	0	-73	-68	-74	-71	-74	-75	-77	-72	0	0	-82	-90	-89	-90	-82	-81	-90	-91	-80	-81	-85	-90	-89	0	-90	-89	-91	-60	0	0	0	0	-92	0	0	0	0	-89	0	0	0	-87	0	-87	0	0	0	0	0	0	0	0	0	0	0	0	0	0	0	0	0	0	0	0	0	0	0	0	0	0	0	0	0	0	0	-61	0	0	0	0	0	0	0	0	0	0	0	0	0	0	0	0	0	0	0	0	0	0	0	0	0	0	0	0	0	0	3964	-3126	3710	22159	-7723	-330	-58	968	219	-1	-1	-1	-57	954	216	1606974586
-60	-50	-54	-59	-62	0	-67	-70	-76	-74	-74	-76	-83	-70	0	0	0	-93	-92	0	0	-80	-92	-91	0	0	-87	-90	-91	0	-90	-90	-91	-60	0	0	0	0	-85	0	0	0	0	0	0	0	0	0	0	0	0	0	0	0	0	0	-88	0	0	0	0	0	0	0	0	0	0	0	0	0	0	0	0	0	0	0	0	0	0	0	0	-63	0	0	0	0	0	0	0	0	0	0	0	0	0	0	0	0	0	0	0	0	0	0	0	0	0	0	0	0	0	0	3949	-3058	3755	22158	-7719	-328	-58	968	219	-1	-1	0	-57	954	217	1606974588
0	-44	-47	-52	-61	0	0	0	-76	-74	-74	-75	-81	-72	0	0	0	-90	-89	0	0	0	-89	-90	0	0	-85	-92	-91	0	-92	-92	-93	-62	0	0	0	0	-84	0	0	0	0	-90	0	0	0	0	0	0	0	0	0	0	0	0	0	0	0	0	0	0	0	0	0	0	0	0	0	0	0	0	0	0	0	0	0	0	0	0	0	-55	0	0	0	0	0	0	0	0	0	0	0	0	0	0	0	0	0	0	0	0	0	0	0	0	0	0	0	0	0	0	3949	-3043	3739	22158	-7718	-329	-58	968	219	-1	-1	-1	-57	954	217	1606974589
0	-49	-50	-53	-65	-58	-67	-68	-77	0	-76	-77	-75	-68	0	0	-77	-85	-84	-85	-79	-77	-85	-84	-80	-77	-89	-91	-94	0	0	-91	0	-53	0	0	0	0	-90	0	0	0	0	0	0	0	0	0	0	0	0	0	0	0	0	0	0	0	0	0	0	0	0	0	0	0	0	0	0	0	0	0	0	0	0	0	-93	0	0	0	0	-55	0	0	0	0	0	0	0	0	0	0	0	0	0	0	0	0	0	0	0	0	0	0	0	0	0	0	0	0	0	0	4016	-3066	3680	22158	-7719	-330	-58	968	219	-1	-1	0	-57	954	217	1606974591
-59	-46	-45	0	-61	-66	0	0	-76	0	-77	-75	-84	0	0	0	0	-91	-89	-91	0	0	-90	-91	0	0	-86	-91	-93	0	-92	-91	-92	-59	0	0	0	0	-84	0	0	0	0	0	0	0	0	0	0	0	0	0	-89	0	0	0	0	0	0	0	0	0	0	0	0	0	0	0	0	0	0	0	0	0	0	0	0	0	0	0	0	-61	0	0	0	0	0	0	0	0	0	0	0	0	0	0	0	0	0	0	0	0	0	0	0	0	0	0	0	0	0	0	3949	-3073	3710	22157	-7718	-332	-58	968	220	-1	-1	-1	-57	954	217	1606974592
0	-47	-45	-57	-65	-56	0	-67	-75	0	-78	-76	-73	-68	0	0	0	-84	-86	-85	0	-76	-85	-85	0	0	-87	-92	-90	0	0	-91	-91	-54	0	0	0	0	-90	0	0	0	0	0	0	0	0	0	0	0	0	0	0	0	0	0	0	0	0	0	0	0	0	0	0	0	0	0	0	0	0	0	0	0	0	0	0	0	0	0	0	-58	0	0	0	0	0	0	0	0	0	0	0	0	0	0	0	0	0	0	0	0	0	0	0	0	0	0	0	0	0	0	3941	-3043	3754	22158	-7724	-331	-58	968	218	-1	-1	0	-57	954	216	1606974594
-58	-45	-46	-58	-60	-59	-69	-65	-71	-74	-73	-71	-74	-68	0	0	0	-83	-83	-84	0	0	-83	-84	0	0	-85	-92	-92	0	0	-91	-92	-58	0	0	0	0	-91	0	0	0	0	0	0	0	0	0	0	0	0	0	0	0	0	0	0	0	0	0	0	0	0	0	0	0	0	0	0	0	0	0	0	0	0	0	0	0	0	0	0	0	0	0	0	0	0	0	0	0	0	0	0	0	0	0	0	0	0	0	0	0	0	0	0	0	0	0	0	0	0	0	3964	-3059	3740	22158	-7718	-330	-58	967	220	-1	-1	0	-57	954	217	1606974596
-55	-45	-47	-54	-64	0	-69	0	-73	-70	-72	-72	-74	-68	0	0	0	-83	-84	-84	0	-79	-84	-84	0	0	-89	-92	-92	0	0	-92	0	0	0	0	0	0	-92	0	0	0	0	0	0	0	0	0	0	0	0	0	0	0	0	0	0	0	0	0	0	0	0	0	0	0	0	0	0	0	0	0	0	0	0	0	0	0	0	0	0	-59	0	0	0	0	0	0	0	0	0	0	0	0	0	0	0	0	0	0	0	0	0	0	0	0	0	0	0	0	0	0	3919	-3103	3747	22158	-7720	-332	-58	968	219	-1	-1	-1	-57	954	216	1606974597
-59	-50	-47	-55	-62	-58	-70	-69	-72	-71	-71	-72	-74	-69	0	0	0	-84	-84	-84	0	-79	-84	-85	0	0	-90	-91	-92	0	-91	-91	-90	-56	0	0	0	0	-89	0	0	0	0	0	0	0	0	0	0	0	0	0	0	0	0	0	0	0	0	0	0	0	0	0	0	0	0	0	0	0	0	0	0	0	0	0	0	0	0	0	0	-60	0	0	0	0	0	0	0	0	0	0	0	0	0	0	0	0	0	0	0	0	0	0	0	0	0	0	0	0	0	0	3949	-3073	3755	22157	-7718	-331	-58	968	220	-1	-1	-1	-57	954	217	1606974599
-56	-44	-47	-53	0	-64	-70	-73	-74	-71	-75	-76	-79	-73	0	0	-80	-90	-89	-89	-78	-78	0	-90	-81	-79	-86	-91	-91	0	0	-90	-90	-65	0	0	0	0	-87	0	0	0	0	0	0	0	0	0	0	0	0	0	0	0	0	0	0	0	0	0	0	0	0	0	0	0	0	0	0	0	0	0	0	0	0	0	0	0	0	0	0	-60	0	0	0	0	0	0	0	0	0	0	0	0	0	0	0	0	0	0	0	0	0	0	0	0	0	0	0	0	0	0	3918	-3058	3702	22158	-7721	-330	-58	968	219	-1	-1	0	-57	954	216	1606974600
-58	0	-51	-55	-58	-66	-67	-71	-73	-69	-75	-75	-78	-71	0	0	-76	-90	-89	-91	-78	-79	-89	-91	-76	-76	-83	-90	-91	0	-91	-89	-91	-61	0	0	0	0	-86	0	0	0	0	-87	0	0	0	0	0	0	0	0	0	0	0	0	0	0	0	0	0	0	0	0	0	0	0	0	0	0	0	0	0	0	0	0	0	0	0	0	0	-59	0	0	0	0	0	0	0	0	0	0	0	0	0	0	0	0	0	0	0	0	0	0	0	0	0	0	0	0	0	0	3979	-3081	3710	22157	-7715	-331	-58	968	220	-1	-1	0	-57	954	217	1606974602
-61	-48	0	0	-61	-67	0	0	-73	-72	-75	-73	-78	0	0	0	0	-90	-92	-91	0	0	-90	-93	0	0	-85	-92	-90	0	-91	-91	-91	-64	0	0	0	0	-87	0	0	0	0	0	0	0	-91	0	0	0	-89	0	0	0	0	0	0	0	0	0	0	0	0	0	0	0	0	0	0	0	0	0	0	0	0	0	0	0	0	0	0	-60	0	0	0	0	0	0	0	0	0	0	0	0	0	0	0	0	0	0	0	0	0	0	0	0	0	0	0	0	0	0	3979	-3149	3755	22157	-7718	-330	-58	968	220	-1	-1	0	-57	954	217	1606974603
0	-49	-53	-57	-65	-61	-70	-69	-71	-76	-71	-71	-73	-70	0	0	0	-86	-85	-86	0	-82	-86	-86	0	0	-86	-91	-93	0	0	-91	-91	-63	0	0	0	0	-89	0	0	0	0	0	0	0	0	-85	0	0	0	0	0	0	0	0	0	0	0	0	0	0	0	0	0	0	0	0	0	0	0	0	0	0	0	0	0	0	0	0	0	-59	0	0	0	0	0	0	0	0	0	0	0	0	0	0	0	0	0	0	0	0	0	0	0	0	0	0	0	0	0	0	3964	-3103	3702	22157	-7717	-331	-58	967	220	-1	-1	-1	-57	954	217	1606974605
-55	0	-48	-60	-64	0	-69	-68	-70	-77	-70	-70	-73	-70	0	0	0	-88	-86	-86	0	-81	-86	-86	0	0	0	-91	-91	0	-90	-92	-91	-54	0	0	0	0	-89	0	0	0	0	0	0	0	0	0	0	0	0	0	0	0	0	0	0	0	0	0	0	0	0	0	0	0	0	0	0	0	0	0	0	0	0	0	0	0	0	0	0	-62	0	0	0	0	0	0	0	0	0	0	0	0	0	0	0	0	0	0	0	0	0	0	0	0	0	0	0	0	0	0	3964	-3103	3710	22158	-7719	-331	-58	968	219	-1	-1	0	-57	954	217	1606974606
-56	-49	-50	-53	-62	0	-68	-70	-73	-69	-73	-74	-78	-69	0	0	0	-92	-92	-89	0	0	-90	-90	0	0	-87	-89	-90	0	-90	-91	-91	-60	0	0	0	0	-84	0	0	0	0	0	0	0	0	0	0	0	0	0	0	0	0	0	0	0	0	0	0	0	0	0	0	0	0	0	0	0	0	0	0	0	0	0	0	0	0	0	0	-62	0	0	0	0	0	0	0	0	0	0	0	0	0	0	0	0	0	0	0	0	0	0	0	0	0	0	0	0	0	0	3949	-3103	3695	22157	-7718	-331	-58	967	219	-1	-1	-1	-57	954	217	1606974608
0	-52	-47	-52	-64	-57	-68	-72	-71	-71	-70	-70	-73	-71	0	0	0	-86	-85	-85	0	-79	-85	-86	0	0	-88	-91	-92	0	0	-92	-91	-55	-64	0	0	0	-91	0	0	0	0	0	0	0	0	0	0	0	0	0	0	0	0	0	0	0	0	0	0	0	0	0	0	0	0	0	0	0	0	0	0	0	0	0	0	0	0	0	0	-63	0	0	0	0	0	0	0	0	0	0	0	0	0	0	0	0	0	0	0	0	0	0	0	0	0	0	0	0	0	0	3934	-3066	3755	22159	-7724	-330	-58	968	219	-1	-1	0	-57	954	216	1606974610
0	-49	-48	0	-62	-66	-66	-70	-73	-71	-73	-75	-78	-70	0	0	0	-91	-89	-89	0	-79	-90	-90	0	0	-88	-88	-88	0	-89	-88	-91	-60	0	0	0	0	-84	0	0	0	0	0	0	0	0	0	0	0	0	0	0	0	0	0	0	0	0	0	0	0	0	0	0	0	0	0	0	0	0	0	0	0	0	0	0	0	0	0	0	-60	0	0	0	0	0	0	0	0	0	0	0	0	0	0	0	0	0	0	0	0	0	0	0	0	0	0	0	0	0	0	3919	-3058	3740	22157	-7717	-330	-58	968	219	-1	-1	-1	-57	954	217	1606974611
-60	-54	0	-52	0	0	-72	-67	-70	-71	-71	-70	-74	-67	0	0	0	-85	-86	-85	0	-80	-85	-86	0	0	-87	-90	-89	0	-91	-89	-90	-54	0	0	0	0	-90	0	0	0	0	0	0	0	0	0	0	0	0	0	0	0	0	-90	0	0	0	0	0	0	0	0	0	0	0	0	0	0	0	0	0	0	0	0	0	0	0	0	0	0	0	0	0	0	0	0	0	0	0	0	0	0	0	0	0	0	0	0	0	0	0	0	0	0	0	0	0	0	0	0	3919	-3058	3755	22158	-7719	-330	-58	968	219	-1	-1	0	-57	954	217	1606974613
-61	-56	0	0	-65	-60	0	0	-70	-70	-70	-71	-73	0	0	0	0	-85	-87	-86	0	-80	-86	-86	0	0	-85	-91	-89	0	-92	-90	-92	-53	0	0	0	0	-89	0	0	0	0	0	0	0	0	0	0	0	0	0	0	0	0	-88	0	0	0	0	0	0	0	0	0	0	0	0	0	0	0	0	0	0	0	0	0	0	0	0	0	-58	0	0	0	0	0	0	0	0	0	0	0	0	0	0	0	0	0	0	0	0	0	0	0	0	0	0	0	0	0	0	3904	-3073	3769	22159	-7722	-330	-58	967	218	-1	-1	0	-57	954	216	1606974614
0	-50	-47	-52	0	0	-69	-69	-72	0	-70	-70	-74	-69	0	0	0	-85	-85	-86	0	0	-85	-84	0	0	-86	-90	-89	0	-89	-90	-89	-55	0	0	0	0	-89	0	0	-90	0	0	0	0	0	0	0	0	0	0	0	0	0	0	0	0	0	0	0	0	0	0	0	0	0	0	0	0	0	0	0	0	0	0	0	0	0	0	0	-59	0	0	0	0	0	0	0	0	0	0	0	0	0	0	0	0	0	0	0	0	0	0	0	0	0	0	0	0	0	0	3873	-3065	3695	22157	-7717	-330	-58	967	219	-1	-1	0	-57	954	217	1606974616
0	-47	-50	-53	-64	0	-67	-68	-74	-72	-73	-74	-78	-70	0	0	0	-90	-90	-89	0	-83	-89	-89	0	0	-90	-90	-90	0	-90	-92	-91	-59	0	0	0	0	-84	0	0	0	0	-87	0	0	0	0	0	0	0	0	0	0	0	-91	0	0	0	0	0	0	0	0	0	0	0	0	0	0	0	0	0	0	0	0	0	0	0	0	0	0	0	0	0	0	0	0	0	0	0	0	0	0	0	0	0	0	0	0	0	0	0	0	0	0	0	0	0	0	0	0	3919	-3103	3710	22158	-7719	-331	-58	968	219	-1	-1	-1	-57	954	217	1606974618
0	-52	-55	-53	0	-61	-66	-66	-71	0	-70	-71	-73	-66	0	0	0	-85	-85	-85	0	0	-85	-85	0	0	-84	-90	-90	0	-90	-91	-89	-56	0	0	0	0	-90	0	0	0	0	0	0	0	0	0	0	0	0	0	0	0	0	0	0	0	0	0	0	0	0	0	0	0	0	0	0	0	0	0	0	0	0	0	0	0	0	0	0	0	0	0	0	0	0	0	0	0	0	0	0	0	0	0	0	0	0	0	0	0	0	0	0	0	0	0	0	0	0	0	3979	-3103	3680	22157	-7718	-331	-58	968	218	-1	-1	0	-57	954	217	1606974619
0	-44	-48	-53	0	0	-66	-65	-71	0	-70	-71	-73	-72	-76	0	-81	-85	-86	-85	0	-80	-85	-86	0	0	0	-90	-89	0	-91	-91	-92	-63	0	0	0	0	-90	0	0	0	0	0	0	0	0	0	0	0	0	0	0	0	0	0	0	0	0	0	0	0	0	0	0	0	0	0	0	0	0	0	0	0	0	0	0	0	0	0	0	-61	0	0	0	0	0	0	0	0	0	0	0	0	0	0	0	0	0	0	0	0	0	0	0	0	0	0	0	0	0	0	3949	-3073	3702	22158	-7721	-331	-58	968	219	-1	-1	0	-57	954	216	1606974621
0	-46	-53	-55	-60	-65	-74	-69	-74	-74	-72	-78	-78	-72	0	0	-82	-89	-89	-88	0	-83	-87	-89	-82	-83	-92	-91	-93	0	-90	-92	0	-68	-61	0	0	0	0	0	0	0	0	0	0	0	0	0	0	0	0	0	0	0	0	0	0	0	0	0	0	0	0	0	0	0	0	0	0	0	0	0	0	0	0	0	0	0	0	0	0	-63	0	0	0	0	0	0	0	0	0	0	0	0	0	0	0	0	0	0	0	0	0	0	0	0	0	0	0	0	0	0	3949	-3073	3769	22157	-7718	-331	-58	967	219	-1	-1	-1	-57	954	217	1606974623
-56	-53	0	-51	-64	0	0	-70	-76	-74	-77	-74	-72	-69	0	0	0	-80	-80	-80	0	0	-80	-81	0	0	0	0	0	0	0	0	0	-53	0	0	0	0	-91	0	0	0	0	0	0	0	0	0	0	-85	0	0	0	0	0	0	0	0	0	0	0	0	0	0	0	0	0	0	0	0	0	0	0	0	0	0	0	0	0	0	0	0	0	0	0	0	0	0	0	0	0	0	0	0	0	0	0	0	0	0	0	0	0	0	0	0	0	0	0	0	0	0	3964	-3118	3740	22158	-7720	-332	-58	967	218	-1	-1	-1	-57	954	216	1606974624
-57	-54	-54	-61	-56	-69	-70	0	-74	0	-75	-72	-79	0	0	0	-81	-91	-91	-91	-79	-80	-90	-90	-78	-79	-87	-91	-91	0	0	-91	-92	-56	0	0	0	0	-83	0	0	0	0	0	0	0	0	0	0	0	0	0	0	0	0	0	0	0	0	0	0	0	0	0	0	0	0	0	0	0	0	0	0	0	0	0	0	0	0	0	0	-60	0	0	0	0	0	0	0	0	0	0	0	0	0	0	0	0	0	0	0	0	0	0	0	0	0	0	0	0	0	0	3919	-3126	3755	22158	-7721	-331	-58	967	219	-1	-1	-1	-57	954	216	1606974626
-54	-48	-54	-59	-56	-57	-74	-72	-74	-72	-72	-75	-71	-72	0	0	-80	-83	-83	-83	0	0	-83	-83	-80	-79	-88	-91	-90	0	0	-91	-90	-55	0	0	0	0	-89	0	0	0	0	0	0	0	0	0	0	0	0	0	0	0	0	0	0	0	0	0	0	0	0	0	0	0	0	0	0	0	0	0	0	0	0	0	0	0	0	0	0	-59	0	0	0	0	0	0	0	0	0	0	0	0	-93	0	0	0	0	0	0	0	0	0	0	0	0	0	0	0	0	0	3979	-3028	3702	22158	-7722	-331	-58	968	219	-1	-1	-1	-57	954	216	1606974627
-54	-57	0	-56	-59	0	-67	-67	-76	-75	-75	-72	-71	-67	0	0	0	-83	-83	-83	0	-77	-83	-83	0	0	-86	-92	-93	0	0	-91	0	-56	0	0	0	0	-91	0	0	0	0	0	0	0	0	0	0	0	0	0	0	0	0	0	0	0	0	0	0	0	0	0	0	0	0	0	0	0	0	0	0	0	0	0	0	0	0	0	0	0	0	0	0	0	0	0	0	0	0	0	0	0	0	0	0	0	0	0	0	0	0	0	0	0	0	0	0	0	0	0	3979	-3103	3710	22157	-7718	-331	-58	968	219	-1	-1	-1	-57	954	217	1606974629
-53	-54	-49	0	-61	0	0	-69	-73	0	-75	-74	-77	-68	0	0	0	-91	-91	-91	0	-79	-92	-91	0	0	-84	-91	-90	0	0	-91	-94	-55	0	0	0	0	-83	0	0	0	0	0	0	0	0	0	0	-84	0	0	-87	-84	0	0	0	0	0	0	0	0	0	0	0	0	0	0	0	0	0	0	0	0	0	0	0	0	0	0	0	0	0	0	0	0	0	0	0	0	0	0	0	0	0	0	0	0	0	0	0	0	0	0	0	0	0	0	0	0	0	0	3964	-3118	3740	22158	-7720	-330	-58	968	219	-1	-1	-1	-57	954	217	1606974630
-56	-48	0	-61	-60	-56	0	-66	-73	-75	-73	-73	-70	-72	0	0	0	-83	-83	-82	0	0	-83	-83	0	0	-85	-93	-91	0	0	-93	0	-53	0	0	0	0	-89	0	0	0	0	0	0	0	0	0	0	0	0	0	0	0	0	0	0	0	0	0	0	0	0	0	0	0	0	0	0	0	0	0	0	0	0	0	0	0	0	0	0	0	0	0	0	0	0	0	0	0	0	0	0	0	0	0	0	0	0	0	0	0	0	0	0	0	0	0	0	0	0	0	3949	-3118	3710	22157	-7716	-331	-58	968	220	-1	-1	0	-57	954	217	1606974632
-46	-50	-51	-56	-58	-57	-73	-65	-75	0	-74	-75	-70	-64	0	0	0	-81	-83	-82	0	-77	-83	-82	0	0	-85	-91	0	0	0	-91	0	-54	0	0	0	0	-89	0	0	0	0	0	0	0	0	0	0	-86	0	0	-87	-86	0	0	0	0	0	0	0	0	0	0	0	0	0	0	0	0	0	0	0	0	0	0	0	0	0	0	0	0	0	0	0	0	0	0	0	0	0	0	0	0	0	0	0	0	0	0	0	0	0	0	0	0	0	0	0	0	0	0	3964	-3073	3710	22158	-7719	-330	-58	967	219	-1	-1	-1	-57	954	217	1606974633
-56	-51	-51	-52	-66	-66	-66	-73	-73	0	-73	-73	-77	-66	0	0	-80	-89	-88	-89	-78	-79	-88	-89	-79	-79	-83	-94	-94	0	0	0	0	-55	0	0	0	0	-84	0	0	-92	0	0	0	0	0	0	0	0	0	0	0	0	0	0	0	0	0	0	0	0	0	0	0	0	0	0	0	0	0	0	0	0	0	0	0	0	0	0	0	-56	0	0	0	0	0	0	0	0	0	0	0	0	0	0	0	0	0	0	0	0	0	0	0	0	0	0	0	0	0	0	3964	-3073	3710	22158	-7719	-330	-58	968	219	-1	-1	-1	-57	954	217	1606974635
0	-49	-50	0	-66	-69	0	-67	-74	0	-74	-74	-79	0	0	0	-78	-90	-89	-88	-78	0	-89	-89	-78	-78	-85	-93	-91	0	0	-91	-91	-55	0	0	0	0	0	0	0	0	0	-88	0	0	0	0	0	0	0	0	0	0	0	0	0	0	0	0	0	0	0	0	0	0	0	0	0	0	0	0	0	0	0	0	0	0	0	0	0	-55	0	0	0	0	0	0	0	0	0	0	0	0	0	0	0	0	0	0	0	0	0	0	0	0	0	0	0	0	0	0	3964	-3074	3769	22158	-7718	-330	-58	967	219	-1	-1	-1	-57	954	217	1606974637
-56	-52	-50	-54	-60	-70	-76	0	-74	-71	-72	-73	-78	-77	0	0	0	-90	-90	-90	0	0	-90	-89	0	0	-83	-92	-92	0	0	-91	0	-58	0	0	0	0	-84	0	0	0	0	0	0	0	0	0	0	0	0	0	0	0	0	0	0	0	0	0	0	0	0	0	0	0	0	0	0	0	0	0	0	0	0	0	0	0	0	0	0	-57	0	0	0	0	0	0	0	0	0	0	0	0	0	0	0	0	0	0	0	0	0	0	0	0	0	0	0	0	0	0	3949	-3073	3710	22158	-7720	-331	-58	968	219	-1	-1	-1	-57	954	217	1606974638
0	-50	-49	-54	-58	-69	-68	0	-73	0	-73	-72	-79	0	0	0	-80	-90	-89	-89	-76	-78	-89	-90	-78	-79	-82	-92	-91	0	0	-91	0	-55	-61	0	0	0	-83	0	0	0	0	0	0	0	0	0	0	0	0	0	0	0	0	0	0	0	0	0	0	0	0	0	0	0	0	0	0	0	0	0	0	0	0	0	0	0	0	0	0	-57	0	0	0	0	0	0	0	0	0	0	0	0	0	0	0	0	0	0	0	0	0	0	0	0	0	0	0	0	0	0	3858	-3035	3709	22158	-7723	-331	-58	967	219	-1	-1	-1	-57	954	216	1606974640
0	-49	0	-55	-60	-67	0	-65	-73	-75	-72	-72	-77	-65	0	0	0	-90	-90	-89	0	-76	-89	-91	0	0	-84	-90	-90	0	-88	-90	-92	-57	0	0	0	0	-83	0	0	0	0	0	0	0	0	0	0	-86	0	0	-85	-85	0	0	0	0	0	0	0	0	0	0	0	0	0	0	0	0	0	0	0	0	0	0	0	0	0	0	0	-59	0	0	0	0	0	0	0	0	0	0	0	0	0	0	0	0	0	0	0	0	0	0	0	0	0	0	0	0	0	0	3964	-3073	3740	22158	-7720	-331	-58	968	218	-1	-1	-1	-57	954	217	1606974641
0	-51	-45	-53	-61	-67	-65	-64	-72	0	-74	-71	-78	-70	0	0	-78	-89	-90	-90	-78	-78	-90	-90	-77	-77	-83	-92	-90	0	0	-95	0	-57	0	0	0	0	-84	0	0	0	0	0	0	0	0	0	0	0	0	0	0	0	0	0	0	0	0	0	0	0	0	0	0	0	0	0	0	0	0	0	0	0	0	0	0	0	0	0	0	-61	0	0	0	0	0	0	0	0	0	0	0	0	0	0	0	0	0	0	0	0	0	0	0	0	0	0	0	0	0	0	3934	-3073	3740	22157	-7718	-331	-58	968	219	-1	-1	0	-57	954	217	1606974643
0	-50	-47	-55	0	-69	0	-70	-76	-71	-74	-75	-79	0	0	0	0	-87	-88	-89	0	-80	-87	-90	0	0	-86	0	0	0	0	0	0	-57	0	0	0	0	-84	0	0	0	0	0	0	0	0	0	0	0	0	0	-85	0	0	0	0	0	0	0	0	0	0	0	0	0	0	0	0	0	0	0	0	0	0	0	0	0	0	0	0	-57	0	0	0	0	0	0	0	0	0	0	0	0	0	0	0	0	0	0	0	0	0	0	0	0	0	0	0	0	0	0	3873	-3073	3739	22159	-7725	-330	-58	968	218	-1	-1	-1	-57	954	216	1606974645
-57	-49	-49	-57	-56	-66	-72	-72	-71	-73	-73	-72	-77	-73	0	0	0	-89	-89	-89	0	-80	-90	-88	0	0	-89	-91	-90	0	0	-92	0	-55	0	0	0	0	-84	0	0	0	0	0	0	0	-88	-86	0	0	-88	0	0	0	0	0	0	0	0	0	0	0	0	0	0	0	0	0	0	0	0	0	0	0	0	0	0	0	0	0	0	-60	0	0	0	0	0	0	0	0	0	0	0	0	0	0	0	0	0	0	0	0	0	0	0	0	0	0	0	0	0	0	3949	-3073	3769	22157	-7717	-330	-58	967	219	-1	-1	0	-57	954	217	1606974646
-52	-51	-52	-58	-64	-67	-72	-72	-72	0	-72	-72	-77	-72	0	0	0	-91	-90	-89	0	0	-90	-90	0	0	-87	-91	-90	0	-91	-92	-91	-53	0	0	0	0	-83	0	0	0	0	0	0	0	0	0	0	0	0	0	0	0	0	0	0	0	0	0	0	0	0	0	0	0	0	0	0	0	0	0	0	0	0	0	0	0	0	0	0	-59	0	0	0	0	0	0	0	0	0	0	0	0	0	0	0	0	0	0	0	0	0	0	0	0	0	0	0	0	0	0	4009	-3073	3695	22158	-7720	-330	-58	968	219	-1	-1	-1	-57	954	217	1606974648
-52	-57	-51	0	-59	0	-66	0	-73	0	-74	-74	-71	0	0	0	0	-82	-82	-83	0	-79	-83	-83	0	0	-85	-89	-89	0	0	-89	-91	0	0	0	0	0	-90	0	0	0	0	0	0	0	0	0	0	0	0	0	0	0	0	0	-87	0	0	0	0	-86	0	0	0	0	0	0	0	0	0	0	0	0	0	0	0	0	0	0	0	-58	0	0	0	0	0	0	0	0	0	0	0	0	0	0	0	0	0	0	0	0	0	0	0	0	0	0	0	0	0	0	3949	-3058	3702	22158	-7721	-330	-58	968	218	-1	-1	0	-57	954	216	1606974649
0	-51	-49	0	0	-58	0	0	-74	-76	-72	-73	-70	0	0	0	-78	-83	-83	-83	0	-80	-83	-84	0	0	-87	-91	-92	0	0	0	0	-56	0	0	0	0	-89	0	0	0	0	0	0	0	0	0	0	0	0	0	0	0	0	0	0	0	0	0	0	0	0	0	0	0	0	0	0	0	0	0	0	0	0	0	0	0	0	0	0	-59	0	0	0	0	0	0	0	0	0	0	0	0	0	0	0	0	0	0	0	0	0	0	0	0	0	0	0	0	0	0	3949	-3059	3777	22159	-7721	-329	-57	968	219	-1	-1	-1	-57	954	216	1606974651
-53	-51	-56	-55	-61	-65	0	-71	-76	0	-74	-74	-78	-70	0	-84	0	-88	-89	-88	0	-81	-89	-89	0	0	-90	-91	-90	0	0	-89	0	-55	0	0	0	0	-83	0	0	0	0	0	0	0	0	0	0	0	0	-93	-86	0	0	0	-85	0	0	0	0	-86	0	-85	-87	0	0	0	0	0	0	0	0	0	0	0	0	0	0	0	0	-57	0	0	0	0	0	0	0	0	0	0	0	0	0	0	0	0	0	0	0	0	0	0	0	0	0	0	0	0	0	0	3949	-3088	3755	22158	-7720	-331	-58	968	219	-1	-1	0	-57	954	217	1606974653
-51	0	-46	-57	0	-65	0	-68	-74	-75	-72	-73	-77	0	0	0	0	-91	-91	-90	0	0	-91	-90	0	0	-86	0	-91	0	0	-90	0	-57	0	0	0	0	-84	0	0	0	0	0	0	0	0	0	0	0	0	0	0	0	0	0	0	0	0	0	0	0	0	0	0	0	0	0	0	0	0	0	0	0	0	0	0	0	0	0	0	-59	0	0	0	0	0	0	0	0	0	0	0	0	0	0	0	0	0	0	0	0	0	0	0	0	0	0	0	0	0	0	3949	-3073	3740	22159	-7723	-331	-58	968	218	0	0	0	-57	954	216	1606974654
0	-58	-55	-58	0	-54	0	-73	-71	-76	-72	-73	-70	0	-74	0	-79	-82	-83	-84	-78	-76	-83	-83	-79	-77	-84	-92	-90	0	-92	-91	0	-52	0	0	0	0	-88	0	0	0	0	0	0	0	0	0	0	0	0	0	0	0	0	-91	0	0	0	0	0	0	0	0	0	0	0	0	-94	0	0	0	0	0	0	0	0	0	0	0	0	-59	0	0	0	0	0	0	0	0	0	0	0	0	0	0	0	0	0	0	0	0	0	0	0	0	0	0	0	0	0	0	3919	-3058	3740	22159	-7725	-331	-58	968	218	0	0	0	-57	954	216	1606974656
-54	-55	-54	-60	0	-58	-69	0	-71	0	-72	-74	-71	0	0	0	0	-83	-84	-83	0	0	-84	-83	0	0	-88	0	0	0	0	0	0	-55	0	0	0	0	-88	0	0	0	0	0	0	0	0	0	0	-84	0	0	-86	-85	0	0	0	0	0	0	0	0	0	0	0	0	0	0	0	0	0	0	0	0	0	0	0	0	0	0	0	-53	0	0	0	0	0	0	0	0	0	0	0	0	0	0	0	0	0	0	0	0	0	0	0	0	0	0	0	0	0	0	3964	-3118	3755	22158	-7722	-331	-58	967	219	0	0	0	-57	954	216	1606974658
-54	-54	-47	0	-57	-56	0	0	-69	0	-69	-69	-72	0	0	0	0	-83	-83	-83	0	0	-83	-83	0	0	-88	-91	-91	0	0	-92	0	-52	0	0	0	0	-90	0	0	0	0	0	0	0	0	0	0	0	0	0	0	0	0	0	0	0	0	0	0	0	0	0	0	0	0	0	0	0	-85	0	0	0	0	0	0	0	0	0	0	-62	0	0	0	0	0	0	0	0	0	0	0	0	0	0	0	0	0	0	0	0	0	0	0	0	0	0	0	0	0	0	3873	-3028	3739	22160	-7727	-330	-58	967	217	0	0	0	-57	954	216	1606974659
-54	-56	-55	-56	-59	0	-71	-76	-70	-75	-70	-71	-72	0	0	0	0	-83	-83	-82	0	-80	-83	-83	0	0	-87	-91	-92	0	0	-91	0	0	0	0	0	0	-88	0	0	0	0	0	0	0	0	0	0	0	0	0	0	0	0	0	0	0	0	0	0	0	0	0	0	0	0	0	0	0	0	0	0	0	0	0	0	0	0	0	0	-63	0	0	0	0	0	0	0	0	0	0	0	0	0	0	0	0	0	0	0	0	0	0	0	0	0	0	0	0	0	0	3979	-3059	3755	22158	-7724	-331	-58	968	219	0	-1	-1	-57	954	216	1606974661
-56	-53	0	-56	-61	0	-75	-79	-72	0	-72	-73	-77	0	-75	0	0	-90	-91	-90	0	-80	-90	-90	0	0	-87	-89	-89	0	-90	-89	-89	-56	0	0	0	0	-84	0	0	0	0	0	0	0	0	0	0	0	0	0	0	0	0	0	0	0	0	0	0	0	0	0	0	0	0	0	0	0	0	0	0	0	0	0	0	0	0	0	0	-59	0	0	0	0	0	0	0	0	0	0	0	0	0	0	0	0	0	0	0	0	0	0	0	0	0	0	0	0	0	0	3919	-3118	3755	22159	-7724	-330	-58	968	218	0	-1	0	-57	954	216	1606974663
-55	-52	-52	-55	-67	-61	0	-81	-69	-74	-70	-69	-74	0	0	0	0	-87	-86	-86	0	0	-86	-86	0	0	-86	-91	-90	0	0	-90	0	-53	0	0	0	0	-90	0	0	0	0	0	0	0	0	0	0	0	0	0	0	0	0	0	0	0	0	0	0	0	0	0	0	0	0	0	0	0	0	0	0	0	0	0	0	0	0	0	0	-57	0	0	0	0	0	0	0	0	0	0	0	0	0	0	0	0	0	0	0	0	0	0	0	0	0	0	0	0	0	0	3949	-3073	3702	22159	-7726	-330	-58	968	217	0	-1	0	-57	954	215	1606974664
0	0	-58	-57	-64	0	0	0	-75	-74	-77	-73	-73	0	0	0	0	-88	-88	-87	0	-83	-87	-88	0	0	-87	-91	-92	0	0	-92	0	-66	0	0	0	0	-91	0	0	0	0	0	0	0	0	-83	0	0	0	0	0	0	0	0	0	0	0	0	0	0	0	0	0	0	0	0	0	0	0	0	0	0	0	0	0	0	0	0	0	-62	0	0	0	0	0	0	0	0	0	0	0	0	0	0	0	0	0	0	0	0	0	0	0	0	0	0	0	0	0	0	3903	-3073	3665	22159	-7725	-331	-58	968	218	0	0	-1	-57	954	216	1606974666
-61	-50	-51	-54	-71	0	-73	0	-75	-72	-74	-74	-79	-72	0	0	0	-91	-90	-89	0	0	-89	-91	0	0	-89	0	-94	0	0	0	0	-63	0	0	0	0	-87	0	0	0	0	0	0	0	0	0	0	0	0	0	0	0	0	0	0	0	0	0	0	0	0	0	0	0	0	0	0	0	0	0	0	0	0	0	0	0	0	0	0	-59	0	0	0	0	0	0	0	0	0	0	0	0	0	0	0	0	0	0	0	0	0	0	0	0	0	0	0	0	0	0	3948	-3028	3687	22158	-7721	-331	-58	968	219	0	0	0	-57	954	216	1606974667
-56	-56	-48	-57	-65	-61	0	0	-71	0	-72	-72	-75	0	0	0	-81	-85	-85	-85	-81	-81	-84	-85	-81	-80	-87	0	0	0	0	0	0	-64	0	0	0	0	-93	0	0	0	0	0	0	0	-87	0	0	0	0	0	0	0	0	0	0	0	0	0	0	0	0	0	0	0	0	0	0	0	0	0	0	0	0	0	0	0	0	0	0	-60	0	0	0	0	0	0	0	0	0	0	0	0	0	0	0	0	0	0	0	0	0	0	0	0	0	0	0	0	0	0	3904	-3073	3754	22159	-7724	-331	-58	968	218	0	0	-1	-57	954	216	1606974669
-52	-53	-48	-52	0	0	-72	-64	-76	0	-75	-76	-76	-66	0	0	0	-87	-87	-87	0	0	-88	-88	0	0	-89	0	0	0	0	0	0	-52	-63	0	0	0	-93	0	0	0	0	0	0	0	0	0	0	0	0	0	0	0	0	0	0	0	0	0	0	0	0	0	0	0	0	0	0	0	-86	0	0	0	0	0	0	0	0	0	0	-64	0	0	0	0	0	0	0	0	0	0	0	0	0	0	0	0	0	0	0	0	0	0	0	0	0	0	0	0	0	0	3949	-3036	3739	22158	-7723	-331	-58	968	218	0	0	0	-57	954	216	1606974671
-57	-47	-54	-56	0	0	0	0	-73	0	-72	-72	-79	-69	0	0	0	-90	-91	-90	0	-80	-91	-90	0	0	-83	-91	-92	0	0	-92	0	-55	0	0	0	0	-93	0	0	0	0	0	0	0	0	0	0	0	0	0	0	0	0	0	0	-86	0	0	0	0	0	0	0	0	0	0	0	0	0	0	0	0	0	0	0	0	0	0	0	-68	0	0	0	0	0	0	0	0	0	0	0	0	0	0	0	0	0	0	0	0	0	0	0	0	0	0	0	0	0	0	3918	-3073	3710	22158	-7723	-332	-58	968	219	0	-1	-1	-57	954	216	1606974672
-55	-49	-47	-52	-56	-57	-72	-68	-77	-74	-75	-75	-74	-67	0	0	0	-86	-85	-86	0	-83	-85	-86	0	0	-81	-92	0	0	0	-94	0	-52	0	0	0	0	0	0	0	-90	0	0	0	0	0	0	0	0	0	0	0	0	0	0	0	0	0	0	0	0	0	0	0	0	0	0	0	0	-88	0	0	0	0	0	0	0	0	0	0	-62	0	0	0	0	0	0	0	0	0	0	0	0	0	0	0	0	0	0	0	0	0	0	0	0	0	0	0	0	0	0	3956	-3043	3710	22159	-7724	-331	-58	967	218	0	0	0	-57	954	216	1606974674
-51	-51	-47	-54	-60	0	-69	0	-72	-72	-77	-76	-78	-69	0	0	0	-90	-90	-89	0	-80	-90	-89	0	0	-84	-93	-92	0	0	-92	0	-54	0	0	0	0	0	0	0	0	0	-86	0	0	0	0	0	0	0	0	0	0	0	0	0	0	0	0	0	0	0	0	0	0	0	0	0	0	0	0	0	0	0	0	0	0	0	0	0	-61	0	0	0	0	0	0	0	0	0	0	0	0	0	0	0	0	0	0	0	0	0	0	0	0	0	0	0	0	0	0	3964	-3058	3695	22159	-7726	-331	-58	968	218	-1	-1	0	-57	954	215	1606974676
-56	-49	-46	-53	-64	0	-69	0	-75	0	-72	-72	-79	0	0	0	-79	-90	-89	-90	-80	0	-91	-89	-79	-79	-85	-90	-90	0	-90	-90	-92	-58	0	0	0	0	-84	0	0	0	0	0	0	0	0	-83	0	0	0	0	0	0	0	0	0	0	0	0	0	0	0	0	0	0	0	0	0	0	0	0	0	0	0	0	0	0	0	0	0	-62	0	0	0	0	0	0	0	0	0	0	0	0	-91	0	0	0	0	0	0	0	0	0	0	0	0	0	0	0	0	0	3964	-3103	3695	22158	-7724	-332	-58	968	218	0	0	-1	-57	954	216	1606974677
0	-50	0	-58	-59	-56	-69	-68	-73	0	-74	-74	-71	-73	0	0	0	-81	-82	-82	0	0	-81	-82	0	0	-85	-92	-92	0	0	-92	-95	-52	0	0	0	0	-90	0	0	0	0	0	-89	0	0	-88	0	0	0	0	0	0	0	0	-87	0	0	0	0	-86	0	0	0	0	0	0	0	0	0	0	0	0	0	0	0	0	0	0	0	-63	0	0	0	0	0	0	0	0	0	0	0	0	0	0	0	0	0	0	0	0	0	0	0	0	0	0	0	0	0	0	3964	-3103	3717	22158	-7724	-331	-58	968	219	0	-1	0	-57	954	216	1606974679
-56	-45	-50	-54	-58	0	0	-76	-74	-77	-74	-75	-72	0	0	0	0	-82	-82	-83	0	0	-84	-84	0	0	-86	-93	0	0	0	0	0	-53	0	0	0	0	-88	0	0	0	0	0	0	0	0	0	0	0	0	0	0	0	0	0	0	0	0	0	0	0	0	0	0	0	0	0	0	0	0	0	0	0	0	0	0	0	0	0	0	-60	0	0	0	0	0	0	0	0	0	0	0	0	0	0	0	0	0	0	0	0	0	0	0	0	0	0	0	0	0	0	3994	-3058	3710	22160	-7730	-331	-58	967	218	0	-1	0	-57	955	215	1606974680
-52	-48	-53	-54	-59	0	-70	-73	-74	0	-73	-74	-79	0	0	0	0	-92	-91	-91	0	-81	-90	-91	-81	0	0	-92	-93	0	0	-91	-93	-55	0	0	0	0	-84	0	0	0	0	0	0	0	0	0	0	0	0	0	0	0	0	0	0	0	0	0	0	0	0	0	0	0	0	0	0	0	0	0	0	0	0	0	0	0	0	0	0	-62	0	0	0	0	0	0	0	0	0	0	0	0	0	0	0	0	0	0	0	0	0	0	0	0	0	0	0	0	0	0	3964	-3044	3762	22158	-7722	-332	-58	968	219	0	0	-1	-57	954	216	1606974682
0	-44	-50	-53	-62	0	-73	-67	-77	-80	-72	-74	-76	-67	0	0	-82	-89	-91	-89	0	-83	-89	-89	-85	-84	0	-91	-89	0	-90	-90	-89	-52	0	0	0	0	0	0	0	0	0	0	0	0	0	0	0	0	0	0	0	0	0	-88	0	0	0	0	0	0	0	0	0	0	0	0	0	0	0	0	0	0	0	0	0	0	0	0	0	-62	0	0	0	0	0	0	0	0	0	0	0	0	0	0	0	0	0	0	0	0	0	0	0	0	0	0	0	0	0	0	3964	-3051	3747	22159	-7726	-332	-58	968	218	0	0	0	-57	954	216	1606974683
-50	-46	0	-52	-61	0	-67	-67	-75	-81	-74	-74	-81	-75	0	0	0	-93	-93	-92	0	-81	0	-93	0	0	0	-89	-91	0	-91	-90	-91	-61	0	0	0	0	0	0	0	0	0	0	0	0	0	0	0	0	0	0	0	0	0	-89	0	0	0	0	0	0	0	0	0	0	0	0	0	0	0	0	0	0	0	0	0	0	0	0	0	-57	0	0	0	0	0	0	0	0	0	0	0	0	0	0	0	0	0	0	0	0	0	0	0	0	0	0	0	0	0	0	3964	-3104	3740	22159	-7728	-332	-58	968	218	0	0	-1	-57	954	215	1606974685
0	-48	-46	-56	-63	0	-68	-70	-73	-80	-74	-73	-76	-70	0	0	0	-91	-90	-90	0	-81	-90	-89	0	0	-88	-92	-91	0	-92	-92	0	-63	0	0	0	0	-84	0	0	0	0	-88	0	0	0	0	0	0	0	0	0	0	0	0	0	0	0	0	0	0	0	0	0	0	0	0	0	0	0	0	0	0	0	0	0	0	0	0	0	-59	0	0	0	0	0	0	0	0	0	0	0	0	0	0	0	0	0	0	0	0	0	0	0	0	0	0	0	0	0	0	3948	-3043	3695	22159	-7725	-332	-58	968	218	0	-1	0	-57	954	216	1606974687
-57	-49	-47	-51	-66	0	-71	0	-74	-80	-75	-74	-79	0	0	0	0	-91	-90	-91	0	0	-91	-90	0	0	-91	-90	0	0	0	-91	0	-56	0	0	0	0	-84	0	0	0	0	0	0	0	0	0	0	0	0	0	0	0	0	0	0	0	0	0	0	0	0	0	0	0	0	0	0	0	0	0	0	0	0	0	0	0	0	0	0	-64	0	0	0	0	0	0	0	0	0	0	0	0	0	0	0	0	0	0	0	0	0	0	0	0	0	0	0	0	0	0	3934	-3073	3755	22158	-7722	-332	-58	968	218	0	-1	-1	-57	954	216	1606974688
0	-50	-44	-51	-65	0	0	0	-73	-74	-73	-74	-78	-74	0	0	0	-91	-89	-90	0	0	-90	-91	0	0	-86	-92	-92	0	-91	-90	-91	-58	0	0	0	0	-83	0	0	0	0	0	0	0	0	0	0	0	0	0	0	0	0	0	0	0	0	0	0	0	0	0	0	0	0	0	0	0	0	0	0	0	0	0	0	0	0	0	0	-64	0	0	0	0	0	0	0	0	0	0	0	0	0	0	0	0	0	0	0	0	0	0	0	0	0	0	0	0	0	0	3918	-3058	3687	22159	-7729	-332	-58	967	218	0	-1	-1	-57	955	215	1606974690
-52	-52	-47	0	-67	-63	-72	-69	-73	-76	-72	-72	-74	-71	0	0	0	-86	-86	-87	0	0	-86	-86	0	0	-86	-90	-92	0	0	-91	-90	-65	0	0	0	0	-89	0	0	0	0	0	0	0	0	0	0	0	0	0	0	0	0	0	0	0	0	0	0	0	0	0	0	0	0	0	0	0	0	0	0	0	0	0	0	0	0	0	0	-66	0	0	0	0	0	0	0	0	0	0	0	0	0	0	0	0	0	0	0	0	0	0	0	0	0	0	0	0	0	0	3918	-3043	3680	22159	-7724	-331	-58	967	218	-1	-1	0	-57	954	216	1606974691
-54	-49	-45	-50	0	0	-70	-75	-72	0	-72	-73	-73	-75	0	0	-81	-85	-86	-87	0	-81	-85	-86	-80	-80	-83	-91	-91	0	0	-90	-91	-63	0	0	0	0	-91	0	0	0	0	0	0	0	0	0	0	0	0	0	0	0	0	0	0	0	0	0	0	0	0	0	0	0	0	0	0	0	0	0	0	0	0	0	0	0	0	0	0	-60	0	0	0	0	0	0	0	0	0	0	0	0	0	0	0	0	0	0	0	0	0	0	0	0	0	0	0	0	0	0	3963	-3013	3687	22159	-7726	-331	-58	967	218	0	-1	-1	-57	954	215	1606974693
-56	-51	-49	-51	-68	0	0	0	-75	0	-74	-75	-78	-70	0	0	0	-90	-89	-89	0	-80	-89	-90	0	0	-87	-93	-90	0	-91	-91	0	-59	0	0	0	0	-85	0	0	-89	0	0	0	0	0	-87	0	0	0	0	0	0	0	0	0	0	0	0	0	0	0	0	0	0	0	0	0	0	0	0	0	0	0	0	0	0	0	0	0	-67	0	0	0	0	0	0	0	0	0	0	0	0	0	0	0	0	0	0	0	0	0	0	0	0	0	0	0	0	0	0	3956	-3051	3739	22160	-7730	-332	-58	968	218	0	-1	-1	-57	955	215	1606974695
-61	-51	0	-51	-62	0	-72	0	-75	0	-73	-74	-79	-72	0	0	0	0	-89	-90	0	-79	-90	-91	0	0	-86	-91	-92	0	0	-92	-91	-56	0	0	0	0	-85	0	0	0	0	-87	0	0	0	0	0	0	0	0	0	0	0	0	0	0	0	0	0	0	0	0	0	0	0	0	0	0	0	0	0	0	0	0	0	0	0	0	0	-63	0	0	0	0	0	0	0	0	0	0	0	0	0	0	0	0	0	0	0	0	0	0	0	0	0	0	0	0	0	0	3949	-3073	3762	22158	-7724	-332	-58	967	219	0	-1	-1	-57	954	216	1606974696
-58	-58	-45	-60	-60	0	-72	0	-75	0	-74	-75	-79	0	0	0	0	-92	-91	-91	0	-78	-91	-90	0	0	-85	-91	-90	0	-94	-92	0	-55	0	0	0	0	-85	0	0	0	0	0	0	0	0	0	0	0	0	0	0	0	0	0	0	0	0	0	0	0	0	0	0	0	0	0	0	0	0	0	0	0	0	0	0	0	0	0	0	-61	0	0	0	0	0	0	0	0	0	0	0	0	0	0	0	0	0	0	0	0	0	0	0	0	0	0	0	0	0	0	3873	-3073	3739	22159	-7726	-331	-58	968	218	0	-1	0	-57	954	215	1606974698
-51	-51	-51	-54	0	0	-73	0	-74	0	-74	-74	-79	0	0	0	0	-90	-90	-91	0	-80	-92	-89	0	0	-86	-92	-92	0	0	-92	0	-58	0	0	0	0	-86	0	0	0	0	0	0	0	0	0	0	0	0	0	0	0	0	0	0	0	0	0	0	0	0	0	0	0	0	0	0	0	0	0	0	0	0	0	0	0	0	0	0	-63	0	0	0	0	0	0	0	0	0	0	0	0	0	0	0	0	0	0	0	0	0	0	0	0	0	0	0	0	0	0	3949	-3103	3695	22160	-7729	-331	-58	967	218	0	-1	0	-57	955	215	1606974699
0	-55	-50	-56	-67	0	-69	0	-71	-74	-70	-72	-76	-76	0	0	0	-86	-85	-85	0	0	-86	-84	0	0	-84	-92	-90	0	-92	-89	-91	-58	0	0	0	0	-88	0	0	0	0	0	0	0	0	0	0	0	-91	0	-87	0	0	0	0	0	0	0	0	0	0	0	0	0	0	0	0	0	0	0	0	0	0	0	0	0	0	0	0	-62	0	0	0	0	0	0	0	0	0	0	0	0	0	0	0	0	0	0	0	0	0	0	0	0	0	0	0	0	0	0	3949	-3058	3740	22159	-7724	-330	-58	968	219	0	-1	0	-57	954	216	1606974701
-59	-55	-49	-57	-60	0	0	0	-73	-74	-73	-73	-79	-70	0	0	-76	-88	-89	-89	-76	-76	-90	-89	-77	-78	-85	-91	-92	0	0	0	0	-56	0	0	0	0	-85	0	0	0	0	0	0	0	0	0	0	0	0	0	0	0	0	0	0	0	0	0	0	0	0	0	0	0	0	0	0	0	0	0	0	0	0	0	0	0	0	0	0	-61	0	0	0	0	0	0	0	0	0	0	0	0	0	0	0	0	0	0	0	0	0	0	0	0	0	0	0	0	0	0	3948	-3043	3695	22158	-7722	-331	-58	968	219	0	-1	-1	-57	954	216	1606974703
0	-57	-51	-57	-66	-57	-78	-72	-73	0	-71	-73	-72	-69	0	0	0	-82	-83	-83	0	0	-83	-83	0	0	-85	0	0	0	0	0	0	-56	-59	0	0	0	-90	0	0	0	0	0	0	0	0	0	0	0	0	0	0	0	0	0	0	0	0	0	0	0	0	0	0	0	0	0	0	0	0	0	0	0	0	0	0	0	0	0	0	-58	0	0	0	0	0	0	0	0	0	0	0	0	-93	0	0	0	0	0	0	0	0	0	0	0	0	0	0	0	0	0	3919	-3111	3777	22159	-7725	-331	-58	967	218	0	-1	-1	-57	954	216	1606974704
-56	-51	0	-56	-59	0	0	-68	-71	-76	-72	-70	-72	-74	0	0	-78	-84	-85	-84	-78	-80	-84	-85	-78	-78	-87	-91	-90	0	0	-91	-91	-56	0	0	0	0	0	0	0	0	0	0	0	0	0	0	0	0	0	0	0	0	0	0	0	0	0	0	0	0	0	0	0	0	0	0	-94	0	0	0	0	0	0	0	0	0	0	0	0	-61	0	0	0	0	0	0	0	0	0	0	0	0	0	0	0	0	0	0	0	0	0	0	0	0	0	0	0	0	0	0	3971	-3043	3710	22159	-7726	-331	-58	968	218	0	-1	0	-57	954	215	1606974706
-57	-52	-52	-56	-61	0	-70	-73	-74	0	-74	-75	-79	-68	0	0	0	-90	-88	-88	0	-79	-89	-89	0	0	-81	-93	0	0	0	-91	0	-56	0	0	0	0	-86	0	0	0	0	0	0	0	0	0	0	0	0	0	0	0	0	0	0	0	0	0	0	0	0	0	0	0	0	0	0	0	0	0	0	0	0	0	0	0	0	0	0	-61	0	0	0	0	0	0	0	0	0	0	0	0	0	0	0	0	0	0	0	0	0	0	0	0	0	0	0	0	0	0	3948	-3043	3710	22159	-7724	-331	-58	968	219	0	-1	0	-57	954	216	1606974707
-55	-48	-60	-56	0	-58	-77	0	-71	0	-73	-73	-72	0	0	0	0	-84	-85	-86	0	-81	-85	-85	0	0	0	-92	0	0	0	-93	0	-53	-65	0	0	0	-88	0	0	0	0	0	0	0	0	0	0	0	0	0	0	0	0	0	0	0	0	0	0	0	0	0	0	0	0	0	0	0	0	0	0	0	0	0	0	0	0	0	0	-65	0	0	0	0	0	0	0	0	0	0	0	0	0	0	0	0	0	0	0	0	0	0	0	0	0	0	0	0	0	0	3949	-3058	3695	22160	-7728	-330	-58	968	217	-1	-1	-1	-57	954	215	1606974709
-56	-50	-63	-53	-63	-67	-76	-76	-76	-71	-75	-75	-77	-77	0	0	0	-91	-90	-91	0	-80	-91	-91	0	0	-84	-92	-91	0	0	-91	0	-62	0	0	0	0	-88	0	0	0	0	0	0	0	0	0	0	0	0	0	0	0	0	0	0	0	0	0	0	0	0	0	0	0	0	0	0	0	0	0	0	0	0	0	0	0	0	0	0	-61	0	0	0	0	0	0	0	0	0	0	0	0	0	0	0	0	0	0	0	0	0	0	0	0	0	0	0	0	0	0	3964	-3073	3740	22158	-7724	-331	-58	967	219	0	-1	0	-57	954	216	1606974711
-53	-50	-51	-56	-61	0	-71	-71	-73	0	-71	-73	-73	-82	0	0	0	-84	-85	-84	0	0	-85	-85	0	0	-83	-92	0	0	0	-91	0	-53	0	0	0	0	-92	0	0	0	0	0	0	0	0	0	0	0	0	0	0	0	0	0	0	0	0	0	0	0	0	0	0	0	0	0	0	0	0	0	0	0	0	0	0	0	0	0	0	0	0	0	0	0	0	0	0	0	0	0	0	0	0	0	0	0	0	0	0	0	0	0	0	0	0	0	0	0	0	0	3964	-3073	3665	22159	-7724	-331	-58	967	218	-1	-1	0	-57	954	216	1606974712
-57	-49	-47	-58	-61	0	0	-68	-74	-74	-74	-73	-79	0	0	0	0	-91	-90	-89	0	0	-89	-91	0	0	-83	0	-93	0	0	0	0	-56	0	0	0	0	-90	0	0	0	0	0	0	0	0	-87	0	0	0	0	0	0	0	0	0	0	0	0	0	0	0	0	0	0	0	0	0	0	0	0	0	0	0	0	0	0	0	0	0	0	0	0	0	0	0	0	0	0	0	0	0	0	0	0	0	0	0	0	0	0	0	0	0	0	0	0	0	0	0	0	3919	-3103	3755	22158	-7722	-331	-58	967	219	0	-1	0	-57	954	216	1606974714
-57	0	-48	-57	-61	0	-80	0	-75	0	-76	-74	-78	0	0	0	0	-91	-91	-91	0	-79	-92	-91	0	0	-85	0	0	0	0	0	0	-56	0	0	0	0	-90	0	0	0	0	0	0	0	0	0	0	0	0	0	0	0	0	0	0	0	0	0	0	0	0	0	0	0	0	0	0	0	0	0	0	0	0	0	0	0	0	0	0	-63	0	0	0	0	0	0	0	0	0	0	0	0	0	0	0	0	0	0	0	0	0	0	0	0	0	0	0	0	0	0	3949	-3073	3755	22159	-7727	-331	-58	968	218	0	-1	0	-57	954	215	1606974716
-54	-48	-53	0	-60	-59	0	0	-72	-74	-71	-70	-72	0	0	0	0	-85	-86	-85	0	0	-85	-86	0	0	-79	0	0	0	0	0	0	-52	0	0	0	0	-91	0	0	0	0	0	0	0	0	0	0	0	0	0	0	0	0	0	0	0	0	0	0	0	0	0	0	0	0	0	0	0	0	0	0	0	0	0	0	0	0	0	0	-63	0	0	0	0	0	0	0	0	0	0	0	0	0	0	0	0	0	0	0	0	0	0	0	0	0	0	0	0	0	0	3949	-3073	3747	22158	-7722	-332	-58	968	219	0	0	-1	-57	954	216	1606974717
-55	-48	-51	-56	-60	0	-71	0	-73	-73	-74	-73	-78	0	0	0	-80	-89	-90	-91	-80	-79	-90	-89	-80	-80	-85	0	-92	0	0	0	0	-56	-62	0	0	0	-88	0	0	0	0	0	0	0	0	0	0	-86	0	0	0	0	0	0	0	0	0	0	0	0	0	0	0	0	0	0	0	0	0	0	0	0	0	0	0	0	0	0	0	-64	0	0	0	0	0	0	0	0	0	0	0	0	0	0	0	0	0	0	0	0	0	0	0	0	0	0	0	0	0	0	3918	-3036	3747	22159	-7725	-331	-58	968	219	0	-1	0	-57	954	216	1606974719
-56	-49	-47	-58	-60	0	0	0	-73	-75	-74	-75	-80	0	0	0	0	-91	-91	-89	0	-82	-90	-90	0	0	-80	0	-92	0	0	0	0	-57	0	0	0	0	0	0	0	0	0	0	0	0	0	0	0	0	0	0	0	0	0	-89	0	0	0	0	0	0	0	0	0	0	0	0	0	0	0	0	0	0	0	0	0	0	0	0	0	-64	0	0	0	0	0	0	0	0	0	0	0	0	0	0	0	0	0	0	0	0	0	0	0	0	0	0	0	0	0	0	3964	-3118	3740	22158	-7724	-332	-58	967	219	0	0	0	-57	954	216	1606974720
-57	-49	0	-57	-61	0	-68	0	-74	0	-74	-74	-80	0	0	0	0	-90	-90	-91	-82	0	-91	-89	-81	0	-86	-93	-92	0	0	-91	0	-60	0	0	0	0	-88	0	0	0	0	0	0	0	0	0	0	0	0	0	0	0	0	0	0	0	0	0	0	0	0	0	0	0	0	0	0	0	0	0	0	0	0	0	0	0	0	0	0	-63	0	0	0	0	0	0	0	0	0	0	0	0	0	0	0	0	0	0	0	0	0	0	0	0	0	0	0	0	0	0	3964	-3059	3769	22158	-7723	-332	-58	968	219	0	-1	0	-57	954	216	1606974722
0	-47	-55	-56	-59	0	-66	0	-74	-72	-74	-74	-79	0	0	0	0	-90	-89	-90	0	-79	-89	-89	0	0	-84	-94	-92	0	0	-91	0	-58	0	0	0	0	-86	0	0	0	0	0	0	0	0	0	0	0	0	0	-86	0	0	0	0	0	0	0	0	0	0	0	0	0	0	0	0	0	0	0	0	0	0	0	0	0	0	0	0	-61	0	0	0	0	0	0	0	0	0	0	0	0	0	0	0	0	0	0	0	0	0	0	0	0	0	0	0	0	0	0	3949	-3103	3710	22158	-7724	-332	-58	968	218	0	-1	-1	-57	954	216	1606974724
-58	-49	-52	0	-67	0	0	0	-74	-72	-74	-73	-78	0	0	0	-81	-89	-89	-91	-75	-73	-89	-89	0	-79	-85	-91	0	0	0	-92	0	-56	0	0	0	0	-85	0	0	0	0	0	0	0	0	-84	0	0	0	0	0	0	0	-86	0	0	0	0	0	0	0	0	0	0	0	0	0	0	0	0	0	0	0	0	0	0	0	0	0	-67	0	0	0	0	0	0	0	0	0	0	0	0	0	0	0	0	0	0	0	0	0	0	0	0	0	0	0	0	0	0	3918	-3020	3710	22158	-7723	-331	-58	968	219	0	-1	0	-57	954	216	1606974725
-56	-48	-51	0	-63	0	0	0	-74	0	-75	-73	-77	0	0	0	-79	-91	-90	-90	-81	-78	-90	-90	-81	-79	-83	-92	-91	0	0	-92	0	-56	0	0	0	0	0	0	0	0	0	0	0	0	0	0	0	0	0	0	0	0	0	0	0	0	0	0	0	0	0	0	0	0	0	0	0	0	0	0	0	0	0	0	0	0	0	0	0	-64	0	0	0	0	0	0	0	0	0	0	0	0	0	0	0	0	0	0	0	0	0	0	0	0	0	0	0	0	0	0	3964	-3088	3710	22158	-7723	-331	-58	968	219	0	0	0	-57	954	216	1606974727
-55	-46	-47	-55	-60	0	-71	-70	-74	-73	-74	-76	-77	-78	-73	0	-79	-89	-89	-89	0	-80	-90	-89	0	0	-84	-93	-93	0	0	-91	0	-55	-60	0	0	0	-85	0	0	0	0	0	0	0	0	0	0	0	0	0	0	0	0	0	0	0	0	0	0	0	0	0	0	0	0	0	0	0	0	0	0	0	0	0	0	0	0	0	0	-62	0	0	0	0	0	0	0	0	0	0	0	0	0	0	0	0	0	0	0	0	0	0	0	0	0	0	0	0	0	0	3964	-3119	3770	22158	-7724	-332	-58	968	219	0	-1	0	-57	954	216	1606974728
-57	-48	-47	-57	-63	0	0	0	-75	0	-74	-73	-78	-71	0	0	0	-90	-89	-90	0	-79	-89	-89	0	0	-84	-92	-92	0	0	-90	0	-56	-60	0	0	0	-87	0	0	0	0	0	0	0	0	0	0	0	0	0	0	0	0	0	0	0	0	0	0	0	0	0	0	0	0	0	0	0	0	0	0	0	0	0	0	0	0	0	0	-60	0	0	0	0	0	0	0	0	0	0	0	0	0	0	0	0	0	0	0	0	0	0	0	0	0	0	0	0	0	0	3919	-3058	3755	22159	-7726	-331	-58	967	218	0	-1	0	-57	954	216	1606974730
0	-48	-47	-60	-62	0	0	0	-74	-72	-75	-75	-78	0	0	0	-79	-90	-89	-91	-79	-75	-90	-90	-79	-79	-84	-93	-92	0	0	-92	0	-56	0	0	0	0	-86	0	0	0	0	0	0	0	0	0	0	0	0	0	0	0	0	-86	0	0	0	0	0	0	0	0	0	0	0	0	0	0	0	0	0	0	0	0	0	0	0	0	0	0	0	0	0	0	0	0	0	0	0	0	0	0	0	0	0	0	0	0	0	0	0	0	0	0	0	0	0	0	0	0	3979	-3104	3725	22158	-7723	-332	-58	967	219	0	-1	0	-57	954	216	1606974732
0	-48	-47	-59	-62	0	-71	-71	-74	-73	-74	-73	-77	-72	0	0	-80	-90	-92	-90	0	0	-89	-90	-80	-80	-84	-91	-93	0	0	-93	0	-56	0	0	0	0	-85	0	0	0	0	0	0	0	0	0	0	0	0	0	0	0	0	0	0	0	0	0	0	0	0	0	0	0	0	0	0	0	0	0	0	0	0	0	0	0	0	0	0	-75	0	0	0	0	-89	0	0	0	0	0	0	0	0	0	0	0	0	0	0	0	0	0	0	0	0	0	0	0	0	0	3979	-3073	3755	22158	-7724	-332	-58	968	218	0	0	0	-57	954	216	1606974733
-56	-46	-49	-56	-62	-59	-75	-68	-72	0	-72	-71	-72	-70	0	0	0	-83	-83	-83	0	-81	-83	-83	0	0	-87	-90	-90	0	0	-91	0	-54	0	0	0	0	-90	0	0	-91	0	0	0	0	0	0	0	0	0	0	0	0	0	0	0	0	0	0	0	0	0	0	0	0	0	0	0	0	0	0	0	0	0	0	0	0	0	0	0	-67	0	0	0	0	0	0	0	0	0	0	0	0	0	0	0	0	0	0	0	0	0	0	0	0	0	0	0	0	0	0	3964	-3134	3740	22159	-7726	-331	-58	968	219	0	-1	-1	-57	954	216	1606974735
-55	-47	-46	-54	-61	-67	0	0	-74	-71	-76	-75	-78	-69	0	0	-80	-89	-90	-90	-75	-80	-89	-90	-79	-77	0	-91	-92	0	0	-91	-91	-55	0	0	0	0	-85	0	0	0	0	0	0	0	0	0	0	0	0	0	0	0	0	0	0	0	0	0	0	0	0	0	0	0	0	0	0	0	0	0	0	0	0	0	0	0	0	0	0	-70	0	0	0	0	0	0	0	0	0	0	0	0	0	0	0	0	0	0	0	0	0	0	0	0	0	0	0	0	0	0	3949	-3104	3785	22158	-7724	-331	-58	967	219	0	0	0	-57	954	216	1606974736
0	-49	-49	-61	-60	-67	-69	0	-74	0	-75	-74	-78	0	0	0	0	-89	-89	-89	0	0	-88	-90	0	0	-86	-93	-92	0	0	-92	0	-56	0	0	0	0	-87	0	0	0	0	0	0	0	0	0	0	0	0	0	0	0	0	0	0	0	0	0	0	0	0	0	0	0	0	0	0	0	0	0	0	0	0	0	0	0	0	0	0	-56	0	0	0	0	0	0	0	0	0	0	0	0	0	0	0	0	0	0	0	0	0	0	0	0	0	0	0	0	0	0	3934	-3118	3740	22158	-7723	-331	-58	968	218	0	-1	0	-57	954	216	1606974738
-55	-44	-50	-57	-59	0	-73	-72	-74	0	-74	-73	-72	-74	0	0	-78	-83	-83	-83	0	-77	-83	-83	-78	0	-88	0	0	0	0	-92	0	-54	0	0	0	0	-89	0	0	0	0	-87	0	0	0	0	0	0	0	0	0	0	0	-86	0	0	0	0	0	0	0	0	0	0	0	0	0	0	0	0	0	0	0	0	0	0	0	0	0	-60	0	0	0	0	0	0	0	0	0	0	0	0	0	0	0	0	0	0	0	0	0	0	0	0	0	0	0	0	0	0	3911	-3073	3740	22159	-7729	-332	-58	967	218	0	-1	0	-57	955	215	1606974740
-56	-46	-58	0	-62	-57	0	0	-72	-72	-73	-74	-72	0	0	0	0	-82	-82	-82	-78	-78	-83	-82	0	-77	0	0	0	0	0	0	0	-54	0	0	0	0	-91	0	0	0	0	0	0	0	0	-83	0	0	0	0	0	0	0	0	0	0	0	0	0	0	0	0	0	0	0	0	0	0	0	0	0	0	0	0	0	0	0	0	0	-59	0	0	0	0	0	0	0	0	0	0	0	0	0	0	0	0	0	0	0	0	0	0	0	0	0	0	0	0	0	0	3919	-3103	3755	22158	-7721	-331	-58	967	218	-1	-1	0	-57	954	216	1606974741
0	-47	-52	-59	0	-61	-72	-78	-74	0	-75	-73	-72	-78	0	0	-79	-83	-83	-83	-77	-80	-82	-83	-79	-80	-85	0	0	0	0	0	0	-53	0	0	0	0	-91	0	0	0	0	0	0	0	0	-85	0	0	0	0	0	0	0	0	0	0	0	0	0	0	0	0	0	0	0	0	0	0	0	0	0	0	0	0	0	0	0	0	0	-62	0	0	0	0	0	0	0	0	0	0	0	0	0	0	0	0	0	0	0	0	0	0	0	0	0	0	0	0	0	0	3949	-3081	3777	22159	-7724	-331	-58	967	218	0	-1	0	-57	954	216	1606974743
-54	-46	-51	-62	-62	-67	0	0	-73	0	-73	-74	-78	-75	0	0	0	-92	-91	-92	0	-80	-90	-91	0	0	-86	-92	0	0	0	0	0	-59	0	0	0	0	0	0	0	0	0	0	0	0	0	0	0	0	0	0	0	0	0	0	0	-87	0	0	0	0	0	0	0	0	0	0	0	0	0	0	0	0	0	0	0	0	0	0	0	-62	0	0	0	0	0	0	0	0	0	0	0	0	0	0	0	0	0	0	0	0	0	0	0	0	0	0	0	0	0	0	4069	-3074	3710	22159	-7729	-332	-58	968	218	0	0	-1	-57	955	215	1606974745
-56	0	-49	-60	-59	-65	-73	0	-73	-74	-73	-73	-80	-69	0	0	-80	-91	-89	-90	0	-80	-90	-90	-82	-78	-87	-90	-93	0	0	-93	0	-61	0	0	0	0	-85	0	0	0	0	0	0	0	0	-87	0	0	0	0	0	0	0	0	0	0	0	0	0	0	0	0	0	0	0	0	0	0	0	0	0	0	0	0	0	0	0	0	0	-66	0	0	0	0	0	0	0	0	0	0	0	0	0	0	0	0	0	0	0	0	0	0	0	0	0	0	0	0	0	0	3866	-3073	3710	22158	-7724	-331	-58	967	219	-1	-1	0	-57	954	216	1606974746
0	-48	-50	0	0	-67	-72	0	-73	-73	-73	-72	-77	0	0	0	0	-90	-89	-89	0	-81	-89	-90	0	0	-86	-93	-92	0	0	-94	0	-57	0	0	0	0	-85	0	0	0	0	0	0	0	0	0	0	0	0	0	0	0	0	0	0	0	0	0	0	0	0	0	0	0	0	0	0	0	0	0	0	0	0	0	0	0	0	0	0	0	0	0	0	0	0	0	0	0	0	0	0	0	0	0	0	0	0	0	0	0	0	0	0	0	0	0	0	0	0	0	3963	-3043	3695	22158	-7724	-332	-58	968	218	0	-1	-1	-57	954	216	1606974748
-53	-45	-47	-58	0	-67	-75	-75	-74	0	-74	-73	-79	-75	0	0	0	-90	-90	-90	0	-79	-89	-89	0	0	-85	-91	0	0	0	-92	0	-55	0	0	0	0	-86	0	0	0	0	0	0	0	0	0	0	0	0	0	0	0	0	0	0	0	0	0	0	0	0	0	0	0	0	0	0	0	0	0	0	0	0	0	0	0	0	0	0	-60	0	0	0	0	0	0	0	0	0	0	0	0	0	0	0	0	0	0	0	0	0	0	0	0	0	0	0	0	0	0	3964	-3073	3710	22160	-7730	-332	-58	967	217	0	0	0	-57	955	215	1606974749
-56	-45	0	-56	-58	-67	0	-74	-73	0	-74	-74	-77	-73	0	0	0	-91	-90	-90	0	-78	-90	-91	0	0	-83	-92	-92	0	0	-92	0	-55	0	0	0	0	-89	0	0	0	0	-87	0	0	0	0	0	0	0	0	0	0	0	0	0	0	0	0	0	0	0	0	0	0	0	0	0	0	0	0	0	0	0	0	0	0	0	0	0	-59	0	0	0	0	0	0	0	0	0	0	0	0	0	0	0	0	0	0	0	0	0	0	0	0	0	0	0	0	0	0	3918	-3043	3732	22158	-7724	-332	-58	968	218	-1	-1	-1	-57	954	216	1606974751
-55	-44	-49	-59	0	-68	0	-73	-74	-72	-73	-75	0	-68	0	0	0	-90	-89	-89	0	-81	-89	-89	0	0	-86	-92	-93	0	0	-91	0	-55	0	0	0	0	-89	0	0	0	0	0	0	0	0	0	0	0	0	0	0	0	0	0	0	0	0	0	0	0	0	0	0	0	0	0	0	0	0	0	0	0	0	0	0	0	0	0	0	-63	0	0	0	0	0	0	0	0	0	0	0	0	0	0	0	0	0	0	0	0	0	0	0	0	0	0	0	0	0	0	3979	-3058	3710	22158	-7722	-331	-58	968	219	-1	-1	0	-57	954	216	1606974752
-56	-48	0	-55	-61	-57	-75	-71	-72	0	-74	-75	-71	-73	0	0	0	-82	-83	-82	0	0	-83	-83	0	0	-87	-91	0	0	0	-93	0	-54	0	0	0	0	-91	0	0	0	0	-88	0	0	0	0	0	0	0	0	0	0	0	0	0	0	0	0	0	0	0	0	0	0	0	0	-93	0	0	0	0	0	0	0	0	0	0	0	0	0	0	0	0	0	0	0	0	0	0	0	0	0	0	0	0	0	0	0	0	0	0	0	0	0	0	0	0	0	0	0	3964	-3073	3732	22160	-7728	-331	-58	968	217	-1	-1	-1	-57	955	215	1606974754
0	-46	-56	-55	0	-58	-74	-73	-72	0	-73	-72	-72	-75	0	0	0	-82	-82	-82	0	0	-82	-83	0	0	-86	-91	-91	0	0	-95	0	-54	-59	0	0	0	-92	0	0	0	0	0	0	0	0	0	0	0	0	0	0	0	0	0	0	0	0	0	0	0	0	0	0	0	0	0	0	0	0	0	0	0	0	0	0	0	0	0	0	0	0	0	0	0	0	0	0	0	0	0	0	0	0	0	0	0	0	0	0	0	0	0	0	0	0	0	0	0	0	0	3964	-3104	3770	22158	-7723	-331	-58	968	219	-1	-1	0	-57	954	216	1606974755
0	-48	0	-56	0	0	0	-70	-74	0	-74	-73	-69	0	0	0	-80	-83	-83	-83	-79	-79	-84	-84	-79	-78	-88	-92	-91	0	0	-92	0	-56	0	0	0	0	-92	0	0	0	0	-84	0	0	0	0	0	0	0	0	0	0	0	0	0	0	0	0	0	0	0	0	0	0	0	0	0	0	0	0	0	0	0	0	0	0	0	0	0	-58	0	0	0	0	0	0	0	0	0	0	0	0	0	0	0	0	0	0	0	0	0	0	0	0	0	0	0	0	0	0	3971	-3104	3755	22159	-7725	-331	-58	968	218	0	-1	0	-57	954	216	1606974757
-54	0	-54	-57	-60	0	-74	-74	-75	-72	-75	-74	-76	-73	0	0	0	-88	-89	-88	0	0	-87	-88	0	0	-85	-93	-94	0	0	-94	0	-56	0	0	0	0	-86	0	0	0	0	0	0	0	0	0	0	0	0	0	0	-86	0	0	0	0	0	0	0	0	0	0	0	0	0	0	0	0	0	0	0	0	0	0	0	0	0	0	0	-58	0	0	0	0	0	0	0	0	0	0	0	0	0	0	0	0	0	0	0	0	0	0	0	0	0	0	0	0	0	0	3994	-3103	3703	22159	-7726	-331	-58	968	217	-1	-1	-1	-57	954	215	1606974758
0	-45	-56	-57	0	-57	-73	0	-73	0	-72	-70	-71	-71	0	0	0	-83	-83	-83	0	0	-83	-84	0	0	-86	-93	-93	0	0	-95	0	-54	-60	0	0	0	-91	0	0	0	0	0	0	0	0	0	0	0	0	0	0	0	0	0	0	0	0	0	0	0	0	0	0	0	0	0	0	0	0	0	0	0	0	0	0	0	0	0	0	-58	0	0	0	0	0	0	0	0	0	0	0	0	0	0	0	0	0	0	0	0	0	0	0	0	0	0	0	0	0	0	3964	-3073	3710	22158	-7724	-332	-58	968	219	0	-1	0	-57	954	216	1606974760
-54	-45	0	-56	-58	-67	0	0	-75	0	-75	-74	-78	0	0	0	0	-90	-90	-89	0	-79	-88	-88	0	0	-85	-93	-92	0	0	-91	0	-55	-60	0	0	0	-85	0	0	0	0	0	0	0	0	0	0	0	0	0	-85	0	0	0	0	0	0	0	0	0	0	0	0	0	0	0	0	0	-89	0	0	0	0	0	0	0	0	0	0	-71	0	0	0	0	0	0	0	0	0	0	0	0	0	0	0	0	0	0	0	0	0	0	0	0	0	0	0	0	0	0	4009	-3073	3695	22159	-7723	-330	-58	968	218	-1	-1	0	-57	954	216	1606974762
-56	-43	-52	-57	-61	-58	0	0	-77	0	-75	-74	-70	0	0	0	0	-82	-83	-83	0	-79	-82	-82	0	0	-86	-92	-91	0	0	-93	0	-54	0	0	0	0	-92	0	0	0	-91	0	0	0	0	0	0	0	0	0	0	0	0	0	0	0	0	0	0	0	0	0	0	0	0	0	0	0	-89	0	0	0	0	0	0	0	0	0	0	-68	0	0	0	0	0	0	0	0	0	0	0	0	0	0	0	0	0	0	0	0	0	0	0	0	0	0	0	0	0	0	3964	-3104	3770	22158	-7722	-330	-58	967	219	0	-1	0	-57	954	216	1606974763
-55	-42	-51	-58	-60	-59	-67	-67	-75	-73	-73	-75	-71	-73	0	0	0	-81	-82	-82	0	0	-82	-83	0	0	-84	-94	-92	0	0	-92	0	-53	-61	0	0	0	-92	0	0	0	0	0	0	0	0	-85	0	0	0	0	0	0	0	0	0	0	0	0	0	0	0	0	0	0	0	0	0	0	0	0	0	0	0	0	0	0	0	0	0	-58	0	0	0	0	0	0	0	0	0	0	0	0	0	0	0	0	0	0	0	0	0	0	0	0	0	0	0	0	0	0	4002	-3119	3755	22158	-7724	-332	-58	967	218	-1	-1	-1	-57	954	216	1606974765
-53	-43	-59	-58	-59	-66	-75	-69	-71	0	-71	-72	-76	-66	0	0	-77	-91	-91	-91	-77	-78	-91	-89	-80	-78	-88	-95	-93	0	0	0	0	-55	0	0	0	0	-86	0	0	0	0	0	0	0	0	0	0	0	0	0	0	0	0	0	0	0	0	0	0	0	0	0	0	0	0	0	0	0	0	0	0	0	0	0	0	0	0	0	0	-65	0	0	0	0	0	0	0	0	0	0	0	0	0	0	0	0	0	0	0	0	0	0	0	0	0	0	0	0	0	0	4009	-3073	3680	22158	-7724	-331	-58	968	219	0	-1	0	-57	954	216	1606974767
-55	-43	-58	-56	-61	-67	-69	-72	-73	0	-73	-75	-77	-68	0	0	0	-92	-90	-90	0	-79	-91	-90	0	0	-87	-94	-92	0	0	0	0	-55	0	0	0	0	-86	0	0	0	0	0	0	0	0	0	0	0	0	0	0	0	0	0	0	0	0	0	0	0	0	0	0	0	0	0	0	0	0	0	0	0	0	0	0	0	0	0	0	-71	0	0	0	0	0	0	0	0	0	0	0	0	0	0	0	0	0	0	0	0	0	0	0	0	0	0	0	0	0	0	3918	-3043	3747	22159	-7725	-332	-58	968	218	-1	0	0	-57	954	216	1606974768
-53	-42	-46	-57	0	-67	-67	-67	-73	-72	-72	-74	-76	-73	0	0	0	-91	-92	-90	0	-81	-90	-90	0	0	-85	-93	0	0	0	-94	0	-55	0	0	0	0	-86	0	0	0	0	0	0	0	0	0	0	0	0	0	0	0	0	0	0	0	0	0	0	0	0	0	0	0	0	0	0	0	0	0	0	0	0	0	0	0	0	0	0	-59	0	0	0	0	0	0	0	0	0	0	0	0	0	0	0	0	0	0	0	0	0	0	0	0	0	0	0	0	0	0	3964	-3089	3725	22159	-7725	-332	-58	968	219	0	-1	0	-57	954	216	1606974770
-54	-46	-48	-58	-64	0	-75	-68	-77	0	-75	-76	-74	-75	0	0	-79	-82	-82	-81	-78	-79	-82	-82	-78	-77	-86	-93	0	0	0	-92	0	-56	0	0	0	0	-90	0	0	0	0	0	0	0	0	-84	0	0	0	0	0	0	0	0	0	0	0	0	0	0	0	0	0	0	0	0	0	0	0	0	0	0	0	0	0	0	0	0	0	0	0	0	0	0	0	0	0	0	0	0	0	0	0	0	0	0	0	0	0	0	0	0	0	0	0	0	0	0	0	0	3919	-3073	3740	22158	-7725	-332	-58	968	219	0	0	-1	-57	954	216	1606974771
-56	-46	-58	-57	0	0	-68	0	-73	0	-73	-76	-78	-68	0	0	0	-91	-90	-89	0	0	-90	-89	0	0	-82	-92	0	0	0	-93	0	-56	0	0	0	0	-86	0	0	0	0	0	0	0	0	0	0	0	0	0	0	0	0	0	0	0	0	0	0	0	0	0	0	0	0	0	0	0	0	0	0	0	0	0	0	0	0	0	0	-57	0	0	0	0	0	0	0	0	0	0	0	0	0	0	0	0	0	0	0	0	0	0	0	0	0	0	0	0	0	0	3904	-3178	3710	22158	-7724	-332	-58	968	218	0	-1	-1	-57	954	216	1606974773
-56	-46	-56	-57	-61	0	-70	-68	-70	-71	-68	-72	-70	-68	0	0	0	-83	-84	-83	0	-79	-84	-83	0	0	-88	0	-94	0	0	-93	0	-56	-59	0	0	0	-91	0	0	0	0	0	0	0	0	0	0	0	0	0	-86	0	0	0	0	0	0	0	0	0	0	0	0	0	0	0	0	0	-89	0	0	0	0	0	0	0	0	0	0	-63	0	0	0	0	0	0	0	0	0	0	0	0	0	0	0	0	0	0	0	0	0	0	0	0	0	0	0	0	0	0	4009	-3059	3770	22159	-7725	-331	-58	968	219	-1	-1	0	-57	954	216	1606974775
-55	-48	-50	-55	-63	-57	-71	-70	-69	-71	-69	-70	-73	-70	0	0	0	-83	-82	-84	0	-79	-83	-83	0	0	-85	-92	0	0	0	0	0	-56	0	0	0	0	-90	0	0	0	0	0	0	0	0	0	0	0	0	0	0	0	0	0	0	0	0	0	0	0	0	0	0	0	0	0	-94	0	0	0	0	0	0	0	0	0	0	0	0	-68	0	0	0	0	0	0	0	0	0	0	0	0	0	0	0	0	0	0	0	0	0	0	0	0	0	0	0	0	0	0	3979	-3073	3740	22158	-7723	-332	-58	967	219	-1	-1	0	-57	954	216	1606974776
-56	-48	-54	-57	-58	0	-68	-77	-73	0	-73	-75	-76	-68	0	0	-79	-92	-90	-91	-78	-79	-91	-90	-79	-78	-87	0	0	0	0	-91	0	-55	0	0	0	0	-86	0	0	0	0	0	0	0	0	0	0	0	0	0	0	0	0	0	0	0	0	0	0	0	0	0	0	0	0	0	0	0	0	0	0	0	0	0	0	0	0	0	0	-74	0	0	0	0	-92	0	0	0	0	0	0	0	0	0	0	0	0	0	0	0	0	0	0	0	0	0	0	0	0	0	3949	-3088	3755	22158	-7724	-332	-58	967	219	-1	0	0	-57	954	216	1606974778
0	-48	-57	-57	-58	0	-68	-66	-74	0	-75	-72	-77	-73	0	0	0	-94	-91	-93	0	-80	-91	-92	0	0	-87	-91	-93	0	0	-92	0	-55	0	0	0	0	-84	0	0	0	0	0	0	0	0	0	0	0	0	0	0	0	0	0	0	0	0	0	0	0	0	0	0	0	0	0	0	0	0	0	0	0	0	0	0	0	0	0	0	0	0	0	0	0	0	0	0	0	0	0	0	0	0	0	0	0	0	0	0	0	0	0	0	0	0	0	0	0	0	0	3964	-3118	3755	22159	-7727	-332	-58	968	218	0	0	0	-57	954	215	1606974779
-51	-48	-54	-59	-61	0	-70	-67	-74	-71	-74	-72	-77	-75	0	0	0	-89	-88	-87	0	-80	-89	-89	0	0	-86	-92	-93	0	0	-94	0	-56	0	0	0	0	-84	0	0	0	0	0	0	0	0	0	0	0	0	0	0	0	0	0	0	0	0	0	0	0	0	0	0	0	0	0	0	0	0	0	0	0	0	0	0	0	0	0	0	-60	0	0	0	0	0	0	0	0	0	0	0	0	0	0	0	0	0	0	0	0	0	0	0	0	0	0	0	0	0	0	4016	-3059	3740	22159	-7725	-331	-58	968	218	0	-1	0	-57	954	216	1606974781
-55	-48	-49	-57	-61	0	-68	-70	-72	0	-72	-73	-77	-66	0	0	0	-89	-90	-90	0	-80	-89	-90	0	0	-87	-91	-92	0	0	-91	0	-56	0	0	0	0	-85	0	0	0	0	0	0	0	0	0	0	0	0	0	0	0	0	-90	0	0	0	0	0	0	0	0	0	0	0	0	0	0	0	0	0	0	0	0	0	0	0	0	0	-65	0	0	0	0	0	0	0	0	0	0	0	0	0	0	0	0	0	0	0	0	0	0	0	0	0	0	0	0	0	0	3919	-3103	3740	22159	-7726	-332	-58	967	218	0	-1	0	-57	954	215	1606974783
0	-49	-52	-58	0	-67	0	0	-75	0	-72	-72	-77	0	0	0	0	-88	-89	-89	0	-78	-90	-89	0	0	-87	-93	-93	0	0	-92	0	-60	-58	0	0	0	-84	0	0	0	0	0	0	0	0	-84	0	0	0	0	0	0	0	-88	0	0	0	0	0	0	0	0	0	0	0	0	0	0	0	0	0	0	0	0	0	0	0	0	0	-74	0	0	0	0	0	0	0	0	0	0	0	0	0	0	0	0	0	0	0	0	0	0	0	0	0	0	0	0	0	0	3948	-3051	3710	22159	-7727	-332	-58	968	218	0	0	-1	-57	954	215	1606974784
-58	-48	-50	-56	-62	-59	-69	-73	-74	0	-73	-73	-73	-73	0	0	0	-83	-84	-83	0	0	-84	-83	0	0	-85	-91	-90	0	0	-93	0	-67	0	0	0	0	-91	0	0	0	0	0	0	0	0	0	0	0	0	0	0	0	0	0	0	0	0	0	0	0	0	0	0	0	0	0	-94	0	0	0	0	0	0	0	0	0	0	0	0	0	0	0	0	0	0	0	0	0	0	0	0	0	0	0	0	0	0	0	0	0	0	0	0	0	0	0	0	0	0	0	3949	-3073	3747	22159	-7727	-332	-58	967	218	0	-1	0	-57	954	215	1606974786
-53	-48	-52	-57	-60	-64	-69	0	-73	-73	-73	-75	-75	-71	0	0	0	-92	-89	-89	0	-78	-90	-90	0	0	-87	-93	0	0	0	0	0	-61	0	0	0	0	-85	0	0	0	0	0	0	0	0	0	0	0	0	0	0	0	0	0	0	0	0	0	0	0	0	0	0	0	0	0	0	0	0	0	0	0	0	0	0	0	0	0	0	-73	0	0	0	0	0	0	0	0	0	0	0	0	0	0	0	0	0	0	0	0	0	0	0	0	0	0	0	0	0	0	3903	-3058	3710	22159	-7726	-332	-58	968	218	0	-1	0	-57	954	216	1606974787
-49	0	-52	-60	-65	-68	0	0	-74	-73	-74	-75	-78	0	0	0	0	-92	-93	-91	0	-80	0	-92	0	0	-86	-93	-91	0	0	-92	0	-57	0	0	0	0	-84	0	0	0	0	0	0	0	0	0	0	0	0	-89	-85	0	0	0	0	0	0	0	0	0	0	0	0	0	0	0	0	0	0	0	0	0	0	0	0	0	0	0	0	-69	0	0	0	0	0	0	0	0	0	0	0	0	0	0	0	0	0	0	0	0	0	0	0	0	0	0	0	0	0	0	3971	-3073	3710	22160	-7730	-333	-58	968	217	0	0	0	-57	955	215	1606974789
-57	0	-53	-61	0	-67	-71	-70	-76	0	-73	-73	-78	-70	0	0	-79	-89	-89	-89	0	-78	-88	-89	-79	-79	-87	-94	-91	0	0	0	0	-56	0	0	0	0	-85	0	0	0	0	0	0	0	0	-83	0	0	0	0	-86	0	0	0	0	0	0	0	0	0	0	0	0	0	0	0	0	0	0	0	0	0	0	0	0	0	0	0	0	-61	0	0	0	0	0	0	0	0	0	0	0	0	0	0	0	0	0	0	0	0	0	0	0	0	0	0	0	0	0	0	3949	-3073	3740	22158	-7724	-332	-58	967	218	-1	0	-1	-57	954	216	1606974791
-58	-48	0	-58	-59	0	0	-69	-71	0	-71	-72	-73	0	0	0	0	-85	-86	-85	0	-80	-87	-86	0	0	-85	-92	0	0	0	-92	0	-55	0	0	0	0	-89	0	0	0	0	0	0	0	0	0	0	0	0	0	0	0	0	0	0	0	0	0	0	0	0	0	0	0	0	0	0	0	0	0	0	0	0	0	0	0	0	0	0	-59	0	0	0	0	0	0	0	0	0	0	0	0	0	0	0	0	0	0	0	0	0	0	0	0	0	0	0	0	0	0	3971	-3089	3755	22159	-7726	-332	-58	968	218	0	0	-1	-57	954	215	1606974792
0	-46	-53	-50	0	0	-73	0	-73	-75	-73	-75	-78	-68	0	0	0	-90	-90	-90	0	-79	-90	-90	0	0	-88	0	-93	0	0	-92	0	-55	0	0	0	0	-85	0	0	0	-90	0	0	0	0	-87	0	0	0	0	0	0	0	0	0	0	0	0	0	0	0	0	0	0	0	0	0	0	0	0	0	0	0	0	0	0	0	0	0	-61	0	0	0	0	0	0	0	0	0	0	0	0	0	0	0	0	0	0	0	0	0	0	0	0	0	0	0	0	0	0	4009	-3104	3740	22159	-7729	-332	-58	968	218	0	0	0	-57	955	215	1606974794
0	-47	-56	-59	0	-61	-69	-72	-70	-75	-72	-72	-74	-68	-69	0	-75	-84	-84	-83	-77	-75	-84	-84	0	-74	0	-94	-94	0	0	-95	0	-54	0	0	0	0	-91	0	0	0	0	0	0	0	0	0	0	0	0	0	0	0	0	-89	0	0	0	0	0	0	0	0	0	0	0	0	0	0	0	0	0	0	0	0	0	0	0	0	0	-62	0	0	0	0	0	0	0	0	0	0	0	0	0	0	0	0	0	0	0	0	0	0	0	0	0	0	0	0	0	0	3949	-3104	3770	22159	-7727	-331	-58	967	218	0	0	0	-57	954	215	1606974795
0	-50	-55	0	0	0	0	0	-70	-72	-70	-70	-75	0	0	0	-79	-83	-82	-83	-79	-81	-83	-83	-79	-80	-91	-91	-94	0	0	-94	0	-54	0	0	0	0	0	0	0	0	0	0	0	0	0	0	0	0	0	0	0	0	0	0	0	0	0	0	0	0	0	0	0	0	0	0	-93	0	0	0	0	0	0	0	0	0	0	0	0	-60	0	0	0	0	0	0	0	0	0	0	0	0	0	0	0	0	0	0	0	0	0	0	0	0	0	0	0	0	0	0	3956	-3118	3688	22159	-7725	-332	-58	967	218	0	0	-1	-57	954	216	1606974797
0	-49	-52	-59	0	0	-72	0	-75	0	-75	-74	-78	-66	-75	0	0	-91	-90	-89	0	-80	-93	-91	0	0	-87	-91	-92	0	0	-92	0	-54	0	0	0	0	-85	0	0	0	0	0	0	0	0	0	0	0	0	0	-85	0	0	0	0	0	0	0	0	0	0	0	0	0	0	0	0	0	0	0	0	0	0	0	0	0	0	0	0	-62	0	0	0	0	0	0	0	0	0	0	0	0	0	0	0	0	0	0	0	0	0	0	0	0	0	0	0	0	0	0	3934	-3103	3710	22160	-7730	-331	-58	968	218	0	-1	-1	-57	955	215	1606974799
0	-50	0	-59	0	-61	-67	-72	-70	-73	-70	-71	-77	-68	0	0	0	-84	-84	-84	0	0	-83	-84	0	0	-84	0	0	0	0	0	0	-53	0	0	0	0	0	0	0	0	0	0	0	0	0	0	0	0	0	0	-85	0	0	0	0	0	0	0	0	0	0	0	0	0	0	0	0	0	-88	0	0	0	0	0	0	0	0	0	0	-67	0	0	0	0	0	0	0	0	0	0	0	0	0	0	0	0	0	0	0	0	0	0	0	0	0	0	0	0	0	0	3949	-3073	3740	22159	-7725	-331	-58	967	218	-1	-1	0	-57	954	216	1606974800
-55	-46	-55	-59	-71	-60	-71	-71	-70	-72	-70	-70	-75	-67	0	0	-78	-83	-84	-83	0	-78	-83	-85	-77	0	-87	-92	-92	0	0	-92	0	-53	0	0	0	0	-89	0	0	0	0	0	0	0	0	0	0	0	0	0	0	0	0	0	0	0	0	0	0	0	0	0	0	0	0	0	0	0	0	0	0	0	0	0	0	0	0	0	0	-58	0	0	0	0	0	0	0	0	0	0	0	0	0	0	0	0	0	0	0	0	0	0	0	0	0	0	0	0	0	0	3979	-3103	3703	22159	-7726	-331	-58	968	218	0	-1	0	-57	954	215	1606974802
0	-46	0	-55	0	-69	-71	-71	-75	-72	-75	-75	-77	0	0	0	-78	-88	-89	-89	-77	-76	-89	-89	-78	-79	-85	-92	-89	0	0	-90	0	-55	0	0	0	0	-85	0	0	0	0	0	0	0	0	0	0	0	0	0	0	0	0	0	0	0	0	0	0	0	0	0	0	0	0	0	0	0	0	0	0	0	0	0	0	0	0	0	0	-72	0	0	0	0	0	0	0	0	0	0	0	0	0	0	0	0	0	0	0	0	0	0	0	0	0	0	0	0	0	0	3971	-3073	3732	22160	-7730	-330	-58	967	217	0	0	-1	-57	955	215	1606974804
-57	-48	-49	-57	-66	-58	0	-67	-71	-72	-71	-70	-74	-71	0	0	0	-83	-84	-83	0	0	-83	-83	0	0	-89	-92	-93	0	0	-91	0	-52	0	0	0	0	0	0	0	0	0	0	0	0	0	0	0	0	0	0	0	0	0	0	0	0	0	0	0	0	0	0	0	0	0	0	-94	0	0	0	0	0	0	0	0	0	0	0	0	-62	0	0	0	0	0	0	0	0	0	0	0	0	0	0	0	0	0	0	0	0	0	0	0	0	0	0	0	0	0	0	3964	-3073	3740	22159	-7724	-331	-58	968	219	0	0	0	-57	954	216	1606974805
0	0	-50	-58	0	0	-72	-74	-72	-72	-71	-71	-76	0	0	0	0	-82	-83	-83	0	0	-83	-83	0	0	-86	-91	-91	0	0	-91	0	-55	0	0	0	0	0	0	0	0	0	0	0	0	0	0	0	0	0	0	0	0	0	0	0	0	0	0	0	0	0	0	0	0	0	0	0	0	0	0	0	0	0	0	0	0	0	0	0	-74	0	0	0	0	0	0	0	0	0	0	0	0	0	0	0	0	0	0	0	0	0	0	0	0	0	0	0	0	0	0	3949	-3073	3740	22159	-7727	-330	-58	968	218	0	-1	0	-57	954	215	1606974807
0	-48	-47	-56	0	-59	-71	-72	-71	-72	-71	-72	-73	-71	0	0	-79	-85	-84	-85	-79	-79	-86	-86	-78	-80	-86	0	-92	0	0	-92	0	-54	0	0	0	0	-90	0	0	0	0	0	0	0	0	0	0	0	0	0	0	0	0	0	0	0	0	0	0	0	0	0	0	0	0	0	0	0	0	0	0	0	0	0	0	0	0	0	0	-63	0	0	0	0	0	0	0	0	0	0	0	0	0	0	0	0	0	0	0	0	0	0	0	0	0	0	0	0	0	0	3979	-3134	3740	22159	-7725	-330	-58	967	218	0	-1	0	-57	954	216	1606974808
-58	-48	0	-56	-67	-60	-70	0	-71	-73	-72	-72	-75	-65	0	0	-78	-83	-83	-85	-78	-69	-85	-84	-78	0	-87	-92	-92	0	0	-93	0	-54	0	0	0	0	-91	0	0	0	0	0	0	0	0	0	0	0	0	0	0	0	0	0	0	0	0	0	0	0	0	0	0	0	0	0	0	0	0	0	0	0	0	0	0	0	0	0	0	-62	0	0	0	0	0	0	0	0	0	0	0	0	0	0	0	0	0	0	0	0	0	0	0	0	0	0	0	0	0	0	3964	-3066	3755	22160	-7731	-331	-58	968	217	0	-1	0	-57	955	215	1606974810
-56	-47	-49	-55	0	-60	-71	-65	-74	0	-73	-74	-74	-70	0	0	0	-83	-84	-84	0	-78	-84	-84	0	0	-85	-92	-92	0	0	-93	0	-56	0	0	0	0	-90	0	0	0	0	0	0	0	0	0	0	0	0	0	0	0	0	0	0	0	0	0	0	0	0	0	0	0	0	0	0	0	0	0	0	0	0	0	0	0	0	0	0	-66	0	0	0	0	0	0	0	0	0	0	0	0	-91	0	0	0	0	0	0	0	0	0	0	0	0	0	0	0	0	0	3949	-3066	3710	22159	-7726	-331	-58	967	218	0	-1	-1	-57	954	215	1606974811
-56	-48	0	0	-68	-67	0	0	-74	0	-75	-75	-77	0	-71	0	0	-92	-91	-91	0	-76	-91	-93	0	0	-87	-92	0	0	0	0	0	-56	0	0	0	0	-84	0	0	0	0	0	0	0	0	0	0	0	0	0	0	0	0	0	0	0	0	0	0	0	0	0	0	0	0	0	0	0	-87	0	0	0	0	0	0	0	0	0	0	-64	0	0	0	0	0	0	0	0	0	0	0	0	-92	0	0	0	0	0	0	0	0	0	0	0	0	0	0	0	0	0	3934	-3059	3769	22159	-7725	-331	-58	968	218	-1	-1	0	-57	954	216	1606974813
-54	-48	-48	-55	0	0	-66	0	-74	-74	-72	-74	-73	-71	0	0	0	-82	-83	-83	0	-80	-82	-83	0	0	-82	-93	0	0	0	0	0	-54	0	0	0	0	-91	0	0	0	0	0	0	0	0	0	0	0	0	0	0	0	0	0	0	0	0	0	0	0	0	0	0	0	0	0	0	0	-88	0	0	0	0	0	0	0	0	0	0	-65	0	0	0	0	0	0	0	0	0	0	0	0	0	0	0	0	0	0	0	0	0	0	0	0	0	0	0	0	0	0	3956	-3103	3755	22159	-7730	-333	-58	968	218	0	-1	0	-57	955	215	1606974814
-55	0	-49	-55	0	-60	-70	-66	-73	-73	-72	-73	-74	-70	0	0	0	-84	-83	-85	0	-78	-85	-84	0	0	-87	0	0	0	0	-93	0	-53	0	0	0	0	-91	0	0	0	0	0	0	0	0	0	0	0	0	0	0	0	0	0	0	0	0	0	0	0	0	0	0	0	0	0	0	0	-87	0	0	0	0	0	0	0	0	0	0	0	0	0	0	0	0	0	0	0	0	0	0	0	0	0	0	0	0	0	0	0	0	0	0	0	0	0	0	0	0	0	3949	-3103	3710	22159	-7727	-332	-58	968	218	-1	-1	0	-57	954	215	1606974816
-57	-45	-55	-56	0	-58	-72	-72	-71	-73	-73	-71	-73	-73	0	0	0	-84	-84	-84	0	-79	-85	-85	0	0	-88	-94	0	0	0	0	0	-53	0	0	0	0	-90	0	0	-93	0	0	0	0	0	0	0	0	0	0	0	0	0	-86	0	0	0	0	0	0	0	0	0	0	0	0	0	0	0	0	0	0	0	0	0	0	0	0	0	-68	0	0	0	0	0	0	0	0	0	0	0	0	0	0	0	0	0	0	0	0	0	0	0	0	0	0	0	0	0	0	3964	-3103	3710	22158	-7725	-332	-58	967	218	-1	-1	0	-57	954	216	1606974818
-55	-43	-47	-57	-67	-60	-65	-71	-72	-73	-72	-72	-75	-65	0	0	0	-83	-85	-83	0	-80	-83	-85	0	0	0	-92	-92	0	0	-91	0	-54	0	0	0	0	-90	0	0	0	0	0	0	0	0	0	0	0	0	0	0	0	0	0	0	0	-81	0	0	0	0	0	0	0	0	0	0	0	0	0	0	0	0	0	0	0	0	0	0	-62	0	0	0	0	0	0	0	0	0	0	0	0	0	0	0	0	0	0	0	0	0	0	0	0	0	0	0	0	0	0	3964	-3059	3755	22160	-7731	-332	-58	967	218	-1	-1	-1	-57	955	215	1606974819
-56	-45	-50	-57	-66	0	0	-67	-72	-73	-71	-71	-74	0	0	0	0	-84	-84	-85	0	-78	-84	-84	-79	-78	-76	0	0	0	0	-92	0	-53	0	0	0	0	-92	0	0	0	0	0	0	0	0	0	0	0	0	0	0	0	0	0	0	0	0	0	0	0	0	0	0	0	0	0	0	0	0	0	0	0	0	0	0	0	0	0	0	-61	0	0	0	0	0	0	0	0	0	0	0	0	-91	0	0	0	0	0	0	0	0	0	0	0	0	0	0	0	0	0	3964	-3073	3755	22159	-7727	-333	-58	968	218	-1	-1	-1	-57	954	215	1606974821
0	-46	-50	-62	0	-60	-65	-65	-72	0	-72	-72	-73	-64	0	0	0	-84	-85	-85	0	-79	-83	-85	0	0	-86	0	0	0	0	0	0	-52	0	0	0	0	0	0	0	0	0	0	0	0	0	-85	0	0	0	0	0	0	0	0	0	0	0	0	0	0	0	0	0	0	0	0	0	0	0	0	0	0	0	0	0	0	0	0	0	-60	0	0	0	0	0	0	0	0	0	0	0	0	0	0	0	0	0	0	0	0	0	0	0	0	0	0	0	0	0	0	3949	-3073	3740	22159	-7726	-332	-58	968	218	-1	-1	0	-57	954	216	1606974822
-54	-49	-54	-60	-61	-62	-68	-68	-73	0	-73	-73	-70	-67	0	0	0	-84	-85	-83	0	-80	-84	-85	0	0	-88	0	0	0	0	-92	0	-55	0	0	0	0	-91	0	0	0	0	0	0	0	0	0	0	0	0	0	0	0	0	0	0	0	0	0	0	0	0	0	0	0	0	0	0	0	0	0	0	0	0	0	0	0	0	0	0	-64	0	0	0	0	0	0	0	0	0	0	0	0	0	0	0	0	0	0	0	0	0	0	0	0	0	0	0	0	0	0	3919	-3118	3755	22159	-7726	-331	-58	968	217	-1	-1	-1	-57	954	216	1606974824
-53	-50	-56	-59	-63	0	-69	-73	-73	-73	-75	-73	-77	-66	0	0	-79	-88	-89	-89	-78	-79	-88	-88	-78	-79	-84	-94	0	0	0	-93	0	-55	0	0	0	0	-86	0	0	0	0	0	0	0	0	0	0	0	0	0	0	0	0	0	0	0	0	0	0	0	0	0	0	0	0	0	0	0	0	0	0	0	0	0	0	0	0	0	0	-61	0	0	0	0	0	0	0	0	0	0	0	0	0	0	0	0	0	0	0	0	0	0	0	0	0	0	0	0	0	0	3949	-3043	3754	22159	-7727	-332	-58	968	218	0	0	-1	-57	954	215	1606974826
0	0	-47	-54	0	-57	-67	-75	-72	-72	-71	-72	-74	-68	0	0	0	-85	-85	-85	0	-79	-85	-85	0	0	-87	-92	0	0	0	-93	0	-53	0	0	0	0	-90	0	0	0	0	0	0	0	0	0	0	0	0	0	-87	0	0	0	0	0	0	0	0	0	0	0	0	0	0	0	0	0	0	0	0	0	0	0	0	0	0	0	0	-67	0	0	0	0	0	0	0	0	0	0	0	0	0	0	0	0	0	0	-88	0	0	0	0	0	0	0	0	0	0	0	3904	-3103	3755	22159	-7726	-333	-58	968	218	-1	-1	-1	-57	954	215	1606974827
0	-51	-46	-53	-59	-65	-68	-73	-74	-73	-73	-74	-78	-73	0	0	-80	-91	-91	-90	0	-78	-91	-90	-78	-80	-86	0	-92	0	0	0	0	-55	-62	0	0	0	-86	0	0	0	0	0	0	0	0	0	0	0	0	0	0	0	0	0	0	0	0	0	0	0	0	0	0	0	0	0	0	0	0	0	0	0	0	0	0	0	0	0	0	-62	0	0	0	0	0	0	0	0	0	0	0	0	-91	0	0	0	0	0	0	0	0	0	0	0	0	0	0	0	0	0	4009	-3089	3740	22159	-7726	-331	-58	968	218	-1	-1	0	-57	954	216	1606974829
-56	-49	-47	-55	-58	-66	-69	-69	-75	-72	-74	-72	-76	-72	0	0	0	-89	-89	-89	0	0	-90	-89	0	0	-84	-92	0	0	0	-91	0	-56	0	0	0	0	0	0	0	0	0	0	0	0	0	0	0	0	0	0	0	0	0	0	0	0	0	0	0	0	0	0	0	0	0	0	0	0	-86	0	0	0	0	0	0	0	0	0	0	-58	0	0	0	0	0	0	0	0	0	0	0	0	0	0	0	0	0	0	0	0	0	0	0	0	0	0	0	0	0	0	3964	-3073	3755	22160	-7728	-331	-58	967	218	-1	-1	0	-57	954	215	1606974830
-54	-48	-49	0	-63	-57	0	0	-71	0	-72	-70	-72	0	0	0	-80	-84	-84	-84	-80	-80	-85	-85	-80	-79	-87	-94	0	0	0	-94	0	-56	0	0	0	0	-89	0	0	0	0	0	0	0	0	0	0	0	0	0	0	0	0	0	0	0	0	0	0	0	0	0	0	0	0	0	0	0	0	0	0	0	0	0	0	0	0	0	0	-59	0	0	0	0	0	0	0	0	0	0	0	0	0	0	0	0	0	0	0	0	0	0	0	0	0	0	0	0	0	0	3949	-3089	3769	22158	-7726	-333	-58	968	218	-1	-1	-1	-57	954	216	1606974832
-54	-49	-48	-52	-60	-55	-67	-72	-73	-72	-73	-74	-72	-65	0	0	-80	-85	-84	-84	0	0	-85	-84	-80	-80	-83	0	0	0	0	0	0	-55	0	0	0	0	-92	0	0	0	0	0	0	0	0	0	0	0	0	0	0	0	0	0	0	0	0	0	0	0	0	0	0	0	0	0	0	0	0	0	0	0	0	0	0	0	0	0	0	-60	0	0	0	0	0	0	0	0	0	0	0	0	-93	0	0	0	0	0	0	0	0	0	0	0	0	0	0	0	0	0	3918	-3073	3710	22160	-7731	-331	-58	968	216	0	-1	0	-57	955	215	1606974834
-55	0	-45	-53	-60	-58	-70	-64	-72	0	-71	-70	-73	-70	0	0	0	-85	-85	-86	0	0	-86	-84	0	0	-89	-92	-92	0	0	-92	0	-54	0	0	0	0	-92	0	0	0	0	0	0	0	0	0	0	-86	0	0	0	0	0	0	0	0	0	0	0	0	0	0	0	0	0	0	-95	0	0	0	0	0	0	0	0	0	0	0	0	-63	0	0	0	0	0	0	0	0	0	0	0	0	0	0	0	0	0	0	0	0	0	0	0	0	0	0	0	0	0	0	3903	-3043	3739	22159	-7727	-331	-58	968	218	-1	-1	0	-57	954	215	1606974835
0	-50	-45	-59	0	0	0	0	-72	0	-71	-72	-72	-66	0	0	0	-83	-84	-84	0	-82	-84	-83	0	0	-86	-93	-92	0	0	-93	0	-54	0	0	0	0	-89	0	0	0	0	0	0	0	0	0	0	0	0	0	0	0	0	0	0	0	0	0	0	0	0	0	0	0	0	0	-93	0	0	0	0	0	0	0	0	0	0	0	0	-66	0	0	0	0	0	0	0	0	0	0	0	0	-90	0	0	0	0	0	0	0	0	0	0	0	0	0	0	0	0	0	3918	-3035	3687	22159	-7728	-332	-58	968	218	-1	-1	-1	-57	955	215	1606974837
-53	-47	-47	-58	-62	-68	0	-67	-74	0	-73	-73	-78	-73	0	0	0	-89	-90	-88	0	0	-89	-89	0	0	-87	-92	-92	0	0	-92	0	-58	0	0	0	0	-85	0	0	0	0	0	0	0	0	0	0	0	0	0	0	0	0	0	0	0	0	0	0	0	0	0	0	0	0	0	0	0	0	0	0	0	0	0	0	0	0	0	0	-65	0	0	0	0	0	0	0	0	0	0	0	0	0	0	0	0	0	0	0	0	0	0	0	0	0	0	0	0	0	0	3949	-3066	3755	22159	-7725	-332	-58	968	218	-1	-1	-1	-57	954	216	1606974838
-55	-46	-49	-59	-62	-59	-66	-73	-72	0	-71	-72	-73	-72	0	0	0	-84	-86	-84	0	0	-85	-85	0	0	-87	-93	-93	0	0	-91	0	-55	-62	0	0	0	0	0	0	0	0	0	0	0	0	0	0	0	0	0	0	0	0	0	0	0	0	0	0	0	0	0	0	0	0	0	0	0	0	0	0	0	0	0	0	0	0	0	0	-66	0	0	0	0	0	0	0	0	0	0	0	0	0	0	0	0	0	0	0	0	0	0	0	0	0	0	0	0	0	0	3934	-3103	3702	22161	-7734	-331	-58	968	217	-1	-1	0	-57	955	214	1606974840
0	-47	-48	-56	-62	-66	0	0	-74	0	-74	-75	-77	0	0	0	-81	-92	-89	-91	-81	-77	-91	-91	-81	-81	-89	-94	-92	0	0	0	0	-56	0	0	0	0	-85	0	0	0	0	0	-82	-82	-82	0	-81	0	-82	0	0	0	0	0	0	0	0	0	0	0	0	0	0	0	0	0	0	0	0	0	0	0	0	0	0	0	0	0	0	-62	0	0	0	0	0	0	0	0	0	0	0	0	-91	0	0	0	0	0	0	0	0	0	0	0	0	0	0	0	0	0	3956	-3073	3695	22159	-7724	-330	-58	968	218	-1	-1	0	-57	954	216	1606974842
0	0	-47	-55	0	0	0	0	-73	-73	-73	-73	-72	-73	0	0	0	-84	-84	-84	0	0	-85	-84	0	0	-88	0	0	0	0	0	0	-54	0	0	0	0	-90	0	0	0	0	0	0	0	-83	0	0	0	-84	0	0	0	0	0	0	0	0	0	0	0	0	0	0	0	0	0	-93	0	0	0	0	0	0	0	0	0	0	0	0	-60	0	0	0	0	0	0	0	0	0	0	0	0	0	0	0	0	0	0	0	0	0	0	0	0	0	0	0	0	0	0	3956	-3073	3710	22160	-7730	-331	-58	968	218	0	0	0	-57	955	215	1606974843
-58	-59	-50	-55	-60	-66	-74	-74	-73	-75	-74	-72	-78	-69	0	0	-81	-89	-91	-88	-78	-82	-89	-89	0	-81	-89	0	0	0	0	0	0	-55	0	0	0	0	-85	0	0	0	0	-88	0	0	0	0	0	-84	0	0	0	0	0	0	0	0	0	0	0	0	0	0	0	0	0	0	0	0	0	0	0	0	0	0	0	0	0	0	0	-61	0	0	0	0	0	0	0	0	0	0	0	0	0	0	0	0	0	0	0	0	0	0	0	0	0	0	0	0	0	0	3919	-3133	3695	22160	-7732	-332	-58	968	217	0	0	0	-57	955	215	1606974845
-56	-61	-49	-54	-60	0	-72	-66	-72	0	-72	-73	-71	-67	0	0	0	-84	-84	-85	0	-80	-85	-85	0	0	-87	0	0	0	0	0	0	-55	0	0	0	0	-91	0	0	0	0	0	0	0	0	0	0	0	0	0	-85	0	0	0	0	0	0	0	0	0	0	0	0	0	0	0	0	0	0	0	0	0	0	0	0	0	0	0	0	-63	0	0	0	0	0	0	0	0	0	0	0	0	0	0	0	0	0	0	0	0	0	0	0	0	0	0	0	0	0	0	3949	-3051	3754	22160	-7729	-331	-58	968	218	0	0	0	-57	955	215	1606974846
-57	-50	-46	-55	-61	-67	-73	0	-74	0	-75	-73	-78	-74	0	0	0	-90	-90	-89	0	-79	-89	-90	0	0	-88	-92	0	0	0	0	0	-54	-60	0	0	0	-84	0	0	0	-90	0	0	0	0	0	0	0	0	0	0	0	0	0	0	0	0	0	0	0	0	0	0	0	0	0	0	0	0	0	0	0	0	0	0	0	0	0	0	0	0	0	0	0	0	0	0	0	0	0	0	0	0	0	0	0	0	0	0	0	0	0	0	0	0	0	0	0	0	0	3934	-3058	3725	22159	-7728	-331	-58	967	217	-1	0	0	-57	954	215	1606974848
0	0	-46	-54	-61	0	-68	-67	-74	0	-73	-73	-78	-66	0	0	0	-90	-90	-89	0	0	-88	-89	0	0	-87	0	0	-91	0	0	0	-54	-61	0	0	0	-84	0	0	0	0	0	0	0	0	0	0	0	0	0	0	0	0	0	0	0	0	0	0	0	0	0	0	0	0	0	0	0	0	0	0	0	0	0	0	0	0	0	0	-61	0	0	0	0	0	0	0	0	0	0	0	0	0	0	0	0	0	0	0	0	0	0	0	0	0	0	0	0	0	0	3964	-3118	3710	22161	-7734	-331	-58	968	217	-1	-1	-1	-57	955	214	1606974850
-57	-48	-49	-55	-62	0	0	-74	-72	0	-72	-72	-71	-68	0	0	0	-85	-84	-85	0	-79	-85	-84	0	0	-88	0	0	0	0	0	0	-53	-62	0	0	0	-91	0	0	0	0	0	0	0	0	0	0	-87	0	0	0	0	0	0	0	0	0	0	0	0	0	0	0	0	0	0	-95	0	0	0	0	0	0	0	0	0	0	0	0	-61	0	0	0	0	0	0	0	0	0	0	0	0	0	0	0	0	0	0	0	0	0	0	0	0	0	0	0	0	0	0	3904	-3118	3710	22160	-7729	-331	-58	968	217	-1	-1	0	-57	955	215	1606974851
-57	-49	-48	-55	-62	-57	-69	0	-72	0	-71	-71	-71	0	0	0	0	-86	-85	-85	0	0	-85	-86	0	0	-88	0	0	0	0	0	0	0	0	0	0	0	-90	0	0	0	0	0	0	0	-90	0	0	0	-91	0	0	0	0	0	0	0	0	0	0	0	0	0	0	0	0	0	0	0	0	0	0	0	0	0	0	0	0	0	0	-65	0	0	0	0	0	0	0	0	0	0	0	0	0	0	0	0	0	0	0	0	0	0	0	0	0	0	0	0	0	0	3964	-3059	3755	22159	-7727	-331	-58	968	218	-1	0	0	-57	954	215	1606974853
0	-45	-48	-56	-62	0	-67	0	-73	0	-73	-73	-77	0	0	0	0	-89	-88	-89	0	-79	-89	-89	0	0	-86	0	0	0	0	0	0	-56	-61	0	0	0	-85	0	0	0	0	0	0	0	0	0	0	-85	0	0	0	0	0	0	0	0	0	0	0	0	0	0	0	0	0	0	0	0	0	0	0	0	0	0	0	0	0	0	0	0	0	0	0	0	0	0	0	0	0	0	0	0	0	0	0	0	0	0	0	0	0	0	0	0	0	0	0	0	0	0	3904	-3088	3739	22160	-7732	-331	-58	968	217	0	0	-1	-57	955	215	1606974854
0	-45	-48	-55	-63	0	-76	-68	-72	0	-72	-71	-72	-75	0	0	0	-85	-85	-85	0	-80	-85	-85	0	0	-88	0	0	0	0	0	0	-53	0	0	0	0	-89	0	0	0	0	0	0	0	0	0	0	0	0	-90	0	0	0	0	0	0	-81	0	0	0	0	0	0	0	0	0	0	0	0	0	0	0	0	0	0	0	0	0	0	-63	0	0	0	0	0	0	0	0	0	0	0	0	0	0	0	0	0	0	0	0	0	0	0	0	0	0	0	0	0	0	3918	-3073	3680	22159	-7725	-331	-58	968	218	-1	0	0	-57	954	216	1606974856
-57	-47	-48	-53	-63	-57	-67	-68	-71	0	-71	-72	-73	-67	0	0	-80	-84	-86	-85	-79	-76	-85	-85	-78	-79	-84	0	0	0	0	0	0	-53	0	0	0	0	-92	0	0	0	0	0	0	0	0	0	0	0	0	0	0	0	0	-87	0	0	0	0	0	0	0	0	0	0	0	0	-95	0	0	0	0	0	0	0	0	0	0	0	0	-60	0	0	0	0	0	0	0	0	0	0	0	0	0	0	0	0	0	0	0	0	0	0	0	0	0	0	0	0	0	0	3934	-3073	3755	22160	-7729	-331	-58	967	218	-1	0	0	-57	955	215	1606974857
-58	-48	-49	-55	-67	0	-67	-67	-73	-70	-74	-73	-79	-74	0	0	-79	-91	-89	-89	-77	-77	-89	-89	-78	-81	-86	-94	0	0	0	0	0	-57	-61	0	0	0	-86	0	0	0	0	0	0	0	0	0	0	0	-89	0	0	0	0	0	0	0	0	0	0	0	0	0	0	0	0	0	0	0	0	0	0	0	0	0	0	0	0	0	0	-60	0	0	0	0	0	0	0	0	0	0	0	0	0	0	0	0	0	0	0	0	0	0	0	0	0	0	0	0	0	0	3934	-3073	3755	22160	-7733	-331	-58	968	217	0	0	0	-57	955	214	1606974859
-56	-47	-49	-55	0	0	0	0	-75	-69	-76	-73	-78	-68	0	0	0	-89	-88	-89	0	-79	-89	-89	0	0	0	-92	0	0	0	0	0	-54	-62	0	0	0	-91	0	0	0	0	0	0	0	0	0	0	0	0	0	0	0	0	0	0	0	0	0	0	0	0	0	0	0	0	0	0	0	0	0	0	0	0	0	0	0	0	0	0	-60	0	0	0	0	0	0	0	0	0	0	0	0	0	0	0	0	0	0	0	0	0	0	0	0	0	0	0	0	0	0	3964	-3104	3755	22159	-7728	-331	-58	967	218	-1	-1	0	-57	954	215	1606974861
-55	-50	-49	-53	0	-67	-75	-66	-76	-71	-76	-74	-80	-67	0	0	-78	-92	-92	-90	0	0	-91	-92	0	0	-86	0	0	-92	0	0	0	-54	0	0	0	0	-86	0	0	0	0	0	0	0	0	0	0	0	0	0	0	0	0	0	0	0	0	0	0	0	0	0	0	0	0	0	0	0	0	0	0	0	0	0	0	0	0	0	0	-62	0	0	0	0	0	0	0	0	0	0	0	0	0	0	0	0	0	0	0	0	0	0	0	0	0	0	0	0	0	0	3979	-3104	3762	22160	-7729	-331	-58	967	218	0	0	-1	-57	955	215	1606974862
0	-47	-48	-53	0	-67	-67	-76	-75	0	-75	-75	-76	-67	0	0	-80	-89	-89	0	0	-77	0	-89	-77	0	-86	0	0	-89	0	-92	0	-56	0	0	0	0	-86	0	0	0	0	0	0	0	0	0	0	0	0	0	0	0	0	0	0	0	0	0	0	0	0	0	0	0	0	0	0	0	0	0	0	0	0	0	0	0	0	0	0	-60	0	0	0	0	0	0	0	0	0	0	0	0	0	0	0	0	0	0	0	0	0	0	0	0	0	0	0	0	0	0	3949	-3088	3755	22160	-7731	-330	-58	968	217	-1	0	0	-57	955	215	1606974864
-58	-48	-53	-55	-59	0	0	-69	-72	-73	-72	-73	-72	-68	0	0	0	-85	-84	-84	0	-79	-84	-84	0	0	-87	-93	0	0	0	0	0	-55	0	0	0	0	0	0	0	0	0	0	0	0	0	0	0	0	0	0	-84	0	0	0	0	0	0	0	0	0	0	0	0	0	0	0	0	0	0	0	0	0	0	0	0	0	0	0	0	-61	0	0	0	0	0	0	0	0	0	0	0	0	0	0	0	0	0	0	0	0	0	0	0	0	0	0	0	0	0	0	3903	-3058	3710	22160	-7728	-330	-58	968	218	-1	0	0	-57	954	215	1606974865
-57	-48	0	-53	-59	-66	-73	-66	-74	0	-74	-74	-77	-67	0	0	0	-90	-92	-89	0	-80	-89	-89	0	0	-87	0	0	0	0	0	0	-55	0	0	0	0	-85	0	0	0	0	0	0	0	0	0	0	0	0	0	0	0	0	0	0	0	0	0	0	0	0	0	0	0	0	0	0	0	0	0	0	0	0	0	0	0	0	0	0	-60	0	0	0	0	0	0	0	0	0	0	0	0	0	0	0	0	0	0	0	0	0	0	0	0	0	0	0	0	0	0	3949	-3118	3710	22159	-7726	-331	-58	968	218	-1	-1	-1	-57	954	215	1606974867
-57	-48	-46	0	-58	-56	-72	0	-73	-75	-72	-73	-71	0	0	0	0	-85	-84	-84	0	0	-83	-85	0	0	-89	-93	-94	0	0	-92	0	-54	0	0	0	0	-91	0	0	0	0	0	0	0	0	0	0	-85	0	0	0	0	0	0	0	0	-80	0	0	0	0	0	0	0	0	0	0	0	0	0	0	0	0	0	0	0	0	0	0	-69	0	0	0	0	0	0	0	0	0	0	0	0	0	0	0	0	0	0	0	0	0	0	0	0	0	0	0	0	0	0	3949	-3058	3710	22159	-7727	-331	-58	968	217	0	-1	0	-57	954	215	1606974868
0	-47	-47	-51	0	0	-74	0	-74	0	-73	-73	-72	0	0	0	-79	-84	-84	-85	0	0	-85	-85	-79	-79	-86	0	0	0	0	0	0	-55	-58	0	0	0	-89	0	0	0	0	0	0	0	0	0	0	0	-91	0	0	0	0	-88	0	0	0	0	0	0	0	0	0	0	0	0	0	0	0	0	0	0	0	0	0	0	0	0	0	-61	0	0	0	0	0	0	0	0	0	0	0	0	0	0	0	0	0	0	0	0	0	0	0	0	0	0	0	0	0	0	3918	-3043	3724	22159	-7727	-331	-58	968	218	-1	-1	0	-57	954	215	1606974870
0	-47	-47	-52	-61	-69	-66	0	-74	-77	-74	-74	-77	0	0	0	0	-93	-91	-92	0	-80	0	-91	0	0	-87	-92	0	0	0	0	0	-56	0	0	0	0	-92	0	0	0	0	0	0	0	0	0	0	-85	0	0	0	0	0	0	0	0	0	0	0	0	0	0	0	0	0	0	0	0	0	0	0	0	0	0	0	0	0	0	0	-59	0	0	0	0	0	0	0	0	0	0	0	0	0	0	0	0	0	0	0	0	0	0	0	0	0	0	0	0	0	0	3964	-3058	3710	22159	-7726	-331	-58	968	218	-1	-1	-1	-57	954	215	1606974871
-56	-48	-49	-51	-58	-65	0	0	-73	0	-74	-75	-77	0	0	0	0	-90	-89	-88	0	-80	-89	-90	0	0	-87	-91	-92	0	0	0	0	-55	0	0	0	0	-85	0	0	0	0	0	0	0	0	0	0	0	0	0	0	0	0	0	0	0	0	0	0	0	0	0	0	0	0	0	0	0	0	0	0	0	0	0	0	0	0	0	0	-59	0	0	0	0	0	0	0	0	0	0	0	0	0	0	0	0	0	0	0	0	0	0	0	0	0	0	0	0	0	0	3949	-3103	3710	22159	-7727	-331	-58	968	217	-1	-1	0	-57	954	215	1606974873
-54	-48	0	-56	0	0	0	-71	-73	-72	-73	-73	-73	-72	0	0	0	-84	-84	-83	0	-78	-84	-84	0	0	-86	-93	0	0	0	-93	0	-53	0	0	0	0	-90	0	0	0	0	0	0	0	0	0	0	0	0	0	0	0	0	0	0	0	0	0	0	0	0	0	0	0	0	0	-93	0	0	0	0	0	0	0	0	0	0	0	0	-65	0	0	0	0	0	0	0	0	0	0	0	0	0	0	0	0	0	0	0	0	0	0	0	0	0	0	0	0	0	0	3949	-3103	3740	22159	-7728	-331	-58	968	218	-1	0	-1	-57	954	215	1606974874
-58	-47	-47	-54	-60	-57	-73	-67	-69	0	-70	-71	-72	-73	0	0	-80	-85	-85	-84	0	0	-84	-84	0	0	-87	-94	0	0	0	0	0	-53	0	0	0	0	-91	0	0	0	0	0	0	0	0	0	0	0	0	0	0	0	0	0	0	0	0	0	0	0	0	0	0	0	0	0	-93	0	0	0	0	0	0	0	0	0	0	0	0	-63	0	0	0	0	0	0	0	0	0	0	0	0	0	0	0	0	0	0	0	0	0	0	0	0	0	0	0	0	0	0	3979	-3059	3725	22159	-7726	-331	-58	968	218	-1	-1	0	-57	954	216	1606974876
-57	-48	-47	-53	-60	0	-74	0	-71	-73	-70	-70	-72	-73	0	0	-82	-85	-86	-85	0	-80	-85	-85	0	0	-86	0	0	0	0	0	0	-54	0	0	0	0	-91	0	0	0	0	-88	0	0	0	0	0	0	0	0	0	0	0	0	0	0	0	0	0	0	0	0	0	0	0	0	0	0	0	0	0	0	0	0	0	0	0	0	0	-59	0	0	0	0	0	0	0	0	0	0	0	0	0	0	0	0	0	0	0	0	0	0	0	0	0	0	0	0	0	0	3956	-3088	3710	22159	-7727	-331	-58	968	218	-1	-1	0	-57	954	215	1606974878
0	-48	0	-54	-60	-66	-74	0	-74	-72	-73	-73	-78	0	0	0	0	-89	-89	-89	0	0	-90	-90	0	0	-89	-93	-93	0	0	0	0	-54	0	0	0	0	-85	0	0	0	0	0	0	0	0	0	0	0	0	0	0	0	0	0	0	0	0	0	0	0	0	0	0	0	0	0	0	0	0	0	0	0	0	0	0	0	0	0	0	-63	0	0	0	0	0	0	0	0	0	0	0	0	0	0	0	0	0	0	0	0	0	0	0	0	0	0	0	0	0	0	3964	-3104	3755	22159	-7725	-331	-58	968	218	-1	0	-1	-57	954	216	1606974879
-56	-49	0	0	-58	-67	-67	-71	-73	0	-75	-74	-77	-66	0	0	0	-90	-88	-89	0	-78	-88	-89	0	0	-88	-94	-93	0	0	-91	0	-56	0	0	0	0	-84	0	0	0	0	0	0	0	0	0	0	0	0	0	-83	0	0	0	0	0	0	0	0	0	0	0	0	0	0	0	0	0	0	0	0	0	0	0	0	0	0	0	0	-60	0	0	0	0	0	0	0	0	0	0	0	0	0	0	0	0	0	0	0	0	0	0	0	0	0	0	0	0	0	0	3904	-3066	3732	22159	-7725	-331	-58	968	218	0	-1	-1	-57	954	216	1606974881
-56	-49	-47	-55	-58	-67	0	0	-74	-60	-75	-74	-78	-75	0	0	0	-91	-89	-89	0	-81	-90	-90	0	0	-88	-91	-93	0	0	-90	0	-55	0	0	0	0	-84	0	0	0	0	0	0	0	0	0	0	0	0	0	-85	0	0	0	0	0	0	0	0	0	0	0	0	0	0	0	0	0	0	0	0	0	0	0	0	0	0	0	0	-74	0	0	0	0	0	0	0	0	0	0	0	0	0	0	0	0	0	0	0	0	0	0	0	0	0	0	0	0	0	0	3919	-3073	3725	22159	-7727	-332	-58	967	218	-1	-1	0	-57	954	215	1606974882
-56	-49	-48	0	-59	-67	-73	0	-74	-74	-73	-73	-78	0	0	0	0	-89	-90	-89	0	-78	-90	-88	0	0	-88	-92	-93	0	0	-92	0	-56	0	0	0	0	-85	0	0	0	0	0	0	0	0	0	0	0	0	0	0	0	0	0	0	0	0	0	0	0	0	0	0	0	0	0	0	0	0	0	0	0	0	0	0	0	0	0	0	-60	0	0	0	0	0	0	0	0	0	0	0	0	0	0	0	0	0	0	0	0	0	0	0	0	0	0	0	0	0	0	3979	-3118	3710	22160	-7727	-330	-58	967	218	-1	-1	0	-57	954	215	1606974884
-55	-44	-52	0	-58	-67	-74	-72	-74	-73	-74	-73	-78	-74	0	0	-79	-91	-89	-91	-79	-80	-91	-91	-80	-80	-90	-92	-92	0	0	-92	0	-55	0	0	0	0	-85	0	0	0	-91	0	0	0	0	0	0	-87	0	0	0	0	0	0	0	0	0	0	0	0	0	0	0	0	0	0	0	0	0	0	0	0	0	0	0	0	0	0	0	-60	0	0	0	0	0	0	0	0	0	0	0	0	0	0	0	0	0	0	0	0	0	0	0	0	0	0	0	0	0	0	3949	-3133	3740	22159	-7726	-332	-58	967	218	-1	0	-1	-57	954	215	1606974886
-56	-48	-54	-55	-59	-66	-66	-72	-73	0	-72	-74	-77	-73	0	0	0	-92	-90	-91	0	0	-90	-91	0	0	-88	0	-91	0	0	-91	0	-56	0	0	0	0	-84	0	0	0	-89	0	0	0	0	0	0	-86	0	0	-85	-86	0	0	0	0	0	0	0	0	0	0	0	0	0	0	0	0	0	0	0	0	0	0	0	0	0	0	0	0	0	0	0	0	0	0	0	0	0	0	0	0	0	0	0	0	0	0	0	0	0	0	0	0	0	0	0	0	0	0	3949	-3133	3755	22159	-7727	-330	-58	968	218	-1	0	0	-57	954	215	1606974887
-56	-46	-49	-55	-59	0	-71	0	-73	-71	-74	-74	-78	-65	-75	0	0	-90	-91	-90	0	-80	-91	-90	0	0	-88	0	0	0	0	0	0	-56	0	0	0	0	-86	0	0	0	0	0	0	0	0	0	0	0	0	0	0	0	0	0	0	0	0	0	0	0	0	0	0	0	0	0	0	0	0	0	0	0	0	0	0	0	0	0	0	-61	0	0	0	0	0	0	0	0	0	0	0	0	0	0	0	0	0	0	0	0	0	0	0	0	0	0	0	0	0	0	3889	-3088	3754	22159	-7728	-332	-58	967	218	-1	0	-1	-57	954	215	1606974889
-56	-49	-47	-56	-63	-56	-66	-73	-71	0	-70	-72	-70	-73	0	0	0	-84	-87	-85	0	0	-86	-86	0	0	-87	0	0	0	0	0	0	-53	0	0	0	0	-89	0	0	0	0	0	0	0	0	0	0	0	0	0	0	0	0	0	0	0	0	0	0	0	0	0	0	0	0	0	0	0	0	0	0	0	0	0	0	0	0	0	0	0	0	0	0	0	0	0	0	0	0	0	0	0	0	0	0	0	0	0	0	0	0	0	0	0	0	0	0	0	0	0	3919	-3096	3755	22159	-7725	-331	-58	968	219	-1	0	-1	-57	954	216	1606974890
0	0	-50	-55	0	-55	-66	-66	-72	0	0	-72	-72	-73	0	0	0	-85	-85	-85	0	-79	-85	-85	0	0	-84	-93	-93	0	0	-93	0	-55	0	0	0	0	-91	0	0	0	0	0	0	0	0	0	0	0	0	0	0	0	0	0	0	0	0	0	0	0	0	0	0	0	0	0	0	0	0	0	0	0	0	0	0	0	0	0	0	-62	0	0	0	0	0	0	0	0	0	0	0	0	0	0	0	0	0	0	0	0	0	0	0	0	0	0	0	0	0	0	3919	-3133	3740	22159	-7727	-332	-58	968	218	-1	0	-1	-57	954	215	1606974892
0	-48	-47	-55	-65	-58	0	-67	-70	0	-71	-71	-73	0	0	0	0	-85	-84	-86	0	-78	-86	-85	0	0	-87	-93	-94	0	0	-90	0	-55	0	0	0	0	-90	0	0	0	0	0	0	0	0	0	0	0	0	0	0	0	0	0	0	0	0	0	0	0	0	0	0	0	0	0	0	0	0	0	0	0	0	0	0	0	0	0	0	-66	0	0	0	0	0	0	0	0	0	0	0	0	0	0	0	0	0	0	0	0	0	0	0	0	0	0	0	0	0	0	3949	-3103	3740	22160	-7731	-331	-58	967	218	0	0	0	-57	955	215	1606974893
-56	0	-48	-54	0	-67	-73	-74	-74	-71	-73	-73	-78	-68	0	0	-79	-90	-89	-90	0	-79	-89	-89	-79	0	-89	-92	-91	0	0	-90	0	-55	0	0	0	0	-85	0	0	0	0	0	0	0	0	0	0	0	0	0	0	0	0	0	0	0	0	0	0	0	0	0	0	0	0	0	0	0	0	0	0	0	0	0	0	0	0	0	0	-65	0	0	0	0	0	0	0	0	0	0	0	0	0	0	0	0	0	0	0	0	0	0	0	0	0	0	0	0	0	0	3949	-3073	3710	22159	-7727	-331	-58	968	218	-1	-1	0	-57	954	215	1606974895
0	-46	-49	-51	-64	-67	-68	-69	-74	0	-74	-74	-78	-70	0	0	0	-88	-91	-89	0	-79	-88	-91	0	0	-89	-91	-92	0	0	-89	-91	-55	0	0	0	0	-86	0	0	0	0	0	0	0	0	0	0	0	0	0	-86	0	0	0	0	0	0	0	0	0	0	0	0	0	0	0	0	0	0	0	0	0	0	0	0	0	0	0	0	-64	0	0	0	0	0	0	0	0	0	0	0	0	0	0	0	0	0	0	0	0	0	0	0	0	0	0	0	0	0	0	3964	-3104	3740	22158	-7724	-331	-58	967	218	-1	-1	0	-57	954	216	1606974897
-55	-47	-46	-51	-59	0	-69	0	-71	-72	-70	-71	-71	0	0	0	0	-85	-85	-84	0	-77	-85	-85	0	0	-88	-91	-93	0	-91	-91	0	-55	0	0	0	0	-89	0	0	0	0	0	0	0	0	0	0	0	0	0	0	0	0	0	0	0	0	0	0	0	0	0	0	0	0	0	0	0	0	0	0	0	0	0	0	0	0	0	0	-65	0	0	0	0	0	0	0	0	0	0	0	0	0	0	0	0	0	0	0	0	0	0	0	0	0	0	0	0	0	0	3904	-3118	3710	22161	-7732	-331	-58	968	217	-1	-1	0	-57	955	214	1606974898
0	-46	-49	-53	0	0	-73	-73	-74	0	-73	-73	-77	-72	0	0	-80	-89	-89	-89	0	-79	-89	-89	0	0	-89	-92	-91	0	0	-91	0	-55	0	0	0	0	-86	0	0	0	0	0	0	0	0	0	0	0	0	0	-87	0	0	0	0	0	0	0	0	0	0	0	0	0	0	0	0	0	0	0	0	0	0	0	0	0	0	0	0	-65	0	0	0	0	0	0	0	0	0	0	0	0	0	0	0	0	0	0	0	0	0	0	0	0	0	0	0	0	0	0	3949	-3103	3680	22159	-7726	-331	-58	967	218	-1	0	0	-57	954	216	1606974900
-58	-48	-48	0	0	-64	0	0	-73	-74	-73	-76	-74	0	0	0	-79	-83	-84	-83	0	-78	-84	-83	-78	-79	-88	-92	0	0	0	0	0	0	0	0	0	0	-91	0	0	0	0	0	0	0	0	0	0	0	0	0	0	0	0	-86	0	0	0	0	0	0	0	0	0	0	0	0	0	0	0	0	0	0	0	0	0	0	0	0	0	-63	0	0	0	0	0	0	0	0	0	0	0	0	0	0	0	0	0	0	0	0	0	0	0	0	0	0	0	0	0	0	3934	-3104	3785	22159	-7726	-332	-58	967	218	0	0	0	-57	954	216	1606974902
0	-47	0	-55	-61	-67	-68	-70	-73	-74	-73	-73	-78	-73	0	0	0	-90	-90	-90	0	-79	-89	-90	0	0	-88	-92	-93	0	0	-92	0	-63	-60	0	0	0	-85	0	0	-89	0	0	0	0	0	0	0	0	0	0	-84	0	0	0	0	0	0	0	0	0	0	0	0	0	0	0	0	0	0	0	0	0	0	0	0	0	0	0	0	0	0	0	0	0	0	0	0	0	0	0	0	0	0	0	0	0	0	0	0	0	0	0	0	0	0	0	0	0	0	0	4009	-3059	3755	22159	-7725	-331	-58	968	217	-1	-1	0	-57	954	216	1606974903
-56	-47	-52	-50	-63	-63	-70	0	-75	0	-73	-71	-74	-76	0	0	-78	-84	-85	-85	-79	-68	-84	-84	-79	-80	-88	-92	0	0	0	-93	0	-57	-57	0	0	0	-91	0	0	0	0	0	0	0	0	0	0	0	0	0	0	0	0	0	0	0	0	0	0	0	0	0	0	0	0	0	0	0	0	0	0	0	0	0	0	0	0	0	0	-67	0	0	0	0	0	0	0	0	0	0	0	0	0	0	0	0	0	0	0	0	0	0	0	0	0	0	0	0	0	0	3979	-3074	3770	22160	-7727	-330	-57	968	218	-1	0	-1	-57	954	215	1606974905
0	-46	-49	-52	-61	0	0	-67	-75	0	-73	-74	-76	-72	0	0	0	0	-91	-90	0	-78	-92	-90	0	0	-87	-93	-94	0	0	-93	0	-54	0	0	0	0	-85	0	0	0	0	0	0	0	0	0	0	-85	0	-94	-84	0	0	0	0	0	0	0	0	0	0	0	0	0	0	0	0	0	0	0	0	0	0	0	0	0	0	0	0	-65	0	0	0	0	0	0	0	0	0	0	0	0	0	0	0	0	0	0	0	0	0	0	0	0	0	0	0	0	0	0	3904	-3073	3724	22159	-7725	-330	-58	968	218	-1	-1	0	-57	954	216	1606974906
-51	-48	-45	0	-60	-57	0	0	-71	-71	-71	-71	-71	-74	0	0	0	-84	-85	-84	0	-79	-84	-84	0	0	-86	-92	-90	0	0	-92	0	-54	0	0	0	0	0	0	0	0	0	0	0	0	0	0	0	0	0	0	0	0	0	0	0	0	0	0	0	0	0	0	0	0	0	0	-93	0	0	0	0	0	0	0	0	0	0	0	0	0	0	0	0	0	0	0	0	0	0	0	0	0	0	0	0	0	0	0	0	0	0	0	0	0	0	0	0	0	0	0	3918	-3073	3710	22160	-7731	-332	-58	968	217	-1	0	0	-57	955	215	1606974908
-58	-49	-46	-57	-61	-66	-74	-67	-73	0	-75	-75	-77	-73	0	0	0	-90	-89	-89	0	-78	-89	-91	0	0	-88	-91	-93	0	0	-90	0	-55	0	0	0	0	-84	0	0	0	0	0	0	0	0	0	0	0	0	0	0	0	0	0	0	0	0	0	0	0	0	0	0	0	0	0	0	0	-89	0	0	0	0	0	0	0	0	0	0	-67	0	0	0	0	0	0	0	0	0	0	0	0	0	0	0	0	0	0	0	0	0	0	0	0	0	0	0	0	0	0	3919	-3103	3740	22159	-7727	-331	-58	968	218	0	0	0	-57	954	215	1606974910
0	-47	-50	0	-61	-67	-68	-68	-74	0	-74	-73	-77	-68	-72	0	0	-90	-89	-90	0	-78	-89	-89	0	0	-88	-91	-93	0	0	-93	0	-56	0	0	0	0	-84	0	0	0	0	0	0	0	0	0	0	0	0	0	0	0	0	0	0	0	0	0	0	0	0	0	0	0	0	0	0	0	0	0	0	0	0	0	0	0	0	0	0	-63	0	0	0	0	0	0	0	0	0	0	0	0	0	0	0	0	0	0	0	0	0	0	0	0	0	0	0	0	0	0	3964	-3073	3740	22159	-7727	-330	-58	968	218	0	0	0	-57	954	215	1606974911
-57	-43	0	-58	-59	-67	-73	-67	-74	-75	-74	-74	-77	-68	0	0	0	-89	-88	-89	0	-78	-89	-90	0	0	-88	-93	-90	0	0	-92	0	-56	0	0	0	0	-86	0	0	0	0	0	0	0	0	0	0	0	0	0	0	0	0	0	0	0	0	0	0	0	0	0	0	0	0	0	0	0	0	0	0	0	0	0	0	0	0	0	0	-60	0	0	0	0	0	0	0	0	0	0	0	0	0	0	0	0	0	0	0	0	0	0	0	0	0	0	0	0	0	0	3919	-3103	3747	22160	-7728	-331	-58	968	217	-1	0	0	-57	955	215	1606974913
-55	-47	0	-55	-62	-66	0	0	-73	0	-74	-73	-77	0	0	0	-79	-88	-89	-90	-79	-79	-90	-90	-79	-79	-87	-93	-91	0	0	-92	0	-55	0	0	0	0	-85	0	0	0	0	0	0	0	0	0	0	0	0	0	0	0	0	0	0	0	0	0	0	0	0	0	0	0	0	0	0	0	0	0	0	0	0	0	0	0	0	0	0	-68	0	0	0	0	0	0	0	0	0	0	0	0	0	0	0	0	0	0	0	0	0	0	0	0	0	0	0	0	0	0	3964	-3073	3740	22159	-7726	-332	-58	967	218	-1	0	-1	-57	954	216	1606974914
-55	-44	-49	-56	-62	0	-74	0	-75	-73	-75	-73	-79	-73	0	0	0	-89	-91	-89	0	-80	-89	-90	0	0	-85	-91	0	0	0	-92	0	-56	0	0	0	0	-86	0	0	0	0	0	0	0	0	0	0	0	0	0	0	0	0	0	0	0	0	0	0	0	0	0	0	0	0	0	0	0	0	0	0	0	0	0	0	0	0	0	0	-69	0	0	0	0	0	0	0	0	0	0	0	0	0	0	0	0	0	0	0	0	0	0	0	0	0	0	0	0	0	0	3949	-3058	3740	22159	-7727	-332	-58	967	218	-1	0	0	-57	954	215	1606974916
-55	0	-50	0	-59	0	0	-72	-75	-73	-73	-74	-78	0	-71	0	-79	-92	-90	-90	-79	-81	-89	-88	-79	-80	-87	-91	-91	0	0	-91	0	-56	0	0	0	0	-86	0	0	0	0	0	0	0	0	0	0	0	0	0	0	0	0	-87	0	0	0	0	0	0	0	0	0	0	0	0	0	0	0	0	0	0	0	0	0	0	0	0	0	-63	0	0	0	0	0	0	0	0	0	0	0	0	0	0	0	0	0	0	0	0	0	0	0	0	0	0	0	0	0	0	3949	-3141	3695	22159	-7726	-331	-57	968	218	-1	0	0	-57	955	215	1606974917
-57	-47	0	-59	-58	-57	0	0	-72	-73	-72	-72	-71	0	0	0	0	-85	-84	-84	0	-78	-86	-86	0	0	-90	-91	-92	0	0	-92	-93	-54	0	0	0	0	-92	0	0	0	-91	0	0	0	0	0	0	0	0	-90	0	0	0	0	0	0	0	0	0	0	0	0	0	0	0	0	0	0	0	0	0	0	0	0	0	0	0	0	0	-60	0	0	0	0	0	0	0	0	0	0	0	0	0	0	0	0	0	0	0	0	0	0	0	0	0	0	0	0	0	0	4001	-3059	3755	22159	-7728	-332	-58	968	218	-1	0	0	-57	954	215	1606974919
0	-43	-52	-55	-59	0	0	0	-71	-74	-72	-71	-72	-72	0	0	0	-85	-84	-84	0	-79	-85	-85	-78	0	-88	-94	-91	0	0	-92	0	-56	0	0	0	0	-92	0	0	0	-90	0	0	0	0	0	0	0	0	0	0	0	0	0	0	0	0	0	0	0	0	0	0	0	0	0	0	0	0	0	0	0	0	0	0	0	0	0	0	-61	0	0	0	0	0	0	0	0	0	0	0	0	0	0	0	0	0	0	0	0	0	0	0	0	0	0	0	0	0	0	3919	-3103	3755	22159	-7726	-331	-58	967	218	-1	-1	0	-57	954	215	1606974920
-57	-44	-50	-58	0	0	-74	0	-73	-73	-73	-74	-77	0	0	0	0	-90	-89	-90	-79	-79	-90	-90	0	-79	-88	-90	0	0	0	-93	0	-56	0	0	0	0	-85	0	0	0	0	0	0	0	-92	0	0	0	0	0	0	0	0	0	0	0	0	0	0	0	0	0	0	0	0	0	0	0	0	0	0	0	0	0	0	0	0	0	0	-65	0	0	0	0	0	0	0	0	0	0	0	0	0	0	0	0	0	0	0	0	0	0	0	0	0	0	0	0	0	0	3911	-3066	3710	22159	-7727	-331	-58	967	218	-1	0	0	-57	954	215	1606974922
-54	-46	-49	-57	0	0	-77	-68	-73	-72	-73	-74	-77	-77	-71	0	0	-89	-89	-89	0	-78	-90	-89	0	0	-86	-92	-90	0	0	-93	0	-56	0	0	0	0	-85	0	0	0	0	-86	0	0	0	0	0	0	0	0	0	0	0	0	0	0	0	0	0	0	0	0	0	0	0	0	0	0	0	0	0	0	0	0	0	0	0	0	0	-61	0	0	0	0	0	0	0	0	0	0	0	0	0	0	0	0	0	0	0	0	0	0	0	0	0	0	0	0	0	0	3964	-3073	3740	22160	-7730	-332	-58	967	217	-1	0	0	-57	955	215	1606974923
-55	-46	-51	-55	-62	0	0	0	-74	-72	-73	-73	-78	0	0	0	0	-90	-89	-89	0	-81	-90	-90	0	0	0	-91	-92	0	0	-91	0	-56	0	0	0	0	-85	0	0	0	0	0	0	0	0	0	0	0	0	0	0	-85	0	0	0	0	0	0	0	0	0	0	0	0	0	0	0	0	-90	0	0	0	0	0	0	0	0	0	0	-63	0	0	0	0	0	0	0	0	0	0	0	0	0	0	0	0	0	0	0	0	0	0	0	0	0	0	0	0	0	0	3979	-3104	3740	22159	-7725	-332	-58	967	218	-1	0	0	-57	954	216	1606974925
-57	-48	-50	-54	-61	0	-67	-67	-74	-72	-74	-74	-76	-76	0	0	0	-88	-88	-89	0	-78	-90	-88	0	0	-88	-92	-92	0	0	-93	0	-57	0	0	0	0	0	0	0	0	0	0	0	0	0	0	0	0	0	0	0	0	0	0	0	0	0	0	0	0	0	0	0	0	0	0	0	0	0	0	0	0	0	0	0	0	0	0	0	-61	0	0	0	0	0	0	0	0	0	0	0	0	0	0	0	0	0	0	0	0	0	0	0	0	0	0	0	0	0	0	3956	-3104	3762	22159	-7726	-331	-58	968	218	-1	-1	0	-57	954	216	1606974927
-57	-54	-47	-55	-63	0	-75	-76	-74	0	-75	-74	-77	-76	0	0	0	-90	-89	-88	0	-80	-90	-90	0	0	-86	0	0	0	0	-92	0	-55	0	0	0	0	-85	0	0	0	0	0	0	0	0	0	0	0	0	0	0	0	0	0	0	0	0	0	0	0	0	0	0	0	0	0	0	0	0	0	0	0	0	0	0	0	0	0	0	-60	0	0	0	0	0	0	0	0	0	0	0	0	0	0	0	0	0	0	0	0	0	0	0	0	0	0	0	0	0	0	3919	-3058	3755	22160	-7730	-332	-58	968	218	-1	0	0	-57	955	215	1606974928
-58	-47	-51	-53	-60	0	-67	-68	-73	0	-74	-74	-77	-68	0	0	-79	-88	-89	-88	-78	-79	-88	-89	-78	-78	-89	-91	-93	0	0	-93	0	-56	0	0	0	0	-86	0	0	0	0	0	0	0	0	0	0	0	0	0	0	0	0	0	0	0	0	0	0	0	0	0	0	0	0	0	0	0	0	0	0	0	0	0	0	0	0	0	0	-61	0	0	0	0	0	0	0	0	0	0	0	0	0	0	0	0	0	0	0	0	0	0	0	0	0	0	0	0	0	0	3934	-3058	3755	22159	-7727	-332	-58	968	218	-1	-1	0	-57	954	215	1606974930
-56	0	-51	-54	-60	-55	-67	-67	-71	0	-72	-71	-71	-67	0	0	0	-84	-86	-84	0	-78	-85	-85	0	0	-87	0	0	0	0	0	0	-53	0	0	0	0	0	0	0	0	0	0	0	0	0	0	0	-84	0	0	-82	-87	0	0	0	0	0	0	0	0	0	0	0	0	0	0	0	0	0	0	0	0	0	0	0	0	0	0	0	-62	0	0	0	0	0	0	0	0	0	0	0	0	0	0	0	0	0	0	0	0	0	0	0	0	0	0	0	0	0	0	3919	-3073	3755	22159	-7726	-331	-58	967	218	0	0	0	-57	954	216	1606974931
0	-47	-49	-55	0	-57	-71	-69	-70	0	-71	-70	-72	-70	0	0	-80	-84	-85	-85	-76	-77	-85	-85	-79	-77	-87	0	-92	0	0	-92	0	-54	0	0	0	0	-89	0	0	0	0	0	0	0	0	0	0	0	0	0	0	0	0	0	0	0	-80	0	0	0	0	0	0	0	0	0	0	0	0	0	0	0	0	0	0	0	0	0	0	-61	0	0	0	0	0	0	0	0	0	0	0	0	0	0	0	0	0	0	0	0	0	0	0	0	0	0	0	0	0	0	3918	-3073	3710	22160	-7733	-332	-58	967	217	0	0	0	-57	955	214	1606974933
-55	-49	-52	0	0	0	0	0	-71	0	-71	-70	-70	0	0	0	0	-84	-85	-85	0	-83	-84	-85	0	0	-80	-92	0	0	0	0	0	-52	-62	0	0	0	-93	0	0	0	0	0	0	0	0	-83	0	0	0	0	0	0	0	0	0	0	0	0	0	0	0	0	0	0	0	0	0	0	0	0	0	0	0	0	0	0	0	0	0	-59	0	0	0	0	0	0	0	0	0	0	0	0	0	0	0	0	0	0	0	0	0	0	0	0	0	0	0	0	0	0	3949	-3103	3710	22159	-7725	-332	-58	967	218	-1	0	0	-57	954	216	1606974934
-53	-49	-46	-55	-58	0	-77	-69	-73	-75	-72	-73	-76	-75	-73	0	0	-91	-91	-91	0	-80	-90	-90	0	0	-88	-93	-93	0	0	-94	0	-54	0	0	0	0	-87	0	0	0	-89	0	0	0	0	-88	0	0	0	0	0	0	0	0	0	0	0	0	0	0	0	0	0	0	0	0	0	0	0	0	0	0	0	0	0	0	0	0	0	-61	0	0	0	0	0	0	0	0	0	0	0	0	0	0	0	0	0	0	0	0	0	0	0	0	0	0	0	0	0	0	3919	-3073	3740	22159	-7727	-332	-58	968	218	0	0	-1	-57	954	215	1606974936
-59	-46	-55	-54	-59	0	-66	-74	-74	0	-75	-74	-78	-66	0	0	0	-89	-91	-89	0	-81	-89	-91	0	0	-88	-93	-93	0	0	-93	0	-58	0	0	0	0	-87	0	0	0	0	0	0	0	0	0	0	0	0	0	0	-86	0	0	0	0	0	0	0	0	0	0	0	0	0	0	0	0	0	0	0	0	0	0	0	0	0	0	0	-60	0	0	0	0	0	0	0	0	0	0	0	0	0	0	0	0	0	0	0	0	0	0	0	0	0	0	0	0	0	0	3918	-3043	3687	22160	-7730	-332	-58	968	217	-1	-1	-1	-57	955	215	1606974938
