-54	-57	-55	-55	-52	-57	-69	-66	-72	-72	-71	-69	-73	-68	0	0	0	-84	-84	-85	0	0	-84	-84	0	0	-83	-93	0	0	0	0	0	-54	-58	0	0	0	-90	0	0	0	0	0	0	0	0	0	0	0	0	0	0	0	0	0	0	0	0	0	0	-89	0	0	0	0	0	0	-94	0	0	0	0	0	0	0	0	0	0	0	0	0	0	0	0	0	0	0	0	0	0	0	0	0	0	0	0	0	0	0	0	0	0	0	0	0	0	0	0	0	0	0	0	0	0	0	0	0	0	0	4379	-2446	2261	23702	-7782	-327	-58	970	211	0	0	0	-56	957	206	1606974583
-49	-57	-54	-53	-53	-66	-68	-67	-78	-75	-77	-77	-79	-68	0	0	0	-85	-86	-85	0	-78	-86	-85	0	0	-83	0	0	0	0	0	0	-64	0	0	-95	-94	-90	-95	0	0	0	0	0	0	0	0	0	0	0	0	0	0	0	0	0	0	0	0	0	0	0	0	0	0	0	0	0	0	0	0	0	0	0	0	0	0	0	0	0	-63	0	0	0	0	0	0	0	0	0	0	0	0	0	0	0	0	0	0	0	0	0	0	0	0	0	0	0	0	0	0	0	0	0	0	0	0	0	0	4394	-2423	2275	23700	-7775	-326	-56	969	212	0	0	0	-56	956	207	1606974585
0	-55	-43	-63	-53	-71	-68	-67	-73	-73	-73	-73	-75	-65	0	-86	0	-89	-88	-88	0	-76	-87	-89	0	0	-85	0	0	0	0	0	0	-67	-57	0	0	0	-92	0	0	0	0	0	0	0	0	-88	0	0	0	-94	0	0	0	0	0	0	0	0	0	0	0	0	0	0	0	0	0	0	0	0	0	0	0	0	0	0	0	0	0	-63	0	0	0	0	0	0	0	0	0	0	0	0	0	0	0	0	0	0	0	0	0	0	0	0	0	0	0	0	0	0	0	0	0	0	0	0	0	0	4364	-2431	2320	23698	-7771	-327	-56	969	213	0	0	-1	-56	956	208	1606974586
-59	-55	-44	-69	-53	-72	-65	-65	-78	0	-77	-79	-80	-65	0	0	0	-86	-85	-85	0	-73	-85	-85	0	0	-88	0	-93	0	0	-93	0	-67	0	0	0	0	-91	0	0	-88	0	0	0	0	0	0	0	0	0	0	-85	0	0	0	0	0	0	0	0	0	0	0	0	0	0	0	0	0	0	0	0	0	0	0	0	0	0	0	0	-65	0	0	0	0	0	0	0	0	0	0	0	0	0	0	0	0	0	0	0	0	0	0	0	0	0	0	0	0	0	0	0	0	0	0	0	0	0	0	4364	-2453	2290	23698	-7769	-326	-56	971	211	0	0	0	-56	956	208	1606974588
-47	-53	-47	-53	-57	0	0	0	-70	0	-70	-69	-74	-65	0	0	0	-85	-84	-83	0	-75	-85	-84	0	0	-83	0	0	0	0	0	0	-59	0	0	0	0	-92	0	0	0	-88	0	0	0	0	-88	0	0	0	0	0	0	0	0	0	0	0	-95	0	0	0	0	0	0	0	0	0	0	0	0	0	0	0	0	0	0	0	0	0	-61	0	0	0	0	0	0	0	0	0	0	0	0	0	0	0	0	0	0	0	0	0	0	0	0	0	0	0	0	0	0	0	0	0	0	0	0	0	0	4319	-2438	2275	23697	-7766	-326	-57	970	213	0	0	0	-56	956	209	1606974589
-54	-50	-40	-49	-55	0	-67	-67	-74	0	-75	0	-78	-67	0	0	0	-85	-86	-85	0	-74	-85	-85	0	0	-85	-91	-92	0	-93	-91	0	-67	0	0	0	0	-89	-94	0	0	0	0	-88	0	0	0	0	0	0	0	0	0	0	0	0	0	0	0	0	0	0	0	0	0	0	0	0	0	0	0	0	0	0	0	0	0	0	0	0	-56	0	0	0	0	0	0	0	0	0	0	0	0	0	0	0	0	0	0	0	0	0	0	0	0	0	0	0	0	0	0	0	0	0	0	0	0	0	0	4319	-2423	2275	23697	-7764	-326	-57	971	212	0	0	0	-56	956	209	1606974591
-53	-49	-40	-55	-50	0	-64	-63	-74	-72	-74	-75	-78	-65	0	0	0	-86	-85	-85	-75	-74	-85	-85	-76	-76	-84	-92	-92	0	0	-91	0	-65	0	0	-95	0	-91	0	0	0	0	0	0	0	0	0	0	0	0	0	0	0	0	0	0	0	0	0	0	0	0	0	0	0	0	0	0	0	0	0	0	0	0	0	0	0	0	0	0	-56	0	0	0	0	0	0	0	0	0	0	0	0	0	0	0	0	0	0	0	0	0	0	0	0	0	0	0	0	0	0	0	0	0	0	0	0	0	0	4364	-2423	2290	23697	-7763	-324	-57	970	213	-1	0	0	-56	956	209	1606974592
-46	-49	-40	-52	-58	0	-64	-64	-74	0	-75	-75	-77	-64	0	0	0	-87	-84	-86	0	0	-85	-86	0	0	-85	-91	-91	0	-91	-90	-93	-66	0	0	0	-95	-89	-94	0	0	0	0	-84	0	-87	0	0	0	0	0	0	0	0	0	0	0	0	0	0	0	0	0	0	0	0	0	0	-90	0	0	0	0	0	0	0	0	0	0	0	-64	0	0	0	0	0	0	0	0	0	0	0	0	0	0	0	0	0	0	0	0	0	0	0	0	0	0	0	0	0	0	0	0	0	0	0	0	0	0	4379	-2423	2275	23696	-7761	-325	-57	970	212	-1	-1	-1	-56	956	210	1606974594
-46	-48	-40	-54	-55	0	0	-64	-75	0	-74	-74	-80	-64	0	0	-64	-87	-85	-85	-77	-77	-85	-87	-67	-77	-87	-92	-93	0	0	0	0	-63	0	0	0	0	-90	0	0	0	0	0	0	0	0	0	0	0	0	0	0	0	0	0	0	0	0	0	0	0	0	0	0	0	0	0	0	0	0	0	0	0	0	0	0	0	0	0	0	-63	0	0	0	0	0	0	0	0	0	0	-91	0	0	0	0	0	0	0	0	0	0	0	0	0	0	0	0	0	0	0	0	0	0	0	0	0	0	0	4334	-2453	2261	23695	-7758	-325	-56	971	213	-1	-1	-1	-56	956	210	1606974596
-50	-47	-40	-54	-57	-61	-66	-65	-70	-74	-71	-70	-73	0	0	0	-78	-83	-85	-83	-77	-77	-83	-84	-76	-77	-87	-94	-92	0	0	-92	0	-58	0	0	0	0	-90	0	0	0	0	0	0	0	0	0	0	0	0	0	0	0	0	0	0	0	0	0	0	0	0	0	0	0	0	0	0	0	0	0	0	0	0	0	0	0	0	0	0	0	0	0	0	0	0	0	0	0	0	0	0	0	0	0	0	0	0	0	0	0	0	0	0	0	0	0	0	0	0	0	0	0	0	0	0	0	0	0	4334	-2423	2260	23696	-7763	-325	-57	970	211	-1	-1	0	-56	956	209	1606974597
0	-49	-40	-53	-56	-73	-64	-67	-76	-73	-75	-76	-77	-65	0	-84	-78	-84	-86	-86	-76	-76	-85	-85	0	-77	-88	0	-92	0	0	0	0	-63	0	-93	-94	-95	-89	-95	0	0	0	0	0	0	0	0	0	0	0	0	0	0	0	0	0	0	0	0	0	0	0	0	0	0	0	0	0	0	0	0	0	0	0	0	0	0	0	0	0	-63	0	0	0	0	0	0	0	0	0	0	0	0	0	0	0	0	0	0	0	0	0	0	0	0	0	0	0	0	0	0	0	0	0	0	0	0	0	0	4334	-2378	2305	23695	-7757	-325	-57	971	213	-1	-1	-1	-56	956	210	1606974599
-55	-48	-40	-53	-54	0	-64	-64	-74	-74	-76	-74	-79	-64	0	0	0	-86	-86	-86	0	-78	-87	-86	0	0	-85	0	0	0	0	0	0	-63	0	0	0	0	-90	0	0	0	0	0	-87	0	-76	0	0	0	0	0	0	0	0	0	0	0	0	0	0	0	0	0	0	0	0	0	0	0	0	0	0	0	0	0	0	0	0	0	0	-55	0	0	0	0	0	0	0	0	0	0	0	0	0	0	0	0	0	0	0	0	0	0	0	0	0	0	0	0	0	0	0	0	0	0	0	0	0	0	4379	-2409	2328	23695	-7760	-325	-57	970	213	-1	-1	0	-56	956	210	1606974600
-53	-50	-40	-54	-54	0	-65	-66	-73	0	-74	-74	-79	-65	0	0	-76	-84	-84	-83	-78	-76	-84	-84	-76	-76	-86	-90	-89	0	-91	-89	-91	-68	-56	0	0	0	-91	0	0	0	0	0	0	0	0	0	0	0	0	0	0	0	0	0	0	0	0	0	0	0	0	0	0	0	0	0	0	-88	0	0	0	0	0	0	0	0	0	0	0	-65	0	0	0	0	0	0	0	0	0	0	0	0	0	0	0	0	0	0	0	0	0	0	0	0	0	0	0	0	0	0	0	0	0	0	0	0	0	0	4319	-2393	2283	23695	-7760	-326	-57	970	212	-1	-1	0	-56	956	210	1606974602
-54	-49	-41	-55	-55	0	-70	-66	-68	0	-69	-67	-71	-66	0	0	0	-82	-82	-83	0	-77	-82	-83	0	0	0	-92	-95	0	0	0	0	-58	0	0	0	0	-91	0	0	0	0	0	0	0	0	0	0	0	0	0	0	0	0	0	0	0	0	0	0	0	0	0	0	0	0	0	0	0	0	0	0	0	0	0	0	0	0	0	0	0	0	0	0	0	0	0	0	0	0	0	0	0	0	0	0	0	0	0	0	0	0	0	0	0	0	0	0	0	0	0	0	0	0	0	0	0	0	0	4319	-2408	2290	23695	-7759	-325	-57	970	213	-1	-1	0	-56	956	210	1606974603
-47	-50	0	0	0	0	-65	-65	-70	0	-68	-69	-74	-65	0	-86	0	-83	-83	-82	0	-78	-83	-83	0	0	-85	-92	0	0	0	0	0	-56	0	0	0	0	-89	0	0	-91	0	0	0	0	0	0	0	0	0	0	0	0	0	0	0	-89	0	0	0	0	0	0	0	0	0	0	0	-92	0	0	0	0	0	0	0	0	0	0	0	-62	0	0	0	0	0	0	0	0	0	0	0	0	0	0	0	0	0	0	0	0	0	0	0	0	0	0	0	0	0	0	0	0	0	0	0	0	0	0	4364	-2393	2245	23695	-7757	-325	-57	970	213	0	-1	-1	-56	956	210	1606974605
-48	-49	-40	-53	-56	0	-66	-66	-77	-73	-76	-76	-78	-69	0	-84	0	-86	-85	-87	0	-77	-86	-85	0	0	-86	-92	0	0	0	0	0	-68	0	-96	0	0	-89	0	0	0	0	0	0	0	0	0	0	0	0	0	0	0	0	0	0	-89	0	0	0	0	0	0	0	0	0	0	0	0	0	0	0	0	0	0	0	0	0	0	0	-56	0	0	0	0	0	0	0	0	0	0	0	0	0	0	0	0	0	0	0	0	0	0	0	0	0	0	0	0	0	0	0	0	0	0	0	0	0	0	4364	-2408	2290	23696	-7762	-325	-57	970	212	0	-1	-1	-56	956	210	1606974606
-48	-50	-40	-53	-57	0	0	0	-77	-74	-76	-75	-80	-69	0	0	0	-85	0	-85	0	-78	-85	0	0	0	-84	-91	-93	0	0	0	0	-68	0	0	-93	-95	-91	-96	0	0	0	0	0	0	0	0	0	0	0	0	0	0	0	0	0	0	0	0	0	0	0	0	0	0	0	0	0	0	0	0	0	0	0	0	0	0	0	0	0	-54	0	0	0	0	0	0	0	0	0	0	0	0	0	0	0	0	0	0	0	0	0	0	0	0	0	0	0	0	0	0	0	0	0	0	0	0	0	0	4364	-2423	2290	23696	-7760	-324	-56	970	213	-1	-1	0	-56	956	210	1606974608
-45	-50	-39	-52	-56	0	-66	-64	-76	-77	-76	-75	-77	-64	0	0	0	-85	-86	-85	0	-76	-85	-86	0	0	-84	0	-91	0	0	-92	0	-68	0	0	-94	-94	-91	-94	0	0	0	0	-73	0	0	0	-84	0	-86	0	-85	0	0	0	0	0	0	0	0	0	0	0	0	0	0	0	0	0	0	0	0	0	0	0	0	0	0	0	0	-55	0	0	0	0	0	0	0	0	0	0	0	0	0	0	0	0	0	0	0	0	0	0	0	0	0	0	0	0	0	0	0	0	0	0	0	0	0	0	4334	-2408	2305	23695	-7758	-325	-57	970	213	-1	-1	-1	-56	956	210	1606974610
-46	-49	-39	-52	-56	0	-67	-68	-74	-76	-74	-74	-78	-67	0	0	0	-85	-86	-85	0	-77	-85	-86	0	0	-83	-92	-92	0	0	-91	0	-68	0	0	-94	0	-89	-95	0	0	0	0	0	0	0	0	0	0	0	0	0	0	0	0	0	0	0	0	0	0	0	0	0	0	0	0	0	0	0	0	0	0	0	0	0	0	0	0	0	-54	0	0	0	0	0	0	0	0	0	0	0	0	0	0	0	0	0	0	0	0	0	0	0	0	0	0	0	0	0	0	0	0	0	0	0	0	0	0	4364	-2408	2305	23697	-7764	-324	-57	969	213	-1	0	0	-56	956	209	1606974611
-47	-50	-40	-53	-57	-61	-66	0	-69	-73	-70	-70	-73	-66	0	-87	0	-82	-82	-82	0	-77	-82	-82	0	0	-85	-92	-91	0	0	0	-93	-59	0	0	0	0	-90	0	0	0	-91	0	0	0	0	-87	0	0	-84	0	0	0	0	0	0	0	0	0	0	0	0	0	0	0	0	0	0	0	0	0	0	0	0	0	0	0	0	0	0	0	0	0	0	0	0	0	0	0	0	0	0	0	0	0	0	0	0	0	0	0	0	0	0	0	0	0	0	0	0	0	0	0	0	0	0	0	0	-84	4289	-2401	2350	23695	-7758	-325	-57	970	213	-1	0	0	-56	956	210	1606974613
0	-51	0	-53	-57	-70	0	0	-75	0	-75	0	-77	-66	0	0	0	-85	-85	-85	0	-76	-84	-84	0	0	-84	0	-92	0	0	-90	0	-69	0	0	-95	-93	-87	-95	0	0	0	0	-84	0	-85	-87	0	-90	-84	0	0	0	0	0	0	0	0	0	0	0	0	0	0	0	0	0	0	-92	0	0	0	0	0	0	0	0	0	0	0	0	0	0	0	0	0	0	0	0	0	0	0	0	0	0	0	0	0	0	0	0	0	0	0	0	0	0	0	0	0	0	0	0	0	0	0	0	0	0	4372	-2394	2305	23695	-7758	-325	-56	970	213	0	0	0	-56	956	210	1606974614
-47	-51	-40	-53	-56	-71	-66	-66	-75	-69	-75	-75	-79	-63	0	0	-77	-85	-85	-84	-77	-77	-85	-85	-76	-76	-85	-92	-92	0	0	-92	0	-68	0	0	-94	-95	-89	-94	0	0	0	0	0	0	0	0	0	0	-84	0	0	0	0	0	0	0	0	0	0	0	0	0	0	0	0	0	0	0	0	0	0	0	0	0	0	0	0	0	0	0	0	0	0	0	0	0	0	0	0	0	0	0	0	0	0	0	0	0	0	0	0	0	0	0	0	0	0	0	0	0	0	0	0	0	0	0	0	0	4334	-2423	2305	23695	-7757	-323	-57	970	211	-1	-1	0	-56	956	210	1606974616
-48	-50	-40	-52	-57	-69	-66	-66	-74	-73	-74	-75	-79	-64	0	0	0	-88	-86	-86	0	-78	-87	-87	0	0	-84	-93	-92	0	0	-92	0	-70	0	0	0	0	0	0	0	0	0	0	0	0	0	0	0	0	0	0	0	0	0	0	0	0	0	0	0	0	0	0	0	0	0	0	0	0	0	0	0	0	0	0	0	0	0	0	0	0	0	0	0	0	0	0	0	0	0	0	0	0	0	0	0	0	0	0	0	0	0	0	0	0	0	0	0	0	0	0	0	0	0	0	0	0	0	0	4334	-2408	2283	23695	-7758	-324	-57	970	214	-1	0	-1	-56	956	210	1606974618
-53	-52	-40	-52	-56	-61	-67	-68	-69	-73	-70	-69	-73	-65	0	0	0	-82	-82	-81	0	-75	-82	-82	0	0	-87	0	-92	0	0	-92	0	-59	0	0	0	0	-91	0	0	0	0	0	0	0	0	0	0	-89	0	0	0	0	0	0	0	0	0	0	0	0	0	0	0	0	0	0	-95	0	0	0	0	0	0	0	0	0	0	0	0	-61	0	0	0	0	0	0	0	0	0	0	0	0	0	0	0	0	0	0	0	0	0	0	0	0	0	0	0	0	0	0	0	0	0	0	0	0	0	-82	4289	-2423	2305	23695	-7757	-323	-57	970	214	0	0	0	-56	956	210	1606974619
-47	-51	-40	-52	-55	-68	0	-65	-75	0	0	-75	-80	-67	0	0	-76	-85	-85	-85	0	-77	-86	-86	-75	-76	-85	-92	-90	0	0	-92	0	-66	0	0	0	0	-90	0	0	0	0	0	-85	0	-84	0	-85	0	-84	0	0	0	0	0	0	0	0	0	0	0	0	0	0	0	0	0	0	0	0	0	0	0	0	0	0	0	0	0	0	-63	0	0	0	0	0	0	0	0	0	0	0	0	0	0	0	0	0	0	0	0	0	0	0	0	0	0	0	0	0	0	0	0	0	0	0	0	0	0	4319	-2378	2275	23694	-7756	-325	-57	970	213	0	0	0	-56	956	210	1606974621
-52	-51	-40	-53	-57	-73	-67	0	-75	0	-75	-76	-78	0	0	0	0	-87	-86	-86	0	0	-86	-86	-75	0	-87	-92	-94	0	0	-94	0	-67	0	0	0	0	-89	0	0	0	0	0	0	0	0	0	0	0	0	0	0	0	0	0	0	0	0	0	0	0	0	0	0	0	0	0	0	0	0	0	0	0	0	0	0	0	0	0	0	-63	0	0	0	0	0	0	0	0	0	0	0	0	0	0	0	0	0	0	0	0	0	0	0	0	0	0	0	0	0	0	0	0	0	0	0	0	0	0	4432	-2394	2275	23695	-7757	-325	-56	970	213	0	0	-1	-56	956	210	1606974623
-52	-47	-41	-54	-55	-69	-65	-69	-75	-72	-74	-74	-79	-67	0	0	0	-86	-86	-85	0	-74	-86	-86	0	0	-86	0	0	0	0	-93	0	-64	0	0	-94	0	-89	0	-94	0	0	0	0	0	0	-86	0	0	-84	0	0	0	0	0	0	0	0	0	0	0	0	0	0	0	0	0	0	0	0	0	0	0	0	0	0	0	0	0	0	-62	0	0	0	0	0	0	0	0	0	0	0	0	0	0	0	0	0	0	0	0	0	0	0	0	0	0	0	0	0	0	0	0	0	0	0	0	0	0	4319	-2408	2260	23694	-7755	-325	-58	971	214	0	0	0	-56	956	211	1606974624
-55	-49	-40	-58	-55	-67	-65	-65	-75	0	-75	-75	-78	-65	0	0	0	-85	-87	-85	0	-76	-86	-85	0	0	-84	-92	-91	0	0	-92	-91	-69	0	0	-96	-92	-91	-94	0	0	0	0	0	0	0	0	0	0	0	0	0	0	0	0	0	-90	0	0	0	0	0	0	0	0	0	0	0	0	0	0	0	0	0	0	0	0	0	0	0	-57	0	0	0	0	0	0	0	0	0	0	0	0	0	0	0	0	0	0	0	0	0	0	0	0	0	0	0	0	0	0	0	0	0	0	0	0	0	0	4334	-2431	2305	23695	-7757	-324	-56	970	213	0	0	-1	-56	956	210	1606974626
-45	-48	-39	0	0	-67	0	-67	-74	0	-74	-73	-79	0	0	0	0	-85	-86	-85	-76	0	-85	-85	-75	-75	0	-92	-91	0	0	-90	0	-67	0	0	-95	-94	0	-94	0	0	0	0	-85	0	0	0	0	-90	0	0	0	0	0	0	0	0	0	0	0	0	0	0	0	0	0	0	0	0	0	0	0	0	0	0	0	0	0	0	0	-54	0	0	0	0	0	0	0	0	0	0	0	0	0	0	0	0	0	0	0	0	0	0	0	0	0	0	0	0	0	0	0	0	0	0	0	0	0	0	4274	-2408	2305	23695	-7758	-323	-57	970	214	0	0	0	-56	956	210	1606974627
-48	-52	-40	-58	-56	-61	0	0	-69	0	-70	-70	-72	0	0	0	0	-82	-82	-82	0	-74	-83	-82	0	0	-85	-92	0	0	0	0	0	-68	0	0	0	0	-91	0	0	0	0	0	-86	0	0	0	0	0	0	0	0	0	0	0	0	0	0	0	0	0	0	0	0	0	0	0	-97	0	0	0	0	0	0	0	0	0	0	0	0	-63	0	0	0	0	0	0	0	0	0	0	0	0	0	0	0	0	0	0	0	0	0	0	0	0	0	0	0	0	0	0	0	0	0	0	0	0	0	0	4289	-2423	2320	23694	-7756	-324	-57	970	213	0	0	0	-56	956	211	1606974629
-52	-50	-40	-57	-53	-72	-67	-66	-75	-72	-74	-76	-80	-66	0	0	-75	-85	-84	-84	0	0	-83	-85	0	0	-85	-91	-91	0	0	-91	0	-70	0	0	0	0	-90	0	0	0	0	0	-84	-85	-83	0	0	0	-84	0	-84	0	0	0	0	0	0	0	0	0	0	0	0	0	0	0	0	0	0	0	0	0	0	0	0	0	0	0	0	-63	0	0	0	0	0	0	0	0	0	0	0	0	0	0	0	0	0	0	0	0	0	0	0	0	0	0	0	0	0	0	0	0	0	0	0	0	0	0	4319	-2378	2238	23695	-7756	-324	-56	970	212	0	0	-1	-56	956	210	1606974630
-50	-49	-39	-53	-55	-61	-65	0	0	-74	-71	-71	-73	-70	0	0	0	-82	-83	-83	0	-74	-82	-83	0	0	-79	0	0	0	0	0	0	-60	0	0	0	0	-91	0	0	0	0	0	0	0	0	0	0	0	0	0	0	0	0	0	0	0	0	-95	0	0	0	0	0	0	0	0	-95	0	0	0	0	0	0	0	0	0	0	0	0	-54	0	0	0	0	0	0	0	0	0	0	0	0	0	0	0	0	0	0	0	0	0	0	0	0	0	0	0	0	0	0	0	0	0	0	0	0	0	0	4288	-2333	2275	23695	-7758	-324	-57	970	214	0	0	0	-56	956	210	1606974632
-51	-50	-40	-51	-60	-68	0	-70	-75	-72	-74	-76	-79	-64	0	0	-74	-85	-85	-86	-76	-75	-84	-84	-76	0	-83	-92	-91	0	-92	-91	-90	-64	0	0	-93	-94	-91	-96	-94	0	0	0	-87	0	0	-87	0	0	0	0	0	0	0	0	0	0	0	0	0	0	0	0	0	0	0	0	0	0	0	0	0	0	0	0	0	0	0	0	0	-68	0	0	0	0	0	0	0	0	0	0	0	0	0	0	0	0	0	0	0	0	0	0	0	0	0	0	0	0	0	0	0	0	0	0	0	0	0	0	4379	-2393	2275	23694	-7756	-324	-57	970	212	0	0	0	-56	956	211	1606974633
-48	-48	-41	-53	-54	-70	-65	-70	-75	-67	-75	-75	-79	-66	0	-87	0	-85	-84	-85	0	-76	-85	-85	0	0	-85	-93	0	0	0	0	0	-67	0	0	0	0	-89	-93	0	0	0	0	0	0	0	0	0	0	0	0	0	0	0	0	-87	0	0	0	0	0	0	0	0	0	0	0	0	-91	-81	0	0	0	0	0	0	0	0	0	0	-56	0	0	0	0	0	0	0	0	0	0	0	0	0	0	0	0	0	0	0	0	0	0	0	0	0	0	0	0	0	0	0	0	0	0	0	0	0	0	4379	-2439	2305	23694	-7756	-325	-57	970	214	0	0	-1	-56	956	211	1606974635
-48	-47	-40	-50	-55	-59	-66	-68	-69	-73	-69	-70	-72	-66	-85	0	0	-82	-82	-82	0	-75	-82	-82	0	0	-86	0	0	0	0	0	0	-59	0	0	0	0	-90	0	0	0	0	0	0	0	0	0	0	0	0	0	0	0	0	0	0	0	0	-94	0	0	0	0	0	0	0	0	0	0	0	0	0	0	0	0	0	0	0	0	0	-56	0	0	0	0	0	0	0	0	0	0	0	0	0	0	0	0	0	0	0	0	0	0	0	0	0	0	0	0	0	0	0	0	0	0	0	0	0	0	4334	-2393	2275	23696	-7760	-323	-57	970	213	0	0	0	-56	956	210	1606974637
-51	-50	-40	0	-55	-59	-66	-66	-69	-72	-69	-69	-72	0	0	0	0	-82	-82	-81	0	-75	-82	-82	0	0	-84	-92	-92	0	0	-92	0	-59	0	0	0	0	-90	0	0	0	0	0	-85	-82	-84	0	0	0	0	0	0	0	0	0	0	0	0	0	0	0	0	0	0	0	0	0	0	-91	0	0	0	0	0	0	0	0	0	0	0	0	0	0	0	0	0	0	0	0	0	0	0	0	0	0	0	0	0	0	0	0	0	0	0	0	0	0	0	0	0	0	0	0	0	0	0	0	0	0	4334	-2408	2275	23694	-7754	-323	-56	970	214	0	0	0	-56	956	211	1606974638
-48	-52	-41	0	-56	-69	-67	-67	-75	-72	-76	-74	-79	-67	0	0	0	-86	-84	-85	0	-77	-84	-86	-76	0	-85	-93	-93	0	0	0	0	-69	0	0	0	-94	0	-94	0	0	0	0	-84	-84	-86	0	0	0	-84	0	0	0	0	0	0	0	0	0	0	0	0	0	0	0	-86	0	0	-92	0	0	0	0	0	0	0	0	0	0	0	-56	0	0	0	0	0	0	0	0	0	0	0	0	0	0	0	0	0	0	0	0	0	0	0	0	0	0	0	0	0	0	0	0	0	0	0	0	0	0	4334	-2393	2290	23695	-7756	-324	-57	971	212	0	0	0	-56	956	210	1606974640
-48	-50	-39	-52	0	0	-66	-67	-75	0	-77	-75	-78	-66	0	0	0	-85	-86	-85	0	-75	-86	-85	0	0	-84	-91	-94	0	0	-91	0	-70	0	0	0	-95	-89	-95	0	0	0	0	0	0	0	0	0	0	0	0	0	0	0	0	0	0	0	-93	0	0	0	0	0	0	0	0	0	0	0	0	0	0	0	0	0	0	0	0	0	0	0	0	0	0	0	0	0	0	0	0	0	0	0	0	0	0	0	0	0	0	0	0	0	0	0	0	0	0	0	0	0	0	0	0	0	0	0	0	4334	-2423	2245	23694	-7754	-323	-56	971	214	0	0	0	-56	956	211	1606974641
-52	-48	-41	-53	-53	0	0	-69	-75	-74	-75	-75	-79	-65	0	0	0	-87	-85	-84	0	-75	-85	-86	0	0	-86	-90	-92	0	0	-93	-93	-68	0	0	-93	-94	-90	-94	0	0	0	0	0	0	0	0	0	0	0	0	0	0	0	-89	0	0	0	0	0	0	0	0	0	0	0	0	0	0	0	0	0	0	0	0	0	0	0	0	0	-63	0	0	0	0	0	0	0	0	0	0	0	0	0	0	0	0	0	0	0	0	0	0	0	0	0	0	0	0	0	0	0	0	0	0	0	0	0	0	4364	-2401	2320	23695	-7757	-324	-56	969	213	0	0	-1	-56	956	210	1606974643
-48	-48	0	-52	-55	0	0	-65	-76	-74	-76	-75	-79	-65	0	0	0	-85	-85	-86	0	0	-85	-85	0	0	-86	-92	-92	0	0	-94	0	-68	0	0	-95	-95	-90	0	0	0	0	0	0	0	0	0	0	0	0	0	0	0	0	0	0	0	0	0	0	0	0	0	0	0	0	0	0	0	0	0	0	0	0	0	0	0	0	0	0	-55	0	0	0	0	0	0	0	0	0	0	0	0	0	0	0	0	0	0	0	0	0	0	0	0	0	0	0	0	0	0	0	0	0	0	0	0	0	0	4319	-2408	2290	23694	-7754	-325	-56	970	213	0	0	-1	-56	956	211	1606974645
-52	-49	-40	-51	-55	0	-69	-64	-75	-72	-74	-75	-78	-65	0	0	0	-85	-86	-85	0	-71	-85	-85	0	0	-86	-93	-91	0	-93	-91	0	-67	0	0	-94	-96	-90	-95	0	0	0	0	0	0	0	0	0	0	0	0	0	0	0	0	0	0	0	0	0	0	0	0	0	0	0	0	0	-90	0	0	0	0	0	0	0	0	0	0	0	-55	0	0	0	0	0	0	0	0	0	0	0	0	0	0	0	0	0	0	0	0	0	0	0	0	0	0	0	0	0	0	0	0	0	0	0	0	0	0	4334	-2423	2245	23695	-7758	-324	-56	970	213	0	0	0	-56	956	210	1606974646
-49	-52	-40	-51	-54	-60	-65	-66	-69	0	-68	-68	-72	-66	0	-85	0	-82	-83	-82	0	-74	-82	-82	0	0	-89	-92	-91	0	0	-93	0	-56	-59	0	0	0	-90	0	0	-89	0	0	0	0	0	0	0	0	0	0	0	0	0	0	0	0	0	0	0	0	0	0	0	0	0	0	0	0	0	0	0	0	0	0	0	0	0	0	0	0	0	0	0	0	0	0	0	0	0	0	0	0	0	0	0	0	0	0	0	0	0	0	0	0	0	0	0	0	0	0	0	0	0	0	0	0	0	0	4334	-2423	2305	23695	-7756	-323	-56	970	213	0	0	-1	-56	956	210	1606974648
-49	-53	-51	-52	-53	0	-65	0	-69	0	0	-70	-73	-68	0	0	0	0	-82	-83	0	-75	0	-81	0	0	-87	-93	-93	0	0	-92	0	-56	-58	0	0	0	-93	0	0	0	0	0	0	0	0	0	0	0	0	0	0	0	0	0	0	0	0	0	0	0	0	0	0	0	0	0	0	-90	0	0	0	0	0	0	0	0	0	0	0	-67	0	0	0	0	0	0	0	0	0	0	0	0	0	0	0	0	0	0	0	0	0	0	0	0	0	0	0	0	0	0	0	0	0	0	0	0	0	0	4289	-2408	2283	23695	-7756	-324	-57	970	214	0	0	0	-56	956	210	1606974649
-48	-49	-48	-50	-56	-60	-67	-70	-70	0	-70	-69	-72	-70	0	0	0	0	-82	-82	0	-74	0	-83	0	0	-85	-92	-90	0	0	-92	0	-59	-59	0	0	0	-91	0	0	0	0	0	-84	0	0	-86	0	0	0	0	0	0	0	0	0	0	0	0	0	0	0	0	0	0	0	0	0	0	-83	0	0	0	0	0	0	0	0	0	0	-60	0	0	0	0	0	0	0	0	0	0	0	0	0	0	0	0	0	0	0	0	0	0	0	0	0	0	0	0	0	0	0	0	0	0	0	0	0	0	4379	-2453	2276	23696	-7759	-324	-57	970	213	0	0	-1	-56	956	210	1606974651
-47	-49	0	-51	-55	-69	-65	0	-75	-74	-74	-84	-82	0	0	-85	0	0	-84	-85	0	-72	0	-86	0	0	-84	-93	-91	0	-91	-91	0	-67	0	0	-93	-94	-91	0	0	-91	0	0	0	0	0	0	0	-87	0	0	0	0	0	0	0	0	0	0	0	0	0	0	0	0	0	0	0	-88	0	0	0	0	0	0	0	0	0	0	0	-59	0	0	0	0	0	0	0	0	0	0	0	0	0	0	0	0	0	0	0	0	0	0	0	0	0	0	0	0	0	0	0	0	0	0	0	0	0	0	4266	-2423	2245	23694	-7755	-324	-57	970	215	0	0	-1	-56	956	211	1606974653
-47	-51	-44	-51	-55	0	-67	-66	-69	-74	-68	-69	-72	-70	0	0	0	0	-82	-82	0	-73	0	-82	0	0	-82	0	0	0	0	0	0	-57	0	0	0	0	-89	0	0	0	0	0	0	0	0	0	0	-87	0	0	0	0	0	0	0	0	0	0	0	0	0	0	0	0	0	0	-94	-94	0	0	0	0	0	0	0	0	0	0	0	-59	0	0	0	0	0	0	0	0	0	0	0	0	0	0	0	0	0	0	0	0	0	0	0	0	0	0	0	0	0	0	0	0	0	0	0	0	0	0	4424	-2476	2276	23695	-7755	-323	-57	970	212	0	0	0	-56	956	211	1606974654
-47	-54	-40	-53	-54	0	-71	-72	-76	-74	-75	-74	-80	-73	0	0	0	0	-85	-85	0	-74	0	-85	0	0	-85	0	-93	0	0	-92	0	-67	0	0	0	-95	-89	-93	0	0	0	0	0	0	0	-85	0	0	0	0	0	0	0	0	0	0	0	0	0	0	0	0	0	0	0	0	0	-91	0	0	0	0	0	0	0	0	0	0	0	-55	0	0	0	0	0	0	0	0	0	0	0	0	0	0	0	0	0	0	0	0	0	0	0	0	0	0	0	0	0	0	0	0	0	0	0	0	0	0	4364	-2423	2305	23695	-7758	-323	-57	970	213	0	-1	-1	-56	956	210	1606974656
-52	-55	-39	-52	-54	-69	-67	-67	-76	-73	-75	-76	-81	-69	0	0	0	0	-86	-87	0	-74	0	-86	0	0	0	-92	-92	0	0	0	0	-68	0	0	-94	0	0	0	0	-88	0	0	0	0	0	0	0	0	0	0	0	0	0	0	0	0	0	0	0	0	0	0	0	0	0	0	0	0	0	0	0	0	0	0	0	0	0	0	0	-55	0	0	0	0	0	0	0	0	0	0	0	0	0	0	0	0	0	0	0	0	0	0	0	0	0	0	0	0	0	0	0	0	0	0	0	0	0	0	4364	-2408	2312	23694	-7755	-323	-57	970	213	0	-1	-1	-56	956	211	1606974658
-51	-51	-39	-50	-54	-70	-69	0	-75	-73	-75	-75	-82	-70	0	0	0	0	-84	-84	0	-74	0	-84	0	0	-82	-92	-91	0	0	-93	0	-68	0	0	-94	-95	-91	-94	0	0	0	0	0	0	0	-85	0	0	0	0	0	0	0	0	0	0	0	0	0	0	0	0	0	0	0	0	0	-91	0	0	0	0	0	0	0	0	0	0	0	-56	0	0	0	0	0	0	0	0	0	0	0	0	0	0	0	0	0	0	0	0	0	0	0	0	0	0	0	0	0	0	0	0	0	0	0	0	0	0	4364	-2408	2260	23694	-7754	-323	-56	971	214	-1	0	-1	-56	956	211	1606974659
-51	-51	-40	-52	-55	-59	-72	-70	-70	0	-70	-70	-73	-71	0	0	0	0	-81	-80	0	0	0	-81	0	0	-84	0	-92	0	0	0	0	-59	-60	0	0	0	-92	0	0	0	0	0	-86	0	0	0	0	0	0	0	0	0	0	0	0	0	0	0	0	0	0	0	0	0	0	0	0	-90	-86	0	0	0	0	0	0	0	0	0	0	-63	0	0	0	0	0	0	0	0	0	0	0	0	0	0	0	0	0	0	0	0	0	0	0	0	0	0	0	0	0	0	0	0	0	0	0	0	0	0	4319	-2408	2275	23695	-7758	-324	-57	970	213	-1	-1	-1	-56	956	210	1606974661
-51	-50	-39	-51	-55	-71	-70	-70	-75	0	-75	-75	-84	-70	0	0	0	0	-86	-86	0	-75	0	-86	0	0	-85	-93	-92	0	0	-91	0	-69	0	0	-93	-94	-91	-95	0	0	0	0	-87	0	0	0	0	0	0	0	0	0	0	0	0	0	0	0	0	0	0	0	0	0	0	0	0	0	0	0	0	0	0	0	0	0	0	0	0	-63	0	0	0	0	0	0	0	0	0	0	0	0	0	0	0	0	0	0	0	0	0	0	0	0	0	0	0	0	0	0	0	0	0	0	0	0	0	0	4372	-2423	2290	23694	-7753	-323	-57	970	213	0	0	0	-56	955	211	1606974663
-50	-50	-40	-53	-56	-71	-69	0	-76	-73	-77	-75	-79	0	0	-81	0	0	-85	-85	0	0	0	-85	0	0	-83	-92	-92	0	0	-91	0	-69	0	0	0	0	-92	-94	0	0	0	0	0	0	0	0	0	0	0	0	0	0	0	0	0	0	0	0	0	0	0	0	0	0	0	0	0	0	0	0	0	0	0	0	0	0	0	0	0	-55	0	0	0	0	0	0	0	0	0	0	0	0	0	0	0	0	0	0	0	0	0	0	0	0	0	0	0	0	0	0	0	0	0	0	0	0	0	0	4349	-2408	2201	23695	-7755	-323	-56	971	214	-1	0	-1	-56	956	211	1606974664
-48	-54	-40	-51	-56	-70	-68	-68	-75	0	-74	-76	-80	-68	0	-84	-74	0	-86	-86	-74	-74	0	-85	-75	-74	-83	-92	-91	0	0	-92	0	-68	0	-94	-95	0	-91	-94	0	0	0	0	0	0	0	0	0	0	0	0	0	0	0	0	0	0	0	0	0	0	0	0	0	0	0	0	0	0	0	0	0	0	0	0	0	0	0	0	0	-64	0	0	0	0	0	0	0	0	0	0	0	0	0	0	0	0	0	0	0	0	0	0	0	0	0	0	0	0	0	0	0	0	0	0	0	0	0	0	4289	-2363	2297	23695	-7757	-324	-56	970	212	0	0	-1	-56	956	210	1606974666
0	-55	-39	-53	-57	-70	-68	-73	-75	-73	-75	-75	-80	-72	0	0	0	0	-85	-86	-73	-74	0	-85	0	0	-85	-92	-92	0	0	-90	0	-67	0	0	0	-94	-91	-95	0	0	0	0	0	0	0	0	0	0	0	0	0	0	0	0	0	0	0	0	0	0	0	0	0	0	0	0	0	0	0	0	0	0	0	0	0	0	0	0	0	0	0	0	0	0	0	0	0	0	0	0	0	0	0	0	0	0	0	0	0	0	0	0	0	0	0	0	0	0	0	0	0	0	0	0	0	0	0	0	4379	-2423	2305	23695	-7755	-323	-57	970	213	0	-1	-1	-56	956	211	1606974667
-50	-48	-40	-50	-57	-69	-67	-66	-75	-73	-74	-75	-77	-66	0	0	-73	0	-85	-85	0	-70	0	-85	0	0	-83	-91	-93	0	-92	-91	-90	-63	0	0	-93	-94	0	0	0	0	0	0	-86	-85	-85	0	0	0	-86	0	0	0	0	0	0	0	0	0	0	0	0	0	0	0	0	0	0	0	0	0	0	0	0	0	0	0	0	0	0	-62	0	0	0	0	0	0	0	0	0	0	0	0	0	0	0	0	0	0	0	0	0	0	0	0	0	0	0	0	0	0	0	0	0	0	0	0	0	0	4364	-2423	2283	23695	-7757	-324	-57	970	214	-1	0	-1	-56	956	210	1606974669
-47	-48	-40	-49	-54	-74	-69	-71	-75	-73	-76	-75	-78	-71	0	0	-71	0	-86	-84	-72	-72	0	-85	-72	-71	-87	-91	-92	0	-91	-91	-91	-69	0	-92	-95	-93	-90	-94	-94	0	0	0	0	0	-83	0	0	0	0	0	0	0	0	0	0	0	0	0	0	0	0	0	0	0	0	0	0	0	0	0	0	0	0	0	0	0	0	0	0	-57	0	0	0	0	0	0	0	0	0	0	0	0	0	0	0	0	0	0	0	0	0	0	0	0	0	0	0	0	0	0	0	0	0	0	0	0	0	0	4258	-2423	2260	23695	-7758	-323	-56	970	213	0	0	-1	-56	956	210	1606974671
-52	-49	-40	0	-54	-67	0	0	-75	0	-75	-74	-79	0	0	0	0	0	-85	-86	0	0	0	-86	0	0	-79	-92	-91	0	0	-91	0	-66	-60	0	0	0	-91	0	0	0	0	0	-85	0	0	0	0	0	0	0	0	0	0	0	0	0	0	0	0	0	0	0	0	0	0	0	0	-89	-83	0	0	0	0	0	0	0	0	0	0	-63	0	0	0	0	0	0	0	0	0	0	0	0	0	0	0	0	0	0	0	0	0	0	0	0	0	0	0	0	0	0	0	0	0	0	0	0	0	0	4289	-2393	2275	23695	-7755	-323	-57	971	213	0	0	0	-56	956	211	1606974672
-49	-50	-40	-52	-51	-68	-68	-70	-75	-73	-75	-76	-77	-70	0	-85	0	0	-85	-85	0	-72	0	-85	0	0	-88	-92	-92	0	0	-93	0	-72	0	-94	0	-95	-91	-95	0	0	0	0	0	0	0	0	0	0	0	0	0	0	0	0	0	0	0	0	0	0	0	0	0	0	0	0	0	0	0	0	0	0	0	0	0	0	0	0	0	0	0	0	0	0	0	0	0	0	0	0	0	0	0	0	0	0	0	0	0	0	0	0	0	0	0	0	0	0	0	0	0	0	0	0	0	0	0	0	4327	-2468	2290	23695	-7755	-323	-57	971	214	-1	0	-1	-56	956	211	1606974674
-55	-48	-41	0	-54	0	0	-66	-69	-70	-67	-69	-73	0	0	0	0	0	-83	-83	-73	-72	0	-83	-71	-72	-85	-93	-92	0	0	-92	0	-59	0	0	0	0	-90	0	0	0	0	0	-85	-87	0	0	0	0	-85	0	0	0	0	0	0	0	0	0	0	0	0	0	0	0	0	0	0	0	0	0	0	0	0	0	0	0	0	0	0	-55	0	0	0	0	0	0	0	0	0	0	0	0	0	0	0	0	0	0	0	0	0	0	0	0	0	0	0	0	0	0	0	0	0	0	0	0	0	0	4394	-2454	2305	23696	-7759	-323	-56	971	211	-1	0	0	-56	956	210	1606974676
-51	-50	-38	-49	-56	0	0	-72	-75	0	-74	-73	-80	0	0	0	0	0	-85	-85	0	0	0	-86	0	0	-84	-92	-92	0	0	0	0	-67	0	0	-95	-96	-89	-95	0	0	0	0	0	0	0	0	0	0	0	0	0	0	0	0	0	0	0	0	0	0	0	0	0	0	0	0	0	0	0	0	0	0	0	0	0	0	0	0	0	-55	0	0	0	0	0	0	0	0	0	0	0	0	0	0	0	0	0	0	0	0	0	0	0	0	0	0	0	0	0	0	0	0	0	0	0	0	0	0	4417	-2424	2320	23694	-7753	-323	-57	970	213	-1	0	0	-56	956	211	1606974677
-48	-49	-42	-52	-55	0	-66	-66	-74	-71	-75	-74	-80	-65	0	0	0	0	-85	-85	0	0	0	-85	0	0	-87	-92	-92	0	0	-93	-92	-66	0	0	0	0	-93	-95	0	0	0	0	-85	-87	0	0	0	0	0	0	0	0	0	0	0	0	0	0	0	0	0	0	0	0	0	0	0	0	0	0	0	0	0	0	0	0	0	0	0	-68	0	0	0	0	0	0	0	0	0	0	0	0	0	0	0	0	0	0	0	0	0	0	0	0	0	0	0	0	0	0	0	0	0	0	0	0	0	0	4334	-2423	2290	23695	-7755	-323	-56	970	214	-1	-1	-1	-56	956	211	1606974679
-51	-48	-42	-52	-55	0	-68	-65	-75	-76	-75	-75	-78	-67	0	0	-72	0	-84	-84	-71	-73	0	-85	-71	-72	-87	-90	-90	0	0	-92	-91	-68	0	0	-94	-93	-90	-94	0	0	-89	0	-83	-85	-85	0	0	0	0	0	0	0	0	0	0	0	0	0	0	0	0	0	0	0	0	0	0	0	0	0	0	0	0	0	0	0	0	0	0	-54	0	0	0	0	0	0	0	0	0	0	0	0	0	0	0	0	0	0	0	0	0	0	0	0	0	0	0	0	0	0	0	0	0	0	0	0	0	0	4379	-2423	2305	23695	-7758	-323	-57	971	213	0	0	-1	-56	956	210	1606974680
-51	-49	-41	-52	-54	0	-65	-70	-75	0	-75	-75	-79	-70	0	0	0	0	-86	-85	0	-71	0	-86	0	0	-87	-94	0	0	0	-92	0	-70	0	0	-95	-94	-88	-93	-93	0	0	0	0	0	0	0	0	-88	0	0	-88	0	0	0	0	0	0	0	0	0	0	0	0	0	0	0	0	0	0	0	0	0	0	0	0	0	0	0	0	-64	0	0	0	0	0	0	0	0	0	0	0	0	0	0	0	0	0	0	0	0	0	0	0	0	0	0	0	0	0	0	0	0	0	0	0	0	0	0	4349	-2408	2305	23695	-7758	-323	-56	970	214	0	0	-1	-56	956	210	1606974682
-51	-49	-41	-52	-54	0	-66	-66	-75	0	-74	-75	-79	-65	0	0	0	0	-85	-85	0	0	-86	-84	0	0	-85	-92	-90	0	-90	-90	-91	-69	0	0	-95	0	-88	-95	0	-91	0	0	0	0	0	0	0	0	0	0	0	0	0	0	0	0	0	0	0	0	0	0	0	0	0	0	0	0	0	0	0	0	0	0	0	0	0	0	0	-64	0	0	0	0	0	0	0	0	0	0	0	0	0	0	0	0	0	0	0	0	0	0	0	0	0	0	0	0	0	0	0	0	0	0	0	0	0	0	4379	-2326	2290	23695	-7757	-324	-56	971	213	0	0	-1	-56	956	211	1606974683
-48	-51	-41	-53	-55	0	-69	-65	-75	-78	-74	-75	-81	0	0	0	0	0	-86	-86	0	-72	0	-86	0	0	-87	-90	-91	0	0	-90	0	-69	0	0	-93	-96	-91	-96	-95	0	0	0	0	0	0	0	0	0	0	0	0	0	0	0	0	0	0	0	0	0	0	0	0	-94	0	0	0	-91	0	0	0	0	0	0	0	0	0	0	0	-64	0	0	0	0	0	0	0	0	0	0	0	0	0	0	0	0	0	0	0	0	0	0	0	0	0	0	0	0	0	0	0	0	-88	0	0	0	0	0	4424	-2453	2238	23695	-7759	-323	-56	970	212	0	0	-1	-56	956	210	1606974685
-52	-48	-40	-52	-55	-60	0	0	-68	0	-69	-70	-73	-69	0	0	0	0	-82	-82	0	-71	-81	-82	0	0	-85	-92	-91	0	0	-92	0	-59	0	0	0	0	-91	0	0	0	0	0	0	0	0	0	0	0	0	0	0	0	0	0	0	0	0	0	0	0	0	0	0	0	0	0	0	0	0	0	0	0	0	0	0	0	0	0	0	0	0	0	0	0	0	0	0	0	0	0	0	0	0	0	0	0	0	0	0	0	0	0	0	0	0	0	0	0	0	0	0	0	0	0	0	0	0	0	4334	-2423	2305	23695	-7759	-324	-56	971	213	0	-1	-1	-56	956	210	1606974687
-51	-49	-41	-53	-53	-70	-63	-63	-76	0	-75	-75	-79	-63	0	-87	0	0	-85	-85	0	-75	-86	-84	0	0	-86	-91	-91	0	0	-91	0	-68	-60	0	0	-94	-89	-95	-92	0	0	0	-86	-85	-85	0	-86	0	-83	0	0	0	0	0	0	0	0	0	0	0	0	0	0	0	0	0	0	0	0	0	0	0	0	0	0	0	0	0	0	0	0	0	0	0	0	0	0	0	0	0	0	0	0	0	0	0	0	0	0	0	0	0	0	0	0	0	0	0	0	0	0	0	0	0	0	0	0	0	4289	-2378	2290	23694	-7753	-323	-57	970	215	-1	0	-1	-56	956	211	1606974688
-47	-50	-41	-51	-54	-69	-67	0	-74	-73	-74	-75	-79	0	0	0	-75	0	-84	-85	-75	-75	-85	-85	-76	-74	-85	0	0	0	0	0	0	-68	0	0	0	0	-93	-95	0	0	0	0	0	0	0	0	0	0	0	0	0	0	0	0	0	0	0	0	0	0	0	0	0	0	0	0	0	0	0	0	0	0	0	0	0	0	0	0	0	0	0	0	0	0	0	0	0	0	0	0	0	0	0	0	0	0	0	0	0	0	0	0	0	0	0	0	0	0	0	0	0	0	0	0	0	0	0	0	4364	-2408	2320	23695	-7758	-323	-56	970	212	0	-1	-1	-56	956	210	1606974690
-48	-48	-41	-51	-54	-70	0	0	-75	0	-75	-75	-79	-65	0	0	-74	0	-85	-85	-74	-75	-85	-86	-75	-74	-84	0	-93	0	0	-94	0	-70	-59	0	-95	-96	-89	-96	0	0	0	0	0	0	0	0	-83	0	-82	0	0	0	0	0	0	0	0	0	0	0	0	0	0	0	0	0	0	0	0	0	0	0	0	0	0	0	0	0	0	-64	0	0	0	0	0	0	0	0	0	0	0	0	0	0	0	0	0	0	0	0	0	0	0	0	0	0	0	0	0	0	0	0	0	0	0	0	0	0	4326	-2408	2305	23695	-7757	-323	-56	970	213	-1	0	-1	-56	956	210	1606974691
-46	-50	-39	-51	-54	-69	-65	-66	-75	-74	-75	-76	-80	-66	0	0	0	0	-85	-84	0	-75	-86	-85	0	0	-84	0	-93	0	0	-93	0	-68	0	0	0	0	-90	0	0	0	0	0	0	0	-83	0	0	0	-87	0	0	0	0	0	0	0	0	0	0	0	0	0	0	0	0	0	0	-90	0	0	0	0	0	0	0	0	0	0	0	-55	0	0	0	0	0	0	0	0	0	0	0	0	0	0	0	0	0	0	0	0	0	0	0	0	0	0	0	0	0	0	0	0	0	0	0	0	0	0	4326	-2408	2305	23695	-7758	-323	-56	970	213	0	0	-1	-56	956	210	1606974693
-48	-51	0	-52	-55	-70	-67	-67	-74	0	-75	-74	-79	-67	0	0	0	0	-85	-85	0	-75	-85	-85	0	0	-84	-92	-93	0	0	-92	-91	-69	0	0	-94	-94	-89	-94	0	0	0	0	0	0	0	0	0	0	0	0	0	0	0	0	0	0	0	0	0	0	0	0	0	0	0	0	0	0	0	0	0	0	0	0	0	0	0	0	0	-55	0	0	0	0	0	0	0	0	0	0	0	0	0	0	0	0	0	0	0	0	0	0	0	0	0	0	0	0	0	0	0	0	0	0	0	0	0	0	4319	-2408	2275	23694	-7754	-323	-57	970	214	-1	0	-1	-56	956	211	1606974695
-47	-51	0	-51	-54	-70	0	0	-74	-74	-75	-76	-78	0	0	0	-73	0	-85	-85	0	-72	-85	-85	-73	-73	-85	-91	-91	0	-91	-90	-91	-70	0	-94	-94	-93	-87	-94	0	0	0	0	0	0	0	0	0	0	0	0	0	0	0	0	0	0	0	0	0	0	0	0	0	0	0	0	0	0	0	0	0	0	0	0	0	0	0	0	0	-64	0	0	0	0	0	0	0	0	0	0	0	0	0	0	0	0	0	0	0	0	0	0	0	0	0	0	0	0	0	0	0	0	0	0	0	0	0	0	4379	-2454	2380	23695	-7757	-323	-57	970	213	0	0	-1	-56	956	210	1606974696
-51	-50	-41	-51	-56	-69	-69	-66	-75	-74	-75	-75	-79	-67	0	-87	-73	0	-85	-84	-72	-71	-84	-85	-71	-71	-85	-92	-92	0	0	-92	0	-69	-60	0	-94	0	-91	-93	0	0	0	0	-85	0	-83	0	0	0	0	0	0	0	0	0	0	0	0	0	0	0	0	0	0	0	0	0	0	0	0	0	0	0	0	0	0	0	0	0	0	-54	0	0	0	0	0	0	0	0	0	0	0	0	0	0	0	0	0	0	0	0	0	0	0	0	0	0	0	0	0	0	0	0	0	0	0	0	0	0	4289	-2423	2320	23695	-7756	-323	-57	970	213	0	0	-1	-56	956	210	1606974698
-46	-51	-41	-51	-50	-70	-67	-66	-75	0	-74	-75	-80	-67	0	0	0	0	-85	-85	0	-73	-85	-85	0	0	-86	0	-92	0	0	-92	0	-71	0	0	-95	-95	-90	-94	0	0	0	0	-84	-85	-83	0	0	0	-82	0	0	0	0	0	0	0	0	0	0	0	0	0	0	0	0	0	0	0	0	0	0	0	0	0	0	0	0	0	0	-55	0	0	0	0	0	0	0	0	0	0	0	0	0	0	0	0	0	0	0	0	0	0	0	0	0	0	0	0	0	0	0	0	0	0	0	0	0	0	4364	-2408	2275	23695	-7758	-323	-57	971	212	0	0	-1	-56	956	210	1606974699
-47	-50	-40	-52	-56	-68	-65	0	-74	-72	-75	-75	-79	-66	-82	0	-72	0	-85	-85	-71	-72	-85	-84	-72	-72	-86	-90	-91	0	0	-92	0	-68	0	0	-93	-96	0	-94	0	0	0	0	0	0	0	0	0	0	0	0	0	0	0	0	0	0	0	0	0	0	0	0	0	0	0	0	0	0	0	0	0	0	0	0	0	0	0	0	0	-62	0	0	0	0	0	0	0	0	0	0	0	0	0	0	0	0	0	0	0	0	0	0	0	0	0	0	0	0	0	0	0	0	0	0	0	0	0	0	4334	-2400	2215	23695	-7758	-324	-56	970	213	0	0	-1	-56	956	210	1606974701
-51	-48	-42	-53	-52	-68	-66	-64	-75	-73	-75	-75	-78	-69	0	-88	-72	0	-85	-85	-72	-73	-84	-85	-71	-72	-84	-91	-93	0	0	-92	0	-69	0	0	-93	-93	-90	-95	0	0	-90	0	-83	0	0	-84	0	-87	0	0	-88	0	0	0	0	0	0	0	0	0	0	0	0	0	0	0	0	0	0	0	0	0	0	0	0	0	0	0	0	-55	0	0	0	0	0	0	0	0	0	0	-91	0	0	0	0	0	0	0	0	0	0	0	0	0	0	0	0	0	0	0	0	0	0	0	0	0	0	0	4319	-2423	2275	23695	-7756	-323	-57	970	214	-1	0	0	-56	956	211	1606974703
-50	-48	-41	-51	-53	0	0	-67	-70	-73	-69	-69	-72	0	-83	0	0	0	-81	-82	0	-71	-82	-82	0	0	-86	-92	-91	0	0	-91	0	-59	0	0	0	0	0	0	0	0	0	0	0	0	0	0	0	-89	0	0	0	0	0	0	0	0	0	0	0	0	0	0	0	0	0	0	0	0	0	0	0	0	0	0	0	0	0	0	0	-63	0	0	0	0	0	0	0	0	0	0	0	0	0	0	0	0	0	0	0	0	0	0	0	0	0	0	0	0	0	0	0	0	0	0	0	0	0	0	4379	-2401	2268	23695	-7758	-324	-57	970	212	0	-1	-1	-56	956	210	1606974704
0	-47	-39	-54	-55	0	-67	0	-70	0	-69	-69	-72	-67	0	0	-73	0	-82	-82	-72	-72	-82	-81	-71	-72	-86	-91	-93	0	-91	-91	0	-58	0	0	0	0	-89	0	0	0	0	0	0	0	0	0	0	0	0	0	0	0	0	0	0	0	0	0	0	0	0	0	0	0	0	0	0	-91	0	0	0	0	0	0	0	0	0	0	0	-56	0	0	0	0	0	0	0	0	0	0	0	0	0	0	0	0	0	0	0	0	0	0	0	0	0	0	0	0	0	0	0	0	0	0	0	0	0	0	4289	-2423	2305	23695	-7756	-323	-57	970	214	0	0	-1	-56	956	210	1606974706
-50	-51	-40	0	-54	0	0	0	-77	-72	-75	-75	-79	0	0	0	0	0	-85	-84	0	-75	-86	-85	0	0	-87	-92	-90	0	0	-91	0	-70	0	0	0	0	-90	-96	0	0	0	0	0	0	0	0	0	-85	0	0	0	0	0	0	0	0	0	0	0	0	0	0	0	0	0	0	0	-91	0	0	0	0	0	0	0	0	0	0	0	-63	0	0	0	0	0	0	0	0	0	0	0	0	0	0	0	0	0	0	0	0	0	0	0	0	0	0	0	0	0	0	0	0	0	0	0	0	0	0	4394	-2423	2305	23695	-7756	-323	-56	971	214	-1	0	-1	-56	956	210	1606974707
-46	-50	-41	-52	-54	0	-63	-68	-75	0	-75	-76	-79	-69	0	0	0	0	-85	-85	-75	-75	-84	-85	-74	-75	0	-91	-91	0	-90	-91	-92	-72	0	0	-93	-95	-89	-92	0	0	0	0	0	0	0	0	0	-84	0	0	0	0	0	0	0	0	0	0	0	0	0	0	0	0	0	0	0	-92	0	0	0	0	0	0	0	0	0	0	0	-54	0	0	0	0	0	0	0	0	0	0	0	0	0	0	0	0	0	0	0	0	0	0	0	0	0	0	0	0	0	0	0	0	0	0	0	0	0	0	4228	-2333	2290	23695	-7756	-324	-57	971	214	0	0	-1	-56	956	210	1606974709
-48	-50	-40	-51	-54	0	-66	-67	-75	-73	-74	-75	-79	-64	0	0	-75	0	-85	-85	0	0	-85	-85	0	0	-86	-91	-92	0	0	-91	-91	-70	0	0	-93	-96	0	-96	0	0	0	0	0	-73	-72	0	-72	-86	0	0	0	0	0	0	0	0	0	0	0	0	0	0	0	0	0	0	0	-91	0	0	0	0	0	0	0	0	0	0	0	-56	0	0	0	0	0	0	0	0	0	0	0	0	0	0	0	0	0	0	0	0	0	0	0	0	0	0	0	0	0	0	0	0	0	0	0	0	0	0	4319	-2393	2290	23696	-7761	-323	-57	971	213	-1	-1	-1	-56	956	210	1606974711
-44	-45	-40	-52	-54	0	-66	-65	-74	-72	-75	-74	0	-65	0	0	-75	0	-85	-85	-75	-73	-85	-85	-74	-74	-85	-91	-92	0	0	-92	0	-70	0	-94	-94	0	-90	-95	0	0	0	0	-84	-85	0	0	0	0	0	0	0	0	0	0	0	0	0	0	0	0	0	0	0	0	0	0	0	-88	0	0	0	0	0	0	0	0	0	0	0	-64	0	0	0	0	0	0	0	0	0	0	0	0	0	0	0	0	0	0	0	0	0	0	0	0	0	0	0	0	0	0	0	0	0	0	0	0	0	0	4311	-2408	2245	23695	-7756	-323	-57	970	213	0	0	-1	-56	956	210	1606974712
-48	-46	0	-53	-53	0	-65	0	-75	-72	-75	-75	0	-65	0	0	-74	0	-86	-85	-73	-74	-86	-85	-75	0	-85	-90	-93	0	0	-92	0	-70	0	0	-95	-95	-85	-95	0	0	0	0	0	0	0	0	0	0	0	0	0	0	0	0	0	0	0	0	0	0	0	0	0	0	0	0	0	0	0	0	0	0	0	0	0	0	0	0	0	0	0	0	0	0	0	0	0	0	0	0	0	0	0	0	0	0	0	0	0	0	0	0	0	0	0	0	0	0	0	0	0	0	0	0	0	0	0	0	4304	-2408	2275	23695	-7756	-324	-57	970	213	-1	0	0	-56	956	210	1606974714
-48	-48	-41	-52	-54	0	-65	-69	-74	-75	-76	-75	-79	-65	0	0	0	0	-84	-85	0	-75	-84	-85	0	0	-87	-92	-92	0	0	-92	0	-70	-60	0	-94	-96	-87	0	0	0	0	0	-87	0	0	0	0	0	0	0	-84	0	0	0	0	0	0	0	0	0	0	0	0	0	0	0	0	0	0	0	0	0	0	0	0	0	0	0	0	-56	0	0	0	0	0	0	0	0	0	0	0	0	0	0	0	0	0	0	0	0	0	0	0	0	0	0	0	0	0	0	0	0	0	0	0	0	0	0	4274	-2408	2275	23696	-7761	-323	-56	970	213	0	0	0	-56	956	210	1606974716
-48	-48	-42	-53	-52	0	0	-64	-75	-74	-76	-74	-80	-64	0	0	0	0	-85	-84	0	-76	-85	-85	0	0	-88	-91	0	0	0	-92	0	-69	0	0	-96	-93	-87	0	0	0	0	0	0	0	0	0	0	0	0	0	0	0	0	0	0	0	0	0	0	0	0	0	0	0	0	0	0	-90	0	0	0	0	0	0	0	0	0	0	0	0	0	0	0	0	0	0	0	0	0	0	0	0	0	0	0	0	0	0	0	0	0	0	0	0	0	0	0	0	0	0	0	0	0	0	0	0	0	0	4334	-2453	2261	23695	-7757	-323	-56	971	214	0	-1	-1	-56	956	210	1606974717
-48	-49	-42	-52	-49	0	-67	-64	-75	-73	0	-75	-79	-64	0	0	-75	0	-85	-85	0	-75	-85	-85	0	0	-87	-90	-93	0	0	-93	0	-69	0	0	-95	-95	-89	-95	0	0	0	0	-85	-85	-86	0	-86	0	0	0	0	0	0	0	0	0	0	0	0	0	0	0	0	0	0	0	0	0	0	0	0	0	0	0	0	0	0	0	0	-64	0	0	0	0	0	0	0	0	0	0	0	0	0	0	0	0	0	0	0	0	0	0	0	0	0	0	0	0	0	0	0	0	0	0	0	0	0	0	4334	-2408	2305	23695	-7757	-324	-57	970	213	-1	-1	0	-56	956	210	1606974719
-49	-48	-41	-53	-53	0	0	0	-75	-73	-75	-75	-79	-65	0	0	-75	0	-84	-86	0	-73	-84	-85	-74	-74	-86	-93	-92	0	0	-93	0	-70	0	0	-95	-94	-88	-96	0	0	0	0	-84	-86	-83	0	-84	0	0	0	0	0	0	0	0	0	0	0	0	0	0	0	0	0	-87	0	0	0	0	0	0	0	0	0	0	0	0	0	0	-62	0	0	0	0	0	0	0	0	0	0	0	0	0	0	0	0	0	0	0	0	0	0	0	0	0	0	0	0	0	0	0	0	0	0	0	0	0	0	4364	-2453	2275	23696	-7758	-322	-57	970	213	0	0	0	-56	956	210	1606974720
-51	-47	0	-52	-54	0	-67	0	-76	-73	-75	-76	-77	-65	0	0	-74	0	-84	-85	-74	-75	-86	-85	0	-74	-87	-92	-92	0	0	-92	0	-69	0	-95	-94	-93	-91	0	0	0	0	0	-86	0	0	0	0	0	0	0	0	0	0	0	0	0	0	0	0	0	0	0	0	0	0	0	0	0	0	0	0	0	0	0	0	0	0	0	0	-63	0	0	0	0	0	0	0	0	0	0	0	0	0	0	0	0	0	0	0	0	0	0	0	0	0	0	0	0	0	0	0	0	0	0	0	0	0	0	4334	-2393	2290	23695	-7758	-323	-56	970	213	-1	0	-1	-56	956	210	1606974722
-52	-51	-41	-51	-54	0	-66	-70	-74	-71	-76	-75	-77	-70	0	0	-74	0	-85	-85	-75	-72	-85	-85	-75	-75	0	-92	-90	0	0	-90	0	-68	0	0	-95	-94	-90	-94	0	-91	0	0	0	0	0	0	0	0	0	0	0	0	0	0	0	0	0	0	0	0	0	0	0	0	0	0	0	-92	0	0	0	0	0	0	0	0	0	0	0	-56	0	0	0	0	0	0	0	0	0	0	0	0	0	0	0	0	0	0	0	0	0	0	0	0	0	0	0	0	0	0	0	0	0	0	0	0	0	0	4364	-2408	2290	23694	-7756	-324	-57	970	213	0	0	-1	-56	956	211	1606974724
0	-53	-42	-51	-54	0	-68	-66	-74	0	-75	-76	-77	-67	0	0	0	0	-85	-85	0	-75	-86	-85	0	0	-88	-91	-92	0	0	-91	-92	-70	0	0	-94	-94	-89	-94	0	0	0	0	0	0	0	0	0	0	0	0	0	0	0	0	0	0	0	0	0	0	0	0	0	0	0	0	0	0	0	0	0	0	0	0	0	0	0	0	0	-63	0	0	0	0	0	0	0	0	0	0	0	0	0	0	0	0	0	0	0	0	0	0	0	0	0	0	0	0	0	0	0	0	0	0	0	0	0	0	4379	-2423	2290	23696	-7760	-323	-57	971	213	-1	-1	0	-56	956	210	1606974725
-48	-50	-42	-50	-55	0	0	0	-75	-74	-75	-75	-77	0	0	0	0	0	-86	-86	0	-75	-85	-86	0	0	-86	-94	-94	0	0	0	0	-69	0	0	-94	-94	-91	-93	-94	0	0	0	0	-85	-85	0	-85	0	0	0	0	0	0	0	0	0	0	0	0	0	0	0	0	0	0	0	0	0	0	0	0	0	0	0	0	0	0	0	0	-55	0	0	0	0	0	0	0	0	0	0	0	0	0	0	0	0	0	0	0	0	0	0	0	0	0	0	0	0	0	0	0	0	0	0	0	0	0	0	4319	-2393	2290	23695	-7756	-324	-56	970	213	0	0	0	-56	956	210	1606974727
-49	-54	-41	-51	-55	0	-67	-68	-75	0	-76	-75	-78	-66	0	0	0	0	-85	-85	0	-75	-85	-85	0	0	-85	-93	0	0	0	-91	-92	-68	0	0	-94	0	-90	-94	0	0	0	0	0	0	0	0	0	0	0	0	0	0	0	-91	0	0	0	0	0	0	0	0	0	0	0	0	0	0	0	0	0	0	0	0	0	0	0	0	0	-58	0	0	0	0	0	0	0	0	0	0	0	0	0	0	0	0	0	0	0	0	0	0	0	0	0	0	0	0	0	0	0	0	0	0	0	0	0	0	4319	-2393	2268	23695	-7758	-323	-57	970	214	0	0	-1	-56	956	210	1606974728
-50	-53	-40	-51	-54	0	-67	-65	-76	-73	-76	-76	-77	-66	0	0	-74	0	-85	-84	-74	-74	-86	-85	-74	-74	-87	-91	0	0	0	-92	0	-68	0	0	0	-94	0	-95	0	0	0	0	0	0	0	0	0	0	0	0	0	0	0	0	0	0	0	0	0	0	0	0	0	0	0	0	0	0	0	0	0	0	0	0	0	0	0	0	0	-65	0	0	0	0	0	0	0	0	0	0	0	0	0	0	0	0	0	0	0	0	0	0	0	0	0	0	0	0	0	0	0	0	0	0	0	0	0	0	4364	-2423	2350	23696	-7761	-323	-57	971	212	0	0	-1	-56	956	210	1606974730
-48	-49	-41	-51	-54	0	0	-67	-77	0	-76	-76	-77	-66	0	0	-71	0	-86	-85	-74	-75	-85	-85	-74	-75	-85	-93	-92	0	0	-92	0	-69	0	0	-95	-94	-91	-95	0	0	0	0	0	0	0	0	0	0	0	0	0	0	0	0	0	0	0	0	0	0	0	0	0	0	0	0	0	0	0	0	0	0	0	0	0	0	0	0	0	-55	0	0	0	0	0	0	0	0	0	0	0	0	0	0	0	0	0	0	0	0	0	0	0	0	0	0	0	0	0	0	0	0	0	0	0	0	0	0	4334	-2393	2290	23695	-7755	-323	-55	971	214	-1	0	0	-56	956	211	1606974732
-51	0	-41	-51	-54	0	-69	-67	-76	0	-76	-76	-78	-66	0	0	-76	-85	-85	-85	0	-75	-86	-86	-74	-74	-90	-90	-92	0	0	-92	0	-70	0	0	-94	-94	-90	0	0	0	0	0	0	0	0	0	0	0	0	0	0	0	0	0	0	0	0	0	0	0	0	0	0	0	0	0	0	0	0	0	0	0	0	0	0	0	0	0	0	-55	0	0	0	0	0	0	0	0	0	0	0	0	0	0	0	0	0	0	0	0	0	0	0	0	0	0	0	0	0	0	0	0	0	0	0	0	0	0	4319	-2401	2290	23695	-7758	-323	-56	971	213	0	0	-1	-56	956	210	1606974733
-47	-54	-41	-52	-54	0	0	-68	-75	0	-75	-76	-78	-68	0	-89	-75	-85	-85	-84	-74	-75	-85	-85	-75	-74	-86	-91	-93	0	0	-90	0	-69	-60	0	-94	0	-90	-93	0	0	0	0	-89	-86	-86	0	0	0	-85	0	0	0	0	0	0	0	0	0	0	0	0	0	0	0	0	0	0	-91	0	0	0	0	0	0	0	0	0	0	0	-64	0	0	0	0	0	0	0	0	0	0	0	0	0	0	0	0	0	0	0	0	0	0	0	0	0	0	0	0	0	0	0	0	0	0	0	0	0	0	4334	-2378	2275	23696	-7760	-324	-56	970	213	0	0	0	-56	956	210	1606974735
0	-52	-42	-52	0	0	-66	-69	-76	-74	-75	-76	-77	-65	0	0	0	-85	-85	-86	0	-76	-85	-85	0	0	0	-92	-91	0	0	-91	0	-68	0	0	-94	-95	-91	0	0	0	0	0	0	0	0	0	0	0	0	0	0	0	0	0	0	0	0	0	0	0	0	0	0	0	0	0	0	0	-85	0	0	0	0	0	0	0	0	0	0	-64	0	0	0	0	0	0	0	0	0	0	0	0	0	0	0	0	0	0	0	0	0	0	0	0	0	0	0	0	0	0	0	0	0	0	0	0	0	0	4334	-2378	2290	23695	-7758	-324	-57	970	213	0	0	-1	-56	956	210	1606974736
-47	-51	-40	-53	-53	0	-65	-65	-75	0	-75	-75	-78	-66	0	0	0	-84	-85	-86	0	-75	-85	-85	0	0	-87	-92	-91	0	0	-92	0	-69	0	0	-95	-95	-88	-94	0	0	0	0	0	0	0	0	0	0	0	0	0	0	0	0	0	0	0	0	0	0	0	0	0	0	0	0	0	0	0	0	0	0	0	0	0	0	0	0	0	-64	0	0	0	0	0	0	0	0	0	0	0	0	0	0	0	0	0	0	0	0	0	0	0	0	0	0	0	0	0	0	0	0	0	0	0	0	0	0	4319	-2483	2246	23695	-7756	-324	-56	970	213	0	0	0	-56	956	210	1606974738
-46	-46	-41	-52	-54	0	-69	-66	-69	0	-70	-68	-73	-69	0	0	0	-83	-84	-84	0	-75	-83	-84	0	0	-87	-92	0	0	0	-91	0	-59	0	0	0	0	-90	0	0	0	0	0	0	0	0	0	0	0	0	0	0	0	0	0	0	0	0	0	0	0	0	0	0	0	0	0	0	0	0	0	0	0	0	0	0	0	0	0	0	-64	0	0	0	0	0	0	0	0	0	0	0	0	0	0	0	0	0	0	0	0	0	0	0	0	0	0	0	0	0	0	0	0	0	0	0	0	0	0	4326	-2423	2305	23696	-7762	-324	-57	971	212	-1	0	-1	-56	956	209	1606974740
-47	-51	-41	0	0	-60	-68	-66	-70	0	-70	-70	-72	-65	0	0	0	-84	-85	-83	0	0	-83	-83	0	0	-88	-91	-92	0	0	-91	0	-59	0	0	0	0	-89	0	0	0	0	0	0	0	0	-85	0	0	0	0	0	0	0	0	0	0	0	0	0	0	0	0	0	0	0	0	0	-91	0	0	0	0	0	0	0	0	0	0	0	0	0	0	0	0	0	0	0	0	0	0	0	0	0	0	0	0	0	0	0	0	0	0	0	0	0	0	0	0	0	0	0	0	0	0	0	0	0	0	4326	-2423	2305	23695	-7756	-323	-57	970	213	0	0	-1	-56	956	210	1606974741
-47	-50	-40	0	-54	0	-68	0	-70	-74	-70	-70	-72	0	0	0	0	-83	-83	-83	0	-75	-84	-84	0	0	-85	-91	-90	0	-91	-90	0	-59	0	0	0	0	-90	0	0	0	0	0	0	0	0	0	0	0	0	0	0	0	0	0	0	0	0	0	0	0	0	0	0	0	0	0	0	-93	-87	0	0	0	0	0	0	0	0	0	0	-64	0	0	0	0	0	0	0	0	0	0	0	0	0	0	0	0	0	0	0	0	0	0	0	0	0	0	0	0	0	0	0	0	0	0	0	0	0	0	4342	-2453	2305	23695	-7756	-324	-57	970	213	-1	0	-1	-56	956	210	1606974743
-50	-50	-40	-52	-54	0	0	-69	-75	0	-74	-76	-78	0	0	0	-76	-85	-85	-86	-75	-74	-85	-85	-76	-74	-87	-91	-91	0	0	-93	0	-67	0	0	-95	-95	-91	0	0	0	0	0	-86	0	0	0	0	0	0	0	0	0	0	0	0	0	0	0	0	0	0	0	0	0	0	0	0	0	-86	0	0	0	0	0	0	0	0	0	0	-65	0	0	0	0	0	0	0	0	0	0	0	0	0	0	0	0	0	0	0	0	0	0	0	0	0	0	0	0	0	0	0	0	0	0	0	0	0	0	4424	-2424	2290	23696	-7760	-324	-57	969	213	0	0	0	-56	956	210	1606974745
-46	-51	-41	-53	-55	-60	-65	-65	-69	0	-71	-69	-73	-67	0	0	-75	-84	-84	-84	-74	-75	-83	-83	-75	-75	-88	-91	-92	0	0	-92	0	-59	0	0	0	0	-89	0	0	0	0	0	0	0	0	0	0	0	0	0	0	0	0	0	0	0	0	0	0	0	0	0	0	0	0	0	0	0	0	0	0	0	0	0	0	0	0	0	0	-64	0	0	0	0	0	0	0	0	0	0	0	0	0	0	0	0	0	0	0	0	0	0	0	0	0	0	0	0	0	0	0	0	0	0	0	0	0	0	4319	-2408	2297	23695	-7756	-323	-56	970	213	-1	0	-1	-56	956	210	1606974746
-47	-50	-41	-52	-54	-69	-67	-65	-74	-74	-75	-75	-79	-67	0	0	0	-85	-85	-86	0	0	-86	-85	0	0	-87	-92	-93	0	0	-91	0	-68	0	0	-93	-94	-91	-95	0	0	0	0	0	0	0	0	0	0	0	0	0	0	0	0	0	0	0	0	0	0	0	0	0	0	0	0	0	0	0	0	0	0	0	0	0	0	0	0	0	-64	0	0	0	0	0	0	0	0	0	0	0	0	0	0	0	0	0	0	0	0	0	0	0	0	0	0	0	0	0	0	0	0	0	0	0	0	0	0	4334	-2423	2305	23695	-7756	-323	-57	970	213	0	-1	0	-56	956	211	1606974748
-47	-51	-40	-52	-55	-68	-64	-65	-74	-74	-75	-75	-78	-68	0	0	0	-85	-85	-85	-73	-73	-85	-85	0	-74	-88	-92	-93	0	0	-92	0	-67	0	0	-95	-94	0	0	0	0	0	0	-87	0	0	0	0	0	0	0	0	0	0	0	0	0	0	0	0	0	0	0	0	0	0	0	0	-92	0	0	0	0	0	0	0	0	0	0	0	0	0	0	0	0	0	0	0	0	0	0	0	0	0	0	0	0	0	0	0	0	0	0	0	0	0	0	0	0	0	0	0	0	0	0	0	0	0	0	4273	-2378	2305	23695	-7757	-323	-57	971	213	-1	0	-1	-56	956	210	1606974749
-51	-51	0	-52	-52	-70	0	-66	-74	0	-75	-75	-77	-66	0	0	0	-85	-85	-87	0	0	-85	-85	0	0	-85	-90	-93	0	0	-92	0	-68	0	0	0	0	-91	-95	-94	0	0	0	0	0	0	0	0	-85	0	0	0	0	0	0	0	-90	0	0	0	0	0	0	0	0	0	0	0	0	0	0	0	0	0	0	0	0	0	0	0	-63	0	0	0	0	0	0	0	0	0	0	0	0	0	0	0	0	0	0	0	0	0	0	0	0	0	0	0	0	0	0	0	0	0	0	0	0	0	0	4341	-2378	2260	23695	-7759	-323	-57	970	213	0	-1	-1	-56	956	210	1606974751
-51	-48	-39	-52	0	-60	-64	-67	-70	0	-69	-69	-72	-64	0	0	0	-84	-82	-83	0	-75	-84	-84	0	0	-86	-91	-90	0	0	-93	0	-58	0	0	0	0	-90	0	0	0	0	0	0	0	0	0	0	0	0	0	0	0	0	0	-89	0	0	0	0	-87	0	0	0	0	0	0	0	0	0	0	0	0	0	0	0	0	0	0	0	-55	0	0	0	0	0	0	0	0	0	0	0	0	0	0	0	0	0	0	0	0	0	0	0	0	0	0	0	0	0	0	0	0	0	0	0	0	0	0	4334	-2401	2365	23694	-7754	-323	-57	970	213	-1	0	0	-56	956	211	1606974752
-47	-50	-41	-53	-54	-68	0	-69	-75	-75	-76	-75	-78	0	0	0	-75	-86	-86	-85	-75	-74	-86	-86	-75	-74	-86	-92	-91	0	0	-92	0	-69	0	0	-95	-96	-90	-95	0	-91	0	0	0	0	0	0	0	0	0	0	0	0	0	0	0	0	0	0	0	0	0	0	0	0	0	0	0	0	0	0	0	0	0	0	0	0	0	0	0	0	0	0	0	0	0	0	0	0	0	0	0	0	0	0	0	0	0	0	0	0	0	0	0	0	0	0	0	0	0	0	0	0	0	0	0	0	0	0	4289	-2408	2305	23695	-7757	-324	-56	971	213	0	0	-1	-56	956	210	1606974754
-49	-53	-40	-51	-55	0	-67	-67	-69	0	-69	-69	-73	-66	0	0	0	-83	-83	-84	-74	-75	-83	-83	-74	-74	-85	-92	-91	0	0	-93	0	-59	0	0	0	0	-89	0	0	-92	0	0	-86	0	0	0	0	0	0	0	0	0	0	0	0	0	0	0	0	0	0	0	0	-93	0	0	0	-91	0	0	0	0	0	0	0	0	0	0	0	-63	0	0	0	0	0	0	0	0	0	0	0	0	0	0	0	0	0	0	0	0	0	0	0	0	0	0	0	0	0	0	0	0	0	0	0	0	0	0	4364	-2408	2290	23695	-7758	-324	-56	970	213	0	-1	0	-56	956	210	1606974755
-50	-49	-41	-53	-56	0	-63	-63	-69	-72	0	-69	-73	-63	0	0	0	-83	-83	-83	0	-73	-83	-83	0	0	-83	-92	-93	0	0	-93	0	-57	0	0	0	0	-92	0	0	0	0	0	0	0	0	0	0	0	0	0	0	0	0	0	0	0	0	0	0	0	0	0	0	0	0	0	0	0	0	0	0	0	0	0	0	0	0	0	0	-56	0	0	0	0	0	0	0	0	0	0	0	0	0	0	0	0	0	0	0	0	0	0	0	0	0	0	0	0	0	0	0	0	0	0	0	0	0	0	4379	-2386	2290	23694	-7756	-324	-56	971	213	0	0	0	-56	956	211	1606974757
-51	-49	0	-50	-55	0	-65	-65	-75	-72	-76	-75	-77	-67	0	0	-75	-86	-86	-85	-76	-74	-86	-85	-75	-74	0	-91	-91	0	0	-93	0	-65	-62	0	-93	-94	-90	-94	0	0	0	0	-85	0	0	0	0	0	0	0	0	0	0	0	0	0	0	0	0	0	0	0	0	-93	0	0	0	0	0	0	0	0	0	0	0	0	0	0	0	-64	0	0	0	0	0	0	0	0	0	0	0	0	0	0	0	0	0	0	0	0	0	0	0	0	0	0	0	0	0	0	0	0	0	0	0	0	0	0	4364	-2483	2261	23694	-7755	-323	-57	970	212	0	-1	-1	-56	956	211	1606974758
-47	-50	-41	-51	-57	0	-64	-62	-75	-72	-75	-74	-78	-65	0	0	0	-86	-86	-85	0	-75	-86	-86	0	0	0	-92	0	0	0	-92	0	-64	0	0	0	0	-90	0	0	0	0	0	0	0	0	0	0	0	0	0	0	0	0	0	0	0	0	0	0	0	0	0	0	0	0	0	0	-89	0	0	0	0	0	0	0	0	0	0	0	-55	0	0	0	0	0	0	0	0	0	0	0	0	0	0	0	0	0	0	0	0	0	0	0	0	0	0	0	0	0	0	0	0	0	0	0	0	0	0	4379	-2378	2275	23695	-7757	-323	-57	970	213	0	0	-1	-56	956	210	1606974760
-50	-47	-39	-49	-57	0	-67	-68	-70	-72	0	-70	-71	-66	0	0	0	-86	-85	-85	0	-73	-85	-85	0	0	-84	-91	-92	0	0	0	0	-59	0	0	0	0	-90	0	0	0	0	0	-87	-86	-84	0	0	0	0	0	0	0	0	-90	0	-90	0	0	0	0	0	0	0	0	0	0	0	-92	0	0	0	0	0	0	0	0	0	0	0	-62	0	0	0	0	0	0	0	0	0	0	0	0	0	0	0	0	0	0	0	0	0	0	0	0	0	0	0	0	0	0	0	0	0	0	0	0	0	0	4364	-2468	2320	23694	-7755	-324	-56	970	213	0	0	0	-56	956	211	1606974762
-54	-53	-40	-58	-55	0	-66	-65	-76	0	-76	-76	-78	-68	0	0	0	-86	-85	-86	0	-72	-86	-86	0	0	0	-92	-92	0	0	-90	0	-70	0	-92	-94	-94	-92	-95	0	0	0	0	0	0	0	-88	0	-89	0	0	0	0	0	0	0	0	0	0	0	0	0	0	0	0	0	0	0	-90	0	0	0	0	0	0	0	0	0	0	0	-54	0	0	0	0	0	0	0	0	0	0	0	0	0	0	0	0	0	0	0	0	0	0	0	0	0	0	0	0	0	0	0	0	0	0	0	0	0	0	4364	-2378	2320	23695	-7757	-324	-56	970	212	0	0	0	-56	956	210	1606974763
-48	-48	-40	-53	-47	0	-69	-69	-75	-73	-75	-77	-78	-70	0	-87	-72	-84	-85	-85	-73	-72	-84	-85	-72	-72	0	-92	-95	0	0	-92	0	-67	0	0	-92	-93	-92	-94	0	0	0	0	0	0	0	0	0	0	0	0	0	0	0	0	0	0	0	0	0	0	0	0	0	0	0	0	0	0	0	0	0	0	0	0	0	0	0	0	0	-54	0	0	0	0	0	0	0	0	0	0	0	0	0	0	0	0	0	0	0	0	0	0	0	0	0	0	0	0	0	0	0	0	0	0	0	0	0	0	4364	-2408	2275	23695	-7758	-324	-57	970	213	0	-1	-1	-56	956	210	1606974765
-51	-51	-41	0	-54	-59	0	0	-69	0	-71	-70	-74	0	0	0	-72	-83	-83	-83	-74	-73	-84	-84	-72	-72	-88	-93	-92	0	0	-92	0	-60	-58	0	0	0	-92	0	0	0	0	0	0	0	0	0	0	0	0	0	0	0	0	0	0	0	0	0	0	0	0	0	0	0	0	0	0	-91	0	0	0	0	0	0	0	0	0	0	0	-62	0	0	0	0	0	0	0	0	0	0	0	0	0	0	0	0	0	0	0	0	0	0	0	0	0	0	0	0	0	0	0	0	0	0	0	0	0	0	4281	-2408	2260	23694	-7755	-324	-57	970	214	0	0	0	-56	956	211	1606974767
-48	-48	-40	-51	-55	-70	-66	-67	-76	0	-75	-74	-78	-69	0	0	-72	-84	-84	-84	0	-72	-84	-85	-72	-73	-88	-92	0	0	0	-92	0	-71	0	0	-94	-97	-90	-94	0	0	0	0	0	0	0	0	0	0	0	0	0	0	0	0	0	0	0	0	0	0	0	0	0	0	0	0	0	0	0	0	0	0	0	0	0	0	0	0	0	-63	0	0	0	0	0	0	0	0	0	0	0	0	0	0	0	0	0	0	0	0	0	0	0	0	0	0	0	0	0	0	0	0	0	0	0	0	0	0	4394	-2468	2298	23695	-7756	-324	-57	970	213	-1	0	0	-56	956	210	1606974768
-48	-50	-40	-51	-55	-68	-66	-67	-74	-73	-76	-75	-76	-66	0	0	0	-85	-85	-84	0	0	-85	-85	0	0	-87	-92	-91	0	0	-91	0	-69	0	0	-94	0	-91	-95	0	0	0	0	0	0	0	0	0	0	0	0	0	0	0	0	0	0	0	0	0	0	0	0	0	0	0	0	0	0	0	0	0	0	0	0	0	0	0	0	0	-55	0	0	0	0	0	0	0	0	0	0	0	0	0	0	0	0	0	0	0	0	0	0	0	0	0	0	0	0	0	0	0	0	0	0	0	0	0	0	4296	-2423	2260	23695	-7759	-323	-56	971	213	0	0	-1	-56	956	210	1606974770
-48	-48	-41	-52	-53	-69	-67	-67	-76	-73	-74	-75	-78	-71	-81	0	0	-84	-85	-85	0	-73	-85	-84	0	0	-86	-92	-92	0	0	-93	0	-68	0	0	0	-95	-91	-95	0	0	0	0	-83	-84	-85	0	-83	0	-83	0	0	0	0	0	0	0	0	0	0	0	0	0	0	0	0	0	0	0	0	0	0	0	0	0	0	0	0	0	0	-55	0	0	0	0	0	0	0	0	0	0	0	0	0	0	0	0	0	0	0	0	0	0	0	0	0	0	0	0	0	0	0	0	0	0	0	0	0	0	4334	-2423	2313	23695	-7757	-325	-57	970	213	0	0	-1	-56	956	210	1606974771
-48	-50	-41	-52	-54	-69	0	-69	-73	-71	-75	-73	-78	0	0	0	0	-87	-86	-86	0	-73	-87	-85	0	0	-85	-92	-93	0	0	0	0	-68	0	0	-94	-96	-92	-95	0	0	0	0	-86	-85	-82	-86	0	0	-85	0	0	0	0	0	0	0	0	0	0	0	0	0	0	0	0	0	0	0	0	0	0	0	0	0	0	0	0	0	0	0	0	0	0	0	0	0	0	0	0	0	0	0	0	0	0	0	0	0	0	0	0	0	0	0	0	0	0	0	0	0	0	0	0	0	0	0	0	0	4364	-2408	2283	23694	-7754	-323	-57	970	213	-1	0	0	-56	956	211	1606974773
-50	-49	-40	-52	-51	0	-68	-70	-75	-70	-74	-73	-78	-70	0	0	-72	-84	-85	-86	-73	-72	-85	-85	-73	-73	-84	-91	-92	0	0	-90	0	-68	-58	0	-95	0	-91	-94	0	-89	0	0	0	0	0	0	0	0	0	0	-86	-83	0	0	0	0	0	0	0	0	0	0	0	0	0	0	0	-93	0	0	0	0	0	0	0	0	0	0	0	-64	0	0	0	0	0	0	0	0	0	0	0	0	0	0	0	0	0	0	0	0	0	0	0	0	0	0	0	0	0	0	0	0	0	0	0	0	0	0	4334	-2468	2305	23695	-7758	-324	-57	970	214	0	0	0	-56	956	210	1606974775
-48	-51	-40	-51	-53	0	-64	-65	-75	-72	-77	-74	-78	-65	0	0	0	-85	-85	-85	0	-73	-86	-85	0	0	-84	-91	-91	0	0	-91	0	-69	0	0	-93	-97	-89	-94	-93	0	0	0	0	0	0	0	0	0	0	0	0	0	0	0	0	0	0	0	0	0	0	0	0	0	0	0	0	-93	0	0	0	0	0	0	0	0	0	0	0	-62	0	0	0	0	0	0	0	0	0	0	0	0	0	0	0	0	0	0	0	0	0	0	0	0	0	0	0	0	0	0	0	0	0	0	0	0	0	0	4319	-2453	2246	23695	-7757	-324	-57	970	213	-1	-1	0	-56	956	211	1606974776
-46	-49	-40	-52	-54	0	0	0	-69	-70	-70	-70	-74	0	0	0	0	-84	-83	-83	0	-72	-83	-84	0	0	-85	-91	0	0	0	-93	0	-64	-59	0	0	0	-88	0	0	0	0	0	0	0	0	0	0	0	0	0	0	-85	0	0	0	0	0	0	0	0	0	0	0	0	0	0	0	0	0	0	0	0	0	0	0	0	0	0	0	-65	0	0	0	0	0	0	0	0	0	0	0	0	0	0	0	0	0	0	0	0	0	0	0	0	0	0	0	0	0	0	0	0	0	0	0	0	0	0	4379	-2416	2305	23694	-7755	-324	-57	971	214	0	0	-1	-56	956	211	1606974778
-47	-51	-40	-52	-55	0	-66	0	-75	-73	-74	-74	-79	-65	0	0	0	-85	-84	-85	0	0	-85	-85	0	0	-85	-93	-93	0	0	-91	0	-69	0	0	-92	0	-89	0	-94	0	0	0	0	0	0	0	0	0	0	0	0	0	0	0	0	0	0	0	0	0	0	0	0	0	0	0	0	0	0	0	0	0	0	0	0	0	0	0	0	-64	0	0	0	0	0	0	0	0	0	0	0	0	0	0	0	0	0	0	0	0	0	0	0	0	0	0	0	0	0	0	0	0	0	0	0	0	0	0	4273	-2408	2260	23696	-7761	-325	-56	970	213	-1	-1	-1	-56	956	210	1606974779
-47	-50	-40	-56	-55	0	-65	-69	-74	0	-75	-74	-78	-65	0	0	0	-85	-86	-85	0	-72	-85	-86	0	0	-87	-92	-90	0	0	-92	0	-70	-59	0	-94	-94	-90	-94	0	0	0	0	0	0	0	0	0	0	0	0	0	0	0	0	0	0	0	0	0	0	0	0	0	0	0	0	0	0	0	0	0	0	0	0	0	0	0	0	0	-50	0	0	0	0	0	0	0	0	0	0	0	0	0	0	0	0	0	0	0	0	0	0	0	0	0	0	0	0	0	0	0	0	0	0	0	0	0	0	4364	-2438	2298	23695	-7756	-323	-57	970	214	-1	0	0	-56	956	211	1606974781
-55	-48	-39	-49	-55	-58	-66	-66	-71	0	0	-71	-74	-65	0	0	-71	-85	-85	-85	-73	-71	-85	-85	-71	-73	-86	-91	-92	0	0	-91	-91	-56	0	0	0	0	-89	0	0	0	0	0	0	0	0	0	0	-85	0	0	0	0	0	0	0	0	0	0	0	0	0	0	0	0	0	0	0	0	0	0	0	0	0	0	0	0	0	0	0	-64	0	0	0	0	0	0	0	0	0	0	0	0	0	0	0	0	0	0	0	0	0	0	0	0	0	0	0	0	0	0	0	0	0	0	0	0	0	0	4334	-2461	2268	23695	-7758	-324	-56	970	212	0	0	0	-56	956	210	1606974783
-50	0	-40	0	-53	-69	0	-67	-74	-72	-76	-76	-80	0	0	0	-70	-85	-85	-86	0	-71	-86	-86	0	0	-85	0	-94	0	0	0	0	-68	0	0	-95	-95	-89	-95	0	0	0	0	0	0	0	-86	0	0	0	0	0	0	0	0	0	0	0	0	0	0	0	0	0	0	0	0	0	0	0	0	0	0	0	0	0	0	0	0	0	0	0	0	0	0	0	0	0	0	0	0	0	0	0	0	0	0	0	0	0	0	0	0	0	0	0	0	0	0	0	0	0	0	0	0	0	0	0	0	4334	-2438	2305	23695	-7757	-324	-57	970	213	-1	-1	-1	-56	956	210	1606974784
-47	-46	-39	-50	-55	-59	-66	-69	-70	-73	-70	-70	-73	-68	0	0	0	-83	-83	-83	0	-74	-84	-83	0	0	-85	-91	-92	0	0	-92	0	-57	0	0	0	0	-90	0	0	0	0	0	-89	-89	-89	0	-87	0	0	0	0	-84	0	0	0	0	0	0	0	0	0	0	0	0	0	0	0	0	0	0	0	0	0	0	0	0	0	0	0	-61	0	0	0	0	0	0	0	0	0	0	0	0	0	0	0	0	0	0	0	0	0	0	0	0	0	0	0	0	0	0	0	0	0	0	0	0	0	0	4379	-2408	2305	23695	-7756	-323	-56	970	213	0	-1	-1	-56	956	211	1606974786
-45	-50	-41	-52	-55	-68	-65	-66	-76	-71	-74	-76	-78	-66	0	0	0	-86	-86	-85	0	-75	-85	-85	0	0	-87	-92	-92	0	0	-92	0	-67	0	0	0	0	-89	-94	0	0	0	0	0	0	0	0	0	0	0	0	0	0	0	0	0	0	0	0	0	0	0	0	0	0	0	0	0	0	0	0	0	0	0	0	0	0	0	0	0	-66	0	0	0	0	0	0	0	0	0	0	0	0	0	0	0	0	0	0	0	0	0	0	0	0	0	0	0	0	0	0	0	0	0	0	0	0	0	0	4364	-2423	2305	23695	-7756	-323	-57	971	213	-1	0	-1	-56	956	211	1606974787
-50	-48	-39	-50	-54	-68	0	-68	-75	-70	-74	-75	-78	-65	0	0	-75	-86	-85	-86	-74	-75	-85	-85	-74	-74	-88	-93	-92	0	0	-92	-91	-67	0	0	0	-95	-90	-94	0	0	0	0	0	0	0	0	0	0	0	0	0	0	0	0	0	0	0	0	0	0	0	0	0	0	0	0	0	-92	0	0	0	0	0	0	0	0	0	0	0	-63	0	0	0	0	0	0	0	0	0	0	0	0	0	0	0	0	0	0	0	0	0	0	0	0	0	0	0	0	0	0	0	0	0	0	0	0	0	0	4364	-2401	2275	23695	-7759	-324	-57	970	214	0	0	0	-56	956	210	1606974789
-48	-49	-39	-52	-54	-60	-66	-64	-69	0	-70	-69	-73	-66	0	0	0	-83	-83	-83	0	-75	-83	-83	0	0	-84	-91	-93	0	0	0	0	-59	-63	0	0	0	-90	0	0	0	0	0	0	0	0	0	0	0	0	0	0	0	0	0	-87	0	-75	0	0	-87	0	0	0	0	0	0	0	0	0	0	0	0	0	0	0	0	0	0	0	-64	0	0	0	0	0	0	0	0	0	0	0	0	0	0	0	0	0	0	0	0	0	0	0	0	0	0	0	0	0	0	0	0	0	0	0	0	0	0	4289	-2393	2290	23694	-7755	-324	-56	970	212	-1	0	0	-56	956	211	1606974791
-51	-46	-39	-51	-53	-68	0	-65	-75	0	-75	-75	-78	-66	0	0	-75	-86	-85	-86	-75	-74	-85	-86	-74	-73	0	-92	-93	0	0	-91	0	-67	0	0	-96	-95	-89	-94	0	0	0	0	-85	-86	-85	0	0	0	0	0	0	0	0	0	0	0	0	0	0	0	0	0	0	-95	0	0	0	0	0	0	0	0	0	0	0	0	0	0	0	-64	0	0	0	0	0	0	0	0	0	0	0	0	0	0	0	0	0	0	0	0	0	0	0	0	0	0	0	0	0	0	0	0	0	0	0	0	0	0	4364	-2423	2305	23695	-7756	-324	-57	970	213	0	0	0	-56	956	211	1606974792
-52	-49	-39	-52	-54	-60	0	-66	-69	0	-71	-70	-72	-66	0	0	-76	-83	-83	-84	0	-75	-83	-83	0	0	-86	0	0	0	0	0	0	-59	0	0	0	0	-89	0	0	0	0	0	0	0	0	-84	0	0	0	0	0	0	0	0	0	0	0	0	0	0	0	0	0	0	0	0	0	-89	0	0	0	0	0	0	0	0	0	0	0	-64	0	0	0	0	0	0	0	0	0	0	0	0	0	0	0	0	0	0	0	0	0	0	0	0	0	0	0	0	0	0	0	0	0	0	0	0	0	0	4364	-2408	2312	23696	-7760	-323	-57	970	212	-1	0	-1	-56	956	210	1606974794
-51	-48	-39	-50	-53	-70	-69	-66	-75	-73	-74	-75	-78	-67	0	0	-74	-85	-87	-86	0	0	-86	-85	0	0	-86	-92	-92	0	0	-92	0	-67	0	-94	-96	-93	-89	-94	0	0	0	0	0	0	0	0	0	0	0	0	0	0	0	0	0	0	0	0	0	0	0	0	0	0	0	0	0	0	0	0	0	0	0	0	0	0	0	0	0	-61	0	0	0	0	0	0	0	0	0	0	0	0	0	0	0	0	0	0	0	0	0	0	0	0	0	0	0	0	0	0	0	0	0	0	0	0	0	0	4439	-2408	2261	23694	-7755	-323	-56	970	214	0	0	-1	-56	956	211	1606974795
-51	-49	-39	-52	-55	-70	-66	-67	-74	-74	-75	-75	-78	-65	0	0	0	-85	-86	-84	0	-75	-85	-85	0	0	-86	0	-92	0	0	-92	0	-68	0	0	-93	0	-89	-96	-94	0	0	0	0	0	0	0	0	0	0	0	0	0	0	0	0	0	0	0	0	0	0	0	0	0	0	0	0	0	0	0	0	0	0	0	0	0	0	0	0	-54	0	0	0	0	0	0	0	0	0	0	0	0	0	0	0	0	0	0	0	0	0	0	0	0	0	0	0	0	0	0	0	0	0	0	0	0	0	0	4319	-2408	2297	23695	-7756	-323	-57	970	213	-1	-1	-1	-56	956	211	1606974797
-52	-47	-40	-52	-54	-69	-65	-66	-75	-72	-75	-75	-78	-66	0	0	0	-85	-85	-85	0	-76	-85	-85	0	0	-85	-93	-92	0	0	0	0	-67	0	0	0	-95	-89	-93	0	0	0	0	0	0	0	0	0	0	0	0	0	0	0	0	0	0	0	0	0	0	0	0	0	0	0	0	0	0	0	0	0	0	0	0	0	0	0	0	0	-65	0	0	0	0	0	0	0	0	0	0	0	0	0	0	0	0	0	0	0	0	0	0	0	0	0	0	0	0	0	0	0	0	0	0	0	0	0	0	4379	-2409	2320	23696	-7759	-323	-57	970	213	-1	0	-1	-56	956	210	1606974799
-52	-46	-39	-52	-54	-59	-67	-67	-70	-72	-71	-70	-74	-64	0	0	0	-84	-84	-83	0	-75	-84	-84	0	0	0	-91	-92	0	0	-91	0	-58	0	0	0	0	-87	0	0	0	0	0	0	0	0	-86	0	0	0	0	0	0	0	0	0	0	0	0	0	0	0	0	0	0	0	0	0	-94	0	0	0	0	0	0	0	0	0	0	0	-66	0	0	0	0	0	0	0	0	0	0	0	0	0	0	0	0	0	0	0	0	0	0	0	0	0	0	0	0	0	0	0	0	0	0	0	0	0	0	4379	-2423	2305	23695	-7757	-323	-57	970	213	-1	0	-1	-56	956	210	1606974800
-48	-45	-40	-52	-54	-69	-65	-65	-74	0	-74	-75	-78	-65	0	0	-75	-85	-86	-85	0	-74	-86	-85	-75	0	-88	-91	-92	0	0	0	0	-68	0	0	-95	-94	-88	0	0	0	0	0	0	0	0	-85	0	0	0	0	-84	0	0	0	0	0	0	0	0	0	0	0	0	0	0	0	0	-93	0	0	0	0	0	0	0	0	0	0	0	-65	0	0	0	0	0	0	0	0	0	0	0	0	0	0	0	0	0	0	0	0	0	0	0	0	0	0	0	0	0	0	0	0	0	0	0	0	0	0	4379	-2423	2298	23695	-7755	-322	-57	971	214	0	-1	0	-56	956	211	1606974802
-48	-46	-41	-51	-55	-69	-66	-67	-75	-73	-75	-75	-78	-68	0	0	0	-85	-85	-85	0	-73	-86	-85	0	0	-87	-92	-92	0	0	-91	0	-68	0	0	-95	0	-89	0	0	0	0	0	0	0	0	0	0	0	0	0	0	0	0	0	0	0	0	0	0	0	0	0	0	0	0	0	0	-91	0	0	0	0	0	0	0	0	0	0	0	-57	0	0	0	0	0	0	0	0	0	0	0	0	0	0	0	0	0	0	0	0	0	0	0	0	0	0	0	0	0	0	0	0	0	0	0	0	0	0	4364	-2423	2305	23696	-7760	-323	-57	970	214	-1	0	-1	-56	956	210	1606974804
-46	-45	-41	-50	-54	-68	-64	-60	-75	-73	-75	-74	-78	-67	0	0	-72	-84	-86	-85	0	-73	-87	-85	0	0	-83	-91	-92	0	0	-92	-90	-67	0	0	-94	0	-88	-96	0	0	0	0	0	0	0	-86	0	0	0	0	0	0	0	0	0	0	0	0	0	0	0	0	0	0	0	0	0	0	0	0	0	0	0	0	0	0	0	0	0	-64	0	0	0	0	0	0	0	0	0	0	0	0	0	0	0	0	0	0	0	0	0	0	0	0	0	0	0	0	0	0	0	0	0	0	0	0	0	0	4364	-2454	2320	23695	-7757	-323	-57	970	213	-1	-1	-1	-56	956	210	1606974805
-45	-45	-41	-51	-55	-71	-65	-65	-76	0	-74	-75	-77	-67	0	0	0	-86	-86	-86	0	-72	-85	-85	0	0	-87	-91	-92	0	0	-92	0	-68	0	-96	0	-93	-88	-95	0	0	0	0	-86	-85	-86	0	-86	0	-83	0	0	0	0	0	0	0	0	0	0	0	0	0	0	0	0	0	0	0	0	0	0	0	0	0	0	0	0	0	0	-64	0	0	0	0	0	0	0	0	0	0	0	0	0	0	0	0	0	0	0	0	0	0	0	0	0	0	0	0	0	0	0	0	0	0	0	0	0	0	4379	-2454	2305	23695	-7757	-323	-56	970	214	-1	-1	-1	-56	956	210	1606974807
-51	-46	0	-51	-52	-71	-64	-66	-74	-74	-75	-75	-77	-64	0	0	0	-85	-84	-86	-73	-73	-84	-84	-73	-75	-88	-92	-93	0	0	-91	0	-68	0	-94	-96	0	-89	0	0	-90	0	0	-88	0	0	0	0	0	0	0	0	0	0	0	0	0	0	0	0	0	0	0	0	0	0	0	0	0	0	0	0	0	0	0	0	0	0	0	0	-67	0	0	0	0	0	0	0	0	0	0	0	0	0	0	0	0	0	0	0	0	0	0	0	0	0	0	0	0	0	0	0	0	0	0	0	0	0	0	4364	-2423	2305	23696	-7758	-322	-56	970	213	-1	0	-1	-56	956	210	1606974808
-44	-49	0	-51	-55	-70	0	-65	-75	0	-75	-75	-77	-65	0	0	0	-85	-85	-86	0	-75	-85	-85	0	0	-86	-92	-92	0	0	-92	-91	-66	0	0	-94	-95	-89	-92	0	0	0	0	0	0	0	0	0	0	0	0	0	0	0	0	0	0	0	0	0	0	0	0	0	0	0	0	0	-89	0	0	0	0	0	0	0	0	0	0	0	-55	0	0	0	0	0	0	0	0	0	0	0	0	0	0	0	0	0	0	0	0	0	0	0	0	0	0	0	0	0	0	0	0	0	0	0	0	0	0	4379	-2416	2305	23696	-7758	-322	-57	971	213	0	-1	0	-55	956	210	1606974810
-47	0	-39	0	-55	0	-64	-63	-69	-73	-70	-69	-72	-65	0	-87	0	-83	-83	-84	0	-74	-83	-82	0	0	-86	-92	-92	0	-91	-91	-91	-58	0	0	0	0	-86	0	0	0	0	0	0	0	0	-87	0	0	0	0	0	0	0	0	0	0	0	0	0	0	0	0	0	0	0	0	0	-91	0	0	0	0	0	0	0	0	0	0	0	-70	0	0	0	0	0	0	0	0	0	0	0	0	0	0	0	0	0	0	0	0	0	0	0	0	0	0	0	0	0	0	0	0	0	0	0	0	0	0	4364	-2408	2290	23696	-7760	-323	-56	971	213	-1	0	-1	-56	956	210	1606974811
-47	-50	-40	-52	-54	0	-64	-65	-75	-72	-75	-75	-77	-66	0	0	-76	-85	-85	-86	-77	-77	-85	-85	-76	-78	-86	-91	-93	0	-91	-92	-93	-66	-60	0	-93	0	-87	0	0	0	-91	0	0	0	0	0	0	0	0	0	0	0	0	0	0	0	0	0	0	0	0	0	0	0	0	0	0	0	0	0	0	0	0	0	0	0	0	0	0	-62	0	0	0	0	0	0	0	0	0	0	0	0	0	0	0	0	0	0	0	0	0	0	0	0	0	0	0	0	0	0	0	0	0	0	0	0	0	0	4379	-2378	2305	23696	-7760	-322	-56	971	213	0	-1	-1	-56	956	210	1606974813
-46	-49	-40	-52	-56	0	-66	-64	-75	-71	-76	-74	-77	-65	0	0	0	-85	-85	-85	0	-76	-85	-85	0	0	-87	-91	-91	0	-91	-94	-93	-68	0	0	-95	-94	-88	-94	0	0	0	0	0	0	0	0	0	0	0	0	0	0	0	0	0	0	0	0	0	0	0	0	0	0	0	0	0	0	0	0	0	0	0	0	0	0	0	0	0	-68	0	0	0	0	0	0	0	0	0	0	0	0	0	0	0	0	0	0	0	0	0	0	0	0	0	0	0	0	0	0	0	0	0	0	0	0	0	0	4379	-2416	2275	23696	-7759	-323	-56	970	214	0	0	-1	-56	956	210	1606974814
-49	-48	-41	-54	-56	0	-64	-65	-76	0	-74	-74	-76	-64	0	0	0	-85	-85	-86	0	-77	-85	-85	0	0	-87	-91	-90	0	0	-91	-92	-68	0	0	-95	-94	-89	-93	0	0	-89	0	0	0	0	0	0	0	0	0	0	0	0	0	0	0	0	0	0	0	0	0	0	0	0	0	0	0	0	0	0	0	0	0	0	0	0	0	0	-69	0	0	0	0	0	0	0	0	0	0	0	0	0	0	0	0	0	0	0	0	0	0	0	0	0	0	0	0	0	0	0	0	0	0	0	0	0	0	4334	-2453	2335	23695	-7755	-323	-56	971	213	-1	0	-1	-56	956	211	1606974816
-47	-50	-42	-53	-56	0	-66	-66	-75	-71	-75	-75	-77	-63	0	0	0	-84	-85	-85	-77	-77	-85	-86	0	-77	-86	-92	-93	0	-90	-91	0	-69	0	0	-93	0	-89	-93	-94	0	0	0	-83	-83	-83	-87	-84	0	-84	0	0	0	0	0	0	0	0	0	0	0	0	0	0	0	0	0	0	0	0	0	0	0	0	0	0	0	0	0	0	-69	0	0	0	0	0	0	0	0	0	0	0	0	0	0	0	0	0	0	0	0	0	0	0	0	0	0	0	0	0	0	0	0	0	0	0	0	0	0	4334	-2423	2275	23697	-7763	-323	-57	970	213	0	0	-1	-56	956	209	1606974818
-47	-49	-42	-53	-56	0	-68	-67	-75	-73	-75	-75	-77	-67	0	0	-76	-85	-86	-86	-76	-76	-86	-86	-76	-75	-86	-91	-93	0	0	-92	0	-67	0	-93	0	0	-89	-94	0	-89	0	0	0	0	0	0	-84	0	-86	0	0	0	0	0	0	0	0	0	0	0	0	0	0	0	0	0	0	0	0	0	0	0	0	0	0	0	0	0	0	-56	0	0	0	0	0	0	0	0	0	0	0	0	0	0	0	0	0	0	0	0	0	0	0	0	0	0	0	0	0	0	0	0	0	0	0	0	0	0	4379	-2416	2290	23695	-7757	-323	-56	970	213	0	0	-1	-56	956	210	1606974819
-47	-49	-41	-51	-55	0	-66	-64	-76	0	-75	-75	-76	-66	0	0	-75	-85	-85	-86	-76	-74	-86	-84	-75	-74	-84	-93	-93	0	0	-92	0	-70	0	0	-95	-94	-90	0	0	0	0	0	0	0	0	0	0	0	0	0	0	0	0	0	0	0	0	0	0	0	0	0	0	0	0	0	0	0	0	0	0	0	0	0	0	0	0	0	0	-57	0	0	0	0	0	0	0	0	0	0	0	0	0	0	0	0	0	0	0	0	0	0	0	0	0	0	0	0	0	0	0	0	0	0	0	0	0	0	4364	-2408	2290	23695	-7757	-323	-57	970	214	0	0	-1	-56	956	210	1606974821
-47	-50	-42	-52	-50	-60	-65	-67	-70	-73	-70	-70	-72	-66	0	0	-75	-82	-83	-83	-74	-75	-83	-84	-74	-76	-86	-93	-91	0	0	-93	0	-59	0	0	0	0	-89	0	0	-89	0	0	0	0	0	0	0	0	0	0	0	0	0	0	0	0	0	0	0	0	0	0	0	0	0	0	0	0	-86	0	0	0	0	0	0	0	0	0	0	-64	0	0	0	0	0	0	0	0	0	0	0	0	0	0	0	0	0	0	0	0	0	0	0	0	0	0	0	0	0	0	0	0	0	0	0	0	0	0	4379	-2401	2283	23695	-7758	-323	-56	971	213	0	0	0	-56	956	210	1606974822
-50	-51	-41	-52	-55	0	-66	-65	-69	-72	-70	-69	-72	-66	0	0	0	-83	-83	-83	0	-75	-83	-83	0	0	0	-91	-91	0	0	-91	0	-59	0	0	0	0	-89	0	0	0	0	0	-85	-86	-85	0	0	0	-85	0	0	0	0	0	0	0	0	0	0	0	0	0	0	0	0	0	0	0	0	0	0	0	0	0	0	0	0	0	0	-54	0	0	0	0	0	0	0	0	0	0	0	0	0	0	0	0	0	0	0	0	0	0	0	0	0	0	0	0	0	0	0	0	0	0	0	0	0	0	4334	-2453	2238	23696	-7759	-323	-57	970	213	0	-1	0	-56	956	210	1606974824
-50	-50	-43	-51	-55	0	-66	-66	-74	0	-75	-75	-77	-66	0	0	-75	-84	-85	-85	-75	-75	-86	-86	-75	-74	-87	0	-92	0	0	-92	0	-71	0	0	0	-92	-89	-96	0	0	0	0	-86	-86	0	0	0	0	0	0	0	0	0	0	0	0	0	0	0	0	0	0	0	0	0	0	0	0	0	0	0	0	0	0	0	0	0	0	0	0	0	0	0	0	0	0	0	0	0	0	0	0	0	0	0	0	0	0	0	0	0	0	0	0	0	0	0	0	0	0	0	0	0	0	0	0	0	0	4379	-2454	2291	23695	-7757	-323	-57	970	213	0	-1	-1	-56	956	210	1606974826
-47	-49	-42	-52	-54	0	-66	-66	-74	-73	-75	-74	-77	-68	0	0	0	-84	-85	-84	0	0	-85	-85	0	0	-86	-93	0	0	0	-93	0	-71	0	0	-94	-96	-90	0	0	0	0	0	0	0	0	0	0	0	0	0	0	0	0	0	0	0	0	0	0	0	0	0	0	0	0	0	0	0	0	0	0	0	0	0	0	0	0	0	0	-54	0	0	0	0	0	0	0	0	0	0	0	0	0	0	0	0	0	0	0	0	0	0	0	0	0	0	0	0	0	0	0	0	0	0	0	0	0	0	4289	-2423	2320	23695	-7757	-323	-57	971	213	-1	0	-1	-56	956	210	1606974827
-51	-49	-42	-52	-55	0	-65	0	-75	-72	-75	-75	-77	0	0	0	0	-84	-86	-87	0	-75	-85	-85	0	0	-89	-91	-92	0	0	-92	0	-70	0	0	0	0	-90	-94	0	0	0	0	-87	-85	-85	0	-84	0	0	0	0	0	0	0	0	0	0	0	0	0	0	0	0	0	0	0	0	-91	0	0	0	0	0	0	0	0	0	0	0	-66	0	0	0	0	0	0	0	0	0	0	0	0	0	0	0	0	0	0	0	0	0	0	0	0	0	0	0	0	0	0	0	0	0	0	0	0	0	0	4319	-2416	2350	23696	-7760	-323	-57	970	213	-1	-1	0	-56	956	210	1606974829
-51	-49	-41	-52	-54	0	-66	0	-68	-73	-69	-69	-73	-65	0	0	0	-84	-83	-83	0	-75	-83	-84	0	0	-85	-93	-91	0	0	-90	0	-59	0	0	0	0	-88	0	0	0	0	0	0	0	-85	0	0	0	0	0	0	0	0	0	0	-91	0	0	0	0	0	0	0	0	0	0	0	0	0	0	0	0	0	0	0	0	0	0	0	-55	0	0	0	0	0	0	0	0	0	0	0	0	0	0	0	0	0	0	0	0	0	0	0	0	0	0	0	0	0	0	0	0	0	0	0	0	0	0	4311	-2423	2275	23695	-7756	-323	-56	970	214	0	0	0	-56	956	211	1606974830
-48	-50	-42	-45	0	0	-65	-65	-75	-69	-74	-74	-77	-67	0	0	-74	-85	-85	-86	-75	-75	-86	-85	-76	-76	-87	-91	-92	0	0	-91	0	-70	0	0	-95	0	-89	0	0	0	0	0	-86	-86	-86	-86	-86	0	-85	0	0	0	0	0	0	0	0	0	0	0	0	0	0	0	0	0	0	0	0	0	0	0	0	0	0	0	0	0	0	-63	0	0	0	0	0	0	0	0	0	0	0	0	0	0	0	0	0	0	0	0	0	0	0	0	0	0	0	0	0	0	0	0	0	0	0	0	0	0	4379	-2424	2320	23696	-7760	-323	-58	970	212	0	0	0	-56	956	210	1606974832
-50	-51	-42	-52	-55	0	-66	-64	-70	-71	-70	-69	-72	-65	0	0	0	-84	-84	-84	0	-76	-84	-83	0	0	-84	0	-93	0	0	-92	0	-60	0	0	0	0	-86	0	0	-90	0	0	0	0	0	0	0	0	0	0	0	-89	0	0	0	0	0	0	0	0	0	0	0	-93	0	0	0	0	0	0	0	0	0	0	0	0	0	0	0	-55	0	0	0	0	0	0	0	0	0	0	0	0	0	0	0	0	0	0	0	0	0	0	0	0	0	0	0	0	0	0	0	0	0	0	0	0	0	0	4387	-2408	2290	23695	-7756	-323	-56	970	213	0	0	0	-56	956	210	1606974834
-48	-49	-42	-52	-54	0	-64	-68	-75	-72	-74	-74	-79	-66	0	0	-73	-84	-86	-85	-74	-75	-84	-84	-75	-75	-85	-92	-93	0	0	-94	0	-70	0	0	-95	-95	-89	-95	0	0	0	0	0	0	0	0	0	0	0	0	0	0	0	0	0	0	0	0	0	0	0	0	0	0	0	0	0	0	0	0	0	0	0	0	0	0	0	0	0	-64	0	0	0	0	0	0	0	0	0	0	0	0	0	0	0	0	0	0	0	0	0	0	0	0	0	0	0	0	0	0	0	0	0	0	0	0	0	0	4372	-2454	2291	23695	-7757	-324	-57	970	213	0	0	0	-56	956	210	1606974835
-47	-50	-39	-53	-56	0	-65	-66	-74	-69	-74	-74	-80	-63	0	0	-76	-86	-86	-85	-76	-76	-86	-85	-75	-74	-84	0	-92	0	0	-92	0	-71	-59	0	0	-94	-88	0	0	0	0	0	-85	-85	-85	0	-86	0	-84	0	0	0	0	0	0	0	0	0	0	0	0	0	0	0	0	0	0	-90	0	0	0	0	0	0	0	0	0	0	0	-63	0	0	0	0	0	0	0	0	0	0	0	0	0	0	0	0	0	0	0	0	0	0	0	0	0	0	0	0	0	0	0	0	0	0	0	0	0	0	4334	-2408	2290	23695	-7758	-324	-56	970	213	-1	-1	-1	-56	956	210	1606974837
-52	-48	-40	0	-50	-60	0	0	-69	-71	-69	-70	-72	0	0	0	0	-81	-81	-83	0	-76	-84	-82	0	0	-85	0	0	0	0	0	0	-59	0	0	0	0	-88	0	0	0	0	0	0	-83	0	0	0	0	0	0	0	0	0	0	0	0	0	0	0	0	0	0	0	0	0	0	0	0	0	0	0	0	0	0	0	0	0	0	0	-64	0	0	0	0	0	0	0	0	0	0	0	0	0	0	0	0	0	0	0	0	0	0	0	0	0	0	0	0	0	0	0	0	0	0	0	0	0	0	4364	-2378	2290	23696	-7760	-322	-57	970	213	-1	-1	0	-56	956	210	1606974838
-48	-49	-40	-54	-55	0	-65	0	-74	-70	-74	-74	-80	-64	0	0	0	-85	-85	-86	0	-76	-85	-84	0	0	-86	-93	-92	0	0	-91	0	-70	0	0	-95	0	0	-95	0	0	0	0	-86	0	0	0	0	0	0	0	0	0	0	0	0	0	0	0	0	0	0	0	0	0	0	0	0	-90	0	0	0	0	0	0	0	0	0	0	0	-63	0	0	0	0	0	0	0	0	0	0	0	0	0	0	0	0	0	0	0	0	0	0	0	0	0	0	0	0	0	0	0	0	0	0	0	0	0	0	4304	-2423	2290	23695	-7756	-323	-56	970	213	-1	-1	-1	-56	956	211	1606974840
-48	-50	-41	-53	-55	0	-67	-65	-76	0	-76	-75	-77	-66	-83	0	-75	-86	-85	-86	0	-74	-86	-86	-76	-76	-87	0	-92	0	0	-93	0	-69	0	0	-94	0	-89	-94	0	0	0	0	0	0	0	0	0	0	0	0	0	0	0	0	0	0	0	0	0	0	0	0	0	0	0	0	0	0	0	0	0	0	0	0	0	0	0	0	0	-64	0	0	0	0	0	0	0	0	0	0	0	0	0	0	0	0	0	0	0	0	0	0	0	0	0	0	0	0	0	0	0	0	0	0	0	0	0	0	4334	-2378	2350	23695	-7757	-323	-56	971	213	0	-1	0	-56	956	210	1606974842
-49	-49	-41	-53	-55	0	-69	-67	-75	-71	-76	-76	-77	-67	0	0	-76	-86	-85	-85	-75	-75	-85	-85	-75	-76	0	-93	-94	0	0	-91	0	-70	0	0	-93	0	-88	-95	0	0	0	0	0	0	0	0	0	0	0	0	0	0	0	0	0	0	0	0	0	0	0	0	0	0	0	0	0	0	0	0	0	0	0	0	0	0	0	0	0	-63	0	0	0	0	0	0	0	0	0	0	0	0	0	0	0	0	0	0	0	0	0	0	0	0	0	0	0	0	0	0	0	0	0	0	0	0	0	0	4349	-2423	2275	23697	-7762	-323	-56	971	212	-1	-1	-1	-56	956	210	1606974843
-50	-51	-40	-53	-55	-60	-68	-67	-70	0	-70	-70	-74	-68	0	0	0	-83	-84	-84	0	-77	-84	-85	0	0	-85	-92	0	0	0	-93	0	-59	0	0	0	0	-88	0	0	0	0	0	0	0	-82	0	0	0	0	0	0	0	0	0	0	0	0	0	0	0	0	0	0	0	0	0	-95	0	0	0	0	0	0	0	0	0	0	0	0	0	0	0	0	0	0	0	0	0	0	0	0	0	0	0	0	0	0	0	0	0	0	0	0	0	0	0	0	0	0	0	0	0	0	0	0	0	0	0	4319	-2423	2275	23695	-7757	-323	-56	970	213	-1	-1	-1	-56	956	210	1606974845
-48	-49	-40	-54	-54	-71	-67	-68	-76	-72	-76	-76	-77	-65	0	0	0	-85	-86	-85	0	-75	-85	-85	0	0	-85	-92	-94	0	0	-92	0	-69	0	0	-93	0	-88	0	0	0	0	0	0	0	0	0	0	0	0	0	0	0	0	0	0	0	0	0	0	0	0	0	0	0	0	0	0	0	0	0	0	0	0	0	0	0	0	0	0	-64	0	0	0	0	0	0	0	0	0	0	0	0	0	0	0	0	0	0	0	0	0	0	0	0	0	0	0	0	0	0	0	0	0	0	0	0	0	0	4319	-2423	2290	23695	-7757	-323	-57	970	214	0	-1	0	-56	956	210	1606974846
0	-50	-41	-53	0	-69	-66	-67	-76	-69	-75	-75	-77	-67	0	0	-75	-85	-85	-85	-77	-76	-85	-85	-76	-76	-87	-93	-91	0	0	-91	0	-68	0	0	-95	-93	-90	-95	0	0	0	0	-85	0	0	-86	0	0	0	0	0	0	0	0	0	0	0	0	0	0	0	0	0	0	0	0	0	-92	0	0	0	0	0	0	0	0	0	0	0	-56	0	0	0	0	0	0	0	0	0	0	0	0	0	0	0	0	0	0	0	0	0	0	0	0	0	0	0	0	0	0	0	0	0	0	0	0	0	0	4334	-2483	2261	23696	-7760	-322	-56	971	213	-1	-1	-1	-56	956	210	1606974848
-47	-49	-40	-51	-55	-69	-68	-69	-75	0	-74	-75	-78	-68	0	0	0	-84	-85	-86	0	-75	-84	-85	0	0	-86	-91	-90	0	0	-91	-92	-68	-59	0	-94	-95	-89	-95	0	0	0	0	0	0	0	-86	0	0	0	0	0	0	0	0	0	0	0	0	0	0	0	0	0	0	0	0	0	0	-83	0	0	0	0	0	0	0	0	0	0	-64	0	0	0	0	0	0	0	0	0	0	0	0	0	0	0	0	0	0	0	0	0	0	0	0	0	0	0	0	0	0	0	0	0	0	0	0	0	0	4379	-2401	2283	23696	-7758	-322	-56	971	212	-1	-1	0	-56	956	210	1606974850
-47	-49	-40	-52	-51	-69	-67	-67	-75	-72	-76	-75	-78	-67	0	0	0	-85	-85	-85	0	0	-85	-85	0	0	-89	-90	-91	0	-91	-90	-91	-68	0	0	-94	-94	-88	-93	0	0	0	0	0	0	0	0	0	0	0	0	0	0	0	0	0	0	0	0	0	0	0	0	0	0	0	0	0	0	0	0	0	0	0	0	0	0	0	0	0	-62	0	0	0	0	0	0	0	0	0	0	0	0	0	0	0	0	0	0	0	0	0	0	0	0	0	0	0	0	0	0	0	0	0	0	0	0	0	0	4364	-2423	2320	23695	-7756	-322	-57	970	213	-1	-1	-1	-56	956	210	1606974851
-48	-52	-39	-52	-55	-69	-68	-66	-75	-72	-75	-76	-78	-67	-85	0	-75	-85	-86	-86	0	-75	-86	-85	-75	-74	-88	-91	-91	0	0	-90	-90	-68	0	0	-95	-94	-88	-94	0	0	0	0	0	0	0	0	0	0	0	0	0	0	0	0	0	0	0	0	0	0	0	0	0	0	0	0	0	0	0	0	0	0	0	0	0	0	0	0	0	-55	0	0	0	0	0	0	0	0	0	0	0	0	0	0	0	0	0	0	0	0	0	0	0	0	0	0	0	0	0	0	0	0	0	0	0	0	0	0	4394	-2453	2216	23697	-7762	-322	-57	971	213	-1	-1	0	-55	956	209	1606974853
-44	-49	-41	-52	-56	-69	0	-66	-76	0	-76	-76	-78	0	0	0	0	-85	-85	-86	0	0	-84	-85	0	0	0	-92	-92	0	0	-91	0	-68	0	0	0	-95	-89	0	0	0	0	0	0	0	0	0	0	0	0	0	0	0	0	0	0	0	0	0	0	0	0	0	0	0	0	0	0	0	0	0	0	0	0	0	0	0	0	0	0	-63	0	0	0	0	0	0	0	0	0	0	0	0	0	0	0	0	0	0	0	0	0	0	0	0	0	0	0	0	0	0	0	0	0	0	0	0	0	0	4387	-2408	2275	23695	-7756	-323	-57	970	214	-1	-1	0	-56	956	210	1606974854
-50	-47	0	-54	-55	0	0	-67	-76	0	-76	-76	-77	-66	0	0	0	-85	-86	-85	0	-75	-85	-85	0	0	-87	-92	0	0	0	-92	0	-68	0	0	0	-94	0	-95	0	-91	0	0	0	0	0	0	0	0	0	0	0	0	0	0	0	0	0	0	0	0	0	0	0	0	0	0	0	-91	0	0	0	0	0	0	0	0	0	0	0	-63	0	0	0	0	0	0	0	0	0	0	0	0	0	0	0	0	0	0	0	0	0	0	0	0	0	0	0	0	0	0	0	0	0	0	0	0	0	0	4334	-2393	2305	23695	-7756	-322	-57	970	213	0	-1	-1	-56	956	211	1606974856
-47	-49	-41	-53	-55	0	-66	-67	-76	0	-75	-76	-77	-65	0	0	0	-86	-85	-84	-75	-75	-85	-85	-75	-75	-89	-91	-92	0	0	-91	-92	-70	0	0	-95	-93	-90	-94	0	0	0	0	0	-87	-86	0	-85	0	-85	0	0	0	0	0	0	0	0	0	0	0	0	0	0	0	0	0	0	0	0	0	0	0	0	0	0	0	0	0	0	-55	0	0	0	0	0	0	0	0	0	0	0	0	0	0	0	0	0	0	0	0	0	0	0	0	0	0	0	0	0	0	0	0	0	0	0	0	0	0	4379	-2408	2305	23696	-7760	-322	-57	971	212	-1	-1	-1	-56	956	210	1606974857
-48	-51	-41	-52	-54	0	-64	-65	-76	-72	-75	-75	-76	-66	0	0	0	-85	-85	-85	0	-74	-85	-85	0	0	-90	-92	-91	0	-92	-91	-92	-69	0	0	-95	-96	-88	-95	0	0	0	0	-86	-88	-87	0	-86	0	-85	0	0	0	0	0	0	0	0	0	0	0	0	0	0	0	0	0	0	0	0	0	0	0	0	0	0	0	0	0	0	-62	0	0	0	0	0	0	0	0	0	0	0	0	0	0	0	0	0	0	0	0	0	0	0	0	0	0	0	0	0	0	0	0	0	0	0	0	0	0	4327	-2453	2290	23695	-7756	-322	-56	971	213	-1	-1	-1	-56	956	210	1606974859
-47	-51	-41	-52	-54	-61	-66	0	-70	0	-70	-71	-73	0	0	0	0	-84	-84	-84	0	0	-85	-84	0	0	-91	-91	-92	0	0	-92	0	-59	0	0	0	0	-89	0	0	0	0	0	0	0	0	0	0	0	0	0	0	0	0	0	0	0	0	0	0	0	0	0	0	0	0	0	0	0	0	0	0	0	0	0	0	0	0	0	0	-55	0	0	0	0	0	0	0	0	0	0	0	0	0	0	0	0	0	0	0	0	0	0	0	0	0	0	0	0	0	0	0	0	0	0	0	0	0	0	4319	-2423	2305	23695	-7757	-323	-56	970	212	-1	-1	-1	-56	956	210	1606974861
-47	-52	0	-51	-54	-70	-67	-66	-75	-72	-76	-74	-78	-67	0	0	0	-84	-85	-86	0	-73	-86	-85	0	0	-87	-93	-92	0	0	-92	0	-71	0	0	-94	-96	-90	0	0	0	0	0	0	0	0	0	0	0	0	0	0	0	0	0	0	0	0	0	0	0	0	0	0	0	0	0	0	-87	0	0	0	0	0	0	0	0	0	0	0	-65	0	0	0	0	0	0	0	0	0	0	0	0	0	0	0	0	0	0	0	0	0	0	0	0	0	0	0	0	0	0	0	0	0	0	0	0	0	0	4364	-2423	2290	23696	-7758	-322	-56	971	214	-1	-1	-1	-56	956	210	1606974862
-46	-47	-41	-53	-54	-69	-67	-68	-75	0	-75	-74	-78	-68	0	0	-74	-84	-86	-86	-74	-74	-85	-85	-72	-73	-85	-91	-92	0	-91	-91	0	-70	0	0	-95	-96	-89	0	0	0	0	0	-85	0	0	0	0	0	-84	0	0	0	0	0	0	0	0	0	0	0	0	0	0	0	0	0	0	0	0	0	0	0	0	0	0	0	0	0	0	0	0	0	0	0	0	0	0	0	0	0	0	0	0	0	0	0	0	0	0	0	0	0	0	0	0	0	0	0	0	0	0	0	0	0	0	0	0	0	4364	-2378	2267	23695	-7756	-322	-56	971	213	-1	-1	-1	-56	956	211	1606974864
-47	-47	-40	-54	-55	-70	-65	-67	-74	-73	-75	-75	-77	-69	0	-86	0	-85	-85	-85	0	-73	-85	-86	0	0	-86	-93	-91	0	0	-93	0	-69	0	0	-94	-94	-89	-93	0	0	0	0	0	0	0	0	0	0	0	0	0	0	0	0	0	0	0	0	0	0	0	0	0	0	0	0	0	0	0	0	0	0	0	0	0	0	0	0	0	-56	0	0	0	0	0	0	0	0	0	0	0	0	0	0	0	0	0	0	0	0	0	0	0	0	0	0	0	0	0	0	0	0	0	0	0	0	0	0	4379	-2394	2290	23695	-7756	-323	-57	970	214	0	0	0	-56	956	211	1606974865
-51	-52	0	-53	-55	0	-68	-68	-70	0	-69	-69	-72	-64	0	0	-74	-83	-83	-83	-72	-72	-82	-83	-75	-74	-84	-92	-91	0	0	-92	-93	-59	0	0	0	0	-88	0	0	-91	0	0	-86	-84	-84	0	-85	0	-86	0	0	0	0	0	0	0	0	0	0	0	0	0	0	0	0	0	-93	0	0	0	0	0	0	0	0	0	0	0	0	-55	0	0	0	0	0	0	0	0	0	0	0	0	0	0	0	0	0	0	0	0	0	0	0	0	0	0	0	0	0	0	0	0	0	0	0	0	0	0	4394	-2371	2290	23696	-7759	-323	-56	970	212	-1	0	-1	-56	956	210	1606974867
-47	-46	-42	-54	-55	0	-65	-68	-76	-74	-75	-75	-79	-69	0	0	0	-84	-85	-84	0	-73	-84	-86	0	0	-88	-92	-92	0	0	-91	0	-69	0	0	0	-94	-90	-95	0	0	0	0	-87	-88	-86	0	-84	0	0	0	0	0	0	0	0	0	0	0	0	0	0	0	0	-92	0	0	0	-89	0	0	0	0	0	0	0	0	0	0	0	-55	0	0	0	0	0	0	0	0	0	0	0	0	0	0	0	0	0	0	0	0	0	0	0	0	0	0	0	0	0	0	0	0	0	0	0	0	0	0	4289	-2423	2275	23695	-7756	-322	-57	970	213	-1	0	0	-55	956	211	1606974868
-47	-50	-41	-53	-47	0	-67	0	-74	0	-76	-74	-79	-64	0	0	0	-84	-85	-85	0	-74	-85	-85	0	0	-86	-93	-90	0	0	-91	-90	-69	0	0	-94	-94	-89	0	0	0	0	0	0	0	0	0	0	0	0	0	0	0	0	0	0	0	0	0	0	0	0	0	0	0	0	0	0	-88	0	0	0	0	0	0	0	0	0	0	0	-65	0	0	0	0	0	0	0	0	0	0	0	0	0	0	0	0	0	0	0	0	0	0	0	0	0	0	0	0	0	0	0	0	0	0	0	0	0	0	4364	-2461	2305	23695	-7756	-323	-56	970	213	-1	-1	0	-56	956	211	1606974870
-49	-47	-41	-53	-56	0	-67	-68	-75	-72	-77	-76	-78	-65	0	0	-73	-84	-86	-85	-74	-75	-85	-86	-73	-73	0	-92	-93	0	0	-92	0	-70	0	0	-93	-94	-88	-94	0	0	0	0	0	0	-84	0	-85	0	-85	0	0	0	0	0	0	0	0	0	0	0	0	0	0	0	0	0	0	0	0	0	0	0	0	0	0	0	0	0	0	0	0	0	0	0	0	0	0	0	0	0	0	0	0	0	0	0	0	0	0	0	0	0	0	0	0	0	0	0	0	0	0	0	0	0	0	0	0	0	4379	-2409	2350	23696	-7760	-323	-57	970	211	-1	0	-1	-56	956	210	1606974871
-54	-48	-41	-53	-55	0	-66	-65	-75	0	-74	-75	-78	-63	0	0	0	-85	-85	-85	0	-74	-85	-85	0	0	-86	-92	-93	0	0	-91	0	-69	0	0	0	0	-89	-94	0	0	0	0	0	0	0	0	0	0	0	0	0	0	0	0	0	0	0	0	0	0	0	0	0	0	0	0	0	0	0	0	0	0	0	0	0	0	0	0	0	-56	0	0	0	0	0	0	0	0	0	0	0	0	0	0	0	0	0	0	0	0	0	0	0	0	0	0	0	0	0	0	0	0	0	0	0	0	0	0	4334	-2408	2320	23695	-7757	-322	-57	971	213	-1	-1	-1	-56	956	210	1606974873
-52	-50	-40	-53	-55	0	-66	-67	-75	-73	-75	-75	-79	-62	0	0	0	-85	-85	-85	0	-73	-86	-85	0	0	-86	-92	-92	0	0	-92	0	-69	0	0	-93	-95	-90	-94	0	0	0	0	0	0	0	0	0	0	0	0	0	0	0	0	0	0	0	0	0	0	0	0	0	0	0	0	0	0	0	0	0	0	0	0	0	0	0	0	0	-66	0	0	0	0	0	0	0	0	0	0	0	0	0	0	0	0	0	0	0	0	0	0	0	0	0	0	0	0	0	0	0	0	0	0	0	0	0	0	4326	-2393	2297	23695	-7755	-323	-58	970	213	-1	-1	0	-56	956	211	1606974874
-49	-51	-41	-53	-48	0	-66	-67	-69	0	-68	-69	-72	-63	0	-85	0	-82	-83	-82	0	-74	-83	-83	0	0	-85	-91	-92	0	0	-92	0	-58	0	0	0	0	-89	0	0	0	0	0	0	0	0	0	0	0	0	-91	0	0	0	0	0	0	0	-95	0	-87	0	0	0	0	0	0	0	0	0	0	0	0	0	0	0	0	0	0	0	-63	0	0	0	0	0	0	0	0	0	0	0	0	0	0	0	0	0	0	0	0	0	0	0	0	0	0	0	0	0	0	0	0	0	0	0	0	0	0	4289	-2453	2290	23694	-7756	-324	-56	970	214	-1	0	-1	-56	956	211	1606974876
0	-47	-41	-54	0	-60	-63	-67	-70	-74	-69	-69	-72	-64	0	0	0	-81	-82	-81	0	-73	-82	-82	0	0	-86	-91	-91	0	0	-92	0	-58	0	0	0	0	-89	0	0	0	0	0	0	0	0	0	0	0	0	0	0	0	0	0	0	0	0	0	0	0	0	0	0	0	0	0	0	0	0	0	0	0	0	0	0	0	0	0	0	-56	0	0	0	0	0	0	0	0	0	0	0	0	0	0	0	0	0	0	0	0	0	0	0	0	0	0	0	0	0	0	0	0	0	0	0	0	0	0	4379	-2423	2290	23696	-7761	-323	-56	971	212	-1	-1	-1	-56	956	210	1606974878
-48	-49	-41	-54	-55	-69	-67	-63	-76	-74	-77	-75	-78	-67	0	0	0	-85	-85	-86	0	-74	-85	-84	0	0	-86	-91	-92	0	0	-92	0	-71	0	0	-95	-93	-89	-93	0	0	0	0	0	0	0	-86	0	0	0	0	0	0	0	0	0	0	0	0	0	0	0	0	0	0	0	0	0	0	0	0	0	0	0	0	0	0	0	0	0	-55	0	0	0	0	0	0	0	0	0	0	0	0	0	0	0	0	0	0	0	0	0	0	0	0	0	0	0	0	0	0	0	0	0	0	0	0	0	0	4364	-2423	2290	23695	-7756	-323	-57	970	213	0	0	0	-56	956	210	1606974879
-47	-51	-41	-54	-55	-71	0	-66	-74	-73	-74	-75	-79	-66	0	0	0	-86	-85	-86	-74	-74	-85	-86	-73	-74	-85	-93	-92	0	0	-94	0	-69	0	0	-94	-94	-89	-93	0	0	0	0	0	0	0	0	0	0	0	0	0	0	0	0	0	0	0	0	0	0	0	0	0	0	0	0	0	0	0	0	0	0	0	0	0	0	0	0	0	-63	0	0	0	0	0	0	0	0	0	0	0	0	0	0	0	0	0	0	0	0	0	0	0	0	0	0	0	0	0	0	0	0	0	0	0	0	0	0	4319	-2408	2275	23696	-7759	-323	-56	970	212	-1	-1	-1	-56	956	210	1606974881
-48	-49	-40	-53	-55	-72	-68	-67	-75	-73	-75	-75	-79	-63	0	0	-73	-85	-86	-85	-73	-74	-85	-85	-73	-73	-85	-92	-93	0	0	-92	-91	-70	0	0	0	0	-90	-94	0	0	0	0	0	0	0	0	0	0	0	0	0	0	0	0	0	0	0	0	0	0	0	0	0	0	0	0	0	0	0	0	0	0	0	0	0	0	0	0	0	-61	0	0	0	0	0	0	0	0	0	0	0	0	0	0	0	0	0	0	0	0	0	0	0	0	0	0	0	0	0	0	0	0	0	0	0	0	0	0	4379	-2393	2275	23696	-7759	-323	-56	971	213	-1	-1	0	-56	956	210	1606974882
-48	-48	-41	-54	-52	-60	-64	-69	-69	0	-69	-69	-72	-64	0	0	0	-82	-83	-83	0	0	-82	-83	0	0	-86	-94	-92	0	0	-91	0	-58	0	0	0	0	-88	0	0	0	0	0	0	0	0	-86	0	0	0	0	0	0	0	0	0	0	0	0	0	0	0	0	0	0	0	0	-93	0	0	0	0	0	0	0	0	0	0	0	0	-55	0	0	0	0	0	0	0	0	0	0	0	0	0	0	0	0	0	0	0	0	0	0	0	0	0	0	0	0	0	0	0	0	0	0	0	0	0	0	4379	-2453	2276	23695	-7756	-322	-57	970	213	-1	-1	0	-56	956	211	1606974884
-49	-49	-41	0	-50	0	0	0	-69	0	-69	-70	-73	0	0	0	0	-83	-83	-83	-75	-75	-84	-83	-75	0	-87	-91	-93	0	0	0	-95	-59	0	0	0	0	-89	0	0	0	0	0	0	0	0	0	0	0	0	0	0	0	0	0	0	0	0	0	0	0	0	0	0	0	0	0	0	0	0	0	0	0	0	0	0	0	0	0	0	-55	0	0	0	0	0	0	0	0	0	0	0	0	0	0	0	0	0	0	0	0	0	0	0	0	0	0	0	0	0	0	0	0	0	0	0	0	0	0	4379	-2393	2275	23696	-7758	-323	-56	969	213	0	-1	-1	-56	956	210	1606974886
-52	-49	-42	-53	-55	0	-67	-66	-75	-74	-75	-75	-77	-69	0	0	0	-85	-85	-85	0	0	-86	-85	0	0	-90	-92	-91	0	0	-92	0	-68	0	0	-95	-96	0	-96	0	0	0	0	0	0	0	0	0	0	0	0	0	0	0	-89	0	0	0	0	0	0	0	0	0	0	0	0	0	0	0	0	0	0	0	0	0	0	0	0	0	0	0	0	0	0	0	0	0	0	0	0	0	0	0	0	0	0	0	0	0	0	0	0	0	0	0	0	0	0	0	0	0	0	0	0	0	0	0	0	4364	-2408	2290	23696	-7762	-323	-56	971	213	0	-1	0	-56	956	210	1606974887
-50	-50	-41	-53	-54	0	-69	-67	-74	-73	-75	-76	-77	0	0	0	-76	-84	-85	-85	0	0	-85	-85	0	0	0	-93	-93	0	0	-94	-92	-69	0	0	0	-95	-89	-93	0	0	0	0	0	0	0	0	0	0	0	0	0	0	0	0	0	0	0	0	0	0	0	0	0	0	0	0	0	0	0	0	0	0	0	0	0	0	0	0	0	-66	0	0	0	0	0	0	0	0	0	0	0	0	0	0	0	0	0	0	0	0	0	0	0	0	0	0	0	0	0	0	0	0	0	0	0	0	0	0	4394	-2386	2320	23695	-7757	-323	-56	970	213	0	0	0	-56	956	210	1606974889
-50	-47	-41	-53	-55	0	-68	-68	-69	0	-68	-69	-72	-67	0	0	-75	-84	-85	-84	0	-74	-84	-85	-75	-75	-88	-93	-92	0	0	-93	0	-58	0	0	0	0	-89	0	0	0	0	0	-86	0	0	0	0	0	0	0	0	0	0	0	0	0	0	0	0	0	0	0	0	-91	0	0	0	0	0	0	0	0	0	0	0	0	0	0	0	-64	0	0	0	0	0	0	0	0	0	0	0	0	0	0	0	0	0	0	0	0	0	0	0	0	0	0	0	0	0	0	0	0	0	0	0	0	0	0	4379	-2409	2320	23695	-7758	-324	-56	970	211	-1	0	-1	-56	956	210	1606974890
-48	-51	-42	-51	-54	0	-69	-69	-74	-72	-75	-75	-78	-69	0	0	-74	-85	-85	-85	-74	-76	-85	-86	-74	-74	0	-91	-94	0	0	-94	0	-69	0	0	-93	-94	-90	-94	0	0	0	0	-87	-85	-87	0	-88	0	0	0	0	0	0	0	0	0	0	0	0	0	0	0	0	0	0	0	0	-89	0	0	0	0	0	0	0	0	0	0	0	-55	0	0	0	0	0	0	0	0	0	0	0	0	0	0	0	0	0	0	0	0	0	0	0	0	0	0	0	0	0	0	0	0	0	0	0	0	0	0	4364	-2408	2305	23696	-7760	-323	-56	970	213	0	0	-1	-56	956	210	1606974892
-49	-50	-41	-53	-54	-70	-69	-70	-75	-72	-74	-75	-77	-69	0	0	-76	-85	-85	-86	-78	-77	-86	-85	-77	-76	-85	0	0	0	0	0	0	-70	0	0	-95	0	-90	-94	0	0	-90	0	0	0	0	0	0	0	0	0	0	0	0	0	0	0	0	0	0	0	0	0	0	0	0	0	0	-92	0	0	0	0	0	0	0	0	0	0	0	-55	0	0	0	0	0	0	0	0	0	0	0	0	0	0	0	0	0	0	0	0	0	0	0	0	0	0	0	0	0	0	0	0	0	0	0	0	0	0	4364	-2378	2290	23695	-7756	-323	-56	971	213	-1	-1	-1	-56	956	210	1606974893
-47	-49	-43	-53	-52	-70	-67	0	-75	-72	-75	-74	-77	-69	0	0	0	-84	-86	-85	0	-74	-86	-85	0	0	-86	-92	-91	0	0	-91	0	-69	0	0	-96	-93	-89	-94	0	-90	0	0	0	0	0	0	0	0	0	0	0	0	0	0	0	0	0	0	0	0	0	0	0	0	0	0	0	-91	0	0	0	0	0	0	0	0	0	0	0	-64	0	0	0	0	0	0	0	0	0	0	0	0	0	0	0	0	0	0	0	0	0	0	0	0	0	0	0	0	0	0	0	0	0	0	0	0	0	0	4379	-2378	2290	23695	-7758	-324	-57	970	213	0	-1	-1	-56	956	210	1606974895
-47	-51	-42	-53	-53	-69	-67	-66	-75	-74	0	-75	-78	-66	0	0	0	-86	-84	-85	0	-76	-86	-86	0	0	-86	-92	-92	0	0	-91	0	-70	0	0	-95	0	-89	-94	0	0	0	0	-84	-87	-85	0	-84	0	0	0	0	0	0	0	0	0	0	0	0	0	0	0	0	0	0	0	0	0	0	0	0	0	0	0	0	0	0	0	0	-61	0	0	0	0	0	0	0	0	0	0	0	0	0	0	0	0	0	0	0	0	0	0	0	0	0	0	0	0	0	0	0	0	0	0	0	0	0	0	4334	-2393	2305	23695	-7758	-323	-57	971	212	0	0	-1	-56	956	210	1606974897
-48	-50	-42	0	-53	0	0	0	-68	-74	-69	-69	-73	0	0	0	0	-83	-83	-84	0	-75	-83	-83	-75	-75	-85	-93	-91	0	0	-92	0	-59	0	0	0	0	-90	0	0	0	0	0	0	0	0	-83	0	0	0	0	0	0	0	0	0	0	0	0	0	0	0	0	0	0	0	0	-93	-90	0	0	0	0	0	0	0	0	0	0	0	-62	0	0	0	0	0	0	0	0	0	0	0	0	0	0	0	0	0	0	0	0	0	0	0	0	0	0	0	0	0	0	0	0	0	0	0	0	0	0	4334	-2333	2379	23696	-7758	-323	-57	970	213	-1	-1	0	-56	956	210	1606974898
-47	-48	-41	-53	-53	-69	-70	-70	-75	0	-75	-75	-78	-67	0	0	-74	-85	-85	-84	-74	-76	-85	-85	-74	-74	-86	-92	-91	0	0	-92	-93	-71	0	0	-95	-92	-88	-94	0	-90	0	0	0	0	0	0	0	0	0	0	0	0	0	0	0	0	0	0	0	0	0	0	0	0	0	0	0	0	0	0	0	0	0	0	0	0	0	0	0	-64	0	0	0	0	0	0	0	0	0	0	0	0	0	0	0	0	0	0	0	0	0	0	0	0	0	0	0	0	0	0	0	0	0	0	0	0	0	0	4319	-2408	2275	23696	-7759	-323	-56	971	213	0	-1	0	-56	956	210	1606974900
-46	-48	-40	-54	-54	-61	0	0	-69	-73	-69	-68	-73	0	0	0	0	-83	-84	-84	0	-76	-83	-83	0	0	-86	-91	-93	0	0	-92	0	-59	0	0	0	0	-87	0	0	-92	0	0	0	0	0	0	0	0	0	0	0	0	0	0	0	0	0	0	0	0	0	0	0	0	0	0	-95	0	0	0	0	0	0	0	0	0	0	0	0	-62	0	0	0	0	0	0	0	0	0	0	0	0	0	0	0	0	0	0	0	0	0	0	0	0	0	0	0	0	0	0	0	0	0	0	0	0	0	0	4319	-2393	2283	23697	-7762	-323	-57	970	213	0	0	-1	-56	956	210	1606974902
-53	-48	-40	-53	-54	0	-66	0	-75	-72	-75	-75	-77	-67	0	0	0	-85	-85	-86	0	-76	-86	-85	0	0	-74	0	-90	0	0	-93	0	-69	0	0	-95	-94	-88	0	0	0	0	0	0	0	0	-84	0	0	0	0	0	0	0	0	0	0	0	0	0	0	0	0	0	0	0	0	0	0	0	0	0	0	0	0	0	0	0	0	0	-64	0	0	0	0	0	0	0	0	0	0	0	0	0	0	0	0	0	0	0	0	0	0	0	0	0	0	0	0	0	0	0	0	0	0	0	0	0	0	4334	-2423	2275	23695	-7756	-323	-57	970	213	0	0	0	-56	956	211	1606974903
-47	-50	-43	-53	-54	0	-66	-66	-75	0	-75	-75	-78	-65	0	0	0	-86	-85	-86	0	-77	-86	-86	0	0	-86	-92	-91	0	0	-91	-92	-70	0	0	-94	-94	-90	-95	0	0	0	0	0	0	0	0	0	0	0	0	0	0	0	0	0	0	0	0	0	0	0	0	0	0	0	0	0	0	0	0	0	0	0	0	0	0	0	0	0	-64	0	0	0	0	0	0	0	0	0	0	0	0	0	0	0	0	0	0	0	0	0	0	0	0	0	0	0	0	0	0	0	0	0	0	0	0	0	0	4334	-2393	2245	23695	-7757	-322	-56	970	213	0	0	0	-56	956	210	1606974905
-48	-48	-42	-53	-54	0	-68	-70	-76	0	-75	-75	-77	-66	-81	0	0	-84	-85	-85	0	-77	-85	-85	0	0	-87	-93	0	0	0	-92	0	-70	0	0	-93	-97	-88	0	0	0	0	0	0	0	0	0	0	0	0	0	0	0	0	0	0	0	0	0	0	0	0	0	0	0	0	0	0	0	0	0	0	0	0	0	0	0	0	0	0	0	0	0	0	0	0	0	0	0	0	0	0	0	0	0	0	0	0	0	0	0	0	0	0	0	0	0	0	0	0	0	0	0	0	0	0	0	0	0	4326	-2401	2290	23696	-7762	-323	-56	971	213	0	0	0	-56	956	210	1606974906
-46	-49	-41	-53	-53	0	-64	-65	-75	-73	-75	-75	-78	-68	0	0	0	-86	-85	-85	0	-77	-86	-86	0	0	-86	-91	0	0	0	0	0	-70	0	0	0	-94	-88	-93	0	-91	0	0	0	0	0	0	0	0	0	0	0	0	0	0	0	0	0	0	0	0	0	0	0	0	0	0	0	0	0	0	0	0	0	0	0	0	0	0	0	-65	0	0	0	0	0	0	0	0	0	0	0	0	0	0	0	0	0	0	0	0	0	0	0	0	0	0	0	0	0	0	0	0	0	0	0	0	0	0	4364	-2363	2275	23695	-7758	-324	-57	970	213	-1	0	0	-56	956	210	1606974908
-51	-48	-40	-53	-53	0	-66	-64	-76	0	-74	-75	-77	-64	0	0	0	-85	-85	-85	0	-76	-85	-86	0	0	-86	-92	-93	0	0	-92	0	-69	0	0	0	-95	-90	-93	0	0	0	0	-87	-84	-86	0	0	0	-87	0	0	0	0	0	0	0	0	0	0	0	0	0	0	0	0	0	0	0	0	0	0	0	0	0	0	0	0	0	0	-56	0	0	0	0	0	0	0	0	0	0	0	0	0	0	0	0	0	0	0	0	0	0	0	0	0	0	0	0	0	0	0	0	0	0	0	0	0	0	4364	-2453	2290	23695	-7757	-324	-57	970	213	0	0	0	-56	956	210	1606974910
-47	-50	-42	0	-55	0	-65	-67	-75	-71	-76	-75	-77	-67	0	0	0	-85	-85	-86	0	-76	-86	-85	0	0	-85	-92	-91	0	0	-93	0	-69	0	0	-94	-92	-87	-94	0	0	0	0	0	0	0	0	0	0	0	0	0	0	0	0	0	0	0	0	0	0	0	0	0	0	0	0	0	0	0	0	0	0	0	0	0	0	0	0	0	-67	0	0	0	0	0	0	0	0	0	0	0	0	0	0	0	0	0	0	0	0	0	0	0	0	0	0	0	0	0	0	0	0	0	0	0	0	0	0	4349	-2408	2290	23696	-7761	-323	-56	970	213	-1	0	0	-56	956	210	1606974911
-47	-49	-42	-53	-55	0	-65	0	-75	-72	-75	-75	-76	-66	0	0	-76	-86	-86	-86	-77	-75	-86	-86	-76	-76	-85	-91	-92	0	0	0	0	-69	0	0	0	-94	-88	0	0	0	0	0	0	0	-85	-83	-86	0	-85	0	0	0	0	0	0	0	0	0	0	0	0	0	0	0	0	0	0	0	0	0	0	0	0	0	0	0	0	0	0	0	0	0	0	0	0	0	0	0	0	0	0	0	0	0	0	0	0	0	0	0	0	0	0	0	0	0	0	0	0	0	0	0	0	0	0	0	0	0	4364	-2446	2305	23695	-7758	-323	-56	971	213	0	0	-1	-56	956	210	1606974913
-48	-53	-41	-52	-55	-60	0	-66	-70	-70	-70	-70	-72	-64	0	0	0	-83	-83	-84	-76	-75	-83	-83	-76	-76	-85	0	-90	0	0	-93	-92	-59	0	0	0	0	-89	0	0	0	0	0	-84	0	-83	0	0	0	-84	0	0	0	0	0	0	0	0	0	0	0	0	0	0	0	0	0	0	-89	0	0	0	0	0	0	0	0	0	0	0	-63	0	0	0	0	0	0	0	0	0	0	0	0	0	0	0	0	0	0	0	0	0	0	0	0	0	0	0	0	0	0	0	0	0	0	0	0	0	0	4364	-2423	2305	23695	-7758	-323	-57	970	213	0	0	0	-56	956	210	1606974914
-52	-52	-42	-53	-55	-70	0	-65	-76	-72	-77	-75	-77	-68	0	0	0	-86	-86	-86	0	-76	-86	-86	0	0	-85	-92	-91	0	0	-91	-91	-69	0	0	-94	-95	-88	-94	0	0	0	0	0	0	0	0	0	0	0	0	0	0	0	0	0	0	0	0	0	0	0	0	0	0	0	0	0	0	0	0	0	0	0	0	0	0	0	0	0	-55	0	0	0	0	0	0	0	0	0	0	0	0	0	0	0	0	0	0	0	0	0	0	0	0	0	0	0	0	0	0	0	0	0	0	0	0	0	0	4319	-2453	2275	23697	-7763	-322	-57	971	212	0	0	0	-56	956	209	1606974916
-52	-49	-42	-53	-54	-60	-65	-65	-69	-71	-70	-69	-73	-65	0	0	0	-83	-83	-83	0	-75	-83	-84	0	0	-85	-91	-91	0	0	-91	-92	-58	0	0	0	0	-88	0	0	0	0	0	0	0	0	0	0	0	0	0	0	0	0	-90	0	0	0	0	0	0	0	0	0	0	0	0	0	-92	0	0	0	0	0	0	0	0	0	0	0	0	0	0	0	0	0	0	0	0	0	0	0	0	0	0	0	0	0	0	0	0	0	0	0	0	0	0	0	0	0	0	0	0	0	0	0	0	0	0	4341	-2408	2290	23695	-7756	-323	-57	970	213	0	0	-1	-56	956	211	1606974917
-50	-53	-41	-53	-49	-68	-66	-66	-76	0	-76	-76	-78	-64	0	0	0	-86	-85	-86	0	0	-85	-84	0	0	-86	-90	-91	0	0	-92	0	-68	0	0	-95	0	-89	-94	0	0	0	0	0	0	0	0	0	0	0	0	0	0	0	0	0	0	0	0	0	0	0	0	0	0	0	0	0	-91	0	0	0	0	0	0	0	0	0	0	0	-54	0	0	0	0	0	0	0	0	0	0	0	0	0	0	0	0	0	0	0	0	0	0	0	0	0	0	0	0	0	0	0	0	0	0	0	0	0	0	4379	-2461	2313	23695	-7758	-324	-57	971	214	-1	0	0	-56	956	210	1606974919
-46	-51	-41	0	-55	0	0	0	-69	0	0	-69	-71	0	0	0	0	-82	-82	-83	0	-75	-84	-82	0	0	-85	-91	-92	0	0	-93	-92	-59	0	0	0	0	-88	0	0	0	0	0	0	0	0	0	0	0	0	0	0	0	0	0	0	0	0	0	0	0	0	0	0	0	0	0	0	-90	0	0	0	0	0	0	0	0	0	0	0	-62	0	0	0	0	0	0	0	0	0	0	0	0	0	0	0	0	0	0	0	0	0	0	0	0	0	0	0	0	0	0	0	0	0	0	0	0	0	0	4334	-2438	2260	23696	-7762	-323	-57	971	212	-1	0	0	-56	956	210	1606974920
-51	-53	-42	-54	-54	-60	-68	-65	-68	0	-69	-69	-72	-69	0	0	0	-82	-82	-82	0	0	-82	-83	0	0	-87	-91	-93	0	0	-92	0	-58	0	0	0	0	-88	0	0	0	0	0	0	0	0	0	0	0	-85	0	0	0	0	0	0	0	0	0	0	0	0	0	0	0	0	0	-93	0	0	0	0	0	0	0	0	0	0	0	0	-63	0	0	0	0	0	0	0	0	0	0	0	0	0	0	0	0	0	0	0	0	0	0	0	0	0	0	0	0	0	0	0	0	0	0	0	0	0	0	4334	-2416	2350	23696	-7760	-323	-56	970	213	0	0	0	-56	956	210	1606974922
-48	-49	-42	-54	-55	-69	-67	-68	-76	0	-76	-75	-78	-64	0	-86	0	-84	-84	-85	0	-76	-85	-84	0	0	-85	-91	-92	0	0	-91	0	-69	0	0	-96	-95	-90	0	0	0	0	0	0	0	0	0	0	0	0	0	0	0	0	0	0	0	0	0	0	-87	0	-86	-87	0	0	0	0	-91	0	0	0	0	0	0	0	0	0	0	0	-61	0	0	0	0	0	0	0	0	0	0	0	0	0	0	0	0	0	0	0	0	0	0	0	0	0	0	0	0	0	0	0	0	0	0	0	0	0	0	4334	-2423	2245	23696	-7759	-323	-57	970	213	0	0	-1	-56	956	210	1606974923
-49	-48	-41	-54	-54	-69	-66	-65	-76	-72	-75	-75	-77	-67	0	0	0	-84	-85	-85	0	-75	-85	-85	0	0	-84	-92	-91	0	0	-93	0	-68	0	0	-95	-96	-89	-94	0	0	0	0	0	0	0	0	0	0	0	0	0	0	0	0	0	0	0	0	0	0	0	0	0	0	0	0	0	0	0	0	0	0	0	0	0	0	0	0	0	-55	0	0	0	0	0	0	0	0	0	0	0	0	0	0	0	0	0	0	0	0	0	0	0	0	0	0	0	0	0	0	0	0	0	0	0	0	0	0	4379	-2423	2305	23697	-7762	-323	-56	970	212	-1	0	0	-56	956	210	1606974925
-48	-51	-40	-52	-57	-61	-66	-65	-68	0	-68	-68	-72	0	0	0	0	-84	-84	-83	0	-76	-83	-82	0	0	-85	-90	-92	0	0	-94	0	-58	0	0	0	0	-88	0	0	0	0	0	0	0	0	0	0	0	0	0	0	0	0	0	0	0	0	0	0	0	0	0	0	0	0	0	-96	0	0	0	0	0	0	0	0	0	0	0	0	-65	0	0	0	0	0	0	0	0	0	0	0	0	0	0	0	0	0	0	0	0	0	0	0	0	0	0	0	0	0	0	0	0	0	0	0	0	0	0	4364	-2393	2275	23696	-7759	-323	-57	970	213	-1	-1	-1	-56	956	210	1606974927
-53	-51	-40	-52	-55	-74	-64	-65	-75	0	-76	-76	-77	-66	0	0	-76	-86	-85	-85	-76	-73	-84	-85	0	-76	0	-92	-92	0	0	-91	0	-70	0	0	0	-95	-88	0	0	0	0	0	-85	-85	-85	0	-84	0	-85	0	0	0	0	0	0	0	0	0	0	0	0	0	0	0	0	0	0	0	0	0	0	0	0	0	0	0	0	0	0	-55	0	0	0	0	0	0	0	0	0	0	0	0	0	0	0	0	0	0	0	0	0	0	0	0	0	0	0	0	0	0	0	0	0	0	0	0	0	0	4364	-2408	2283	23695	-7756	-323	-57	969	213	0	-1	0	-56	956	210	1606974928
-45	-50	-40	-53	-53	-69	0	-65	-76	-75	-75	-76	-77	0	0	0	-76	-84	-84	-85	-75	-76	-85	-85	-75	-75	-83	-93	-92	0	0	-92	0	-67	0	0	-95	0	-88	-95	0	0	0	0	-86	-85	-86	0	-85	0	-86	0	0	0	0	0	0	0	0	0	0	0	0	0	0	0	0	0	0	0	0	0	0	0	0	0	0	0	0	0	0	-54	0	0	0	0	0	0	0	0	0	0	0	0	0	0	0	0	0	0	0	0	0	0	0	0	0	0	0	0	0	0	0	0	0	0	0	0	0	0	4394	-2394	2290	23696	-7761	-323	-56	971	212	0	-1	0	-56	956	210	1606974930
0	-49	-41	-54	0	-71	-66	-66	-74	-74	-73	-76	-77	-64	0	0	0	-84	-83	-84	0	-75	-84	-84	0	0	-84	-94	-92	0	0	-92	0	-64	-60	0	-94	-95	-90	-93	0	0	0	0	0	-84	-83	0	0	0	0	0	0	0	0	0	0	0	0	0	0	0	0	0	0	0	0	0	0	0	-86	0	0	0	0	0	0	0	0	0	0	-55	0	0	0	0	0	0	0	0	0	0	0	0	0	0	0	0	0	0	0	0	0	0	0	0	0	0	0	0	0	0	0	0	0	0	0	0	0	0	4364	-2393	2290	23696	-7759	-323	-56	971	213	-1	-1	0	-56	956	210	1606974931
-50	-50	-41	-52	-53	-67	-63	-65	-75	0	-76	-76	-78	-65	0	0	-76	-85	-85	-85	-75	-76	-85	-85	-74	-76	-85	-91	-92	0	0	-93	0	-69	0	0	0	-93	-89	-94	0	0	0	0	0	0	0	0	0	0	0	0	0	0	0	0	0	0	0	0	0	0	0	0	0	0	0	0	0	0	0	0	0	0	0	0	0	0	0	0	0	0	0	0	0	0	0	0	0	0	0	0	0	0	0	0	0	0	0	0	0	0	0	0	0	0	0	0	0	0	0	0	0	0	0	0	0	0	0	0	4379	-2408	2290	23696	-7759	-323	-57	970	213	-1	-1	-1	-56	956	210	1606974933
-43	-49	-41	-54	-53	-65	-62	-62	-74	-72	-75	-74	-77	-65	0	0	0	-85	-86	-85	0	-73	-85	-86	0	0	0	-93	-93	0	0	0	0	-72	0	0	-96	-94	-89	-95	0	0	0	0	-83	0	0	0	0	0	0	0	0	0	0	0	0	0	0	0	0	0	0	0	0	0	0	0	0	0	0	0	0	0	0	0	0	0	0	0	0	-65	0	0	0	0	0	0	0	0	0	0	0	0	0	0	0	0	0	0	0	0	0	0	0	0	0	0	0	0	0	0	0	0	0	0	0	0	0	0	4364	-2393	2275	23695	-7758	-323	-56	970	213	0	0	-1	-56	956	210	1606974934
-50	-50	-41	-59	-55	0	-67	-64	-68	0	-67	-69	0	-65	-82	0	0	-80	-80	-80	0	0	-81	-80	0	0	-81	-93	-91	0	0	-92	0	-66	-59	0	0	0	-90	0	0	-88	0	0	0	0	0	0	0	0	0	0	0	0	0	0	0	0	0	0	0	0	0	0	0	0	0	0	0	0	0	0	0	0	0	0	0	0	0	0	0	-63	0	0	0	0	0	0	0	0	0	0	0	0	0	0	0	0	0	0	0	0	0	0	0	0	0	0	0	0	0	0	0	0	0	0	0	0	0	0	4304	-2423	2290	23697	-7762	-322	-57	970	213	-1	-1	-1	-56	956	209	1606974936
-53	-48	-40	-54	-54	-59	-65	-64	-69	0	-70	-69	-74	-64	0	0	0	-84	-83	-84	0	-71	-84	-83	0	0	-85	-91	-92	0	-94	-90	-91	-59	0	0	0	0	-88	0	0	0	0	0	0	0	0	-88	0	0	0	0	0	0	0	0	0	0	0	0	0	0	0	0	0	0	0	0	-95	0	0	0	0	0	0	0	0	0	0	0	0	0	0	0	0	0	0	0	0	0	0	0	0	0	0	0	0	0	0	0	0	0	0	0	0	0	0	0	0	0	0	0	0	0	0	0	0	0	0	0	4289	-2423	2260	23696	-7757	-321	-57	972	213	0	-1	0	-55	956	210	1606974938
-53	-57	-55	-53	-52	-62	0	-69	-70	-73	-70	-70	-73	-68	0	0	0	-81	-83	-82	0	-71	-82	-82	0	0	-82	0	0	0	0	0	0	-60	0	0	0	0	-90	0	0	-91	0	0	0	0	0	0	0	0	0	0	0	0	0	0	0	0	0	0	0	0	0	0	0	0	0	0	-93	0	0	0	0	0	0	0	0	0	0	0	0	-62	0	0	0	0	0	0	0	0	0	0	0	0	0	0	0	0	0	0	0	0	0	0	0	0	0	0	0	0	0	0	0	0	0	0	0	0	0	0	4334	-2408	2275	23695	-7757	-322	-56	970	213	0	0	-1	-56	956	210	1606974939
-47	-52	-41	-51	-52	-71	-66	-69	-76	-74	-74	-75	-78	-65	-81	0	-75	-86	-85	-85	0	-73	-86	-86	-73	0	-86	-93	-91	0	0	-91	0	-64	-59	-95	-94	-94	-89	-97	-95	0	0	0	-86	0	0	0	0	0	0	0	0	0	0	0	0	0	0	0	0	-85	0	-86	-83	0	0	0	0	0	0	0	0	0	0	0	0	0	0	0	0	-61	0	0	0	0	0	0	0	0	0	0	0	0	0	0	0	0	0	0	0	0	0	0	0	0	0	0	0	0	0	0	0	0	0	0	0	0	0	0	4364	-2423	2260	23696	-7760	-322	-58	971	213	0	0	0	-56	956	210	1606974941
-49	-54	-54	-55	-54	-67	-69	-69	-76	-73	-76	-76	-79	-69	0	0	0	-84	-85	-86	0	-74	-84	-85	0	0	-87	-91	-92	0	0	-92	0	-70	0	0	-96	-95	-89	-93	0	0	0	0	-83	0	-84	0	-86	0	0	0	0	0	0	0	0	0	0	0	0	0	0	0	0	0	0	0	0	0	0	0	0	0	0	0	0	0	0	0	0	0	0	0	0	0	0	0	0	0	0	0	0	0	0	0	0	0	0	0	0	0	0	0	0	0	0	0	0	0	0	0	0	0	0	0	0	0	0	0	4379	-2424	2320	23695	-7758	-323	-56	970	213	-1	0	-1	-56	956	210	1606974942
-45	-53	-49	-52	-59	0	-71	-72	-69	0	0	-69	-77	-68	0	0	-73	-82	-82	-83	-74	-74	-83	-83	-73	-73	-84	-91	0	0	0	0	0	-59	0	0	0	0	-90	0	0	0	0	0	0	0	0	0	0	0	0	0	0	0	0	0	0	0	0	0	0	0	0	0	0	0	0	0	-92	-89	0	0	0	0	0	0	0	0	0	0	0	-69	0	0	0	0	0	0	0	0	0	0	0	0	0	0	0	0	0	0	0	0	0	0	0	0	0	0	0	0	0	0	0	0	0	0	0	0	0	0	4304	-2423	2268	23696	-7760	-322	-56	970	212	-1	0	0	-55	956	210	1606974944
0	-53	-58	-56	-55	-59	-69	-70	-68	-77	-69	-69	-76	-70	0	0	-74	-86	-86	-87	-75	-75	-86	-86	-74	-76	-82	0	-93	0	0	-92	0	-57	-59	0	0	0	-88	0	0	0	0	-87	0	0	0	0	0	0	0	0	0	0	0	0	0	0	0	0	0	0	0	0	0	0	0	0	-95	0	0	0	0	0	0	0	0	0	0	0	0	-66	0	0	0	0	0	0	0	0	0	0	0	0	0	0	0	0	0	0	0	0	0	0	0	0	0	0	0	0	0	0	0	0	0	0	0	0	0	0	4334	-2393	2320	23696	-7760	-322	-56	971	213	0	-1	-1	-56	956	210	1606974945
-49	-55	-48	-56	-52	-68	-71	-68	-77	0	-77	-76	0	-71	0	0	-75	-84	-84	-84	-75	-74	-85	-84	-75	-75	-85	-92	0	0	0	-91	0	-63	0	0	0	0	-88	0	0	0	0	0	0	0	0	-87	0	0	0	0	0	0	0	0	0	0	0	0	0	0	0	0	0	-91	0	0	0	0	-89	0	0	0	0	0	0	0	0	0	0	0	0	0	0	0	0	0	0	0	0	0	0	0	0	0	0	0	0	0	0	0	0	0	0	0	0	0	0	0	0	0	0	0	0	0	0	0	0	0	4379	-2408	2305	23696	-7758	-323	-49	955	289	0	-1	0	-56	956	210	1606974947
