-45	-56	-45	-48	-54	-59	0	-69	-75	0	-75	-76	-82	-68	0	-82	-84	0	0	0	-83	-87	0	-89	-83	-85	-85	0	0	0	0	0	0	-58	0	0	0	0	0	0	0	0	0	0	0	0	0	0	0	0	0	0	0	0	0	0	0	0	0	0	0	0	0	0	0	0	0	0	0	0	0	0	4154	-2320	3028	22932	-7720	-249	-42	967	213	0	0	-1	-43	955	217	1606974583
-48	-50	0	-48	-53	-57	-69	-68	-76	-76	-77	-76	-83	-69	0	0	0	-91	-90	-91	0	-86	-91	-90	0	0	-87	0	-92	0	0	0	0	-56	-66	0	0	0	0	0	0	0	0	-89	0	0	0	0	0	0	0	0	0	0	0	0	-89	0	0	0	0	-88	0	0	0	0	0	0	0	0	0	0	4154	-2305	3035	22936	-7738	-248	-43	966	219	0	0	0	-43	956	214	1606974585
-47	-49	-45	-49	-50	-59	0	-65	-82	-75	-82	-82	-80	-66	0	0	0	-93	-91	0	0	-81	-94	-93	0	0	-87	-93	-92	0	0	-92	0	-60	0	0	0	0	0	0	0	0	0	0	0	0	0	0	0	0	0	0	0	0	0	0	0	0	0	0	0	0	0	0	0	0	0	0	0	0	0	0	4109	-2335	3050	22932	-7720	-248	-43	967	220	0	0	0	-43	955	217	1606974586
-51	-55	-43	-51	-50	-60	-67	-69	-80	-77	-78	-81	-81	-68	0	-87	0	0	-95	0	0	-76	0	0	0	0	-87	-93	-95	0	0	-94	0	-62	0	0	0	0	0	0	0	0	0	0	0	0	0	0	0	0	0	0	0	0	0	0	0	0	0	0	0	0	0	0	0	0	0	-89	0	0	0	0	4064	-2327	3020	22931	-7713	-248	-43	966	221	0	0	0	-43	955	218	1606974588
-50	0	-43	0	-55	0	0	0	-76	-79	-76	-75	-83	0	0	0	0	-91	-90	-90	0	-79	-91	-90	0	0	-87	-94	0	0	0	-93	0	-59	0	0	0	0	0	0	0	0	0	0	0	0	0	0	0	0	0	0	0	-87	0	0	0	0	0	-95	0	0	0	0	0	0	0	0	0	0	0	0	4110	-2365	3021	22931	-7715	-248	-42	966	220	0	0	-1	-43	955	218	1606974589
-49	-58	-42	-51	-52	0	-67	-68	-80	0	-80	-81	-80	-67	0	0	0	-93	-93	0	0	0	-93	-93	0	0	-87	-92	-94	0	0	-93	0	-60	0	0	0	0	0	0	0	-86	0	0	0	0	0	0	0	0	0	0	0	-86	0	0	0	0	0	0	0	0	0	0	0	0	0	0	0	0	0	0	4079	-2335	3028	22929	-7708	-248	-43	965	222	-1	-1	-1	-43	954	219	1606974591
-52	-57	-44	-52	-48	0	-69	-69	-81	-76	-80	-79	-81	-70	0	0	-80	-93	-93	0	-81	-80	0	-92	-81	-81	-86	-91	-93	0	0	-92	0	-64	0	0	0	0	0	0	0	0	0	-91	0	0	0	0	0	0	0	0	0	0	0	0	0	0	0	0	0	0	0	0	0	0	0	0	0	0	0	0	4079	-2335	3020	22929	-7704	-247	-44	966	221	-1	-1	-1	-43	954	219	1606974592
0	-51	0	-53	-61	-56	-69	-68	-76	-76	-77	-76	-85	-68	-81	0	-84	-90	-89	-89	-84	-82	-90	-90	0	-83	-86	-93	-90	0	0	-93	0	-57	0	0	0	0	0	0	0	0	0	0	0	0	0	0	0	0	0	0	0	0	0	0	0	0	0	0	0	0	0	0	0	0	0	0	-92	0	0	0	4117	-2335	3021	22929	-7706	-247	-44	966	221	-1	-1	0	-43	954	219	1606974594
-51	-62	-43	0	-58	0	-68	0	-77	0	-77	-77	-84	-68	0	0	-83	-90	-90	-90	0	-82	-89	-88	0	0	-86	-92	-92	0	0	-92	0	-57	0	0	0	0	0	0	0	0	0	0	0	0	0	0	0	0	0	0	0	0	0	0	0	0	0	0	0	0	0	0	0	0	0	0	-92	-90	0	0	4109	-2305	3028	22929	-7703	-248	-43	965	221	-1	-1	-1	-43	954	219	1606974596
-50	-60	-44	0	-56	-55	0	-66	-76	-76	-77	-76	-84	-67	-79	0	0	-91	-89	-90	0	-85	-90	-89	0	0	-84	-92	-93	0	0	-92	0	-57	0	0	0	0	0	0	0	0	0	0	0	0	0	0	0	0	0	0	0	0	0	0	0	0	0	0	0	0	0	0	0	0	0	0	0	0	-87	0	4109	-2313	3036	22929	-7701	-246	-43	966	222	-1	-1	0	-43	954	220	1606974597
-51	-52	-43	-54	-55	0	-68	-68	-74	0	-75	-75	-83	-68	0	0	-83	-91	-91	-93	-84	-84	-90	-92	0	-84	-85	-91	-94	0	0	-93	0	-53	0	0	0	0	0	0	0	-86	0	0	0	0	-89	0	0	0	-89	0	0	0	0	0	0	0	0	0	0	0	0	0	0	0	0	0	-94	0	0	0	4079	-2320	3073	22929	-7705	-246	-43	966	220	-1	-1	0	-43	954	219	1606974599
-52	0	-44	-51	-54	0	-69	-68	-81	-75	-82	-82	-79	-66	0	-85	0	-94	-94	0	0	-76	0	-92	0	0	-85	-93	-91	0	0	-92	-93	-60	0	0	0	0	0	0	0	0	0	0	0	0	0	0	0	0	0	0	0	0	0	0	0	0	0	0	0	0	0	0	0	0	0	0	0	0	0	0	4079	-2380	3013	22928	-7700	-248	-42	966	222	-1	-1	0	-43	954	220	1606974600
-54	-49	-40	-51	-53	0	-67	-68	-81	0	-80	-80	-80	-67	0	-85	0	0	-92	0	0	-81	0	-91	0	0	-86	-93	-92	0	0	-92	0	-60	0	0	0	0	0	0	0	0	0	0	0	0	0	0	0	0	0	-91	0	0	0	0	-84	0	0	0	0	-83	0	-84	-85	0	0	0	0	-93	-84	0	4125	-2328	3095	22928	-7700	-247	-42	965	222	-1	-1	0	-43	954	220	1606974602
-53	-49	-43	0	-51	0	-68	-67	-82	0	-81	-82	-79	-68	0	-84	0	-94	-92	0	0	-77	0	0	0	0	-87	-93	-91	0	0	-92	0	-60	0	0	0	0	0	0	0	-85	0	0	0	0	0	0	0	0	0	0	0	0	0	0	-86	0	0	0	0	-83	0	-84	-85	0	0	0	0	0	0	0	4079	-2335	3020	22928	-7698	-247	-43	966	220	-1	-1	-1	-43	954	220	1606974603
-49	-56	-43	-51	-51	-56	-69	-67	-74	0	-75	-75	-83	-67	0	-86	0	-91	-89	-90	0	-77	-90	-89	0	0	-86	-91	-94	0	0	-92	0	-56	0	0	0	0	0	0	0	-85	0	0	0	0	0	0	0	0	0	0	0	0	0	0	0	0	0	0	0	0	0	0	0	0	0	0	-94	0	0	0	4079	-2380	3006	22929	-7702	-246	-43	966	222	-1	-1	-1	-43	954	220	1606974605
0	-56	-49	0	-52	0	0	-68	0	-78	-75	-74	-83	0	0	-84	-75	-89	-91	-88	-74	-74	-90	-89	-74	-74	-86	0	-92	0	0	-91	0	-56	0	0	0	0	0	0	0	0	0	0	0	0	0	0	0	0	0	0	0	0	0	0	0	0	0	0	0	0	0	0	0	0	0	0	-95	0	0	0	4124	-2305	3058	22928	-7698	-246	-43	966	222	-1	-1	0	-43	954	220	1606974606
0	0	-46	-51	0	-58	0	-66	-81	0	-79	-80	-80	-67	0	0	0	-93	-92	0	0	-73	0	0	0	0	-87	-92	0	0	0	0	0	-59	0	0	0	0	0	0	0	0	0	0	0	0	0	0	0	0	0	0	0	0	0	0	0	0	0	0	0	0	0	0	0	0	0	0	0	0	0	0	4124	-2320	3028	22928	-7699	-246	-43	966	222	-1	-1	0	-43	954	220	1606974608
-52	-57	-48	0	-51	0	0	-66	-75	0	-75	-75	-83	0	0	-85	-75	-90	-88	-89	-74	-75	-90	-88	-74	-74	-87	-92	-93	0	0	-91	0	-57	0	0	0	0	0	0	0	0	0	0	0	0	0	0	0	0	0	0	0	0	0	0	0	0	0	0	0	0	0	0	0	0	0	0	-93	-91	0	0	4109	-2320	3065	22928	-7700	-246	-43	966	220	-1	-1	0	-43	954	220	1606974610
-50	-50	-49	-50	-56	-59	0	-67	-75	0	-75	-75	-82	-66	0	0	-74	-88	-89	-89	-73	-76	-90	-90	-73	-75	-86	-90	-91	0	0	-92	0	0	0	0	0	0	0	0	0	-84	0	0	0	0	0	0	0	0	0	0	0	-86	0	0	0	0	0	0	0	0	-95	0	0	0	0	0	-93	0	0	0	4155	-2320	3058	22928	-7697	-247	-43	966	223	-1	-1	0	-43	954	220	1606974611
-52	-51	-48	-50	-49	-58	0	-67	-83	0	-81	-81	-80	-66	0	-84	-75	-92	-92	0	-75	-75	0	-92	-75	-74	0	-92	-93	0	0	-90	0	-60	0	0	0	0	0	0	0	0	0	0	0	0	0	0	0	0	0	0	0	0	0	0	0	0	0	0	0	0	0	0	0	0	0	0	0	-89	0	0	4049	-2335	3050	22927	-7695	-247	-43	966	222	-1	-1	-1	-43	954	221	1606974613
0	-51	-49	-51	-51	0	-69	-67	-75	-78	-75	-75	-83	-68	0	-84	0	-89	-90	-91	0	-76	-88	-90	0	0	-86	-93	-91	0	0	-93	0	-56	0	0	0	0	0	0	0	0	0	0	0	0	0	0	0	0	0	0	0	0	0	0	0	0	0	0	0	0	0	0	0	0	0	0	-93	0	0	0	4079	-2365	3050	22928	-7699	-247	-43	966	222	-1	-1	-1	-43	954	220	1606974614
0	-50	0	0	0	-59	0	0	-75	-80	-76	-74	-83	0	0	-84	-74	-90	-88	-89	-74	-75	-88	-88	-74	-75	-87	-92	-90	0	0	-92	0	-56	0	0	0	0	0	0	0	0	0	0	0	0	0	0	0	0	0	0	0	0	0	0	0	0	0	0	0	0	0	0	0	0	-88	0	-93	0	0	0	4109	-2335	3006	22927	-7696	-246	-43	966	223	-1	-1	0	-43	954	221	1606974616
-50	-51	-48	-51	-50	-58	-68	-66	-82	-79	-80	-81	-79	-66	-82	0	0	0	-92	0	0	-75	0	-92	0	0	-86	-91	-90	0	0	-92	0	-60	0	0	0	0	0	0	0	0	0	0	0	0	0	0	0	0	0	0	0	0	0	0	0	0	0	-94	0	0	0	0	0	0	0	0	0	0	0	0	4094	-2335	3050	22928	-7696	-246	-43	966	222	-1	-1	0	-42	954	221	1606974618
-51	-52	-49	-50	-51	-59	-66	-69	-81	0	-80	-82	-79	-66	0	0	0	-92	-92	0	0	-76	0	-93	0	0	-86	-91	-93	0	0	-91	0	-61	0	0	0	0	0	0	0	0	0	0	0	0	0	0	0	0	0	0	0	0	0	0	0	0	0	0	0	0	0	0	0	0	0	0	0	-93	0	0	4124	-2313	3036	22928	-7699	-246	-43	966	221	-1	-1	0	-42	954	220	1606974619
-50	-50	-45	-51	-51	0	-68	-68	-75	0	-76	-76	-82	-66	0	0	-74	-92	-90	-90	-74	0	-91	-88	-74	-75	0	-92	0	0	0	-90	0	-57	0	0	0	0	0	0	0	0	0	0	0	0	0	0	0	0	0	0	0	0	0	0	0	0	0	0	0	0	0	0	0	0	0	0	-93	0	0	0	4049	-2335	3020	22928	-7698	-246	-43	966	222	-1	-1	-1	-43	954	220	1606974621
-53	-50	-45	-51	-51	0	-69	-69	-82	-80	-81	-81	-79	-68	0	-82	0	-94	-91	0	0	-74	0	-92	0	0	-86	-91	-92	0	0	-92	0	-62	0	0	0	0	0	0	0	-86	0	0	0	0	0	0	0	0	0	0	0	0	0	0	0	0	0	-95	0	0	0	0	0	0	0	0	0	0	0	0	4185	-2321	3066	22927	-7696	-246	-43	966	222	-1	-1	0	-42	954	221	1606974623
-50	-57	-47	-50	-51	0	-66	-67	-75	-77	-76	-75	-83	-68	0	-83	0	-90	-89	-90	0	-73	-91	-89	0	0	-86	-92	-92	0	0	-91	0	-58	0	0	0	0	0	0	0	0	0	0	0	0	0	0	0	0	0	0	-87	-86	0	0	0	0	0	0	0	0	0	0	0	0	0	0	-94	0	0	0	4109	-2335	3028	22929	-7703	-245	-43	966	222	-1	-1	0	-42	954	219	1606974624
-50	-57	-47	-51	-52	-57	-66	-66	-75	-78	-75	-76	-83	-67	0	0	0	-91	-90	-90	0	-75	-91	-89	0	0	-85	-91	-91	0	0	-90	-91	-57	0	0	0	0	0	0	0	0	0	0	0	0	0	0	0	0	0	0	0	0	0	-91	0	0	0	0	0	0	0	0	0	0	0	0	-94	0	0	0	4079	-2207	3035	22928	-7699	-245	-42	966	222	-1	-1	0	-42	954	220	1606974626
-53	-49	-48	-50	-51	0	0	-67	-75	0	-75	-75	-83	-66	0	-83	0	-91	-90	-90	0	-77	-89	-90	0	0	-86	-90	-91	0	0	-91	0	-58	0	0	0	0	0	0	0	-87	0	0	0	0	0	0	0	0	0	0	0	0	0	0	0	0	0	0	0	0	0	0	0	0	0	0	0	0	0	0	4049	-2320	3050	22928	-7699	-245	-44	966	222	-1	-1	0	-42	954	220	1606974627
-49	-58	-47	-49	-53	-58	-67	-67	-75	-76	-75	-76	-83	-67	0	-85	0	-92	-91	-90	0	-75	-90	-90	0	0	-86	-91	-93	0	0	-91	0	-58	0	0	0	0	0	0	0	0	0	0	0	0	0	0	0	0	0	0	0	0	0	0	0	0	0	0	0	0	0	0	0	0	0	0	-95	0	0	0	4124	-2328	3050	22929	-7703	-246	-43	966	222	-1	-1	0	-42	954	220	1606974629
0	-48	-47	-51	-53	-59	-66	-66	-82	0	-82	-81	-80	-67	0	-82	-75	-93	-92	-94	-76	-77	0	-93	-79	-74	-85	-92	-92	0	0	-91	0	-59	0	0	0	0	0	0	0	-88	0	0	0	0	0	0	0	0	0	0	0	0	0	0	0	0	0	0	0	0	0	0	0	0	0	0	0	0	0	0	4109	-2328	3036	22928	-7699	-246	-43	966	222	-1	-1	0	-42	954	220	1606974630
-53	-48	-46	-50	-53	-57	-67	-68	-74	-77	-75	-75	-83	-67	0	-83	-77	-92	-90	-89	-76	-78	-89	-90	-76	-77	-86	-92	-90	0	0	-94	0	-59	0	0	0	0	0	0	0	0	0	-88	0	0	0	0	0	-88	0	-91	0	0	0	0	-81	0	0	0	0	-82	0	-84	-84	0	0	-93	-94	0	0	0	4079	-2320	3035	22928	-7698	-246	-43	965	222	-1	-1	-1	-43	954	220	1606974632
0	-49	-47	-51	0	-58	-67	-68	-81	-77	-81	-81	-80	-67	0	0	-77	-91	-92	0	-76	-75	0	-93	-77	-76	-87	-93	-92	0	0	-92	0	-60	0	0	0	0	0	0	0	0	0	0	0	0	0	0	0	0	0	0	0	0	0	0	0	0	0	0	0	0	0	0	0	0	0	0	0	0	0	0	4079	-2328	3095	22929	-7701	-246	-43	966	221	-1	-1	-1	-42	954	220	1606974633
0	-49	0	-50	-53	0	-66	-66	-75	0	-75	-75	-84	-66	0	0	0	-90	-92	-90	0	-77	-90	-89	0	0	-87	-91	-91	0	0	-92	-91	-58	0	0	0	0	0	0	0	0	0	0	0	0	0	0	0	0	0	0	0	-87	0	0	0	0	0	0	0	0	0	0	0	0	0	0	-94	0	0	0	4079	-2320	3005	22928	-7699	-245	-44	965	222	-1	-1	0	-42	954	220	1606974635
-51	-49	-46	-49	-54	-58	-67	-67	-75	0	-76	-75	-83	-67	0	0	0	-89	-89	-90	0	-77	-91	-89	0	0	-86	-91	-92	0	0	-91	0	-58	0	0	0	0	0	0	0	0	0	0	0	0	0	0	0	0	0	0	0	0	0	0	0	0	0	0	0	0	0	0	0	0	0	0	-93	0	0	0	4079	-2365	2991	22929	-7701	-245	-43	966	222	-1	-1	0	-42	954	220	1606974637
-51	-49	-47	-50	-48	0	0	-66	-75	0	-74	-75	-84	-66	0	0	-76	-90	-89	-90	-76	-76	-90	-90	-78	-77	0	-91	-93	0	0	-93	0	-59	0	0	0	0	0	0	0	-86	0	0	0	0	0	0	0	0	0	0	0	0	0	-92	0	0	0	0	0	0	0	0	0	0	0	0	-94	0	0	0	4109	-2335	3021	22928	-7699	-245	-42	966	221	-1	-1	0	-42	954	220	1606974638
-53	-50	-47	-50	-53	-57	0	-67	-75	0	-75	-75	-84	-67	0	-84	-75	-90	-90	-90	-74	-74	-90	-90	-74	-74	-86	-93	-92	0	0	0	0	-58	0	0	0	0	0	0	0	-89	0	0	0	0	0	0	0	0	0	0	0	0	0	0	0	0	0	0	0	0	0	0	0	0	0	0	0	0	0	0	4124	-2335	3036	22929	-7702	-245	-43	966	222	-1	-1	0	-42	954	220	1606974640
-50	-49	-46	-50	-53	0	-66	-66	-75	0	-75	-75	-83	-67	0	-82	-76	-91	-89	-90	-75	-74	-89	-89	-75	-76	-86	-93	-90	0	0	-91	0	-59	0	0	0	0	0	0	0	0	0	0	0	0	0	0	0	0	0	0	0	0	0	-88	0	0	0	0	0	0	0	0	0	0	0	-95	0	-90	0	0	4094	-2335	3035	22928	-7700	-246	-44	966	222	-1	-1	-1	-43	954	220	1606974641
-53	-49	-46	-49	-53	0	-67	-68	-80	-78	-81	-81	-80	-66	0	-81	-75	0	-91	0	-74	-75	0	-93	-75	-74	-85	-91	-92	0	0	-92	0	-60	0	0	0	0	0	0	0	-86	0	-89	0	0	0	0	0	-85	0	0	-88	0	0	0	-84	0	0	0	0	-84	0	-81	-84	0	0	0	0	-89	0	0	4080	-2395	3081	22928	-7699	-247	-43	965	222	-1	-1	0	-43	954	220	1606974643
-52	-57	-47	-50	-54	-57	-66	-67	-75	0	-76	-75	-85	-67	0	-83	0	-90	-89	-90	0	-74	-88	-90	0	0	-85	-92	-92	0	0	-93	0	-59	0	0	0	0	0	0	0	0	0	0	0	0	0	0	0	0	0	0	0	0	0	0	0	0	0	0	0	0	0	0	0	0	0	0	-94	0	0	0	4125	-2365	3036	22929	-7702	-247	-44	966	221	-1	-1	0	-43	954	220	1606974645
0	-49	-47	-50	-53	-59	-66	-66	-81	0	-82	-81	-80	-67	0	0	-75	0	-92	0	-76	-74	0	-94	-75	-74	-84	-94	-91	0	0	-92	-90	-59	0	0	0	0	0	0	0	-86	0	0	0	0	0	0	0	0	0	0	0	0	0	0	0	0	0	0	0	0	0	0	0	0	0	-93	0	0	0	0	4072	-2365	3021	22928	-7700	-246	-42	965	222	-1	-1	0	-43	954	220	1606974646
-51	-48	0	-50	-53	0	-67	-67	-74	-76	-75	-75	-84	-67	0	0	-74	-91	-90	-90	0	-74	-91	-90	0	0	0	-92	-91	0	0	-92	0	-58	0	0	0	0	0	0	0	-87	0	0	0	0	0	0	0	0	0	0	0	0	0	0	0	0	0	0	0	0	-95	0	0	0	-88	0	-94	0	0	0	4049	-2335	3035	22928	-7700	-246	-43	966	221	-1	-1	-1	-42	954	220	1606974648
-53	0	-47	-50	-54	-56	0	-67	-75	0	-76	-75	-83	-67	0	-84	0	-88	-89	-89	0	-75	-89	-89	0	0	-84	-92	-92	0	0	-91	0	-58	0	0	0	0	0	0	0	-88	0	0	0	0	0	0	0	0	0	0	0	0	0	0	0	0	0	0	0	0	0	0	0	0	0	0	-93	0	0	0	4079	-2335	3028	22929	-7705	-245	-43	966	221	-1	-1	-1	-42	954	219	1606974649
-51	-48	-46	-51	-54	0	-67	-66	-75	0	-75	-75	-84	-67	0	-82	-75	-90	-90	-90	0	-74	-90	-89	-75	0	-85	-92	-93	0	0	-91	0	-58	0	0	0	0	0	0	0	-85	0	0	0	0	0	0	0	0	0	0	0	0	0	0	0	0	0	0	0	0	0	0	0	0	0	0	-94	0	0	0	4109	-2335	3021	22929	-7701	-245	-43	966	222	-1	-1	-1	-42	954	220	1606974651
-50	-49	-46	-50	-54	0	-66	-66	-81	0	-82	-80	-80	-67	0	-83	0	-93	-91	0	0	-76	0	-92	0	0	-87	-91	-92	0	0	-90	0	-59	0	0	0	0	0	0	0	0	0	0	0	0	0	0	0	0	0	0	0	-87	0	0	0	0	0	0	0	0	0	0	0	0	0	0	0	0	0	0	4079	-2305	3035	22928	-7699	-245	-43	966	222	-1	-1	0	-42	954	220	1606974653
0	-49	-47	-49	0	0	-67	-67	-82	0	-81	-82	-80	-68	0	-83	-76	-93	-92	0	-76	-77	0	-93	-76	-77	-84	-90	-91	0	0	0	0	-60	0	0	0	0	0	0	0	0	0	0	0	0	0	0	0	0	0	0	-86	-88	0	0	0	0	0	0	0	0	0	0	0	0	0	0	0	-91	0	0	4087	-2320	3035	22928	-7702	-247	-43	965	222	-1	-1	-1	-43	954	220	1606974654
-52	-48	-47	-51	-50	0	-67	-67	-75	-76	-75	-75	-84	-67	-82	-82	0	-90	-90	-90	0	-77	-90	-90	0	0	-87	-91	-93	0	0	-92	0	-59	-67	0	0	0	0	0	0	0	0	0	0	0	0	0	0	0	0	-93	-92	0	0	0	-82	0	0	0	0	-82	0	-84	-82	0	0	0	-95	0	0	0	4079	-2335	3035	22929	-7705	-247	-43	966	221	0	0	-1	-43	954	219	1606974656
-51	-49	-47	-50	-51	0	-66	0	-81	0	-82	-81	-80	-68	0	-84	0	-93	-94	0	0	-77	0	-92	0	0	-86	-90	-93	0	0	-91	0	-59	0	0	0	0	-95	0	0	0	0	0	-85	0	0	0	0	0	0	0	0	0	0	0	0	0	0	0	0	0	0	0	0	0	0	0	0	0	0	0	4072	-2335	3050	22929	-7703	-247	-43	966	222	0	0	0	-43	954	220	1606974658
-50	-48	-46	-51	-54	-58	0	-67	-75	0	-75	-75	-83	0	0	-83	0	-91	-92	-89	0	-77	-88	-91	0	0	-86	-93	-91	0	0	-92	0	-58	0	0	0	0	0	0	0	0	0	0	0	0	0	0	0	0	0	0	0	-90	0	0	0	0	0	0	0	0	0	0	0	0	0	0	-93	-90	0	0	4109	-2358	3006	22929	-7703	-247	-43	966	221	0	0	-1	-43	954	219	1606974659
-52	-49	0	0	-53	-58	0	-67	-81	-76	-81	-80	-80	0	-82	-82	0	0	-93	0	0	-77	0	-93	0	0	-87	-91	-91	0	0	-93	-91	-60	0	0	0	0	0	0	0	0	0	0	0	0	0	0	0	0	0	0	0	0	0	0	0	0	0	0	0	0	0	0	0	0	0	0	0	0	0	0	4185	-2335	3006	22929	-7706	-246	-43	966	222	0	0	0	-43	954	219	1606974661
-53	-49	0	-50	-49	-59	-66	-67	-82	-77	-80	-81	-80	-67	0	-84	0	-94	-92	0	0	-77	0	-93	0	0	-85	-93	-90	0	0	-92	-92	-60	0	0	0	0	-96	0	0	-86	0	0	0	0	0	0	0	0	0	0	0	0	0	0	0	0	0	0	0	0	0	0	0	0	0	0	0	0	0	0	4140	-2335	3050	22929	-7703	-247	-43	965	222	0	0	-1	-43	954	219	1606974663
0	0	-46	-50	-54	-58	-67	-67	-81	0	-81	-81	-80	-67	0	-84	0	-93	-92	0	0	-78	0	-93	0	0	-87	-92	-92	0	-93	-92	0	-59	0	0	0	0	0	0	0	0	0	0	0	0	0	0	0	0	0	0	0	0	0	0	0	0	0	0	0	0	0	0	0	0	0	0	0	0	0	0	4170	-2396	3081	22929	-7703	-247	-43	966	221	0	0	-1	-43	954	220	1606974664
-53	0	-46	0	-53	0	-66	-67	-75	0	-76	-76	-83	-68	0	0	0	-89	-91	-89	0	-76	-90	-89	0	0	-88	-92	-91	0	0	0	0	-59	0	0	0	0	0	0	0	0	0	0	0	0	0	0	0	0	0	0	0	0	0	0	0	0	0	0	0	0	0	0	0	0	0	0	-92	0	0	0	4080	-2365	3080	22930	-7710	-246	-43	966	222	0	0	0	-42	955	218	1606974666
-51	-49	-46	-49	-53	-57	-67	-67	-75	0	-75	-75	-84	0	0	0	-76	-90	-90	-91	0	-78	-90	-91	0	0	-86	-92	-92	0	0	0	0	-58	0	0	0	0	0	0	0	0	0	0	0	0	0	0	0	0	0	0	0	0	0	0	0	0	0	0	0	0	-96	0	0	0	0	0	-96	0	0	0	4079	-2335	3050	22929	-7706	-247	-43	966	222	0	0	-1	-43	954	219	1606974667
-50	-49	-46	-49	-53	-58	-67	-66	-80	0	-82	-80	-80	-67	0	0	0	-92	-92	0	0	-77	0	-94	0	0	-86	-91	-94	0	-92	-90	-93	-60	0	0	0	0	0	0	0	0	0	0	0	0	0	0	0	0	0	0	0	0	0	0	0	0	0	0	0	0	0	0	0	0	0	0	0	0	0	0	4064	-2305	3020	22929	-7704	-247	-44	965	221	-1	0	-1	-43	954	219	1606974669
-51	-49	-46	-50	-53	0	0	-66	-75	0	-75	-75	-84	-66	0	0	0	-90	-89	-90	-77	-76	-89	-90	-76	-77	-86	0	-92	0	0	-91	0	-59	0	0	0	0	0	0	0	0	0	0	0	0	0	0	0	0	0	0	0	0	0	0	0	0	0	0	0	0	0	0	0	0	0	0	-94	0	0	0	4079	-2350	2983	22929	-7706	-247	-44	965	220	0	0	-1	-43	954	219	1606974671
-50	-48	-47	-49	-52	-58	0	-67	-75	0	-75	-76	-83	-66	0	-82	-77	-89	-90	-91	-76	-78	-90	-92	0	-76	-87	-91	-92	0	0	-93	0	-59	0	0	0	0	0	0	0	0	0	0	0	0	0	0	0	0	0	0	0	0	0	0	0	0	0	0	0	0	0	0	0	0	0	0	-93	0	0	0	4124	-2328	3050	22929	-7706	-247	-43	966	221	0	0	-1	-43	954	219	1606974672
-50	-48	-47	-50	-53	0	-67	-68	-75	0	-75	-75	-84	-67	0	-83	-77	-89	-90	-89	0	-76	-90	-90	-79	0	-85	-91	-91	0	0	-91	0	-59	0	0	0	0	0	0	0	0	0	0	0	0	0	0	0	0	0	0	0	0	0	0	0	0	0	0	0	0	0	0	0	0	0	0	-94	0	0	0	4079	-2305	3035	22929	-7705	-247	-43	965	221	0	0	-1	-43	954	219	1606974674
-50	-48	-46	-49	-53	-57	-68	-66	-75	0	-74	-75	-83	-66	0	0	0	-90	-90	-90	0	-79	-91	-89	0	0	0	-91	0	0	0	-93	0	-59	0	0	0	0	0	0	0	0	0	0	-86	-84	-83	0	-85	0	-86	0	0	0	0	0	0	0	0	0	0	0	0	0	0	0	0	0	-93	0	0	0	4079	-2320	3050	22930	-7706	-246	-42	966	220	-1	0	-1	-43	954	219	1606974676
-52	-48	-47	-50	-53	-59	-67	-67	-81	0	-82	-81	-80	-67	0	0	0	-92	-93	0	0	-74	0	-93	0	0	0	0	-93	0	0	0	0	-60	0	0	0	0	0	0	0	0	-86	0	0	0	0	0	0	0	0	0	0	0	0	-89	0	0	0	0	0	0	0	0	0	0	0	0	0	0	0	0	4125	-2373	3028	22929	-7707	-248	-43	966	221	0	0	-1	-43	954	219	1606974677
-50	-49	-47	-50	-53	0	-67	-67	-75	0	-75	-75	-84	-66	0	-84	0	-90	-89	-90	0	0	-89	-90	0	0	-85	-90	-91	0	-91	-90	0	-58	0	0	0	0	0	0	0	-87	0	0	0	0	0	0	0	0	0	0	0	-86	0	0	0	0	0	0	0	0	0	0	0	0	0	0	-94	0	0	0	4064	-2350	3036	22929	-7707	-248	-43	966	221	0	0	-1	-43	954	219	1606974679
-50	-49	0	-49	-53	-57	0	0	-75	0	-75	-76	-83	-67	0	0	0	-91	-90	-89	0	-74	-90	-88	0	0	-86	-92	-92	0	0	-92	-93	-59	0	0	0	0	0	0	0	0	0	0	0	0	0	0	0	0	0	0	0	0	0	0	0	0	0	0	0	0	0	0	0	0	0	0	0	0	0	0	4110	-2365	3021	22929	-7708	-248	-43	966	221	0	0	-1	-43	954	219	1606974680
-52	-49	-47	-50	-54	0	-67	-68	-75	-77	-76	-74	-83	-66	0	0	-75	-91	-90	-90	-74	-74	-88	-90	0	-75	0	-92	-90	0	0	-93	-91	-59	0	0	0	0	0	0	0	0	0	0	0	0	0	0	0	0	0	0	0	0	0	0	0	0	0	0	0	0	0	0	0	0	0	0	-93	0	0	0	4102	-2335	3080	22930	-7709	-248	-43	966	221	0	0	-1	-43	954	218	1606974682
-50	-48	-47	-49	-53	0	-67	-67	-81	-76	-82	-81	-80	-67	0	0	-76	-93	-93	0	0	-74	0	-95	-75	0	-88	-89	-92	0	0	-92	-91	-59	0	0	0	0	0	0	0	0	0	0	0	0	0	0	0	0	0	0	0	0	0	0	0	0	0	0	0	0	0	0	0	0	0	-93	0	-93	0	0	4109	-2328	3028	22929	-7706	-248	-43	966	221	0	0	-1	-43	954	219	1606974683
-52	-48	-47	-51	-54	0	-67	-68	-80	0	-82	-81	-80	-68	0	0	0	-92	-93	0	0	-78	0	-94	0	0	-85	-93	-93	0	0	-93	0	-60	0	0	0	0	0	0	0	-87	0	0	0	0	0	0	0	0	0	0	0	0	0	0	-85	0	0	0	0	-82	0	-82	0	0	0	-95	0	0	0	0	4124	-2305	3043	22929	-7705	-249	-43	966	221	0	0	-1	-43	954	219	1606974685
-53	-48	-47	-50	-53	0	-67	-66	-75	0	-76	-75	-83	-67	0	-82	0	-90	-91	-91	0	-78	-88	-90	0	0	-85	-94	-93	0	0	-92	0	-59	-68	0	0	0	0	0	0	0	0	0	0	0	0	0	0	0	0	0	0	0	-96	0	-83	0	0	0	0	-83	-92	-82	0	0	0	0	0	-91	0	-92	4155	-2328	3050	22929	-7708	-249	-43	965	221	0	0	-1	-43	954	219	1606974687
-50	-48	-46	-50	-53	0	-67	-66	-80	-77	-82	-81	-80	-66	0	0	0	-94	-93	0	0	-78	-95	-94	0	0	-86	-93	-93	0	0	-92	0	-59	-68	0	0	0	0	0	0	0	0	0	0	0	0	0	0	0	0	0	0	0	0	0	0	0	0	-93	0	0	0	0	0	0	0	0	0	0	0	0	4064	-2365	3006	22929	-7708	-249	-43	966	221	0	0	-1	-43	954	219	1606974688
-50	-48	-47	-50	-53	0	-67	-67	-81	-78	-80	-81	-80	-67	0	0	0	-94	-93	0	0	-76	0	-92	0	0	-86	-91	-93	0	0	-92	0	-60	0	0	0	0	0	0	0	0	0	0	0	0	0	0	0	0	0	0	0	0	0	0	0	0	0	0	0	0	0	0	0	0	0	0	0	0	0	0	4064	-2328	3065	22929	-7708	-249	-43	965	221	0	0	-1	-43	954	219	1606974690
-51	-49	-47	0	-49	-57	-66	-67	-74	0	-75	-75	-83	-68	0	0	0	-91	-90	-90	0	-77	-89	-89	0	0	-88	0	-91	0	0	-91	0	-58	-69	0	0	0	0	0	0	0	0	0	0	0	0	0	0	0	0	0	0	0	0	0	0	0	0	0	0	0	0	0	0	0	0	0	0	0	0	0	4117	-2320	3021	22930	-7712	-248	-43	966	220	0	0	-1	-43	955	218	1606974691
-51	-49	0	0	-52	-58	-66	-68	-82	-76	-81	-81	-80	-68	0	0	0	-92	-92	0	0	-77	0	-92	0	0	-86	-93	-92	0	0	-92	0	-60	0	0	0	0	0	0	0	0	0	0	0	0	0	0	0	0	0	0	0	0	0	0	0	0	0	0	0	0	0	0	0	0	0	0	0	0	0	0	4064	-2380	3021	22929	-7706	-248	-43	966	221	0	0	-1	-43	954	219	1606974693
-53	-49	-46	-51	-53	-58	-68	-68	-81	0	-82	-82	-80	-67	0	-84	0	-94	-95	0	0	-77	0	-93	0	0	-86	-92	-92	0	-91	-90	-91	-60	0	0	0	0	0	0	0	0	0	0	0	0	0	0	0	0	0	0	0	0	0	0	0	0	0	0	0	0	0	0	0	0	0	0	0	0	0	0	4110	-2373	3021	22929	-7707	-249	-43	966	221	0	0	-1	-43	954	219	1606974695
-52	-51	-46	-50	-54	0	-67	-67	-82	0	-80	-81	-79	-67	0	-83	0	-93	-92	0	0	-77	0	-92	0	0	-87	-92	0	0	0	-92	0	-60	0	0	0	0	-95	0	0	-87	0	0	0	0	0	0	0	0	0	0	0	0	0	0	0	0	0	0	0	0	0	0	0	0	0	0	0	0	0	0	4109	-2320	3036	22930	-7712	-249	-43	966	220	0	0	-1	-43	955	218	1606974696
-51	-48	-47	-50	-53	-59	0	-67	-80	-76	-82	-80	-80	-67	0	0	0	-96	-92	0	0	-75	0	-94	0	0	-88	0	0	0	0	0	0	-60	0	0	0	0	0	0	0	0	0	0	0	0	0	0	0	0	0	0	0	0	0	0	-84	0	0	0	0	-81	0	0	-84	0	0	0	0	0	0	0	4124	-2320	3036	22929	-7707	-248	-43	966	221	0	0	-1	-43	954	219	1606974698
0	-48	-46	-50	0	-59	-68	-68	-80	0	-81	-80	-81	-68	-87	-83	-79	-93	-94	0	-76	-76	0	-93	-77	-76	-86	0	0	0	0	-91	0	-60	0	0	0	0	0	0	0	0	0	0	0	0	0	0	0	0	0	0	0	0	0	0	0	0	0	0	0	-80	0	0	0	0	0	0	0	0	0	0	4019	-2395	3028	22929	-7707	-249	-43	966	221	0	0	-1	-43	954	219	1606974699
-50	-47	-46	-50	-54	-58	-66	-66	-81	-78	-81	-81	-80	-67	0	-84	0	-94	-95	0	0	-77	0	-94	0	0	-85	-92	-93	0	0	-91	0	-60	0	0	0	0	0	0	0	0	0	0	0	0	0	0	0	0	0	0	0	-88	0	0	0	0	0	0	0	0	0	0	0	0	0	0	0	0	0	0	4162	-2335	3036	22930	-7712	-249	-43	966	220	0	0	-1	-43	955	218	1606974701
-53	-48	-47	-51	-53	-58	-67	-66	-81	-76	-81	-82	-80	-67	0	0	-73	-92	-93	-92	-76	-74	0	-92	-74	-75	-86	-92	-91	0	-90	-93	-91	-60	0	0	0	0	0	0	0	0	0	-90	0	0	0	0	0	-86	0	0	-89	0	0	0	-83	0	0	0	0	-82	0	-82	-83	0	0	0	0	0	0	0	4079	-2365	3013	22930	-7709	-249	-43	966	221	0	0	-1	-43	954	219	1606974703
-50	-49	0	-50	-53	-59	-67	-67	-82	-76	-82	-83	-80	-66	0	-85	0	-93	-93	0	0	-74	-93	-92	0	0	-87	-92	-93	0	0	-91	-92	-60	-68	0	0	0	0	0	0	0	0	0	0	0	0	0	0	0	0	0	0	0	0	0	-83	0	0	0	0	-83	0	-85	-85	0	0	0	0	0	0	0	4064	-2335	3035	22929	-7707	-249	-43	966	221	0	0	-1	-43	954	219	1606974704
-50	-48	-47	-50	-54	0	-69	-68	-75	-76	-75	-76	-82	-69	0	0	0	-89	-88	-88	0	0	-89	-88	0	0	0	-91	-91	0	0	-92	0	-59	0	0	0	0	0	0	0	-89	0	0	0	0	0	-90	0	0	0	0	0	0	0	0	0	0	0	0	0	0	0	0	0	0	0	0	-96	0	0	0	4064	-2313	3028	22930	-7712	-249	-43	966	220	0	0	-1	-43	955	218	1606974706
-48	-48	-47	-51	-54	-57	-69	-68	-75	0	-75	-75	-85	-68	0	0	0	-89	-88	-89	0	-74	-88	-89	0	0	-86	-92	-92	0	0	-94	0	-59	0	0	0	0	0	0	0	-86	0	0	0	0	0	0	0	0	0	0	0	0	0	0	0	0	0	0	0	0	0	0	0	0	0	0	-95	0	0	0	4140	-2335	3006	22929	-7708	-249	-43	966	221	0	-1	-1	-43	954	219	1606974707
-53	-48	0	-51	-48	0	-66	-68	-75	-75	-75	-76	-82	-66	0	-85	0	-90	-91	-88	0	-75	-89	-89	0	0	-87	-92	-91	0	0	-92	-91	0	0	0	0	0	0	0	0	0	0	0	-84	0	0	0	0	0	0	0	0	0	0	0	0	0	0	0	0	0	0	0	0	0	0	0	-93	0	0	0	4079	-2365	3043	22929	-7707	-249	-43	965	221	0	0	-1	-43	954	219	1606974709
-53	-49	-46	0	-50	-57	0	0	-75	0	-76	-76	-80	0	0	-84	0	-90	-89	-89	0	-78	-90	-89	0	0	-84	-92	-91	0	0	-91	0	-59	0	0	0	0	0	0	0	-87	0	0	0	0	0	0	0	0	0	0	0	0	0	0	0	0	0	0	0	0	0	0	0	0	0	0	-95	0	0	0	4064	-2380	3021	22930	-7709	-248	-43	966	220	0	0	-1	-43	954	218	1606974711
-53	-49	-47	0	-55	-59	0	-67	-81	0	-83	-79	-80	-67	0	0	-77	-93	-95	0	-76	-78	0	-92	-76	-77	-86	-92	-92	0	0	-93	0	-60	0	0	0	0	-95	0	0	0	0	0	0	0	0	0	0	0	0	0	0	0	0	0	0	0	0	0	0	0	0	0	0	0	0	0	0	0	0	0	4064	-2380	3028	22929	-7707	-249	-43	965	221	0	0	-1	-43	954	219	1606974712
-52	-48	-46	-50	0	-59	-65	0	-77	0	-78	-77	-82	-64	0	-84	0	-91	-93	-90	0	-76	-91	-92	0	0	-86	-92	-91	0	0	-91	0	-61	0	0	0	0	0	0	0	-87	0	0	0	0	0	0	0	0	0	0	0	-86	0	0	0	0	0	0	0	0	0	0	0	0	0	0	0	-90	0	0	4080	-2395	3081	22929	-7706	-249	-43	966	221	0	0	-1	-43	954	219	1606974714
-54	-58	-47	0	-62	0	0	0	-75	0	-76	-75	-84	0	0	-83	0	-89	-88	-88	0	-76	-89	-89	0	0	-87	-92	-92	0	0	-91	-91	-57	0	0	0	0	0	0	0	0	0	0	0	0	0	0	0	0	0	0	0	-89	0	0	0	0	0	0	0	0	0	0	0	0	-88	0	-94	0	0	0	4064	-2320	3035	22929	-7708	-248	-43	965	221	0	0	-1	-43	954	219	1606974716
0	-58	-47	-54	-54	-58	-68	-68	-75	-74	-75	-75	-83	-67	0	0	-77	-91	-91	-92	0	-77	-91	-91	-76	-77	-86	0	-92	0	0	-92	-91	-63	0	0	0	0	0	0	0	0	0	0	0	0	0	0	0	0	0	0	0	0	0	0	0	0	0	0	0	0	0	0	0	0	0	0	-94	0	0	0	4117	-2343	3021	22930	-7711	-248	-43	966	221	0	0	-1	-43	955	218	1606974717
-50	-51	-48	-56	-53	-57	-68	-67	-83	-76	-80	-80	-79	-68	0	0	-76	-94	-92	-92	0	-76	0	-92	-76	-76	-87	-91	-90	0	0	-92	0	-64	0	0	0	0	0	0	0	0	0	0	0	0	0	0	0	0	0	0	0	0	0	0	0	0	0	0	0	0	0	0	0	0	0	0	0	0	0	0	4117	-2373	3081	22929	-7707	-248	-43	966	221	0	-1	0	-43	954	219	1606974719
0	-48	-45	-53	-57	-58	-67	-68	-76	-75	-77	-76	-83	-68	0	-84	0	-90	-89	-89	0	-76	-89	-89	0	0	-87	-91	-92	0	0	-93	0	-58	0	0	0	0	0	0	0	0	0	0	0	0	0	0	0	0	0	0	0	0	-93	0	0	0	0	0	0	0	0	0	0	0	0	0	-95	0	0	0	4064	-2320	3020	22929	-7705	-247	-43	966	221	0	-1	0	-43	954	219	1606974720
-51	-59	-44	-49	-54	-58	-66	-66	-81	0	-80	-81	-80	-66	-88	-84	0	-93	-94	0	0	-77	0	0	0	0	-84	0	0	0	0	0	0	-59	0	0	0	0	0	0	0	-83	0	0	0	0	0	0	0	0	0	-92	0	0	0	0	-83	0	0	0	0	-84	0	-85	-84	0	0	0	0	0	0	0	4109	-2335	3050	22930	-7709	-247	-43	966	221	0	-1	0	-43	954	218	1606974722
-50	-54	-47	-50	-54	-58	0	-67	-82	0	-83	-82	-82	-67	0	0	-74	0	-91	0	-74	-75	0	-94	-74	-74	-84	-90	-92	0	0	-91	0	-59	0	0	0	0	0	0	0	0	0	0	0	0	0	0	0	0	0	0	0	0	0	0	0	0	0	0	0	0	0	0	0	0	0	0	0	0	0	0	4064	-2335	3050	22929	-7707	-248	-44	966	221	0	0	0	-43	954	219	1606974724
-51	-53	-48	-50	-54	0	-66	-65	-82	0	-81	-83	-81	-66	0	-82	0	-93	-92	0	0	-75	0	-92	0	0	-84	-91	-92	0	0	-92	0	-60	0	0	0	0	0	0	0	0	0	0	0	0	-89	0	0	0	0	0	0	0	0	0	-83	0	0	0	0	-82	0	-85	-85	0	0	0	0	-92	0	0	4079	-2320	3080	22929	-7707	-248	-43	966	221	0	-1	0	-43	954	219	1606974725
-52	-53	-49	-50	-54	-57	-68	-67	-77	0	-78	-78	-82	-67	0	0	0	-90	-90	-88	0	-74	-89	-90	0	0	-85	-92	-91	0	0	-92	0	-59	0	0	0	0	0	0	0	-89	0	0	0	0	0	0	0	0	0	0	0	0	0	0	0	0	0	0	0	0	0	0	0	0	0	0	-94	0	0	0	4124	-2365	2968	22930	-7711	-246	-43	966	220	0	-1	0	-43	955	218	1606974727
0	-52	-46	-50	-54	-59	-68	-67	-82	-77	-82	-83	-81	-68	0	0	-75	-92	-93	0	-75	-74	0	-95	-73	-75	-86	0	-92	0	0	-93	0	-60	0	0	0	0	-96	0	0	0	0	0	0	0	0	0	0	0	0	0	0	0	0	0	0	0	0	0	0	0	0	0	0	0	0	0	0	0	0	0	4057	-2335	3013	22929	-7705	-246	-43	965	221	0	0	0	-43	954	219	1606974728
-51	-52	-49	-50	-52	0	-67	-69	-77	0	-77	-79	-82	-68	0	0	-75	-89	-90	-90	-75	-75	-90	-91	-75	-75	-87	-92	-92	0	0	-91	0	-59	0	0	0	0	0	0	0	-87	0	0	0	0	-90	0	0	0	-88	0	0	0	0	0	0	0	0	0	0	0	0	0	0	0	0	0	-93	0	0	0	4132	-2365	3051	22929	-7706	-247	-43	966	221	0	-1	0	-43	954	219	1606974730
-49	-55	0	0	-51	-56	0	0	-80	0	-79	-79	-82	0	0	0	-74	-90	-89	-89	-74	-75	-89	-90	-74	-74	0	-89	-92	0	0	-92	0	-58	0	0	0	0	0	0	0	0	0	0	0	0	0	0	0	0	0	0	0	0	0	0	0	0	0	0	0	0	0	0	0	0	0	0	-94	0	0	0	4110	-2365	3051	22930	-7710	-246	-43	966	221	0	-1	0	-43	955	218	1606974732
-51	-52	0	-49	-50	0	-68	-68	-79	0	-78	-80	-84	-68	0	-82	-74	-90	-90	-90	-74	-74	-90	-91	-74	-74	-88	-92	-91	0	0	0	0	-59	0	0	0	0	0	0	0	0	0	0	0	0	0	0	0	0	0	0	0	0	0	0	0	0	0	0	0	0	0	0	0	0	0	0	-95	0	0	0	4109	-2305	3020	22929	-7706	-247	-43	966	221	0	-1	0	-43	954	219	1606974733
-49	-55	-45	-50	-53	0	-68	-68	-82	0	-81	-81	-80	-67	0	-87	0	-93	-93	0	0	-75	0	-93	0	0	-87	-90	-92	0	0	-90	0	-60	-67	0	0	0	0	0	0	-87	0	0	0	0	0	0	0	0	0	-91	0	0	0	0	0	0	0	0	0	-84	0	0	-87	0	0	0	0	0	0	0	4117	-2343	3036	22929	-7705	-247	-43	966	221	0	-1	0	-43	954	219	1606974735
0	0	-48	-51	-53	-58	0	-67	-76	-75	-77	-76	-82	-69	0	0	0	-91	-92	-90	0	-77	-92	-91	0	0	-86	-92	0	0	0	-91	0	-57	0	0	0	0	0	0	0	0	0	0	0	0	0	0	0	0	0	0	-86	0	0	0	0	0	0	0	0	0	0	0	0	0	0	0	-92	-91	0	0	4109	-2335	3050	22931	-7712	-247	-43	966	220	0	-1	0	-43	955	218	1606974736
-53	-55	-49	-54	-55	-60	-69	0	-84	-76	-85	-83	-80	-69	0	0	-85	-92	-91	-93	0	-87	-91	-92	0	0	-89	0	-93	0	0	0	0	-58	0	0	0	0	0	0	0	0	0	0	0	0	0	0	0	0	0	0	0	0	0	0	0	0	0	0	0	0	0	0	0	0	0	0	0	0	0	0	4109	-2335	3050	22930	-7707	-247	-44	965	221	0	0	0	-43	954	219	1606974738
-50	-53	-46	-57	-64	-60	-70	-69	-83	-73	-82	-82	-80	0	0	-82	0	-94	-95	0	0	0	0	0	0	0	-87	-93	-96	0	0	-92	0	-63	-67	0	0	0	0	0	0	0	0	-88	0	0	0	0	0	0	0	0	0	0	0	0	-84	0	0	0	0	-84	0	-84	-84	0	0	0	0	0	0	0	4109	-2335	3006	22929	-7707	-247	-43	966	221	0	-1	0	-43	954	219	1606974740
-53	-61	-44	-54	-60	-59	0	-66	-77	-73	-80	-79	-83	0	0	0	0	-91	-89	-91	0	-76	0	-90	0	0	-87	-92	-93	0	0	-92	0	-59	0	0	0	0	0	0	0	-89	0	0	0	0	0	0	0	0	0	0	0	0	0	0	0	0	0	0	0	0	0	0	0	0	0	0	-93	0	0	0	4110	-2313	3133	22930	-7707	-247	-43	966	220	0	0	0	-43	954	219	1606974741
-52	-60	-46	-57	-65	0	-68	-68	-80	-72	-81	-81	-82	-69	0	0	0	0	-93	0	0	-74	0	-94	0	0	-83	-92	-93	0	0	-92	0	-57	0	0	0	0	0	0	0	0	0	0	0	0	0	0	0	0	0	0	0	0	0	0	0	0	0	0	0	0	0	0	0	0	0	0	0	0	0	0	4102	-2335	3080	22930	-7711	-247	-43	966	221	0	-1	0	-43	955	218	1606974743
0	-58	-49	-50	-56	0	-68	-67	-80	-75	-80	-81	-82	-68	0	0	-76	-94	-92	0	-76	-76	-92	-93	-76	-76	-84	-92	0	0	0	-91	0	-61	0	0	0	0	0	0	0	0	0	0	0	0	0	0	0	0	0	0	0	0	0	0	0	0	0	0	0	0	0	0	0	0	0	0	0	0	0	0	4079	-2365	3050	22929	-7707	-247	-43	965	221	0	-1	0	-43	954	219	1606974745
-49	-53	0	-51	-57	0	-70	-68	-82	0	-79	-81	-80	-68	-83	0	0	-93	-93	0	0	-77	-92	-93	0	0	-87	-93	-92	0	0	-90	0	-61	0	0	0	0	-95	0	0	0	0	0	0	0	0	0	0	0	0	0	0	0	0	0	0	0	0	0	0	0	0	0	0	0	0	0	0	0	0	0	4109	-2335	2991	22930	-7710	-248	-43	965	220	0	-1	-1	-43	955	218	1606974746
-53	-59	-45	0	-54	-58	0	0	-76	0	-75	-76	-86	0	0	0	-76	-89	-89	-90	-76	-78	-90	-88	-77	-77	-85	-91	-92	0	0	-92	0	0	0	0	0	0	0	0	0	0	0	0	0	0	0	-88	0	0	0	0	0	0	0	0	0	0	0	0	0	0	0	0	0	0	0	0	0	0	0	0	4109	-2320	3006	22930	-7709	-248	-43	966	221	0	0	0	-43	954	219	1606974748
-55	-55	0	-52	-57	-57	-68	-69	-84	-73	-81	-81	-79	-69	0	-83	-77	-93	-91	0	0	-79	0	-93	-77	-76	-87	-90	-91	0	0	-92	-92	-60	0	0	0	0	0	0	0	-87	0	0	0	0	0	0	0	0	0	0	0	0	0	0	-85	0	0	0	0	-82	0	-83	-83	0	0	0	0	0	0	0	4064	-2365	3036	22930	-7709	-248	-44	965	220	0	-1	0	-43	954	219	1606974749
0	-57	-47	-52	-51	0	-69	-69	-77	-75	-77	-77	-82	-68	0	0	0	-89	-88	-91	0	-77	-89	-90	0	0	-88	-91	-93	0	0	-92	0	-59	0	0	0	0	0	0	0	-87	0	0	0	0	0	-92	0	0	0	0	0	0	0	0	0	0	0	0	0	0	0	0	0	0	0	0	0	0	0	0	4064	-2320	3050	22930	-7709	-249	-43	966	220	0	0	0	-43	954	218	1606974751
-50	0	-47	-51	-54	-58	-69	-70	-77	0	-76	-76	-83	-68	0	-85	0	-90	-89	-89	0	-77	-89	-90	0	0	-86	-93	-93	0	0	-92	0	-59	0	0	0	0	0	0	0	-87	0	0	0	0	-92	0	0	0	0	0	0	0	0	0	0	0	0	0	0	0	0	0	0	0	0	0	-93	0	0	0	4124	-2320	3036	22930	-7710	-247	-43	965	221	0	-1	0	-43	955	218	1606974752
-50	-57	-45	-51	-53	0	-70	-71	-78	-80	-80	-79	-81	0	0	-84	0	-91	-88	-89	0	-78	-88	-89	0	0	-84	-92	-91	0	0	-91	0	-59	0	0	0	0	0	0	0	-88	0	0	0	0	0	0	0	0	0	0	0	0	0	0	0	0	0	0	0	0	0	0	0	0	0	0	-93	0	0	0	4064	-2335	3035	22930	-7709	-248	-43	966	220	0	-1	0	-43	954	218	1606974754
0	-57	-46	-50	0	-57	-66	-68	-80	-76	-81	-80	-81	-68	0	0	-78	-91	-91	-89	0	-78	-89	-90	-77	-77	-84	-91	-91	0	0	-92	0	-58	0	0	0	0	0	0	0	0	0	0	0	0	0	0	0	0	0	0	0	0	0	0	0	0	0	0	0	0	0	0	0	0	0	0	-93	0	0	0	4065	-2365	3065	22930	-7709	-247	-43	966	221	0	-1	0	-43	954	219	1606974755
-54	-52	-44	-51	-53	-58	-68	-66	-85	0	-84	-84	-80	-68	0	-82	0	-93	-93	0	0	-76	0	-94	0	0	-86	-91	-92	0	0	-92	0	-60	-67	0	0	0	0	0	0	0	0	0	0	0	0	0	0	0	0	0	-87	0	0	0	-83	0	0	0	0	-83	0	-83	-82	0	-90	0	0	0	0	0	4132	-2388	3021	22931	-7713	-248	-43	965	220	0	-1	0	-43	955	218	1606974757
0	-57	-45	0	-52	0	-67	-67	-78	0	-78	-79	-83	-67	0	-83	0	-91	-90	-89	0	-75	-90	-88	0	0	-85	-92	-91	0	0	-93	0	-58	-67	0	0	0	0	0	0	-87	0	0	0	0	0	0	0	0	0	0	0	-86	0	0	0	0	0	0	0	0	0	0	0	0	0	0	-95	0	0	0	4072	-2313	3035	22929	-7707	-249	-43	966	221	0	-1	0	-43	954	219	1606974758
-48	-58	-45	-50	-50	0	-68	-66	-84	0	-84	-83	-80	-66	-88	-84	0	0	0	0	0	-75	0	-91	0	0	-86	-94	-92	0	0	-94	0	-59	0	0	0	0	0	0	0	-85	0	0	0	0	0	0	0	0	0	0	0	0	0	0	0	0	0	0	0	0	0	0	0	0	0	0	0	0	0	0	4124	-2320	3013	22930	-7709	-247	-43	966	221	-1	-1	0	-43	954	218	1606974760
-49	-50	-46	-51	-53	-57	-70	-67	-78	-75	-79	-78	-83	-71	0	0	0	-90	-91	-91	0	-75	-89	-90	0	0	-87	-93	-92	0	0	-93	0	-58	0	0	0	0	0	0	0	0	0	0	0	0	-88	0	0	0	0	0	0	-86	0	0	0	0	0	0	0	0	0	0	0	0	0	0	-93	-93	0	0	4124	-2320	3021	22930	-7712	-248	-43	965	220	0	-1	0	-43	955	218	1606974762
-50	-52	-48	-51	-53	-57	-68	-67	-84	0	-83	-83	-80	-70	0	-84	0	-92	-94	0	0	-76	0	-93	0	0	-89	-91	-91	0	0	-90	0	-60	0	0	0	0	0	0	0	0	0	0	0	0	0	0	0	0	0	0	0	0	0	0	0	0	0	0	0	0	0	0	0	0	0	0	0	-89	0	0	4049	-2335	3117	22929	-7708	-248	-43	966	221	0	-1	0	-43	954	219	1606974763
-49	-50	0	-51	-53	-58	-70	-68	-81	-75	-82	-83	-80	-69	0	-84	0	-93	-93	0	0	0	0	-94	0	0	-86	-92	0	0	-91	-89	-91	-60	0	0	0	0	0	0	0	0	0	0	0	0	0	0	0	0	0	0	0	0	0	0	0	0	0	0	0	0	0	0	0	0	0	0	0	0	0	0	4079	-2335	3035	22929	-7705	-247	-43	966	221	0	0	0	-43	954	219	1606974765
-50	-59	-47	-52	-53	0	-71	-67	-76	0	-77	-76	-84	-68	0	-83	-73	-90	-91	-90	-73	-76	-90	-90	-73	-74	-89	-90	-92	0	0	-91	0	-59	0	0	0	0	0	0	0	0	0	0	0	0	0	0	0	0	0	0	0	0	0	0	0	0	0	0	0	0	0	0	0	0	0	0	-94	0	0	0	4155	-2350	3036	22931	-7713	-247	-43	966	219	0	-1	0	-43	955	218	1606974767
0	-55	-48	-50	-56	0	-68	-67	-82	0	-80	-82	-81	-70	0	-82	0	-94	-92	0	0	-74	0	-94	0	0	-87	-91	-92	0	0	-93	0	-60	-67	0	0	0	0	0	0	-88	0	0	0	0	0	0	0	0	0	0	0	0	0	0	-83	0	0	0	0	-84	0	-84	-82	0	0	0	0	-92	0	0	4109	-2305	3080	22930	-7708	-248	-43	965	221	0	-1	-1	-43	954	219	1606974768
0	-49	-47	-50	-52	-58	-68	-67	-77	-74	-77	-76	-83	-69	0	0	0	-90	-89	-90	0	0	-90	-89	0	0	-86	-91	-92	0	0	-92	0	-59	0	0	0	0	0	0	0	-88	0	0	0	0	0	0	0	0	0	0	0	0	0	0	0	0	0	0	0	0	0	0	0	0	0	0	0	0	0	0	4079	-2320	3080	22929	-7706	-248	-43	965	221	0	-1	0	-43	954	219	1606974770
-51	-56	-45	0	-55	0	0	0	-82	-73	-82	-83	-80	0	0	0	0	0	-94	0	0	-73	0	0	0	0	-85	-92	-93	0	0	-91	0	-59	0	0	0	0	0	0	0	0	0	0	0	0	0	0	0	0	0	0	0	0	0	0	0	0	0	0	0	0	0	0	0	0	-91	0	0	-93	0	0	4064	-2275	3028	22929	-7707	-248	-43	966	220	0	-1	0	-43	954	219	1606974771
-49	-50	-46	-51	-53	0	-70	-69	-82	-73	-83	-81	-80	-68	0	-83	-74	0	-92	0	-75	-74	0	-93	-73	-74	-87	-92	-93	0	0	-92	0	-61	0	0	0	0	0	0	0	-86	0	0	0	0	0	0	0	0	-89	0	0	0	0	0	0	0	0	0	0	0	0	0	0	0	0	0	0	0	0	0	4109	-2327	3006	22929	-7708	-248	-43	965	221	0	-1	0	-43	954	219	1606974773
-50	-53	0	-51	-55	0	-69	-68	-83	-73	-84	-84	-80	-67	0	-84	-73	-94	0	0	0	0	0	-93	-73	0	-85	-92	-91	0	0	0	0	-61	0	0	0	0	0	0	0	0	0	0	0	0	0	0	0	0	0	0	0	0	0	0	0	0	0	0	0	0	0	0	0	0	0	0	0	0	0	0	4080	-2410	3021	22929	-7705	-248	-43	966	222	0	-1	0	-43	954	219	1606974775
-49	-54	-46	0	-54	-56	-68	-70	-80	0	-79	-79	-83	0	0	-83	0	-90	-91	-90	0	-75	-90	-90	0	0	-88	-92	-91	0	0	-91	0	-59	0	0	0	0	0	0	0	-87	0	0	0	0	0	0	0	0	0	0	0	0	0	0	0	0	0	0	0	0	0	0	0	0	0	0	-95	0	0	0	4124	-2320	3036	22930	-7710	-247	-43	965	221	0	-1	-1	-43	954	218	1606974776
-49	-50	0	-50	-54	0	-68	-68	-78	0	-79	-77	-82	-69	0	-84	0	-90	-90	-90	0	-76	-91	-89	0	0	-86	-91	-91	0	0	0	0	-59	0	0	0	0	0	0	0	0	0	0	0	0	0	0	0	0	0	0	0	0	0	0	0	0	0	0	0	0	0	0	0	0	0	0	0	0	0	0	4095	-2380	3110	22929	-7705	-247	-43	966	221	0	-1	0	-43	954	219	1606974778
-48	-51	-46	-53	-55	0	-68	-69	-81	0	-82	-82	-80	-68	0	0	-75	-92	-91	-93	0	-73	-94	-93	-74	-73	-87	-91	-93	0	0	-93	0	-59	0	0	0	0	0	0	0	0	0	0	0	0	0	0	0	0	0	0	0	0	0	0	0	0	0	0	0	0	0	0	0	0	0	0	0	-92	0	0	4109	-2305	3050	22929	-7705	-248	-43	966	221	0	-1	0	-43	954	219	1606974779
-49	-57	-46	-52	-55	0	-67	-67	-81	-76	-80	-82	-81	-68	0	0	-74	-94	-93	0	-72	-74	0	-94	-75	-75	-88	-91	-91	0	0	-90	0	-61	0	0	0	0	0	0	0	-89	0	0	0	0	-88	-89	0	0	0	0	0	0	0	0	0	0	0	0	0	0	0	0	0	0	0	0	0	0	0	0	4064	-2282	2998	22929	-7706	-248	-43	966	221	0	-1	-1	-43	954	219	1606974781
-51	-56	-47	-51	-54	0	-67	-67	-83	-75	-83	-83	-80	-66	0	-83	0	-93	-93	0	0	-76	-94	-94	0	0	-85	-92	0	0	0	-93	0	-60	-69	0	0	0	0	0	0	0	-87	-90	0	0	0	0	0	0	0	0	0	0	0	0	-84	0	0	0	0	-83	0	-84	-84	0	0	0	0	0	0	0	4147	-2320	3036	22929	-7705	-247	-43	965	221	0	0	0	-43	954	219	1606974783
-49	-56	0	-51	-55	-56	-67	-67	-75	-73	-75	-76	-83	-67	0	-81	0	-89	-90	-89	0	0	-90	-89	0	0	-87	-91	-91	0	0	-92	0	-59	-68	0	0	0	0	0	0	0	0	0	0	0	0	0	0	0	0	-91	0	0	0	0	-84	0	0	-94	0	-82	0	-82	-82	0	0	0	-94	0	0	0	3974	-2334	3050	22929	-7705	-249	-43	966	221	0	0	-1	-43	954	219	1606974784
-47	-51	-47	-52	-53	0	-68	-67	-75	0	-76	-77	-83	0	0	-84	0	-90	-89	-91	0	-75	-91	-89	0	0	-84	-92	-91	0	0	-92	0	-59	0	0	0	0	0	0	0	0	0	0	0	0	0	0	0	0	0	0	0	0	0	0	0	0	0	0	0	0	0	0	0	0	0	0	0	0	0	0	4049	-2365	3021	22929	-7706	-247	-43	965	221	0	-1	0	-43	954	219	1606974786
0	0	-46	-50	0	0	-68	-67	-78	-74	-79	-78	-82	0	0	0	-74	-89	-90	-90	0	-74	-88	-89	-74	0	-85	-92	-91	0	0	-92	0	-59	0	0	0	0	0	0	0	0	0	0	0	0	0	0	0	0	0	0	0	0	0	0	0	0	0	0	0	0	0	0	0	0	-88	0	0	0	0	0	4049	-2365	3050	22930	-7708	-247	-43	966	221	0	-1	0	-43	954	219	1606974787
-52	0	-46	-51	-52	-58	-68	0	-78	0	-79	-79	-83	-68	0	-80	0	-91	-90	-90	0	-74	-90	-91	0	0	-83	-92	-91	0	0	-91	0	0	0	0	0	0	0	0	0	0	0	0	0	0	0	0	0	0	0	0	0	0	0	0	0	0	0	0	0	0	0	0	0	0	0	0	-93	0	0	0	4109	-2335	3050	22930	-7706	-246	-43	966	221	0	-1	0	-42	954	219	1606974789
-52	-55	0	0	-54	0	0	0	-79	0	-79	-77	-82	0	0	-84	-74	-91	-90	-90	-74	-75	-92	-90	-74	-74	-85	-91	-93	0	0	-93	0	-59	0	0	0	0	0	0	0	-88	0	0	0	0	0	0	0	0	0	0	0	0	0	0	0	0	0	0	0	0	0	0	0	0	0	0	-94	0	0	0	4064	-2335	3028	22929	-7706	-247	-43	966	221	0	-1	0	-43	954	219	1606974791
-54	-53	0	-51	-50	-57	-68	-70	0	-75	-77	0	-82	-71	0	0	0	-90	-90	-91	0	-75	-90	-89	0	0	-85	-93	-91	0	0	-93	0	0	0	0	0	0	0	0	0	0	0	0	0	0	0	0	0	0	0	0	0	0	0	0	0	0	0	0	0	0	0	0	0	0	0	0	0	0	0	0	4079	-2320	3035	22931	-7712	-247	-43	966	220	0	-1	0	-43	955	218	1606974792
-50	-59	0	-51	-54	0	-69	-71	-75	0	-76	-76	-82	-70	0	-81	0	-90	-89	-90	0	-74	-90	-90	0	0	-85	-92	-94	0	0	-92	0	-59	0	0	0	0	0	0	0	0	-92	0	0	0	0	0	0	0	0	0	0	0	0	0	0	0	0	0	0	0	0	0	0	0	0	0	-95	0	0	0	4049	-2320	3050	22929	-7707	-247	-43	966	221	0	-1	0	-43	954	219	1606974794
-53	-60	-45	-49	-48	0	-67	-67	-79	0	-80	-82	-81	-65	0	-82	0	-94	-92	-92	0	-75	0	-94	0	0	-84	-93	-93	0	0	-91	0	-60	0	0	0	0	0	0	0	0	0	0	0	0	0	0	0	0	0	0	0	0	0	0	0	0	0	0	0	0	0	0	0	0	0	0	0	0	0	0	4064	-2320	3043	22929	-7706	-247	-43	966	221	0	0	0	-43	954	219	1606974795
-49	-53	-47	0	-54	-56	0	0	-75	0	-76	-76	-82	-67	0	-84	0	-90	-89	-90	0	0	-90	-89	0	0	-87	-92	-94	0	0	-91	0	-58	0	0	0	0	0	0	0	-86	0	0	0	0	0	-91	0	0	0	0	0	0	0	0	0	0	0	0	0	0	0	0	0	0	0	0	-93	0	0	0	4095	-2365	3036	22930	-7709	-248	-43	966	220	0	-1	-1	-43	954	218	1606974797
-48	-53	0	-53	-55	0	0	-69	-75	0	-75	-75	-81	-68	0	-84	0	-92	-91	-91	0	-73	0	-91	0	0	-86	-91	-93	0	0	-91	0	-58	0	0	0	0	0	0	0	0	0	0	0	0	0	0	0	0	0	0	0	0	0	0	0	0	0	0	0	0	0	0	0	0	0	0	-94	0	0	0	4064	-2320	3020	22930	-7707	-247	-43	966	221	0	-1	0	-43	954	219	1606974799
-50	-59	-45	-52	-55	-57	-68	-68	-76	0	-76	-77	-82	-67	0	-83	-75	-90	-91	-90	0	-76	-91	-90	0	0	-84	-91	0	0	-93	-92	0	-60	0	0	0	0	0	0	0	0	0	0	0	0	0	0	0	0	0	0	0	0	0	0	0	0	0	0	0	0	0	0	0	0	0	0	0	0	0	0	4064	-2312	2991	22929	-7706	-247	-43	966	221	0	-1	0	-43	954	219	1606974800
-51	-56	-47	-50	-55	-58	-68	-68	-81	0	-81	-80	-81	-67	0	-82	-75	-93	-93	-93	-75	-73	0	-93	-74	-73	-85	-92	-93	0	0	-93	0	-60	0	0	0	0	0	0	0	-86	0	0	0	0	0	0	0	0	0	0	0	0	0	0	0	0	0	0	0	0	0	0	0	0	0	0	0	0	0	0	4049	-2335	3080	22930	-7710	-247	-43	966	220	0	-1	0	-43	954	218	1606974802
-49	-53	-48	-51	-52	0	-68	-70	-76	0	-76	-76	-82	-70	0	0	0	-91	-89	-90	0	-74	-91	-89	0	0	-89	-92	-92	0	0	0	0	-59	0	0	0	0	0	0	0	0	0	0	0	0	0	0	0	0	0	0	0	0	0	0	0	0	0	0	0	0	0	0	0	0	0	0	-95	0	0	0	4064	-2327	3035	22930	-7708	-247	-43	966	221	-1	-1	0	-43	954	219	1606974804
-50	-58	-47	0	-53	0	-68	-68	-82	0	-83	-82	-81	-68	0	-84	0	-96	-94	0	0	-75	0	-93	0	0	-85	-91	-92	0	0	-94	0	-59	0	0	0	0	-95	0	0	-87	0	0	0	0	0	-88	0	0	0	0	0	0	0	0	0	0	0	-94	0	0	0	0	0	0	0	0	0	-90	0	0	4110	-2366	3148	22929	-7706	-248	-43	966	221	0	-1	0	-43	954	219	1606974805
-52	-57	-50	-53	0	0	-70	-70	-82	-74	-83	-82	-81	-69	0	0	0	-94	-91	0	0	-74	0	-95	0	0	-87	0	-92	0	0	-92	0	-60	0	0	0	0	0	0	0	-88	0	0	0	0	0	0	0	0	0	0	-89	0	0	-91	-72	0	0	0	0	0	0	0	0	0	0	0	0	0	0	0	4064	-2365	3043	22931	-7711	-247	-43	966	220	0	-1	0	-43	954	219	1606974807
-53	-53	-50	-51	-53	-57	-68	-68	-77	-74	-77	-77	-83	-68	0	0	0	-90	-89	-90	0	-75	-89	-90	0	0	-86	-91	-91	0	0	0	0	-59	0	0	0	0	0	0	0	0	0	0	0	0	0	0	0	0	0	0	0	0	0	0	0	0	0	0	0	0	-94	0	0	0	0	0	-96	0	0	0	4109	-2320	3021	22929	-7707	-248	-43	966	221	0	0	-1	-43	954	219	1606974808
-48	-51	0	-53	-54	0	-69	-69	-77	0	-78	-77	-82	-69	0	-82	-74	-89	-90	-90	-75	-75	-90	-89	-73	-74	-89	0	0	0	0	-92	0	-59	0	0	0	0	0	0	0	0	0	0	0	0	0	0	0	0	0	0	0	0	0	0	0	0	0	0	0	0	-93	0	0	0	0	0	0	0	0	0	4094	-2335	3020	22929	-7706	-247	-43	965	221	0	0	0	-43	954	219	1606974810
-53	-50	-52	-52	-54	-58	0	-70	-78	0	-78	-77	-82	0	0	0	0	-91	-89	-91	0	-73	-90	-91	0	0	-87	-92	-91	0	0	-93	0	-59	-68	0	0	0	0	0	0	-89	0	0	0	0	0	0	0	0	0	0	0	0	0	0	0	0	0	0	0	0	0	0	0	0	0	0	0	0	0	0	4079	-2335	3020	22930	-7708	-247	-43	966	220	0	-1	0	-43	954	219	1606974811
-51	-58	0	0	-53	0	-70	0	-82	-75	-81	-83	-80	-69	0	0	0	-92	-93	-93	0	-75	0	-91	0	0	-85	-94	-92	0	0	-91	0	-59	0	0	0	0	0	0	0	0	0	0	0	0	0	0	0	0	0	0	0	0	0	0	0	0	0	0	0	0	0	0	0	0	0	0	0	0	0	0	4064	-2290	3005	22930	-7708	-247	-43	966	221	-1	-1	0	-43	954	219	1606974813
-47	-58	-48	-53	0	-58	0	0	-77	0	-78	-78	-82	-69	0	0	0	-90	-89	-88	0	0	-89	-89	0	0	-86	-90	-92	0	0	-93	0	-59	0	0	0	0	0	0	0	0	0	0	0	0	0	0	0	0	0	0	0	0	0	-92	0	0	0	0	0	0	0	0	0	0	0	0	-94	0	0	0	4049	-2305	3050	22929	-7707	-247	-43	966	221	0	0	0	-43	954	219	1606974814
-50	-58	-47	-52	-52	-58	-69	-69	-84	0	-85	-85	-81	-69	0	-82	0	-94	-91	-93	0	0	-94	-94	0	0	-86	-93	-92	0	0	0	0	-59	0	0	0	0	0	0	0	-86	0	0	0	0	0	0	0	0	0	0	0	0	0	0	0	0	0	0	0	0	0	0	0	0	0	0	0	0	0	0	4019	-2334	3005	22929	-7707	-248	-43	966	220	0	-1	0	-43	954	219	1606974816
-48	-53	-46	-53	-53	0	-68	-68	-76	-75	-75	-76	-83	-67	0	-82	0	-91	-90	-92	0	-76	-91	-92	0	0	-85	-94	-92	0	0	-91	0	-59	0	0	0	0	0	0	0	0	0	0	0	0	0	0	0	0	0	0	0	-87	0	0	0	0	0	0	0	0	0	0	0	0	0	0	-95	0	0	0	4124	-2320	3021	22930	-7708	-247	-43	966	221	-1	-1	-1	-43	954	219	1606974818
-49	-52	0	-51	-53	-58	-69	-69	-76	0	-76	-77	-84	-70	0	-81	-77	-90	-90	-91	0	-76	-90	-89	0	0	-84	-92	0	0	0	-92	0	-60	0	0	0	0	0	0	0	0	0	0	0	0	0	0	0	0	0	0	0	0	0	0	0	0	0	0	0	0	0	0	0	0	0	0	0	0	0	0	4080	-2403	3051	22929	-7706	-248	-43	966	221	0	-1	-1	-43	954	219	1606974819
-51	-57	-46	-52	-53	0	-69	-69	-77	0	-77	-77	-84	-70	0	0	-76	-90	-91	-89	-76	-77	-90	-90	-76	-76	-85	-93	-93	0	0	-93	0	-60	0	0	0	0	0	0	0	-88	0	0	0	0	0	0	0	0	0	0	0	0	0	0	0	0	0	0	0	0	0	0	0	0	0	0	0	0	0	0	4049	-2320	3035	22930	-7708	-247	-43	966	221	0	-1	0	-43	954	219	1606974821
-51	-55	-46	-53	-53	0	-71	-70	-82	0	-81	-82	-80	-70	-83	0	-77	-94	0	0	-77	-76	0	-93	-77	-77	0	-92	-93	0	0	-92	0	-59	0	0	0	0	0	0	0	0	-90	0	0	0	0	0	0	0	0	0	0	0	0	0	0	0	0	0	0	0	0	0	0	0	0	0	0	0	0	0	4034	-2305	3043	22930	-7711	-247	-43	966	220	0	-1	0	-43	955	218	1606974822
-49	-60	-51	-52	-54	-58	-69	-69	-79	-75	-79	-79	-84	-69	0	0	-75	-89	-90	-90	-74	-75	-90	-90	-74	-75	-83	0	0	0	0	0	0	-60	0	0	0	0	0	0	0	-88	0	0	0	0	0	0	0	0	0	0	0	0	0	0	0	0	0	0	0	0	0	0	0	0	0	0	-94	0	0	0	4049	-2357	3021	22929	-7705	-246	-43	965	221	-1	-1	0	-43	954	219	1606974824
-52	-55	0	-53	-52	-58	-70	-69	-76	0	-78	-77	-83	-69	0	-83	0	-90	-90	-90	0	-75	-89	-89	0	0	0	-93	-92	0	0	-92	0	-59	0	0	0	0	0	0	0	0	0	0	0	0	0	0	0	0	0	0	0	0	0	0	0	0	-74	0	0	0	0	-85	0	0	0	0	-95	0	0	0	4110	-2365	3088	22929	-7707	-247	-43	966	221	-1	-1	0	-43	954	219	1606974826
0	-59	-45	-51	0	0	-68	-69	-76	0	-76	-76	-83	-70	0	-82	-74	-89	-88	-88	-73	-74	-89	-90	-74	-75	-83	-92	-91	0	0	-91	0	-60	0	0	0	0	0	0	0	0	0	0	0	0	0	0	0	0	0	0	0	0	0	0	-83	0	0	0	0	-85	0	-85	-82	0	0	0	0	0	0	0	4109	-2358	3021	22930	-7711	-247	-43	966	220	0	-1	0	-43	955	218	1606974827
-53	-58	0	-52	-52	-56	-70	-70	-77	0	-77	-77	-83	-69	0	0	-73	-90	-89	-90	-75	-74	-90	-89	-73	-74	-86	-91	-92	0	0	0	0	-59	0	0	0	0	0	0	0	-88	0	0	0	0	0	0	0	0	0	0	0	-86	0	0	0	0	0	0	0	0	0	0	0	0	0	0	-95	0	0	0	4109	-2320	3021	22929	-7708	-248	-43	966	221	-1	-1	-1	-43	954	219	1606974829
-51	-55	-47	0	-52	0	-70	0	-78	0	-77	-78	-82	-69	0	0	0	-91	-89	-89	0	-75	-91	-89	0	0	-85	-93	-92	0	0	-91	0	-60	0	0	0	0	0	0	0	0	0	0	0	0	0	0	0	0	0	0	0	-89	0	0	0	0	0	0	0	0	0	0	0	0	0	0	-93	0	0	0	4079	-2380	3050	22929	-7707	-247	-43	966	221	-1	-1	0	-43	954	219	1606974830
0	-55	-47	-51	0	-58	0	0	-78	0	-78	-77	-84	0	0	0	-74	-92	-91	-91	0	-74	-90	-91	0	0	-86	-91	-92	0	0	-92	0	-59	0	0	0	0	0	0	0	-87	0	0	0	0	0	0	0	0	0	0	0	0	0	0	0	0	0	0	0	0	0	0	0	0	0	0	-95	0	0	0	4072	-2335	3043	22930	-7710	-248	-43	966	220	0	0	-1	-43	955	218	1606974832
0	-56	-50	0	0	0	-69	-68	-78	0	-79	-77	-82	-69	0	0	0	-90	-92	-89	0	-74	-90	-88	0	0	-87	-92	-91	0	0	-93	0	-59	0	0	0	0	0	0	0	-88	0	0	0	0	0	0	0	0	0	0	-88	-88	0	0	0	0	0	0	0	0	0	0	0	0	0	0	0	0	0	0	4072	-2372	3036	22929	-7706	-247	-43	965	221	0	-1	0	-43	954	219	1606974834
-53	-54	-46	-51	-53	0	-70	-68	-84	-75	-84	-84	-80	-68	0	-83	-74	-94	-94	0	-73	-74	0	-93	-74	-74	-86	-92	0	0	0	-91	0	-59	0	0	0	0	0	0	0	-87	0	0	0	0	0	0	0	0	0	0	0	0	0	0	0	0	0	0	0	0	0	0	0	0	0	0	0	0	0	0	4079	-2365	3036	22930	-7706	-246	-43	965	221	0	-1	0	-43	954	219	1606974835
-50	-57	-46	-51	-53	0	0	-69	-83	-75	-84	-83	-80	-69	0	-85	0	-94	-92	0	0	-75	0	-91	0	0	-86	0	-93	0	0	-91	0	-60	0	0	0	0	0	0	0	0	0	0	0	0	0	0	0	0	0	0	0	0	0	0	0	0	0	0	0	0	0	0	0	0	0	0	0	0	0	0	4079	-2365	3028	22929	-7706	-247	-43	966	221	-1	-1	0	-43	954	219	1606974837
-54	-58	-46	-51	-54	0	-68	0	-84	-77	-84	-83	-80	-70	0	-85	0	-94	0	0	-74	-75	-93	-93	-74	-74	-88	-94	-91	0	0	-91	0	-60	0	0	0	0	0	0	0	-88	0	0	0	0	0	0	0	0	0	0	0	0	0	0	-85	0	0	0	0	-84	0	-85	-82	0	0	0	0	-89	0	0	4079	-2320	3035	22929	-7707	-247	-43	965	221	-1	-1	0	-43	954	219	1606974838
-49	-57	-47	-51	-52	0	-69	-70	-83	0	-83	-84	-81	0	0	0	0	-92	-93	0	0	-74	0	-92	0	0	-88	-92	0	0	0	-92	0	-60	0	0	0	0	-93	0	0	0	0	0	0	0	0	0	0	0	0	0	0	0	0	0	0	0	0	0	0	0	0	0	0	0	0	0	0	-92	0	0	4049	-2350	3050	22929	-7705	-247	-43	966	221	-1	-1	0	-43	954	219	1606974840
-54	-57	-47	-50	-53	-58	-70	0	-77	0	-77	-78	-83	-68	0	-83	-75	-90	-89	-89	-75	-74	-90	-90	-74	-73	-85	-90	0	0	0	-91	0	-59	0	0	0	0	0	0	0	-86	0	0	0	0	0	0	0	0	0	0	0	0	0	0	-83	0	0	0	0	-83	0	-83	-83	0	0	0	-95	0	0	0	4079	-2335	3020	22929	-7707	-247	-43	966	220	-1	-1	0	-43	954	219	1606974842
0	-54	-47	-51	-52	-58	-70	-69	-84	0	-83	-83	-81	-68	0	-85	0	-93	-94	0	0	-74	0	-93	0	0	-88	-91	0	0	0	-92	0	-59	0	0	0	0	0	0	0	0	0	0	0	0	0	0	0	0	0	0	-88	-88	0	0	0	0	0	0	0	0	0	0	0	0	0	0	0	0	0	0	4124	-2313	3095	22930	-7708	-247	-43	966	221	-1	-1	0	-43	954	219	1606974843
-54	0	-48	-51	-54	0	-69	-69	-78	-75	-78	-78	-83	-69	0	0	0	-92	-91	-90	0	-73	-89	-89	0	0	-86	-93	-92	0	0	-91	0	-59	0	0	0	0	0	0	0	-87	0	0	0	0	0	0	0	0	0	0	0	0	0	-92	0	0	0	0	0	0	0	0	0	0	0	0	-95	0	0	0	4079	-2335	3035	22929	-7709	-249	-43	965	221	0	0	0	-43	954	219	1606974845
-49	-54	0	-52	-53	-57	-70	-69	-79	0	-79	-80	-83	-68	0	-85	0	-90	-90	-91	0	0	-89	-90	0	0	-86	-92	-91	0	0	-91	0	-58	0	0	0	0	0	0	0	-89	0	0	0	0	0	0	0	0	0	0	0	0	0	0	0	0	0	0	0	0	0	0	0	0	0	0	0	0	0	0	4132	-2381	3095	22929	-7709	-249	-44	966	221	0	0	0	-43	954	219	1606974846
-49	-53	0	-51	-50	0	-70	-71	-79	0	-78	-80	-83	-71	0	0	0	-92	-91	-91	0	-74	-92	-90	0	0	-85	-90	-92	0	0	-93	0	-59	0	0	0	0	0	0	0	0	0	0	0	0	0	0	0	0	0	0	0	0	0	0	0	0	0	0	0	0	0	0	0	0	0	0	-94	0	0	0	4079	-2320	3005	22930	-7712	-249	-43	966	221	-1	0	0	-43	955	218	1606974848
-52	-54	-47	0	-53	-58	-69	0	-78	0	-78	-79	-83	0	0	-85	0	-91	-91	-90	0	-73	-90	-89	0	0	-85	-90	-92	0	0	0	0	-59	0	0	0	0	0	0	0	0	0	0	0	0	0	0	0	0	0	0	0	0	0	0	0	0	0	0	0	0	0	0	0	0	0	0	-92	-91	0	0	4079	-2380	3036	22929	-7706	-249	-43	966	221	-1	-1	0	-43	954	219	1606974850
-51	-60	-48	-51	-53	-57	-70	-71	-84	-76	-84	-84	-80	-70	0	-83	0	-92	-91	0	0	-74	0	-92	0	0	-84	-91	-92	0	0	-92	0	-60	0	0	0	0	-94	0	0	-87	0	0	0	0	0	0	0	0	0	0	0	0	0	0	0	0	0	0	0	0	0	0	0	0	0	0	0	0	0	0	4109	-2305	3028	22929	-7708	-248	-43	965	221	-1	0	0	-43	954	219	1606974851
-50	-55	-49	-52	-52	-59	-70	-70	-82	-75	-82	-82	-80	-70	0	0	0	-93	-93	0	0	-75	0	-93	0	0	-86	-92	-91	0	0	-93	0	-59	0	0	0	0	0	0	0	-86	0	0	0	0	0	-90	0	0	0	0	0	0	0	0	0	0	0	0	0	0	0	0	0	0	0	0	0	0	0	0	4109	-2305	3035	22930	-7712	-248	-43	965	221	0	0	0	-43	955	218	1606974853
-50	-56	-46	0	-53	-59	-68	-69	-83	-75	-84	-84	-79	-69	0	0	0	-94	-94	-92	0	-74	-93	-92	0	0	-87	-92	-92	0	0	-92	0	-60	-68	0	0	0	0	0	0	0	0	0	0	0	0	0	0	0	0	0	0	-89	0	0	0	0	0	0	0	0	0	0	0	0	0	0	0	0	0	0	4109	-2335	3050	22929	-7707	-248	-43	966	221	-1	0	0	-43	954	219	1606974854
-52	-54	0	-52	-52	0	-68	-68	-77	-78	-78	-77	-83	-69	0	0	0	-90	-90	-89	0	0	-90	-91	0	0	-85	-92	0	0	0	-91	0	-59	0	0	0	0	0	0	0	0	0	0	0	0	0	0	0	0	0	0	0	0	0	0	0	0	0	0	0	0	0	0	0	0	0	0	-96	0	0	0	4094	-2343	3035	22929	-7706	-248	-43	966	221	-1	0	0	-43	954	219	1606974856
0	-58	-48	-53	-52	-56	-70	-70	-77	0	-78	-77	-83	-71	0	-84	-77	-91	-89	-89	0	-76	-90	-91	0	0	-88	-90	-91	0	0	-92	0	-58	0	0	0	0	0	0	0	0	-89	0	0	0	0	0	0	0	0	0	0	0	0	0	0	0	0	0	0	0	0	0	0	0	0	0	-95	0	0	0	4079	-2365	3036	22930	-7712	-248	-43	966	220	-1	-1	0	-43	955	218	1606974857
0	-53	-51	-52	0	0	-70	-70	-78	0	-78	-79	-84	-71	0	0	-77	-89	-89	-89	0	-77	-90	-90	-75	0	-86	-93	0	0	0	-94	0	-60	0	0	0	0	0	0	0	0	0	0	0	0	0	0	0	0	0	0	0	-87	0	0	0	0	0	0	0	0	0	0	0	0	0	0	-94	0	0	0	4079	-2365	3021	22930	-7708	-248	-43	965	221	0	-1	0	-43	954	219	1606974859
-50	-60	-43	-51	-53	0	-70	-69	-85	0	-83	-84	-79	-68	-79	0	0	-93	0	0	0	-75	0	-93	0	0	0	-92	0	0	0	-94	0	-59	0	0	0	0	0	0	0	-86	0	0	0	0	0	-90	0	0	0	0	0	0	0	0	0	0	0	0	0	0	0	0	0	0	0	0	0	0	0	0	4109	-2305	3005	22930	-7708	-247	-43	965	221	0	0	0	-43	954	219	1606974861
-52	-58	-56	-50	-53	0	-69	-69	-83	-75	-85	-85	-80	-70	0	-82	-75	-93	-93	0	0	-76	0	-92	-76	-77	-86	-92	-92	0	0	-92	0	-60	-69	0	0	0	0	0	0	0	0	0	0	0	0	0	0	0	0	0	0	0	0	0	-83	0	0	0	0	-83	0	-83	-83	0	0	0	0	0	0	0	4109	-2305	3020	22931	-7713	-248	-43	966	220	0	0	-1	-43	955	218	1606974862
-54	-52	-57	-51	-49	-58	-69	-68	-78	0	-76	0	-83	0	0	-84	0	-92	-90	-90	0	-74	-91	-92	0	0	-85	-93	-91	0	0	-93	0	-60	0	0	0	0	0	0	0	0	0	0	0	0	0	0	0	0	0	0	0	0	0	0	0	0	0	0	0	0	0	0	0	0	0	0	0	0	0	0	4109	-2305	3035	22930	-7708	-246	-43	966	221	-1	0	0	-43	954	219	1606974864
-53	-52	-57	-52	-52	-58	-69	-69	-83	-76	-83	-83	-81	-70	0	-82	0	-95	0	0	0	-74	0	-93	0	0	-89	-94	-91	0	0	-92	0	-59	0	0	0	0	0	0	0	-87	0	0	-85	-85	-85	0	-84	0	0	0	0	0	0	0	-85	0	0	0	0	-83	0	-82	-83	0	0	0	0	0	0	0	4110	-2365	3081	22929	-7706	-247	-43	965	221	-1	0	0	-43	954	219	1606974865
-50	-60	-57	-51	-53	-58	-71	-69	-86	-76	-84	-84	-80	-69	0	0	-73	-93	-92	0	-74	-74	0	-93	-73	-73	0	-92	-92	0	0	-92	0	-59	0	0	0	0	0	0	0	0	0	0	0	0	-88	0	0	0	-88	0	0	0	0	0	0	0	0	0	0	0	0	0	0	0	0	0	0	0	0	0	4064	-2327	3028	22930	-7709	-247	-43	966	219	-1	0	-1	-43	954	219	1606974867
0	0	0	-51	-53	0	0	-68	-85	-76	-84	-84	-82	-69	0	-83	-73	-92	0	0	0	-75	0	-94	-74	0	-88	0	-91	-92	0	-92	0	-60	0	0	0	0	0	0	0	0	0	0	0	0	0	0	0	0	0	0	0	-90	0	0	0	0	0	0	0	0	0	0	0	0	0	0	0	0	0	0	4124	-2260	3035	22929	-7707	-248	-43	966	221	-1	-1	0	-43	954	219	1606974868
-54	-53	-54	-51	-54	-58	-68	-70	-76	-76	0	-76	-81	-69	0	-85	0	-92	-91	-92	0	-74	-91	-91	0	0	-87	-92	-92	0	0	-92	0	-59	0	0	0	0	0	0	0	0	0	0	0	0	-89	-89	0	0	0	0	-88	-87	0	0	0	0	0	0	0	0	0	0	0	0	0	0	-96	0	0	0	4019	-2335	3050	22929	-7707	-249	-43	965	221	-1	-1	0	-43	954	219	1606974870
-50	-59	-56	-51	-54	0	-70	-69	-77	0	-77	-77	-83	-69	0	-85	0	-90	-89	0	0	-73	-90	0	0	0	-86	-92	-91	0	0	0	0	-59	0	0	0	0	0	0	0	-87	0	0	0	0	0	0	0	0	0	0	0	0	0	0	-84	0	0	0	0	-82	0	0	-85	0	0	0	-95	0	0	0	4125	-2425	3021	22930	-7708	-247	-43	966	221	-1	0	0	-43	954	219	1606974871
-53	-54	0	-51	-49	-56	-68	-70	-77	-75	-76	-78	-84	-69	-84	0	0	-89	-91	-91	0	-74	-90	-90	0	0	-86	-90	-92	0	0	-92	0	-60	0	0	0	0	0	0	0	0	0	0	0	0	0	0	0	0	0	0	0	0	0	0	0	0	0	0	0	0	0	0	0	0	0	0	0	-91	0	0	4110	-2365	3051	22930	-7709	-246	-43	966	221	-1	0	0	-43	954	219	1606974873
0	-56	-51	-50	-54	-58	-70	-69	-81	-75	-82	-84	-79	-70	0	-85	0	-94	-92	-93	0	0	-93	-91	0	0	-86	-93	-91	0	0	-92	0	-59	0	0	0	0	0	0	0	-86	0	0	0	0	0	0	0	0	0	0	0	0	0	0	0	0	0	0	0	0	0	0	0	0	0	0	0	0	0	0	4109	-2290	3005	22929	-7706	-247	-43	966	221	-1	-1	-1	-43	954	219	1606974874
-53	-57	-52	-50	-53	0	-70	-70	-75	-75	-74	-74	-82	-70	0	-82	0	-91	-89	-90	0	-73	-90	-90	0	0	-86	-90	-91	0	0	-92	0	-60	0	0	0	0	0	0	0	0	0	0	0	0	0	0	0	0	0	0	0	0	0	0	0	0	0	0	0	0	0	0	0	0	0	0	-94	0	0	0	4079	-2320	3028	22929	-7707	-247	-43	965	221	-1	0	0	-43	954	219	1606974876
-49	-56	-54	-52	-54	-56	-68	-69	-74	0	-74	-74	-84	-68	0	0	-75	-91	-91	-90	0	-75	-92	-90	0	0	-87	-92	-92	0	0	-90	0	-58	0	0	0	0	0	0	0	0	0	0	0	0	0	0	0	0	0	0	0	0	0	0	0	0	0	0	0	0	0	0	0	0	0	0	0	0	0	0	4079	-2335	3013	22931	-7713	-247	-43	966	221	-1	-1	0	-43	955	218	1606974878
-51	-54	-55	-50	-55	0	-69	-69	-76	-76	-75	-75	-85	-69	0	0	0	-89	-91	-89	-73	-73	-90	-88	-75	-72	-88	0	-92	0	0	-91	0	-59	0	0	0	0	0	0	0	0	0	0	0	0	-89	0	0	0	0	0	0	0	0	0	0	0	0	0	0	0	0	0	0	0	0	0	-95	0	0	0	4079	-2335	3050	22930	-7708	-247	-43	966	221	-1	-1	0	-43	954	219	1606974879
-50	-47	0	-52	-55	0	-69	-69	-82	0	-81	-81	-77	-70	0	0	0	-92	-93	0	0	-74	0	-93	0	0	-87	-92	-92	0	0	-92	0	-61	-67	0	0	0	0	0	0	0	0	0	0	0	0	0	0	-90	0	0	-88	-90	0	0	0	0	0	0	0	0	0	0	0	0	0	0	0	0	0	0	4064	-2320	2991	22929	-7706	-248	-43	965	221	-1	-1	0	-43	954	219	1606974881
-47	-47	-54	-51	-52	0	-68	-69	-82	0	-81	-82	-81	-70	0	0	0	-93	-94	0	0	-73	-92	-94	0	0	-87	-91	-94	0	0	-91	0	-62	0	0	0	0	0	0	0	0	0	0	0	0	0	0	0	0	0	0	-87	-91	0	0	0	0	0	0	0	0	0	0	0	0	0	0	0	0	0	0	4079	-2335	3005	22930	-7709	-247	-43	966	221	-1	-1	0	-43	954	219	1606974882
0	-53	-55	-52	0	-56	-68	-67	-77	0	-76	-75	-83	-68	0	0	0	-92	-91	-90	0	-73	-89	-91	0	0	-89	-91	-91	0	0	-92	0	-59	0	0	0	0	0	0	0	-88	0	0	-85	-86	-86	0	-86	0	-86	0	0	0	0	0	0	0	0	0	0	0	0	0	0	0	0	0	-95	-93	-83	0	4109	-2320	3036	22930	-7708	-247	-44	965	221	-1	0	0	-43	954	219	1606974884
0	-54	-54	-51	0	0	-68	-69	-77	0	-77	-77	-84	-69	0	-85	0	-91	-91	-89	0	-77	-90	-92	0	0	-88	-91	-92	0	0	-91	0	0	0	0	0	0	0	0	0	-87	0	0	0	0	0	0	0	0	0	0	-90	-88	0	0	0	0	0	0	0	0	0	0	0	0	0	0	-93	0	0	0	4019	-2320	3005	22930	-7707	-247	-43	966	221	-1	0	0	-43	954	219	1606974886
0	-53	-54	-51	-56	0	-69	-69	-80	-76	-81	-81	-81	-68	0	-85	0	-93	-93	0	0	-75	0	-94	0	0	-89	-91	-90	0	0	0	0	-62	0	0	0	0	0	0	0	-89	0	0	0	0	0	0	0	0	0	0	0	0	0	0	0	0	0	0	0	0	0	0	0	0	0	0	0	0	0	0	4125	-2365	3066	22929	-7707	-248	-43	966	220	-1	0	0	-43	954	219	1606974887
-51	-54	0	-52	-56	0	-69	-68	-81	0	-81	-82	-80	-68	0	0	0	-92	-92	-93	0	-74	0	-94	0	0	-89	-91	-91	0	0	-94	0	-60	-66	0	0	0	0	0	0	0	0	-90	0	0	0	0	0	0	0	0	0	0	0	0	-86	0	0	0	0	-85	0	0	-85	0	0	0	0	0	0	0	4140	-2365	3036	22929	-7707	-248	-43	966	221	-1	0	-1	-43	954	219	1606974889
-51	-47	-56	-50	-56	0	-69	0	-85	-75	-87	-85	-79	-67	0	0	0	0	-93	0	0	-74	-92	0	0	0	-87	-93	-93	0	0	-91	0	-61	0	0	0	0	0	0	0	0	0	-89	0	0	0	0	0	-91	0	0	0	0	0	0	0	0	0	0	0	0	0	0	0	0	-87	0	0	0	0	0	4140	-2365	3028	22929	-7707	-248	-43	965	221	-1	-1	0	-43	954	219	1606974890
-52	-47	0	-52	-50	-57	-67	-65	-75	0	-77	-75	-83	-66	0	-84	0	-91	-90	-89	0	-74	-91	-89	0	0	-86	-92	-92	0	0	-91	0	-60	0	0	0	0	0	0	0	0	0	0	0	0	0	0	0	0	0	0	0	0	0	0	0	0	0	0	0	0	0	0	0	0	0	0	-92	0	-83	0	4094	-2320	3020	22931	-7713	-247	-43	966	220	-1	0	0	-43	955	218	1606974892
-53	-48	-50	-51	-52	-59	-70	-71	-83	0	0	-82	-80	0	0	0	0	-95	-92	0	0	-76	0	-93	0	0	-87	-93	-92	0	0	0	0	-59	0	0	0	0	0	0	0	0	0	0	0	0	0	0	0	0	0	0	0	0	0	0	0	0	0	0	0	0	0	0	0	0	0	0	0	0	0	0	4064	-2365	3013	22929	-7706	-247	-43	966	221	-1	0	0	-43	954	219	1606974893
-53	-53	0	-50	-54	-58	0	-69	-83	-75	-84	-83	-80	-69	0	-84	0	-94	-94	0	0	-74	0	0	0	0	-88	-93	-91	0	0	-91	0	-59	-67	0	0	0	0	0	0	0	-90	0	0	0	0	0	0	0	0	0	0	0	0	0	-84	0	0	0	0	-84	0	-83	0	0	0	0	0	0	0	0	4049	-2365	3050	22929	-7706	-248	-43	965	221	-1	0	0	-43	954	219	1606974895
-54	-47	-58	-50	-54	0	-69	-70	-77	0	-77	-79	-84	-67	0	-85	-74	-91	-90	-90	0	0	-90	-89	-74	-73	-88	-92	-91	0	0	0	0	-59	0	0	0	0	0	0	0	0	0	0	0	0	0	0	0	0	0	0	0	0	0	0	0	0	0	0	0	0	0	0	0	0	0	0	-94	0	0	0	4079	-2282	3035	22931	-7713	-247	-43	966	219	-1	-1	0	-43	955	218	1606974897
-49	-52	-56	-51	-53	-57	-69	-69	-79	0	-81	-79	-84	-68	0	0	-76	-91	-91	-90	0	-74	-91	-90	-74	-74	-87	-91	-93	0	0	-94	0	0	0	0	0	0	0	0	0	0	0	0	0	0	0	0	0	0	0	0	0	0	0	0	0	0	0	0	0	0	0	0	0	0	0	0	-93	0	0	0	4109	-2290	3035	22930	-7708	-247	-43	965	221	-1	0	0	-43	954	219	1606974898
-53	0	-58	-51	-53	0	-69	-69	-78	0	-76	-79	-83	-69	0	-82	-75	-92	-89	-90	0	-76	-90	-90	-74	0	-89	-91	-91	0	0	-91	0	0	0	0	0	0	0	0	0	0	0	0	0	0	0	0	0	0	-90	0	0	0	0	0	0	0	0	0	0	0	0	0	0	0	0	0	-94	0	0	0	4064	-2335	3035	22929	-7707	-248	-43	966	221	-1	0	0	-43	954	219	1606974900
-50	-51	-59	-50	-54	0	-69	-70	-84	0	-83	-83	-80	-70	-82	-86	0	-94	-95	0	0	-76	0	0	0	0	-87	-93	-92	0	0	-92	0	-59	0	0	0	0	0	0	0	0	0	0	0	0	-88	0	0	0	-89	0	0	0	0	0	0	0	0	0	0	0	0	0	0	0	0	0	0	0	0	0	4095	-2365	3080	22929	-7707	-248	-43	965	221	-1	-1	0	-43	954	219	1606974902
-50	-57	-54	-52	-52	0	0	-69	-82	0	-83	-82	-80	0	0	0	0	-93	-93	0	0	0	0	-94	0	0	-87	-91	-93	0	0	0	0	-60	-65	0	0	0	0	0	0	0	0	0	0	0	0	0	0	0	0	0	-89	-88	0	0	-84	0	0	0	0	-84	0	0	-83	0	0	0	0	0	0	0	4079	-2365	3050	22930	-7709	-248	-44	965	221	-1	-1	-1	-43	954	218	1606974903
-49	-51	-57	-50	-53	-56	-70	-70	-80	0	-79	-80	-83	0	0	-82	-76	-92	-89	-90	0	-75	-89	-90	-75	0	-87	-92	-92	0	0	0	0	-60	0	0	0	0	0	0	0	0	0	0	0	0	0	0	0	0	0	0	0	0	0	0	-82	0	0	0	0	-82	0	-81	-84	0	0	0	-94	0	0	0	4049	-2365	3021	22930	-7707	-247	-43	966	221	-1	-1	-1	-43	954	219	1606974905
-51	-52	0	-52	-54	-57	-70	-68	-78	0	-81	-79	-82	-69	0	-84	-74	-91	-89	-90	0	-74	-91	-90	-76	-76	-88	0	0	0	0	0	0	-59	0	0	0	0	0	0	0	0	0	0	0	0	0	0	0	0	0	-94	0	-87	0	0	-83	0	0	0	0	-85	0	-83	-82	0	0	0	-93	0	0	0	4079	-2335	3080	22929	-7707	-248	-43	966	221	-1	-1	0	-43	954	219	1606974906
-52	-51	-55	-50	-54	-59	-70	0	-83	0	-83	-83	-81	-70	0	-86	-76	0	0	0	0	-76	0	-92	-75	0	-86	-92	-92	0	0	-94	0	-60	0	0	0	0	0	0	0	-87	0	0	0	0	-89	0	0	0	0	0	0	0	0	0	0	0	0	0	0	0	0	0	0	0	0	0	0	0	0	0	4079	-2365	3036	22930	-7712	-248	-43	965	220	0	0	-1	-43	955	218	1606974908
-52	-60	0	-51	-53	-59	-68	-68	-83	-76	-83	-82	-80	-68	0	-82	0	-94	-92	0	0	-77	0	-93	0	0	-86	-93	-93	0	0	-93	0	-59	0	0	0	0	0	0	0	0	-87	-90	0	0	0	0	0	0	0	0	-87	-90	0	0	0	0	0	0	0	-82	0	-83	-85	0	0	0	0	0	0	0	4019	-2365	3028	22930	-7708	-248	-43	965	221	-1	-1	0	-43	954	219	1606974910
-52	-52	-51	-54	-53	0	-68	0	0	0	-78	-78	-82	-68	0	-82	0	-92	-90	-89	0	-76	-90	-89	0	0	-87	0	-92	0	0	-91	0	-59	0	0	0	0	0	0	0	-88	0	0	0	0	0	0	0	0	0	-93	0	0	0	0	-83	0	0	0	0	-84	0	-85	-85	0	0	0	0	0	0	0	4125	-2365	3051	22930	-7708	-248	-43	966	220	-1	0	-1	-43	954	219	1606974911
0	-52	0	-51	-51	-56	-67	0	-77	0	-79	-79	-82	0	0	0	0	-92	-90	-90	0	-76	-91	-90	0	0	-89	-92	-92	0	0	-92	0	-60	0	0	0	0	0	0	0	0	0	0	-86	0	0	0	0	-87	0	0	-89	0	0	0	0	0	0	0	0	0	0	0	0	0	0	0	-95	0	0	0	4116	-2253	3050	22930	-7711	-247	-43	966	221	-1	0	0	-43	955	218	1606974913
-49	-50	-50	0	-54	-59	0	0	-85	-77	-84	-85	-80	-69	0	-83	0	-94	-94	0	0	-77	0	-93	0	0	-87	-91	0	0	0	-93	0	-60	-68	0	0	0	0	0	0	-89	0	0	0	0	0	0	0	-88	0	0	-88	-87	0	0	0	0	0	0	0	0	0	0	0	0	0	0	0	0	0	0	4095	-2395	3051	22929	-7707	-248	-43	966	221	0	0	-1	-43	954	219	1606974914
-49	-61	-51	-51	-52	0	-70	-68	-77	-76	-78	-81	-83	-67	0	-82	0	-89	-91	-90	0	-75	-90	-90	0	0	-87	-92	-91	0	0	-92	0	-60	0	0	0	0	0	0	0	-88	0	0	0	0	0	0	0	0	0	0	0	0	0	0	0	0	0	0	0	0	0	0	0	0	0	0	-96	0	0	0	4049	-2313	3065	22930	-7708	-246	-43	966	221	-1	-1	0	-43	954	219	1606974916
-54	-60	-51	0	-53	-57	-70	-69	-78	0	-78	-78	-84	-70	0	0	0	-92	-92	-89	0	-76	-91	-92	0	0	-86	-94	-92	0	0	-90	0	-59	0	0	0	0	0	0	0	-90	0	0	0	0	-91	0	0	0	0	0	0	0	0	0	0	0	0	0	0	0	0	0	0	0	0	0	-95	0	0	0	4109	-2335	3021	22930	-7711	-247	-43	966	220	-1	-1	0	-43	955	218	1606974917
-51	-53	-52	-51	-53	-59	0	-68	-83	-75	-82	-84	-80	0	0	-82	-78	-95	-93	0	0	-77	-94	-93	-77	0	-85	-91	0	0	0	-92	0	-60	-67	0	0	0	-94	0	0	-89	-91	0	0	0	0	0	0	0	0	0	0	0	0	0	0	0	0	0	0	-85	0	0	0	0	0	0	0	0	0	0	4125	-2365	3021	22929	-7708	-248	-43	965	221	-1	-1	0	-43	954	219	1606974919
-50	-60	-51	-51	-53	-60	-69	-68	-83	-76	-84	-83	-80	-69	0	-84	-77	0	0	0	0	-79	0	-92	-76	-79	-86	-94	0	0	0	0	0	-60	0	0	0	0	0	0	0	0	0	0	0	0	0	0	0	0	0	-92	0	0	0	0	-84	0	0	0	0	-81	0	-85	-82	0	0	0	0	0	0	0	4094	-2320	3020	22930	-7707	-247	-43	965	221	-1	-1	0	-43	954	219	1606974920
-51	-53	-52	-53	-52	-58	-70	0	-84	0	-83	-83	-80	-68	0	-82	0	-94	-94	0	0	-77	0	-92	0	0	-86	0	-92	0	0	-92	0	-61	0	0	0	0	0	0	0	0	-92	0	0	0	0	0	0	0	0	0	0	0	0	0	0	0	0	0	0	0	0	0	0	0	0	0	0	0	0	0	4109	-2320	3006	22930	-7711	-247	-43	966	221	-1	-1	0	-43	955	218	1606974922
-54	-60	-55	-52	-54	-59	-70	-70	-84	0	-84	-84	-80	-68	0	0	0	-93	-94	0	0	0	0	-93	0	0	-87	-92	-92	0	0	-91	0	-60	0	0	0	0	-95	0	0	0	-91	0	0	0	0	0	0	-89	0	0	-88	-87	0	0	0	0	0	0	0	0	0	0	0	0	0	0	0	0	0	0	4064	-2365	3036	22929	-7707	-247	-43	965	221	-1	0	0	-43	954	219	1606974923
-52	-51	-60	-50	-54	-58	0	-70	-84	0	-83	-84	-80	0	0	-84	0	-94	-93	0	0	-79	0	-92	0	0	-88	-91	-92	0	0	0	0	-59	0	0	0	0	0	0	0	0	0	0	0	0	0	0	0	0	0	0	-89	0	0	0	0	0	0	0	0	0	0	0	0	0	0	0	0	0	0	0	4079	-2335	3035	22929	-7708	-248	-43	965	221	-1	-1	-1	-43	954	219	1606974925
-53	-50	-65	-51	-53	-59	-70	-71	-82	0	-82	-82	-80	-71	0	-82	0	-95	-92	0	0	-77	0	-93	0	0	-86	-91	-92	0	0	-91	0	-59	0	0	0	0	0	0	0	-88	-89	0	0	0	0	0	0	0	0	0	0	0	0	0	-81	0	0	0	0	-81	0	-85	-82	0	0	0	0	0	0	0	4049	-2313	3088	22930	-7711	-248	-43	965	220	-1	-1	0	-43	955	218	1606974927
-49	-54	-55	-51	-53	0	0	-70	-78	0	-76	-78	-84	-70	0	-83	-78	-93	-91	-91	0	-77	-93	-92	-76	-77	-85	-93	-93	0	0	0	0	-59	0	0	0	0	0	0	0	-88	0	0	0	0	0	0	0	-86	0	0	-88	0	0	0	0	0	0	0	0	0	0	0	0	0	0	0	0	0	0	0	4124	-2298	3020	22930	-7709	-248	-43	965	221	0	-1	0	-43	954	219	1606974928
-50	-53	-55	-51	-54	0	0	-71	-84	-75	-83	-83	-80	-71	0	0	0	-95	-95	0	0	-77	0	-92	0	0	-87	0	-92	0	0	-92	0	-59	-67	0	0	0	-95	0	0	0	0	0	0	0	0	0	0	0	0	0	-87	-87	0	0	0	0	0	0	0	0	0	0	0	0	0	0	0	0	0	0	4154	-2298	3035	22930	-7708	-248	-43	965	221	-1	-1	0	-43	954	219	1606974930
-53	-53	0	-50	-54	0	-70	-71	-82	-76	-83	-82	-80	-70	0	-83	0	0	0	0	0	-77	0	-94	0	0	-87	0	-92	0	0	0	0	-59	0	0	0	0	0	0	0	0	0	0	-84	0	0	0	0	-92	0	0	-87	-86	0	0	-82	0	0	0	0	0	0	-86	0	0	0	0	0	0	0	0	4110	-2365	3051	22929	-7707	-247	-43	966	221	-1	0	0	-43	954	219	1606974931
-51	-59	-58	-51	-53	-59	-69	-70	-77	0	-78	-78	-82	-70	0	-83	0	-90	-90	-90	0	-77	-91	-90	0	0	-88	-92	0	0	0	-92	0	-60	0	0	0	0	0	0	0	0	0	0	0	0	0	0	0	0	0	0	0	0	0	0	0	0	0	0	0	0	0	0	0	0	0	0	-94	0	0	0	4155	-2335	3028	22930	-7709	-247	-43	965	221	-1	-1	-1	-43	954	219	1606974933
-53	-54	0	-52	-53	0	-69	-70	-77	0	-79	-79	-83	-69	-83	-84	-77	-91	-91	-90	0	-77	-92	-90	-76	-78	-86	-92	-92	0	0	-92	0	-59	0	0	0	0	0	0	0	0	0	0	0	0	0	0	0	0	0	0	-92	0	0	0	0	0	0	0	0	0	0	0	0	0	0	0	-93	0	0	0	4125	-2388	3081	22930	-7709	-248	-43	966	221	-1	-1	-1	-43	954	219	1606974934
-50	-52	-55	-53	-52	-58	0	-69	-77	0	-78	-78	-83	-69	0	0	0	-92	-91	-90	0	-77	-92	-92	-77	0	-91	-93	-91	0	0	0	0	-60	0	0	0	0	0	0	0	0	0	0	0	0	0	-90	0	0	0	0	-87	0	0	0	0	0	0	0	0	0	0	0	0	0	0	0	-95	0	0	0	4079	-2305	3035	22930	-7708	-247	-43	966	220	-1	0	0	-43	954	219	1606974936
-49	-51	0	-50	-54	0	0	0	-77	0	-79	-78	-83	0	0	0	-78	-91	-90	0	0	-78	0	0	-75	0	-88	-92	-92	0	0	-91	0	-59	0	0	0	0	0	0	0	0	0	0	0	0	0	0	0	0	0	0	0	0	0	0	0	0	0	0	0	0	0	0	0	0	0	0	-94	0	0	0	4079	-2327	3035	22930	-7708	-247	-43	966	221	-1	-1	0	-43	954	219	1606974938
-52	-58	0	-51	-53	-58	-70	0	-78	-75	-77	-79	-84	0	0	-82	0	-91	-89	-90	0	-77	-90	-91	0	0	-89	-92	0	0	0	-92	0	-60	0	0	0	0	0	0	0	0	0	0	0	0	-90	0	0	0	0	0	0	0	0	0	0	0	0	0	0	0	0	0	0	0	0	0	-93	0	0	0	4102	-2335	3035	22929	-7707	-248	-43	966	221	-1	-1	0	-43	954	219	1606974939
-53	-57	-56	-51	-50	-59	0	-69	-83	-76	-83	-84	-80	-70	0	-84	0	-94	-94	0	0	-76	0	-93	0	0	-86	-93	-92	0	0	-92	0	-59	0	0	0	0	0	0	0	-88	0	0	0	0	0	0	0	0	0	0	0	0	0	0	0	0	0	0	0	0	0	0	0	0	0	0	0	0	0	0	4072	-2365	3036	22929	-7706	-246	-43	966	221	-1	-1	0	-43	954	219	1606974941
-51	-57	-59	-50	-54	0	-69	-69	-83	0	-83	-83	-79	-69	0	-83	0	-93	-94	0	0	-78	0	-94	0	0	-86	-91	0	0	0	-91	0	-60	0	0	0	0	0	0	0	-88	0	0	0	0	0	0	0	0	0	-91	0	0	0	0	-81	0	0	0	0	-81	0	-82	-81	0	0	0	0	0	0	0	4124	-2335	3050	22930	-7710	-248	-43	965	221	-1	-1	0	-43	954	218	1606974942
-50	-50	0	-51	-53	-59	-68	-70	-84	-76	-82	-82	-80	-69	0	0	0	-92	-93	0	0	-77	0	-93	0	0	-87	0	0	0	0	0	0	-60	0	0	0	0	0	0	0	-87	0	0	0	0	0	-90	0	0	0	0	0	-86	0	-91	0	0	0	0	0	0	0	0	0	0	0	0	0	0	0	0	4109	-2290	3050	22929	-7706	-248	-43	965	221	-1	-1	0	-43	954	219	1606974944
-52	-51	-55	0	-53	0	0	0	-78	0	-78	-78	-83	0	0	-83	-77	-91	-90	-90	0	-78	-91	-90	-77	-76	-88	0	0	0	0	0	0	-59	0	0	0	0	0	0	0	0	0	0	0	0	0	0	0	0	0	0	-88	0	0	0	0	0	0	0	0	0	0	0	0	0	0	0	-93	0	0	0	4095	-2365	3036	22929	-7706	-248	-43	966	220	-1	-1	0	-43	954	219	1606974945
-49	-59	-55	-50	-53	0	-70	-68	-77	-75	-78	-78	-83	-69	0	-82	0	-91	-92	-91	0	-78	-91	-92	0	0	-88	-92	-92	0	0	-91	0	-58	0	0	0	0	0	0	0	-85	0	0	0	0	0	0	0	0	0	0	0	0	0	0	0	0	0	0	0	0	0	0	0	0	0	0	-94	0	0	0	4110	-2380	3021	22930	-7708	-248	-44	965	221	-1	0	0	-43	954	219	1606974947
-52	-58	-61	-51	-53	-57	-68	-68	-83	0	-83	-84	-80	0	0	0	0	0	-93	0	0	-77	0	0	0	0	-89	-93	0	0	0	-93	0	-60	-67	0	0	0	0	0	0	-88	0	0	0	0	0	0	0	0	0	0	0	0	0	0	0	0	0	0	0	0	0	0	0	0	0	0	0	0	0	0	4011	-2305	3035	22929	-7707	-248	-43	965	221	0	-1	0	-43	954	219	1606974949
-52	-59	-52	-51	-54	-59	-67	-67	-84	0	-84	-84	-80	-69	-86	-85	-74	-93	-92	-91	0	-74	0	-92	-74	-74	-87	0	-92	0	0	0	0	-59	0	0	0	0	0	0	0	0	0	0	0	0	0	0	0	0	0	0	0	0	0	0	0	0	0	0	0	0	0	0	0	0	0	0	0	0	0	0	4049	-2305	3005	22929	-7706	-248	-43	966	221	-1	0	0	-43	954	219	1606974950
-53	-51	-50	0	-53	0	-70	0	-76	-75	-77	-77	-83	-70	0	0	0	-90	-90	-90	0	-76	-90	-90	0	0	-87	0	0	0	0	-93	0	-59	0	0	0	0	0	0	0	-88	0	0	0	0	0	0	0	0	0	0	0	0	0	0	0	0	0	0	0	0	0	0	0	0	0	0	-93	0	0	0	4057	-2320	3035	22930	-7709	-247	-43	966	221	-1	-1	0	-43	954	218	1606974952
-50	-59	0	0	-54	-57	-70	-71	-76	-76	-77	-76	-83	-70	0	-84	0	-90	-88	-90	0	-76	-89	-89	0	0	-86	0	-93	0	0	-91	0	-60	0	0	0	0	0	0	0	0	0	0	0	0	0	0	0	0	0	0	0	0	0	0	0	0	0	0	0	0	0	0	0	0	0	0	0	0	0	0	4109	-2320	3080	22929	-7707	-247	-43	966	221	-1	-1	0	-43	954	219	1606974953
-49	-59	0	-51	-53	-58	-67	-68	-82	-74	-83	-83	-80	-67	0	0	0	-92	-94	0	0	-74	0	-92	0	0	-88	0	-93	0	0	-93	0	-60	0	0	0	0	0	0	0	0	0	0	0	0	0	0	0	0	0	0	0	0	0	0	0	0	0	0	0	0	0	0	0	0	0	0	0	0	0	0	4169	-2320	3036	22929	-7706	-248	-44	965	221	-1	0	0	-43	954	219	1606974955
0	-58	-50	-51	0	0	-68	0	-76	-76	-78	-76	-82	-68	0	0	-75	-92	-89	-89	0	-74	-91	-90	0	0	-87	0	-94	0	0	-92	0	-60	0	0	0	0	0	0	0	0	0	0	0	0	0	0	0	0	0	0	0	0	0	0	0	0	0	0	0	0	0	0	0	0	0	0	-94	0	0	0	4079	-2320	3020	22930	-7711	-248	-43	966	220	-1	-1	0	-43	955	218	1606974987
-51	-53	-55	-51	-52	0	-69	-67	-75	0	-74	-74	-84	-67	0	-85	-74	-89	-89	-91	0	-75	-89	-89	-74	0	-89	-93	-92	0	0	-92	0	-59	0	0	0	0	0	0	0	0	-90	0	0	0	0	0	0	0	0	0	0	0	0	0	0	0	0	0	0	0	0	0	0	0	0	0	-95	0	0	0	4079	-2335	3020	22929	-7706	-248	-43	965	221	-1	-1	0	-43	954	219	1606974988
-52	-50	-49	-52	-50	-58	-68	-68	-82	0	-82	-82	-80	-68	0	0	0	-95	-93	0	0	-74	0	-92	0	0	-89	-91	-90	-92	0	-90	0	-59	-65	0	0	0	0	0	0	0	0	0	0	0	0	0	0	0	0	0	0	0	0	0	0	0	0	0	0	0	0	0	0	0	0	0	0	0	0	0	4109	-2335	3036	22929	-7708	-248	-43	966	221	0	0	0	-43	954	219	1606974990
-52	-53	-49	-51	-52	0	-68	-66	-74	0	-75	-74	-83	-68	0	0	0	-91	-89	-89	0	-77	-90	-90	0	0	-88	-92	-92	0	0	-93	0	-60	0	0	0	0	0	0	0	-87	0	0	0	0	0	0	0	0	0	0	0	0	0	0	0	0	0	0	0	0	0	0	0	0	0	0	0	0	0	0	4110	-2380	3021	22930	-7712	-249	-43	966	220	-1	-1	-1	-43	955	218	1606974991
-49	0	-50	-52	-53	-58	-69	-68	0	-76	-74	-74	-84	-69	0	-83	-75	-90	-89	-90	0	-74	-90	-89	-74	0	-85	0	-92	0	0	-92	0	-59	0	0	0	0	0	0	0	0	0	0	0	0	0	0	0	0	0	0	0	0	0	0	0	0	0	0	0	0	0	0	0	0	0	0	-95	0	0	0	4080	-2418	3036	22930	-7708	-248	-43	965	221	-1	-1	0	-43	954	219	1606974993
0	-59	-50	-52	0	-59	-69	-68	-82	-76	-82	-83	-80	-69	0	-84	0	-92	-93	0	0	-75	0	-94	0	0	0	-92	-92	0	0	-92	0	-60	0	0	0	0	0	0	0	-88	0	0	0	0	0	0	0	0	0	0	0	0	0	0	0	0	0	0	0	0	0	0	0	0	0	0	0	0	0	0	4034	-2290	3050	22929	-7706	-248	-43	966	221	-1	0	0	-43	954	219	1606974995
-52	-53	-50	-52	-52	0	0	-69	-75	0	-75	-74	-84	0	0	0	0	-91	-91	-88	0	-76	-88	-90	0	0	-88	-92	-92	0	0	-89	0	-59	0	0	0	0	0	0	0	0	0	0	0	0	0	0	0	0	0	0	0	0	0	0	0	0	0	0	0	0	0	0	0	0	0	0	0	0	0	0	4049	-2327	3080	22930	-7709	-249	-43	966	220	0	0	0	-43	954	218	1606974996
-50	0	-50	0	-53	0	0	-69	-74	-77	-74	-75	-83	-68	0	0	-77	-90	-90	-88	0	-76	-91	-88	-77	0	0	-92	-92	0	0	-91	0	-59	0	0	0	0	0	0	0	0	0	0	0	0	0	0	0	0	0	0	0	0	0	-87	0	0	0	0	0	0	0	0	0	0	0	0	0	0	0	0	4019	-2320	3020	22929	-7706	-247	-43	966	221	-1	-1	0	-43	954	219	1606974998
-53	-52	-50	0	-52	-58	0	0	-75	0	-75	-76	-83	0	0	0	0	-89	-90	-89	0	-78	-91	-88	0	0	-89	-93	-91	0	0	-92	0	-59	0	0	0	0	0	0	0	0	0	0	0	0	0	0	0	0	0	0	0	0	0	0	0	0	0	0	0	0	0	0	0	0	0	0	-94	0	0	0	4057	-2320	3035	22929	-7707	-248	-44	965	221	0	-1	0	-43	954	219	1606974999
-54	-59	0	0	-52	0	0	-68	-75	0	-75	-74	-84	0	0	0	0	-89	-90	-90	-77	-75	-90	-89	0	-77	-87	0	-92	0	0	-92	0	-59	0	0	0	0	0	0	0	0	-89	0	0	0	0	0	0	0	0	0	0	0	0	0	0	0	0	0	0	0	0	0	0	0	0	0	-95	0	0	0	4079	-2335	3050	22930	-7708	-248	-43	966	220	-1	0	0	-43	954	219	1606975001
-49	-51	-51	-50	-53	0	-67	-69	-82	-75	-81	-81	-81	-69	0	0	0	-95	-95	0	0	-77	0	-95	0	0	0	-91	-92	0	0	-92	0	-60	0	0	0	0	0	0	0	0	0	0	0	0	0	0	0	-88	0	0	0	0	0	0	0	0	0	0	0	0	0	0	0	0	0	0	0	0	0	0	4124	-2335	3028	22930	-7709	-248	-44	966	221	-1	-1	0	-43	954	219	1606975002
-49	-59	-45	-50	-54	-58	-68	-68	-75	0	-74	-74	-84	-68	0	-85	-77	-90	-91	-91	0	-79	-89	-91	-77	0	-88	-90	-94	0	0	-92	0	-59	0	0	0	0	0	0	0	0	0	0	0	0	0	0	0	0	0	0	0	0	0	0	0	0	0	0	0	0	0	0	0	0	0	0	-95	0	0	0	4049	-2372	3036	22929	-7705	-248	-44	966	221	-1	-1	0	-43	954	219	1606975004
0	-53	-48	-51	0	0	-66	-67	-78	-77	-77	-77	-84	-67	0	-86	0	-91	-91	-91	0	-76	-90	-90	0	0	-88	-90	-92	0	0	-91	-91	-58	0	0	0	0	0	0	0	-88	0	0	0	0	0	-92	0	0	0	0	0	0	0	0	0	0	0	0	0	0	0	0	0	0	0	0	0	0	0	0	4064	-2343	3035	22930	-7707	-247	-43	965	221	-1	-1	0	-43	954	219	1606975006
-50	-54	-50	-50	-54	-57	0	-68	-76	0	-76	-77	-83	-68	0	0	0	-92	-90	-91	0	-77	-90	-89	0	0	-86	-90	-91	0	0	-91	0	-60	-67	0	0	0	0	0	0	0	-90	0	0	0	0	0	0	0	0	0	0	0	0	0	0	0	0	0	0	0	0	0	0	0	0	0	-94	0	0	0	4079	-2372	3036	22930	-7711	-248	-43	966	221	-1	-1	-1	-43	955	218	1606975007
-50	-56	-53	-50	-54	0	-69	-67	-77	0	-77	-77	-84	-68	0	-84	-77	-92	-92	-91	0	-77	-91	-90	-77	0	0	0	-92	0	0	0	0	-58	0	0	0	0	0	0	0	0	0	0	0	0	-91	0	0	0	0	0	0	0	0	0	0	0	0	0	0	0	0	0	0	0	0	0	-92	-91	0	0	4064	-2380	3013	22929	-7706	-248	-43	966	221	-1	-1	0	-43	954	219	1606975009
-53	-57	-53	-51	-53	-58	-70	-68	-77	-75	-76	-75	-84	-69	0	0	-77	-92	-90	-90	0	-76	-90	-91	-77	0	-86	-92	-93	0	0	-92	0	-59	0	0	0	0	0	0	0	-86	0	0	0	0	0	0	0	0	0	0	0	0	0	0	0	0	0	0	0	0	0	0	0	0	0	0	-93	0	0	0	4080	-2380	3110	22929	-7708	-248	-43	966	221	-1	-1	0	-43	954	219	1606975010
-51	-52	-52	-51	-53	-59	-68	-67	-82	-77	-82	-84	-79	-69	0	-83	0	-93	-95	0	0	0	0	-94	0	0	-87	-91	-92	0	0	0	0	-59	0	0	0	0	0	0	0	0	0	0	-85	-87	-84	0	0	0	-83	0	0	0	0	0	0	0	0	0	0	0	0	0	0	0	0	0	0	0	0	0	4019	-2395	3021	22930	-7711	-248	-43	966	220	-1	0	0	-43	955	218	1606975012
-50	-58	-54	-51	-53	0	-69	-69	-76	0	0	-75	-83	-69	0	-85	-77	-89	-90	-89	0	-78	0	-90	-76	0	-87	-93	-92	0	0	0	-92	-59	0	0	0	0	0	0	0	0	0	0	0	0	0	0	0	0	0	0	0	0	0	0	0	0	0	0	0	0	0	0	0	0	0	0	0	0	0	0	4064	-2305	3035	22929	-7708	-248	-43	965	220	-1	-1	0	-43	954	219	1606975013
0	-53	-55	-50	0	-57	-69	-69	-75	-76	-75	-75	-83	-68	0	0	-77	-91	-91	-90	0	-77	-92	-91	0	0	-86	-92	-92	0	0	-91	-92	-60	0	0	0	0	0	0	0	0	0	0	0	0	0	0	0	0	0	0	0	0	0	0	0	0	0	0	0	0	0	0	0	0	0	0	-94	0	0	0	4124	-2305	3020	22929	-7707	-248	-43	965	221	0	0	0	-43	954	219	1606975015
-51	-55	-54	-50	-54	0	-69	-67	-75	0	-76	-75	-83	-67	0	-84	-73	-89	-91	-90	0	-74	-90	-90	-73	0	-88	-91	-91	0	0	-93	0	-59	0	0	0	0	0	0	0	0	0	0	0	0	0	0	0	0	0	0	0	0	0	0	0	0	0	0	0	0	0	0	0	0	0	0	-93	0	0	0	4117	-2380	3006	22929	-7707	-249	-43	966	221	-1	-1	0	-43	954	219	1606975017
-54	-57	-54	-51	-53	-58	-67	0	-75	0	-75	-75	-82	-68	0	0	0	-90	-88	-89	0	-76	-90	-92	0	0	-86	-91	-91	0	0	-91	0	-59	0	0	0	0	0	0	0	0	0	0	0	0	0	0	0	0	0	0	0	0	0	0	0	0	0	0	0	0	0	0	0	0	0	0	-95	0	0	0	4072	-2305	3035	22930	-7709	-248	-43	965	221	-1	0	0	-43	954	218	1606975018
-53	-53	0	-50	-54	0	-69	-68	0	0	-77	-77	-83	0	0	0	0	-89	-92	-92	0	-73	-90	-90	0	0	-87	-91	-92	0	0	-91	0	-60	0	0	0	0	0	0	0	-87	0	0	0	0	0	0	0	0	0	0	0	0	0	0	0	0	0	0	0	0	0	0	0	0	0	0	-95	-89	0	0	4079	-2335	3043	22929	-7707	-248	-44	966	221	-1	-1	0	-43	954	219	1606975020
-50	-58	-50	-50	-54	-58	0	0	-76	0	-75	-76	-82	0	0	-84	-75	-91	-89	-90	0	-74	-89	-89	-74	0	-86	-92	-92	0	0	-92	0	-59	0	0	0	0	0	0	0	0	0	0	0	0	0	0	0	0	0	0	0	0	0	0	0	0	0	0	0	0	0	0	0	0	0	0	-95	0	0	0	4124	-2335	3021	22929	-7706	-248	-43	965	221	-1	-1	0	-43	954	219	1606975021
-52	-57	-50	-51	-53	0	0	-68	-76	-77	-77	-76	-83	-68	0	-83	-74	-91	-92	-91	0	-76	-89	-91	-74	0	-86	0	-91	0	0	-91	0	-59	0	0	0	0	0	0	0	-86	0	0	0	0	0	0	0	0	0	0	0	-88	0	0	0	0	0	0	0	0	0	0	0	0	0	0	0	0	0	0	4079	-2335	3050	22930	-7710	-247	-43	966	221	-1	-1	0	-43	955	218	1606975023
-52	-52	-52	-52	-53	0	-68	-67	-82	-76	-83	-83	-79	-68	0	0	-74	-96	-95	-91	0	-73	0	-93	0	0	-83	-92	-90	0	0	-90	0	-59	0	0	0	0	0	0	0	0	0	0	-84	-86	-85	0	-84	0	-86	0	0	0	0	0	0	0	0	0	0	0	0	0	0	0	0	0	0	-95	0	0	4064	-2335	3020	22930	-7707	-247	-43	965	221	-1	0	0	-43	954	219	1606975024
-49	-53	-50	-51	-54	0	-69	-69	-83	0	-82	-83	-80	-69	0	-82	0	-92	-93	-94	0	-74	-92	-92	0	0	-86	-91	-91	0	0	-91	0	-60	0	0	0	0	0	0	0	0	0	0	0	0	-92	0	0	0	0	0	0	0	0	0	-82	0	0	0	0	-82	0	-85	-83	0	0	0	0	0	0	0	4079	-2282	3035	22929	-7706	-248	-43	966	221	-1	0	0	-43	954	219	1606975026
-52	-58	0	-51	-52	-59	-68	0	-83	0	-83	-82	-79	-67	-82	-84	0	-93	-93	0	0	0	0	-92	0	0	-87	0	0	0	0	0	0	-59	0	0	0	0	0	0	0	0	0	0	0	0	0	0	0	0	0	0	0	0	0	0	0	0	0	0	0	0	0	0	0	0	0	0	0	0	0	0	4185	-2313	3006	22930	-7710	-247	-43	966	220	-1	-1	0	-43	955	218	1606975028
-53	-57	-52	-49	-54	-58	-69	-69	-76	-76	-75	-76	-82	-68	0	-82	0	-91	-88	-90	0	0	-90	-90	0	0	-86	-91	-91	0	0	-91	0	-60	0	0	0	0	0	0	0	0	0	0	0	0	0	0	0	0	0	0	0	0	0	-87	0	0	-74	0	0	0	0	-83	0	0	0	0	-93	0	0	0	4049	-2320	3103	22929	-7707	-247	-43	965	221	-1	-1	0	-43	954	219	1606975029
-53	-54	-52	-50	-53	-58	-68	-68	-82	-75	-83	-82	-79	-67	0	0	0	-94	0	0	0	0	0	-93	0	0	0	-92	-91	0	0	-91	0	-60	-68	0	0	0	0	0	0	0	0	0	0	0	0	0	0	0	0	0	-87	0	0	0	0	0	0	0	0	0	0	0	0	0	0	0	0	0	0	0	4079	-2305	3080	22929	-7706	-247	-43	966	221	-1	-1	0	-43	954	219	1606975031
-53	-52	-46	-50	-53	-59	-69	-67	-82	0	-82	-81	-79	-69	-81	0	-75	-93	-94	0	0	-74	0	-95	-74	0	-87	-91	-91	0	0	-91	0	-60	0	0	0	0	0	0	0	-87	0	0	0	0	0	0	0	0	0	0	0	0	0	0	0	0	0	0	0	0	0	0	0	0	0	0	0	0	0	0	4109	-2350	3043	22930	-7709	-248	-43	965	221	-1	-1	0	-43	954	218	1606975032
0	-52	0	-50	-53	0	-69	0	-75	-76	-75	-74	-84	-68	0	-84	0	-91	-90	-90	0	-75	-90	-90	0	0	-86	-92	-91	0	-92	-94	0	-58	0	0	0	0	0	0	0	0	0	0	0	0	0	0	0	0	0	0	0	0	0	0	-77	0	0	0	0	-81	0	-85	0	0	0	0	-91	0	0	0	4079	-2320	2961	22930	-7709	-248	-43	966	221	-1	0	0	-43	954	219	1606975034
-51	-55	0	-51	-53	-58	-69	-69	-76	-77	-76	-77	-83	-67	0	-83	0	-90	-91	-91	0	-75	-91	-90	0	0	-85	-92	-92	0	0	-92	0	-59	0	0	0	0	0	0	0	0	0	0	0	0	0	0	0	0	0	0	0	0	0	0	0	0	0	0	0	0	0	0	0	0	0	0	-94	0	0	0	4109	-2343	3036	22930	-7708	-248	-44	965	221	-1	-1	0	-43	954	219	1606975036
-49	-51	0	-50	-52	0	-69	-69	-77	0	-78	-77	-82	-69	0	0	0	-91	-92	-92	0	-73	-91	-90	0	0	-86	-91	-90	0	0	-91	0	-59	0	0	0	0	0	0	0	0	0	0	0	0	0	0	0	0	0	0	0	0	0	0	0	0	0	0	0	0	0	0	0	0	0	0	-94	0	-82	0	4057	-2365	3080	22931	-7714	-248	-43	965	220	-1	-1	0	-43	955	218	1606975037
-53	-50	0	-50	-53	-58	-71	-68	-76	-77	-77	-76	-81	-69	0	0	0	-90	-91	-90	0	-76	-90	0	0	0	-87	-92	-92	0	0	-91	0	-59	0	0	0	0	0	0	0	0	0	0	0	0	0	0	0	0	0	0	0	0	0	0	0	0	0	-95	0	0	0	0	0	0	0	0	-95	0	0	0	4117	-2372	2901	22929	-7703	-247	-43	965	222	-1	-1	0	-43	954	220	1606975039
-52	-50	0	-50	-52	0	-70	-70	-76	-76	-76	-76	-83	-70	0	0	-77	-92	-91	-90	0	-78	-92	-91	-76	0	-84	-91	-90	0	0	-90	0	-59	0	0	0	0	0	0	0	-87	0	0	0	0	0	0	0	0	0	0	0	0	0	0	0	0	0	0	0	0	0	0	0	0	0	0	-93	0	0	0	4079	-2334	2901	22927	-7698	-248	-43	965	223	-1	0	0	-43	954	220	1606975040
-53	-52	-48	-50	-52	-58	-70	0	-77	-76	-77	-77	-83	-69	0	0	0	-91	-91	-90	0	-78	-89	-91	0	0	-85	0	-92	0	0	-92	0	-59	0	0	0	0	0	0	0	-88	0	0	0	0	0	0	0	0	0	0	0	0	0	0	0	0	0	0	0	0	0	0	0	0	0	0	0	-91	0	0	4064	-2320	2916	22928	-7699	-248	-43	965	222	-1	-1	-1	-43	954	220	1606975042
-52	-53	-49	-50	-52	-59	-69	-69	-83	-76	-84	-84	-81	-69	0	0	0	-93	-94	-93	0	-77	-93	0	0	0	-85	-91	-92	0	0	-90	0	-60	0	0	0	0	0	0	0	0	0	0	0	0	0	0	0	0	0	0	0	0	0	0	0	0	0	0	0	0	0	0	0	0	0	0	0	-90	0	0	4139	-2320	2946	22927	-7698	-248	-43	966	223	-1	0	0	-43	954	220	1606975043
0	-51	0	-50	-52	0	-69	-70	-76	-76	-76	-75	-83	-69	0	0	-77	-91	-91	0	0	-78	0	-91	-77	0	-87	-92	0	0	0	-92	0	-59	0	0	0	0	0	0	0	0	0	0	0	0	0	0	0	0	0	0	0	0	0	0	0	0	0	0	0	0	0	0	0	0	0	0	-93	0	0	0	4109	-2327	2976	22927	-7697	-248	-43	965	222	-1	0	-1	-43	954	221	1606975045
0	-52	-50	-51	-53	-56	-68	0	-76	-75	-77	-76	-83	-69	0	-83	0	-91	-91	-90	0	-78	-91	-89	0	0	-85	0	0	0	0	-92	0	-59	0	0	0	0	0	0	0	0	0	0	0	0	0	0	0	0	0	0	0	0	0	0	0	0	0	0	0	0	0	0	0	0	0	0	-95	0	0	0	4049	-2334	2931	22928	-7700	-247	-43	965	222	0	0	0	-43	954	220	1606975047
-50	-51	-49	-51	-52	-59	-70	-70	-83	0	-83	-83	-79	-69	0	0	-78	-93	-93	0	0	-77	0	-94	-77	0	0	-90	-92	0	0	-91	0	-60	0	0	0	0	0	0	0	0	0	0	0	0	0	0	0	0	0	0	0	0	0	0	0	0	0	0	0	0	0	0	0	0	0	0	0	0	0	0	4049	-2364	2931	22928	-7700	-247	-43	966	223	0	0	0	-43	954	220	1606975048
-51	-52	-49	-50	-49	0	-70	-70	-77	0	-77	-78	-82	-69	0	0	0	-90	-89	-91	0	-77	-90	-91	0	0	-85	-91	-92	0	0	-93	0	-59	0	0	0	0	0	0	0	0	0	0	0	0	0	0	0	0	0	0	0	0	0	0	0	0	0	0	0	0	0	0	0	0	0	0	-94	0	0	0	4102	-2342	2916	22928	-7697	-247	-43	966	223	-1	0	0	-43	954	220	1606975050
-50	-52	-49	0	-50	-58	0	-70	-77	-75	-78	-78	-83	0	0	0	0	-89	-91	-90	0	-78	-91	-89	0	0	-87	-93	-91	0	0	-92	0	-59	0	0	0	0	0	0	0	0	0	0	0	0	0	0	0	0	0	0	-87	0	0	0	0	0	0	0	0	0	0	0	0	0	0	0	-95	0	-82	0	4011	-2319	2871	22928	-7700	-249	-43	966	223	0	0	0	-43	954	220	1606975051
-51	-49	-47	-51	-52	0	0	-68	-77	0	-77	-76	-82	0	0	-84	-77	-90	-90	-91	0	-78	-90	-90	-76	0	0	-90	-93	0	-93	0	0	-59	0	0	0	0	0	0	0	0	0	0	0	0	0	0	0	0	0	0	0	0	0	0	0	0	0	0	0	0	0	0	0	0	0	0	0	-92	0	0	4064	-2305	2916	22928	-7700	-248	-43	966	223	0	0	0	-43	954	220	1606975053
-51	-49	-46	-50	-48	-58	-68	-68	-75	0	-76	-76	-83	0	0	-85	-75	-90	-90	-91	0	-79	-91	-91	-76	0	-85	-92	0	0	0	-92	0	-59	0	0	0	0	0	0	0	0	0	0	0	0	0	0	0	0	0	0	0	0	0	-91	0	0	0	0	0	0	0	0	0	0	0	0	-94	0	0	0	4072	-2364	2871	22928	-7699	-248	-43	965	223	0	0	0	-43	954	220	1606975054
-51	-50	0	-51	-53	0	-70	-68	-77	-74	-78	-77	-83	-68	0	0	0	-90	-89	-92	0	-77	-89	-90	0	0	-87	-90	-91	0	0	-93	0	-59	0	0	0	0	0	0	0	0	0	0	0	0	0	0	0	0	0	0	0	0	0	0	0	0	0	0	0	0	0	0	0	0	0	0	-93	0	0	0	4064	-2342	2908	22927	-7698	-248	-43	966	223	0	0	0	-43	954	220	1606975056
-50	0	-46	-51	-54	-59	0	-68	-76	-74	-77	-77	-82	-69	0	0	-78	-89	-90	-89	0	-78	-90	-89	-77	0	-88	-92	-92	0	0	-92	0	-59	0	0	0	0	0	0	0	0	0	0	0	0	0	0	0	0	0	0	0	0	0	0	0	0	0	0	0	0	0	0	0	0	0	0	0	0	0	0	4064	-2379	2901	22929	-7703	-247	-43	966	222	0	0	-1	-43	954	220	1606975058
-54	-50	-46	-50	-53	-58	-68	-67	-85	-74	-84	-84	-79	-68	0	-84	0	0	0	0	0	-78	0	0	0	0	-86	-93	-91	0	0	-91	0	-60	0	0	0	0	0	0	0	0	0	0	0	0	0	0	0	0	0	0	0	0	0	0	0	0	0	0	0	0	0	0	0	0	0	0	0	0	0	0	4079	-2334	2931	22928	-7700	-247	-43	966	223	0	0	0	-43	954	220	1606975059
-51	-50	-48	0	-53	-58	0	-68	-84	0	-84	-84	-80	-67	0	-83	0	-93	-94	0	0	-77	0	0	0	0	-87	-92	-92	0	0	-93	0	-61	0	0	0	0	0	0	0	-87	0	0	0	0	0	0	0	0	0	0	0	0	0	0	-86	0	0	0	0	-84	0	0	-84	0	-89	0	0	0	0	0	4034	-2364	2871	22928	-7699	-247	-43	966	223	0	0	0	-43	954	220	1606975061
0	-49	-47	-51	-53	0	-69	-70	-78	0	-77	-78	-82	-68	0	0	-77	-92	-90	-91	0	-77	-92	-92	-77	0	-86	-92	-92	0	0	-91	0	-58	0	0	0	0	0	0	0	0	0	0	0	0	0	0	0	0	0	0	-91	0	0	0	0	0	0	0	0	0	0	0	0	0	0	0	0	0	0	0	4072	-2379	2931	22928	-7702	-248	-43	966	221	0	0	0	-43	954	220	1606975062
-51	-50	-48	-53	-53	-59	0	-69	-78	0	-78	-77	-82	0	0	0	-76	-90	-90	-89	0	-78	-91	-90	-76	0	-86	-93	-93	0	0	-91	-92	-58	0	0	0	0	0	0	0	-85	0	0	0	0	0	0	0	0	0	0	-91	0	0	0	0	0	0	0	0	0	0	0	0	0	0	0	-94	0	0	0	4064	-2320	2916	22928	-7699	-247	-43	966	223	0	0	0	-43	954	220	1606975064
-53	-52	-49	-50	-53	-59	-67	-68	-82	-75	-81	-80	-80	0	0	-83	0	-93	0	0	0	-77	0	-93	0	0	-85	-90	-92	0	0	-92	0	-60	0	0	0	0	0	0	0	0	0	-88	0	0	0	0	0	0	0	0	0	0	0	0	-83	0	0	0	0	0	0	0	0	0	0	0	0	0	0	0	4094	-2320	2871	22927	-7696	-247	-43	966	223	0	0	0	-43	954	221	1606975066
-54	-49	-47	-50	-54	-59	-70	-68	-81	-74	-83	-82	-79	-67	0	-84	0	-93	-95	0	0	-77	0	-94	0	0	-85	-91	-93	0	-91	-92	0	-60	0	0	0	0	0	0	0	0	0	0	0	0	0	0	0	0	0	0	0	0	0	0	0	0	0	0	0	0	0	0	0	0	0	0	0	-90	0	0	4064	-2334	2901	22927	-7697	-247	-43	966	222	0	0	0	-43	954	221	1606975067
0	-49	-47	-49	-53	0	-67	0	-79	-75	-78	-78	-82	-67	0	-84	0	-90	-92	-90	0	-78	-89	-90	0	0	-89	-92	-93	0	0	-91	-91	-58	0	0	0	0	0	0	0	-88	0	0	0	0	0	0	0	0	0	0	0	0	0	0	0	0	0	0	0	0	0	0	0	0	0	0	0	0	0	0	4064	-2320	2961	22928	-7699	-248	-43	966	223	0	0	0	-43	954	220	1606975069
-50	-50	-46	-50	-48	0	0	-69	-82	-74	-81	-81	-80	-67	0	0	0	-95	0	0	0	-77	0	-94	0	0	-85	-91	-91	0	0	-92	0	-61	0	0	0	0	0	0	0	0	0	0	0	0	0	0	0	0	0	0	0	0	0	0	0	0	0	0	0	0	0	0	0	0	0	0	0	0	-82	0	4064	-2372	2931	22927	-7697	-247	-43	966	223	0	0	-1	-43	954	220	1606975070
-51	-49	-47	-52	-53	0	-68	-66	-82	-74	-81	-81	-79	-66	0	0	0	0	0	0	0	-78	0	0	0	0	0	-91	0	0	0	-90	0	-60	0	0	0	0	0	0	0	0	0	0	0	0	0	0	0	0	0	0	0	0	0	0	0	0	0	0	0	0	0	0	0	0	0	0	0	0	0	0	4019	-2364	2931	22927	-7697	-247	-43	966	222	0	0	0	-43	954	221	1606975072
-53	-50	-46	0	-50	-58	0	-67	-78	0	0	-78	-83	0	0	0	0	-92	-92	-92	0	-77	-92	-90	0	0	-86	0	-92	0	0	-92	0	-59	0	0	0	0	0	0	0	0	0	0	0	0	0	0	0	0	0	0	0	0	0	0	0	0	0	0	0	0	0	0	0	0	0	0	-95	0	0	0	4041	-2334	2916	22928	-7698	-246	-43	966	223	0	0	0	-43	954	220	1606975074
-51	-54	0	0	-52	0	-67	-67	-78	0	-78	-78	-83	-67	0	-84	0	-89	-90	-91	0	-77	-91	-90	0	0	-85	-91	-91	0	0	-90	0	-59	0	0	0	0	0	0	0	0	0	0	0	0	0	0	0	0	0	0	0	0	0	0	0	0	0	0	0	0	0	0	0	0	0	0	-94	0	0	0	4079	-2365	2931	22928	-7698	-246	-43	966	223	0	0	0	-42	954	220	1606975075
-52	-50	-48	-50	-53	0	-68	-68	-82	0	-82	-82	-80	-69	0	0	-78	0	-94	0	0	-78	0	-94	-77	0	-84	-91	-92	0	0	0	0	-60	0	0	0	0	0	0	0	0	0	0	0	0	0	0	0	0	0	0	0	0	0	0	0	0	0	0	0	0	0	0	0	0	0	0	0	0	0	0	4064	-2290	2916	22927	-7697	-247	-43	966	223	0	0	-1	-43	954	221	1606975077
-50	-50	-52	0	-49	-58	0	-68	0	0	-76	-77	-82	0	0	-84	0	-92	-91	-89	0	-76	-89	-90	0	0	-88	-92	-91	0	0	-92	0	-59	-67	0	0	0	0	0	0	-86	0	0	0	0	0	0	0	0	0	0	0	0	0	0	0	0	0	0	0	-83	0	0	0	0	0	0	-95	-90	0	0	4049	-2319	2938	22928	-7699	-247	-43	966	223	0	0	0	-43	954	220	1606975078
-51	-50	-52	-50	-53	0	-67	-67	-76	0	-75	-76	-83	-68	0	-83	0	-90	-90	-90	0	0	-90	-90	0	0	-85	-90	0	0	0	-90	-92	-59	0	0	0	0	0	0	0	0	0	0	0	0	0	0	0	0	0	0	0	0	0	0	0	0	0	0	0	0	0	0	0	0	0	0	-94	0	0	0	4109	-2320	2871	22928	-7697	-246	-43	965	223	0	0	0	-43	954	220	1606975080
-49	-49	0	-51	-54	-59	-68	-69	-82	-74	-82	-82	-81	-69	0	0	0	-93	-93	0	0	-75	-93	-92	0	0	-86	-90	-93	-94	0	-92	0	-60	0	0	0	0	0	0	0	0	0	0	0	0	0	0	0	0	0	0	0	0	0	0	-84	0	0	0	0	-83	0	0	-84	0	0	0	0	0	0	0	4162	-2320	2946	22928	-7699	-248	-43	965	223	0	0	-1	-43	954	220	1606975081
-52	-49	-53	-51	-49	-58	-70	-68	-81	0	-82	-80	-81	-68	0	-85	0	-92	-93	0	0	-77	0	-93	0	0	-85	-92	-91	0	0	-92	0	-59	0	0	0	0	0	0	0	0	0	0	0	0	0	0	0	0	0	0	0	0	0	0	-85	0	0	0	0	0	0	-87	0	0	0	0	0	0	0	0	4147	-2320	2931	22928	-7699	-247	-43	966	223	0	0	0	-43	954	220	1606975083
0	-49	-55	-50	0	-58	-68	-70	-82	0	-82	-82	-81	-67	0	-84	-77	-94	-94	0	0	-77	0	-93	-77	0	-87	-92	-93	0	0	0	0	-60	0	0	0	0	0	0	0	0	0	0	0	0	0	0	0	0	0	0	0	0	0	0	-82	0	0	0	0	-84	0	-83	-84	0	0	0	0	0	0	0	4019	-2319	2916	22927	-7695	-247	-43	966	223	0	0	0	-43	954	221	1606975084
-51	-50	-54	-51	-54	-59	-67	-69	-82	0	-82	-82	-80	-68	0	-83	0	-93	-92	-90	0	-78	0	-93	0	0	-86	-92	-92	0	-91	-90	-92	-61	-67	0	0	0	0	0	0	0	0	0	0	0	0	0	0	0	0	-93	0	0	0	0	-83	0	0	0	0	-83	0	-84	-84	0	0	0	0	0	0	0	4064	-2334	2916	22927	-7695	-248	-43	966	223	0	0	-1	-43	954	221	1606975086
-51	-57	-50	-51	-54	-57	-68	-67	-81	-77	-81	-82	-80	-67	0	-84	-77	-92	-92	-93	0	-77	0	-91	0	0	-86	-92	0	0	0	-90	0	-60	0	0	0	0	0	0	0	0	0	0	0	0	0	0	0	0	0	0	0	0	0	-90	-85	0	0	0	0	-85	0	0	-83	0	0	0	0	0	0	0	4109	-2290	2916	22928	-7702	-247	-43	965	223	0	0	-1	-43	954	220	1606975088
0	-56	-51	-50	-54	0	-69	-68	-78	-76	-77	-77	-82	-67	0	-85	0	-90	-91	-92	0	-78	-91	-91	0	0	-87	-90	-91	0	0	-92	0	-59	0	0	0	0	0	0	0	0	0	0	0	0	0	0	0	0	0	0	0	0	0	0	0	0	0	0	0	0	0	0	0	0	0	0	-95	0	0	0	4079	-2320	2924	22927	-7697	-248	-43	965	223	0	0	0	-43	954	221	1606975089
-50	-49	-48	-51	-54	0	-67	-67	-80	-75	-81	-81	-80	-66	0	0	0	0	-95	0	0	-77	0	-92	0	0	-85	-92	-92	0	0	-92	0	-60	-66	0	0	0	0	0	0	0	0	0	0	0	0	0	0	0	0	0	0	0	0	0	-86	0	0	0	0	-84	0	0	-84	0	-89	0	0	0	0	0	4095	-2402	2931	22927	-7696	-247	-43	966	223	0	0	0	-43	954	221	1606975091
-49	-59	-52	-51	-53	-57	-69	-69	-78	0	-78	-78	-84	-67	0	-84	0	-92	-89	-90	0	-78	-89	-91	0	0	-86	-91	-92	0	0	-92	0	-59	0	0	0	0	0	0	0	0	0	0	0	0	0	-91	0	0	0	0	-88	0	0	0	0	0	0	0	0	0	0	0	0	0	0	0	-96	0	0	0	4019	-2282	2931	22928	-7701	-247	-43	966	223	-1	0	0	-43	954	220	1606975093
-53	-49	-51	-52	-53	-58	-68	-69	-81	0	-81	-82	-80	-68	0	0	-78	-92	-92	0	0	-76	0	-93	0	0	-87	-90	-93	0	0	0	0	-60	0	0	0	0	-92	0	0	0	0	0	0	0	0	0	0	0	0	0	0	0	0	0	-85	0	0	0	0	-86	0	0	0	0	0	0	0	0	0	0	4064	-2320	2938	22927	-7695	-247	-43	965	223	0	0	0	-43	954	221	1606975094
-50	-58	-52	-51	-54	-58	-68	0	-81	0	-82	-81	-81	0	0	0	0	-94	-93	-93	-77	-76	0	-94	0	-79	-84	-90	-91	0	0	-93	0	-59	0	0	0	0	-95	0	0	0	0	0	0	0	0	0	0	0	0	0	0	0	0	0	-84	0	0	0	0	-84	0	0	0	0	0	0	0	-88	0	0	4079	-2289	2901	22927	-7696	-247	-43	965	223	0	0	0	-43	954	221	1606975096
-51	-50	-52	0	-53	-58	0	-68	-82	-75	-82	-83	-80	-68	0	0	0	-95	-92	-92	0	-77	-92	-93	0	0	0	-92	-92	0	0	-91	0	-60	-66	0	0	0	0	0	0	0	-88	0	0	0	0	0	0	0	0	0	0	0	0	0	0	0	0	0	0	-84	0	0	0	0	0	0	0	0	0	0	4079	-2289	2901	22928	-7701	-248	-43	966	222	0	0	0	-43	954	220	1606975097
-52	-50	0	0	-53	-59	0	-68	-83	-76	-81	-84	-80	-68	0	0	0	-95	-93	0	0	-77	0	-93	0	0	-87	-91	-91	0	0	-92	0	-60	-66	0	0	0	-94	0	0	0	0	0	0	0	0	0	0	-88	0	0	0	0	0	0	-84	0	0	0	0	-83	0	-86	-86	0	0	0	0	0	0	0	4049	-2410	2939	22927	-7696	-248	-43	966	223	0	0	0	-43	954	221	1606975099
-53	-49	-52	-51	-53	-59	-68	-67	-82	-76	-81	-82	-80	-67	0	0	0	-92	0	0	0	-77	0	-93	0	0	-87	0	-91	0	0	-93	0	-60	-66	0	0	0	0	0	0	0	0	0	0	0	0	0	0	0	0	0	0	0	0	0	0	0	0	0	0	-86	0	0	-85	0	0	0	0	0	0	0	4011	-2312	2886	22927	-7696	-248	-43	965	223	-1	0	0	-43	954	221	1606975101
-54	-59	-52	0	-54	0	0	0	-76	0	-76	-77	-82	0	0	0	0	-91	-91	-90	0	-76	-89	0	0	0	-86	-91	0	0	0	-91	-92	-59	0	0	0	0	0	0	0	0	0	0	0	0	0	0	0	0	0	0	0	0	0	0	-83	0	0	0	0	-87	0	-85	-84	0	0	0	0	0	0	0	4117	-2395	2909	22928	-7700	-248	-43	966	222	0	0	0	-43	954	220	1606975102
-53	-50	0	-51	-52	-57	-68	-68	-76	0	-76	-76	-82	-68	0	0	-79	-89	-89	-88	-76	-77	-89	-89	-77	-77	-85	-90	0	0	0	-91	0	-59	0	0	0	0	0	0	0	0	0	0	0	0	0	0	0	0	0	0	0	0	0	0	0	0	0	0	0	0	0	0	0	0	0	0	-95	0	0	0	4079	-2372	2916	22927	-7696	-247	-43	966	223	0	0	-1	-43	954	221	1606975104
-52	-57	-49	-50	-54	-59	-68	-68	-82	0	0	-82	-80	-68	0	0	-77	-94	-94	0	0	-76	0	-92	0	0	-84	-91	0	0	0	-91	0	-60	0	0	0	0	-95	0	0	-85	-89	0	0	0	0	0	0	0	0	-94	0	0	0	0	-84	0	0	0	0	-84	0	0	-84	0	0	0	0	0	0	0	4034	-2320	2961	22927	-7696	-248	-43	966	223	0	0	0	-43	954	221	1606975105
-51	-52	-51	-50	-53	0	-69	-68	-77	0	-78	-78	-83	-68	0	0	0	-90	-90	-91	0	0	-89	-90	0	0	-86	-90	-92	0	0	-93	0	-59	0	0	0	0	0	0	0	0	0	0	-85	0	0	0	0	0	0	-91	0	0	0	0	-85	0	0	0	0	-83	0	0	-83	0	0	0	0	0	0	0	4064	-2334	2901	22928	-7702	-248	-43	965	222	0	0	0	-43	954	220	1606975107
-49	-53	-55	-51	-54	0	-68	-67	-83	-75	-83	-83	-80	-68	0	-84	0	-92	-93	-92	0	-78	0	-94	0	0	-87	-92	-90	0	0	0	0	-59	-66	0	0	0	-96	0	0	0	0	0	0	0	0	0	0	0	0	0	0	0	0	0	-84	0	0	0	0	-83	0	-83	-83	0	0	0	0	0	0	0	4049	-2395	2961	22927	-7696	-248	-43	966	223	0	0	0	-43	954	221	1606975109
-49	-54	0	-51	-53	-57	-69	-68	-79	-75	-79	-79	-84	-69	0	-84	0	-90	-91	-91	0	-78	-93	-92	0	0	-88	-91	-92	0	0	-93	0	-60	-67	0	0	0	0	0	0	0	0	0	0	0	-90	0	0	0	0	0	0	0	0	0	-84	0	0	0	0	-82	0	-84	-84	0	0	0	-93	0	0	0	4049	-2364	2924	22927	-7696	-248	-43	965	223	0	0	0	-43	954	221	1606975110
-50	-55	-50	-50	-53	-59	-70	-69	-81	-75	-81	-82	-81	-70	0	-85	0	-94	-93	0	0	0	0	-94	0	0	-86	0	-92	0	0	-93	0	-59	0	0	0	0	0	0	0	0	0	0	0	0	0	0	0	0	-90	-91	0	0	0	0	0	0	0	0	0	-85	0	-85	0	0	0	0	0	0	0	0	4019	-2364	2931	22927	-7697	-248	-43	966	223	0	0	0	-43	954	221	1606975112
-51	-57	-49	-51	-53	-59	-68	-68	-81	-78	-81	-82	-80	-68	0	-84	0	-92	-93	0	0	-76	0	-93	0	0	-87	-90	0	0	0	-91	0	-60	-67	0	0	0	-94	0	0	0	0	0	0	0	0	-92	0	0	0	-90	0	0	0	0	-82	0	0	0	0	-82	0	-82	-84	0	0	0	0	0	0	0	4049	-2304	2916	22927	-7697	-248	-43	966	223	0	0	0	-43	954	220	1606975113
-48	-51	-51	-51	-54	-59	-68	-68	-81	-74	-82	-81	-80	-68	0	-84	0	-92	0	0	0	-77	0	-92	0	0	-86	-92	-92	0	0	-94	0	-60	-67	0	0	0	0	0	0	0	-90	0	0	0	0	0	0	0	0	-89	0	0	0	0	-83	0	0	0	0	-83	0	-83	-83	0	0	0	0	0	0	0	4004	-2312	2916	22927	-7696	-247	-43	965	223	0	0	0	-43	954	221	1606975115
-53	-51	-51	-51	-55	-58	-67	-68	-81	-76	-81	-82	-80	-68	0	-83	0	-93	0	0	0	-77	0	-92	0	0	-87	-92	-93	0	0	-92	-92	-61	-68	0	0	0	0	0	0	0	0	0	0	0	0	0	0	0	0	0	0	0	0	0	-81	0	0	0	0	-85	0	-84	-84	0	0	0	0	-90	0	0	4041	-2274	2931	22928	-7700	-247	-43	966	222	0	0	0	-43	954	220	1606975116
0	-59	-51	-51	-54	0	-68	-68	-78	0	-79	-79	-81	-68	0	0	0	-91	-91	-93	0	-76	-91	-91	0	0	-87	-92	0	0	0	-92	0	-60	0	0	0	0	0	0	0	-87	-88	0	0	0	0	0	0	0	0	0	0	0	0	0	-84	0	0	0	0	-83	0	-84	-84	0	0	0	0	0	0	0	4079	-2320	2916	22928	-7697	-246	-43	965	223	0	0	0	-43	954	220	1606975118
-54	-59	-49	-50	-53	0	-68	-68	-81	0	-82	-81	-81	-68	0	0	-75	-94	-92	0	0	-76	0	-92	-75	0	-85	0	-90	0	0	-91	0	-60	0	0	0	0	0	0	0	0	-89	0	0	0	0	0	0	0	0	-92	0	0	0	0	-85	0	0	0	0	-85	0	-86	-84	0	0	0	0	0	0	0	4049	-2334	2931	22927	-7695	-248	-43	965	223	0	0	0	-43	954	221	1606975120
0	-59	-50	-50	0	-57	-68	-68	-78	0	-78	-78	-82	-68	0	0	-75	-93	-91	-92	-75	-75	-92	-92	-74	-75	0	-90	-92	0	0	-92	0	-58	0	0	0	0	0	0	0	-89	0	0	0	0	0	0	0	0	0	0	0	0	0	0	-82	0	0	0	0	0	0	0	0	0	0	0	-96	0	0	0	4079	-2289	2901	22927	-7696	-247	-43	965	222	0	0	0	-43	954	221	1606975121
-54	-58	-51	-51	-54	-59	0	-67	-80	-76	-80	-80	-80	-68	0	-83	-75	-95	-92	0	0	-74	0	-94	-74	0	-86	-91	-91	0	0	-91	0	-60	0	0	0	0	0	0	0	0	0	-89	0	0	0	0	0	0	0	0	0	0	0	0	-85	0	0	0	0	-85	0	-85	0	0	0	0	0	0	0	0	4079	-2290	2946	22927	-7697	-248	-43	965	223	0	0	0	-43	954	220	1606975123
-49	-51	-49	-51	-53	0	-67	-68	-79	-76	-79	-78	-82	-68	0	-84	0	0	-92	-92	0	-76	0	-91	0	0	-87	-93	-90	0	0	-90	0	-59	0	0	0	0	0	0	0	-88	-90	0	0	0	0	0	0	0	0	0	0	0	0	0	0	0	0	0	0	0	0	0	0	0	0	0	0	0	0	0	4064	-2335	2946	22927	-7696	-248	-43	965	223	0	0	0	-43	954	221	1606975124
0	-58	-49	-50	-54	0	-68	-69	-83	-77	-81	-81	-80	-68	0	-83	-74	-95	-92	0	0	-74	0	-93	-75	0	-86	-91	-91	0	0	-92	0	-60	0	0	0	0	0	0	0	-87	0	0	0	0	0	0	0	0	0	0	0	0	0	0	0	0	0	0	0	0	0	0	0	0	0	0	0	0	0	0	4019	-2334	2931	22927	-7694	-248	-43	966	223	0	0	0	-43	954	221	1606975126
-48	-50	-49	-50	-54	0	-68	-68	-82	-76	-82	-82	-81	0	0	0	0	-92	-96	0	0	0	0	-93	0	0	-87	-91	-92	0	0	-92	0	-60	-67	0	0	0	-93	0	0	-87	0	0	0	0	0	0	0	0	0	0	0	0	0	0	-84	0	0	0	0	-82	0	0	0	0	0	0	0	0	0	0	4064	-2365	2961	22928	-7699	-247	-43	966	223	0	-1	0	-43	954	220	1606975128
-52	-50	0	-50	-54	0	-68	-68	-81	-76	-80	-81	-80	-67	0	-84	0	-95	0	0	0	-74	0	-93	0	0	-85	-92	-90	0	0	-92	0	-59	0	0	0	0	-95	0	0	-85	0	0	0	0	0	0	0	0	0	0	0	0	0	0	-84	0	0	0	0	-83	0	0	0	0	0	0	0	0	0	0	3959	-2364	2931	22927	-7694	-248	-43	966	223	0	0	0	-43	954	221	1606975129
-53	-57	-48	-50	-53	0	-68	-68	-80	0	-80	-80	-80	-69	0	0	0	-93	-92	0	0	-76	0	-93	0	0	-87	-91	-92	0	0	-92	0	-60	0	0	0	0	-94	0	0	-87	0	0	0	0	0	0	0	0	0	0	0	0	0	0	0	0	0	0	0	0	0	0	0	0	0	0	0	0	0	0	4057	-2334	2931	22927	-7694	-247	-43	966	223	0	0	0	-43	954	221	1606975131
-53	-49	-51	-51	-54	0	-68	0	-82	-75	-83	-82	-81	0	0	0	0	-96	-93	0	0	-78	0	0	0	0	0	-91	0	0	0	-94	0	-59	0	0	0	0	-96	0	0	-86	0	0	0	0	0	0	0	0	0	0	0	0	0	0	0	0	0	0	0	0	0	0	0	0	0	0	0	0	0	0	4109	-2320	2961	22928	-7698	-247	-44	966	222	0	0	0	-43	954	220	1606975132
-52	-49	-50	-52	-52	-58	-67	-68	-79	0	-78	-79	-83	-69	0	-84	0	-90	-90	-90	0	-78	-91	-90	0	0	-86	-92	-92	0	0	-92	0	-59	0	0	0	0	0	0	0	-87	0	0	0	0	0	0	0	0	0	0	0	0	0	0	0	0	0	0	0	0	0	0	0	0	0	0	0	0	0	0	4064	-2334	2864	22927	-7695	-247	-43	966	223	0	0	0	-43	954	221	1606975134
-49	-49	-50	-51	-53	-59	-68	-68	-82	0	-82	-83	-80	-68	0	0	0	-95	-93	0	0	-77	0	-93	0	0	-86	0	-91	0	0	-92	0	-60	0	0	0	0	-93	0	0	0	0	0	0	0	0	0	0	0	0	0	0	0	0	0	0	0	0	0	0	0	0	0	0	0	0	0	0	0	0	0	4049	-2350	2946	22927	-7694	-248	-43	966	223	0	-1	0	-43	954	221	1606975135
-50	-50	-49	-51	-53	-56	-68	-66	-80	0	-80	-78	-83	-68	0	-82	-77	-90	-91	-92	0	-77	-92	-91	-77	0	-87	-93	-92	0	0	-91	0	-59	0	0	0	0	0	0	0	0	0	0	0	0	0	0	0	0	0	-93	0	0	0	-87	0	0	-73	0	0	0	0	-83	0	0	0	0	-94	0	0	0	4079	-2305	2931	22928	-7698	-247	-43	966	223	0	0	0	-43	954	220	1606975137
-50	-55	-49	-50	-53	-59	-67	-67	-82	-74	-81	-82	-81	-68	0	-81	-78	0	-92	0	0	-78	0	-92	-76	0	-91	-92	-92	0	0	-91	0	-60	0	0	0	0	-95	0	0	0	0	0	-84	0	0	0	0	0	0	0	0	0	0	0	0	0	0	0	0	0	0	0	0	0	0	0	0	0	0	0	4079	-2305	2916	22926	-7693	-248	-43	966	224	0	0	0	-43	954	221	1606975139
-52	-50	0	-51	-54	0	-68	-68	-79	-76	-80	-79	-83	-67	0	0	0	-91	-91	-92	0	-77	-92	-93	0	0	-86	-91	-93	0	0	-91	0	-58	0	0	0	0	0	0	0	0	0	0	0	0	0	0	0	0	0	0	0	0	0	0	0	0	0	0	0	0	0	0	0	0	0	0	-92	0	0	0	4139	-2305	2901	22926	-7694	-248	-44	966	224	0	0	0	-43	954	221	1606975140
-50	-57	-49	-51	-53	0	-67	-68	-82	0	-82	-82	-80	-67	0	-83	0	-93	-93	0	0	-78	0	-92	0	0	-86	0	0	0	0	-92	0	-60	0	0	0	0	0	0	0	0	0	0	0	0	0	0	0	0	0	0	0	0	0	0	0	0	0	0	0	0	0	0	0	0	0	0	0	0	0	0	3973	-2304	2901	22927	-7696	-248	-43	966	224	0	0	0	-43	954	221	1606975142
-50	0	-50	0	-54	0	0	0	-82	-74	-82	-81	-81	-67	0	-83	-76	-93	-93	0	0	-76	0	-93	0	0	-86	-92	-90	0	0	-92	0	-60	0	0	0	0	0	0	0	0	0	0	-85	-84	0	0	0	0	0	0	0	0	0	0	0	0	0	0	0	0	0	0	0	0	0	0	0	-90	0	0	4079	-2312	2916	22927	-7694	-248	-43	965	224	0	0	0	-43	954	221	1606975144
-49	-51	-53	-51	-53	-57	0	-67	-79	0	-79	-78	-82	0	0	-84	0	-91	-90	-92	0	-74	-91	-90	0	0	-85	-93	-94	0	0	-92	0	-58	0	0	0	0	0	0	0	0	0	0	0	0	0	0	0	0	0	0	0	0	0	0	0	0	0	0	0	0	0	0	0	0	0	0	-93	0	0	0	4056	-2319	2916	22926	-7694	-249	-43	965	223	0	0	-1	-43	954	221	1606975145
-49	-57	-53	-50	-54	-60	-67	-66	-83	0	-82	-82	-80	-67	0	-82	0	-93	-93	0	0	-75	0	-93	0	0	-86	-91	-92	0	0	-91	0	-59	0	0	0	0	-94	0	0	0	0	0	0	0	0	0	0	0	0	0	0	0	0	0	0	0	0	0	0	0	0	0	0	0	0	0	0	0	0	0	4019	-2334	2931	22927	-7697	-249	-43	966	222	0	0	-1	-43	954	220	1606975147
-49	-56	-49	-51	-54	-59	-68	-68	-81	-77	-82	-81	-80	-68	0	-83	-75	0	-92	0	0	-75	0	-93	-75	0	-87	0	-93	0	0	-93	0	-61	0	0	0	0	0	0	0	-87	0	0	0	0	0	0	0	0	0	0	0	0	0	0	0	0	0	0	0	0	0	0	0	0	0	0	0	0	0	0	4049	-2289	2908	22926	-7693	-248	-43	966	224	0	0	0	-43	954	221	1606975148
0	-51	-51	-50	0	0	-68	-67	-81	-75	-80	-79	-82	-67	0	0	-75	-91	-92	-92	0	-74	-91	-91	-75	0	-87	-92	-93	0	0	-93	-92	-59	0	0	0	0	0	0	0	0	0	0	0	0	0	0	0	0	0	0	0	0	0	0	0	0	0	0	0	0	0	0	0	0	0	0	-93	-93	0	0	4094	-2365	2886	22927	-7694	-248	-43	966	223	0	0	0	-43	954	221	1606975150
-48	-55	-52	-51	-54	0	-67	-67	-82	-77	-81	-81	-80	-66	0	0	-74	-93	-94	0	0	-76	0	-91	0	0	0	-91	0	0	0	-91	0	-60	0	0	0	0	-95	0	0	0	0	0	0	0	0	0	0	0	0	0	0	0	0	0	0	0	0	0	0	0	0	0	0	0	0	0	0	0	0	0	4109	-2290	2931	22927	-7696	-248	-43	966	222	0	0	0	-43	954	221	1606975152
0	-59	-51	-51	-54	-58	-66	-67	-78	0	-78	-78	-84	-67	0	-82	0	-91	-91	-89	0	-75	-90	-91	0	0	-88	-92	-92	0	0	-93	0	-58	0	0	0	0	0	0	0	-86	-87	0	0	0	0	0	0	0	0	0	0	0	0	0	0	0	0	0	0	0	0	0	0	0	0	0	0	0	0	0	4079	-2289	2886	22927	-7695	-249	-43	965	223	0	0	-1	-43	954	221	1606975153
-53	-50	-52	-51	-49	-59	0	-69	-83	0	-84	-81	-81	-68	0	-85	-75	-92	-92	0	0	-75	0	-93	-74	0	-85	-91	-93	0	0	-91	0	-60	0	0	0	0	0	0	0	0	0	0	0	0	0	0	0	0	0	0	0	-91	0	0	0	0	0	0	0	0	0	0	0	0	0	0	0	-92	0	0	4064	-2312	2916	22927	-7694	-248	-43	966	223	0	0	0	-43	954	221	1606975155
-54	-50	0	-51	-52	-58	-67	-68	-85	-75	-84	-84	-79	-68	-83	-82	0	0	-95	0	0	0	0	0	0	0	-88	-91	0	0	0	-91	0	-60	-67	0	0	0	0	0	0	0	0	0	0	0	0	0	0	0	0	0	0	0	0	0	-83	0	0	0	0	-82	0	-84	0	0	0	0	0	0	0	0	4049	-2289	2871	22928	-7700	-247	-43	966	222	0	0	0	-43	954	220	1606975156
-51	-51	0	-51	-53	-59	-69	-68	-85	-77	-85	-84	-79	-68	0	0	-75	0	-94	0	0	-74	0	-95	0	0	-89	-91	-91	0	0	-93	0	-59	0	0	0	0	-94	0	0	0	0	-89	0	0	0	0	0	0	0	0	0	0	0	0	0	0	0	0	0	0	0	0	0	0	0	0	0	0	0	0	4064	-2304	2879	22927	-7695	-248	-43	966	223	0	0	0	-43	954	221	1606975158
-51	-57	-50	-51	-53	0	0	-67	-78	-75	-78	-77	-83	-67	0	-84	0	-89	-91	-90	0	-76	-90	-91	0	0	-86	0	-92	0	0	-94	0	-59	0	0	0	0	0	0	0	-84	0	0	0	0	-90	0	0	0	0	0	-89	0	0	0	0	0	0	0	0	0	0	0	0	0	0	0	-94	0	0	0	4064	-2327	2901	22927	-7696	-248	-43	966	223	0	0	0	-43	954	221	1606975159
0	-52	0	-51	-53	-56	-68	0	-77	0	-77	-77	-83	-67	0	0	-77	-91	-90	-92	0	-76	-91	-90	0	0	-87	-92	0	0	0	0	0	-60	0	0	0	0	0	0	0	0	0	0	0	0	0	0	0	0	0	0	0	0	0	0	0	0	0	0	0	0	0	0	0	0	0	0	-96	0	0	0	4079	-2304	2893	22928	-7700	-248	-43	966	221	0	0	0	-43	954	220	1606975161
-53	-57	-50	-51	-50	0	-68	-67	-77	-75	-77	-77	-83	-68	0	0	0	-92	-91	0	0	-76	-91	-91	0	0	-87	-92	-90	0	0	-92	0	-59	0	0	0	0	0	0	0	0	0	0	0	0	0	0	0	0	0	0	0	0	0	0	0	0	0	0	0	0	0	0	0	0	0	0	-96	0	0	0	4109	-2335	2946	22927	-7697	-248	-43	966	223	0	0	0	-43	954	221	1606975162
-53	-50	-50	-51	-53	-58	-68	-68	-77	-76	-77	-77	-84	-67	-84	0	0	-93	-90	-91	0	-77	-91	-93	0	0	-88	-92	-90	0	0	-91	0	-59	0	0	0	0	0	0	0	0	0	0	0	0	0	0	0	0	0	0	0	0	0	0	0	0	0	0	0	0	0	0	0	0	0	0	-96	0	0	0	4079	-2327	2931	22927	-7695	-248	-43	965	223	0	0	0	-43	954	221	1606975164
-53	-52	-50	-51	-52	-59	-69	-68	-82	0	-83	-83	-80	-68	0	0	0	-94	-93	0	0	0	0	-93	0	0	-86	-92	0	0	0	-93	0	-58	0	0	0	0	0	0	0	0	0	0	0	0	-89	0	0	0	0	0	0	0	0	0	0	0	0	0	0	0	0	0	0	0	0	0	0	0	0	0	4064	-2305	2931	22927	-7696	-248	-43	966	223	0	0	-1	-43	954	221	1606975166
-54	-56	-50	-52	-52	0	-66	-68	-79	0	-79	-80	-83	-66	0	0	-77	-91	-91	-91	0	-77	-92	-92	0	0	-86	-91	0	0	0	0	0	-59	0	0	0	0	0	0	0	0	0	0	0	0	0	0	0	0	0	0	0	0	0	0	0	0	0	0	0	0	0	0	0	0	0	0	-95	0	0	0	4064	-2297	2856	22928	-7699	-248	-43	966	223	0	-1	0	-43	954	220	1606975167
-54	-55	-51	0	-53	-57	0	0	-78	-75	-79	-78	-83	0	0	-84	0	-91	-91	-93	0	-77	-90	-91	0	0	-87	-92	-93	0	0	-91	0	-59	0	0	0	0	0	0	0	-89	0	0	0	0	0	0	0	0	0	0	0	0	0	0	-83	0	0	0	0	-83	0	-83	-84	0	0	0	0	0	0	0	4109	-2312	2871	22927	-7696	-248	-44	966	223	0	0	0	-43	954	221	1606975169
-51	-56	-50	0	-54	-59	-66	-67	-83	-75	-83	-83	-80	-67	0	-82	0	-92	-94	-92	0	-77	0	-93	0	0	-85	-92	-93	0	0	-90	0	-60	-66	0	0	0	0	0	0	0	0	0	0	0	0	0	0	0	0	0	0	0	0	0	0	0	0	0	0	-85	0	0	-82	0	0	0	0	0	0	0	4079	-2379	2916	22927	-7695	-248	-43	966	223	0	0	0	-43	954	221	1606975170
-48	-56	-50	-52	-53	0	-68	0	-79	-76	-79	-78	-82	-68	0	0	0	-92	-90	-91	0	-76	-91	-93	0	0	-88	0	-91	0	0	-91	0	-59	0	0	0	0	0	0	0	0	0	0	0	0	0	0	0	0	0	0	0	0	0	0	0	0	0	0	0	0	0	0	0	0	0	0	-93	-91	-85	0	4109	-2335	2916	22928	-7701	-248	-43	965	222	0	-1	0	-43	954	220	1606975172
-54	-59	-49	-52	-53	-58	-68	-69	-78	0	-78	-78	-82	-68	0	-83	-78	-91	-91	0	0	-78	-91	-92	0	0	-87	-93	-92	0	0	-95	0	-58	0	0	0	0	0	0	0	0	0	0	0	0	0	0	0	0	0	0	0	0	0	0	0	0	0	0	0	0	0	0	0	0	0	0	-93	0	0	0	4079	-2365	2916	22927	-7696	-248	-43	966	223	0	0	0	-43	954	221	1606975173
-51	-51	0	-52	-53	0	-69	0	-84	0	-84	-84	-79	-70	-81	0	-77	-95	-93	0	0	-77	-96	-92	0	0	-88	-90	0	0	0	0	0	-61	0	0	0	0	0	0	0	0	0	0	0	0	-90	0	0	0	0	0	0	0	0	-89	0	0	0	0	0	0	0	0	0	0	0	0	0	0	0	0	4042	-2364	2931	22928	-7697	-247	-43	966	223	0	0	0	-43	954	220	1606975175
0	-58	-50	-51	-54	-57	-70	-69	-79	-75	-78	-79	-82	-70	0	0	0	-91	-90	-90	0	-76	-90	-90	0	0	-87	-92	0	0	0	0	0	-59	0	0	0	0	0	0	0	0	0	0	0	0	-89	0	0	0	-90	0	0	0	0	0	0	0	0	0	0	0	0	0	0	0	0	0	-95	0	0	0	4079	-2365	2946	22928	-7699	-248	-43	966	222	0	0	0	-43	954	220	1606975177
-51	-51	0	-51	-53	0	-67	-70	-78	-77	-78	-79	-82	-67	0	-82	-76	-91	-90	-91	0	-77	-92	-90	0	0	-87	-91	-91	0	0	-92	0	-59	0	0	0	0	0	0	0	0	0	0	0	0	0	0	0	0	0	0	0	0	0	-91	0	0	0	0	0	0	0	0	0	0	0	0	0	0	0	0	4155	-2380	2931	22927	-7696	-247	-44	966	223	0	0	0	-43	954	221	1606975178
-49	-52	-50	-51	-53	0	-68	-67	-84	-77	-85	-84	-80	0	0	-82	0	-94	0	0	0	-77	-94	-92	0	0	-86	-92	0	0	0	-90	0	-60	-67	0	0	0	-94	0	0	-87	0	0	0	0	-89	0	0	0	-90	0	-86	0	0	0	-83	0	0	0	0	-82	0	0	-84	0	0	0	0	0	0	0	4079	-2334	2856	22927	-7695	-248	-43	966	223	0	0	0	-43	954	221	1606975180
-53	-51	-49	-50	-53	0	-70	-68	-84	-77	-83	-83	-81	0	0	0	0	-95	-92	-92	0	-77	0	-94	0	0	-89	-89	0	0	0	-91	0	-60	-66	0	0	0	-94	0	0	-86	0	0	0	0	0	0	0	0	0	-92	0	0	0	0	-81	0	0	0	0	-80	0	-82	-83	0	0	0	0	0	0	0	4049	-2334	2946	22927	-7695	-248	-43	965	223	0	0	-1	-43	954	221	1606975181
-50	-52	-49	-50	-54	0	-69	-70	-83	0	-83	-83	-80	-69	0	-84	0	0	-91	-93	0	-77	0	-93	0	0	-84	-91	-91	0	0	-91	0	-59	0	0	0	0	-93	0	0	-88	0	-89	0	0	0	0	0	0	0	0	0	0	0	0	-83	0	0	0	0	-84	0	-84	-81	0	0	0	0	0	0	0	4049	-2334	2946	22927	-7696	-248	-43	965	223	0	0	-1	-43	954	221	1606975183
-53	-50	-48	-53	-54	0	-70	-69	-86	0	-86	-85	-80	-68	0	-83	0	-94	-94	0	0	-78	0	-92	0	0	-85	0	-93	0	0	-90	0	-59	-66	0	0	0	-94	0	0	-87	0	0	0	0	0	0	0	0	-93	0	0	0	0	0	0	0	0	0	0	0	0	-82	0	0	0	0	0	0	0	0	4049	-2372	2916	22927	-7695	-248	-43	965	223	0	0	0	-43	954	221	1606975185
-49	0	-44	-52	-53	-57	0	-69	-76	-75	-78	-77	-84	-70	0	-82	0	-92	-89	-89	0	-76	-92	-89	0	0	-86	-94	-92	0	0	0	0	-59	0	0	0	0	0	0	0	0	0	0	-86	0	0	0	0	0	0	0	0	0	0	0	-85	0	0	0	0	-83	0	0	-83	0	0	0	-94	0	0	0	4079	-2327	2931	22927	-7696	-248	-43	966	222	0	0	0	-43	954	221	1606975186
-48	-51	-45	-51	-53	0	-70	-70	-78	-76	-78	-79	-85	-71	-82	-83	0	-90	-90	-90	0	-83	-91	-90	0	0	-86	0	-92	0	0	0	0	-58	0	0	0	0	0	0	0	-85	0	0	0	0	0	0	0	0	0	0	-86	0	0	0	0	0	0	0	0	0	0	0	0	0	0	0	0	0	0	0	4154	-2365	2879	22928	-7698	-248	-43	966	223	0	0	0	-43	954	220	1606975188
-48	-57	-44	-49	-58	0	0	-74	-85	-75	-86	-84	-82	-72	0	-82	0	-93	-93	-94	0	-87	0	-97	0	0	-87	-92	-92	0	0	-91	0	-60	-66	0	0	0	0	0	0	-87	0	0	0	0	0	0	0	0	0	-94	-88	0	0	0	-81	0	0	0	0	0	0	0	-82	0	0	0	0	0	0	0	4004	-2364	2879	22927	-7695	-247	-43	965	223	-1	-1	0	-43	954	221	1606975189
