-59	0	-53	0	-59	-61	-72	-74	-77	-75	-75	-77	-80	-72	0	0	0	-85	-84	-86	0	-86	-84	-84	0	0	-87	-91	-90	0	0	-90	-92	-61	0	-91	-91	-91	-91	-91	-92	-91	0	0	0	0	0	0	0	0	0	0	0	0	0	0	0	0	0	0	0	0	0	0	0	0	0	0	0	-95	0	0	0	0	0	0	0	0	0	0	0	-60	0	0	0	0	0	0	0	0	0	0	0	0	0	0	0	0	0	0	0	0	0	0	0	0	0	0	0	0	0	0	0	3647	-2997	3664	22018	-7773	-218	-43	971	204	0	0	0	-38	957	208	1606974583
-56	-50	-51	0	-59	-61	-73	-74	-75	0	-76	-77	-80	-74	-75	0	0	-84	-85	-84	0	0	-85	-84	0	0	0	-91	-90	0	-91	-90	0	-61	-67	-90	-90	-90	0	-92	-89	-90	0	0	0	0	0	0	0	0	0	0	0	0	0	0	0	0	0	0	0	0	0	0	0	0	0	0	0	0	0	0	0	0	0	0	0	0	0	0	0	-66	0	0	0	0	0	0	0	0	0	0	0	0	0	0	0	0	0	0	0	0	0	0	0	0	0	0	0	0	0	0	0	3647	-2861	3634	22018	-7778	-220	-38	970	212	0	0	0	-38	957	207	1606974585
-56	-47	-46	0	0	-56	0	0	-67	-73	-68	-68	-72	0	0	0	0	-77	-77	-77	0	0	-76	-77	0	0	-88	0	0	0	0	0	0	-55	0	0	-93	-93	-93	-92	-93	0	0	0	0	0	0	0	0	0	0	0	0	0	-95	0	0	0	0	0	0	0	0	0	0	0	0	0	0	0	0	0	0	0	0	0	0	0	0	0	0	-59	0	0	0	0	0	0	0	0	0	0	0	0	0	0	0	0	0	0	0	0	0	0	0	0	0	0	0	0	0	0	0	3647	-2959	3649	22016	-7768	-220	-39	971	212	0	0	-1	-38	957	209	1606974586
-55	0	-54	-61	0	-56	-75	-71	-68	-71	-68	-68	-72	-71	0	0	0	-78	-77	-77	0	-87	-77	-77	0	0	-85	0	0	0	0	0	0	-55	0	0	-92	-94	-89	-92	0	0	-88	0	0	0	0	0	0	0	-90	0	0	0	0	0	0	0	0	0	0	0	0	0	0	0	0	0	-94	0	0	0	0	0	0	0	0	0	0	0	0	-63	0	0	0	0	0	0	0	0	0	0	0	0	0	0	0	0	0	0	0	0	0	0	0	0	0	0	0	0	-93	0	0	3632	-2936	3649	22015	-7762	-219	-38	970	213	0	0	0	-38	957	210	1606974588
-54	-50	-52	-64	0	0	-79	-71	-68	0	-68	-68	-75	-78	0	0	0	-78	-78	-78	0	0	-78	-79	0	0	-85	-92	0	0	0	0	0	-53	0	-93	-91	-92	-91	-93	-94	0	0	0	0	0	0	0	0	0	0	0	0	0	0	0	0	0	0	0	0	0	0	0	0	0	0	0	0	0	0	0	0	0	0	0	0	0	0	0	0	0	0	0	0	0	0	0	0	0	0	0	0	0	0	0	0	0	0	0	0	0	0	0	0	0	0	0	0	0	-94	0	0	3601	-2876	3619	22014	-7759	-219	-37	969	213	0	0	0	-38	957	210	1606974589
0	-49	-50	-64	0	-54	-76	-72	-67	-72	-67	-67	-74	-71	0	0	0	-77	-77	-77	0	0	-78	-78	0	0	-89	-92	-94	0	0	0	0	-55	0	-94	-94	-93	-94	-93	-94	0	-86	0	0	0	0	0	0	0	0	0	0	0	-94	0	0	0	0	0	0	0	-95	0	0	0	0	0	0	0	0	0	0	0	0	0	0	0	0	0	0	-66	0	0	0	0	0	0	0	0	0	0	0	0	0	0	0	0	0	0	0	0	0	0	0	0	0	0	0	0	0	0	0	3602	-2921	3701	22013	-7753	-219	-38	971	214	-1	-1	-1	-38	956	211	1606974591
0	-49	-51	-60	-66	-55	-78	-79	-68	0	-68	0	-74	-70	-78	0	0	-77	-77	-78	0	0	-77	-77	0	0	-85	0	0	0	0	0	0	-55	0	0	-93	-92	-94	-94	0	0	-86	-88	0	0	-87	0	0	0	-90	0	0	0	0	0	0	0	0	0	0	0	0	0	0	0	0	0	0	0	0	0	0	0	0	0	0	0	0	0	0	-69	0	0	0	0	0	0	0	0	0	0	0	0	0	0	0	0	0	0	0	0	0	0	0	0	0	0	0	0	-92	0	0	3662	-2937	3664	22013	-7754	-218	-39	969	213	-1	-1	-1	-38	956	211	1606974592
-49	-50	-51	-60	-66	-56	-73	-74	-69	-72	-68	-69	-74	-74	0	0	0	-78	-78	-78	0	0	-79	-79	0	0	-85	0	-93	0	0	0	0	-54	0	-94	-92	-94	0	-93	0	0	-86	0	0	0	0	0	0	0	0	0	0	0	0	0	0	0	-77	0	0	0	-94	0	0	0	0	0	0	0	0	0	0	0	0	0	0	0	0	0	0	0	0	0	0	0	0	0	0	0	0	0	0	0	0	0	0	0	0	0	0	0	0	0	0	0	0	0	0	0	0	0	0	3647	-2921	3679	22013	-7752	-217	-37	971	214	-1	-1	-1	-38	956	211	1606974594
-48	-49	-48	-60	0	-60	-75	-73	-77	-72	-76	-76	-81	-73	0	0	-85	-85	-85	-85	0	0	-85	-85	0	-87	-84	0	0	0	0	-93	0	-62	0	-90	-90	-90	-90	-92	-91	0	-87	-87	0	0	0	0	0	0	0	0	0	0	0	0	0	0	0	0	0	0	0	0	0	0	0	0	0	0	0	0	0	0	0	0	0	0	0	0	0	-66	0	0	0	0	0	0	0	0	0	0	0	0	0	0	0	0	0	0	0	0	0	0	0	0	0	0	0	0	0	0	0	3632	-2997	3664	22012	-7749	-218	-38	971	214	-1	-1	-1	-38	956	212	1606974596
0	-49	-49	-62	0	0	-71	-70	-67	-72	-67	-67	-74	-72	0	0	0	-77	-78	-77	0	0	-78	-77	0	0	-83	0	0	0	0	0	0	-55	0	0	-93	-96	-91	-93	0	0	0	0	0	0	0	0	0	0	0	0	0	0	0	0	0	0	0	0	0	0	0	0	0	0	0	0	0	0	0	0	0	0	0	0	0	0	0	0	0	-66	0	0	0	0	0	0	0	0	0	0	0	0	0	0	0	0	0	0	0	0	0	0	0	0	0	0	0	0	0	0	0	3632	-2921	3663	22012	-7748	-219	-38	970	212	-1	-1	-1	-38	956	212	1606974597
-53	-48	-50	-62	-66	-61	-77	-77	-76	0	-77	-77	-79	-76	0	0	0	-84	-83	-84	0	0	-84	-84	0	0	-85	0	-92	0	0	0	0	-63	-58	-90	-90	-89	-90	-92	-90	0	-84	0	0	0	0	0	0	0	0	0	0	0	0	0	0	0	0	0	0	0	0	0	0	0	0	0	0	0	0	0	0	0	0	0	0	0	0	0	0	-59	0	0	0	0	0	0	0	0	0	0	0	0	0	0	0	0	0	0	0	0	0	0	0	0	0	0	0	0	0	0	0	3602	-2936	3679	22012	-7749	-217	-39	970	214	-1	-1	0	-38	956	212	1606974599
0	-50	-51	-61	-65	-60	-72	-72	-78	0	-77	-76	-80	-76	0	0	0	-84	-84	-83	0	0	-84	-84	0	0	-85	-92	-94	0	0	-94	0	-61	0	-91	-90	-90	-90	-90	-92	0	0	0	0	0	-87	0	0	-87	-88	0	-89	0	0	0	-87	0	0	0	0	-90	0	0	0	0	0	0	0	0	0	0	0	0	0	0	0	0	0	0	0	-67	0	0	0	0	0	0	0	0	0	0	0	0	0	0	0	0	0	0	0	0	0	0	0	0	0	0	0	0	0	0	0	3602	-2936	3686	22013	-7749	-217	-39	969	213	-1	-1	-1	-38	956	212	1606974600
-53	-51	0	-63	-65	-56	-71	-77	-68	0	-67	-69	-73	-77	0	0	0	-77	-77	-78	0	0	-77	-78	0	0	-85	0	0	0	0	0	0	-55	-59	0	0	0	-92	-94	0	0	0	0	0	0	0	0	0	0	0	0	0	0	0	0	0	0	0	-95	0	0	0	0	0	0	0	0	-93	0	0	0	0	0	0	0	0	0	0	0	0	-61	0	0	0	0	0	0	0	0	0	0	0	0	0	0	0	0	0	0	0	0	0	0	0	0	0	0	0	0	0	0	0	3647	-2997	3619	22012	-7748	-217	-38	970	214	-1	-1	0	-38	956	212	1606974602
-54	-50	-53	-62	-65	-56	-76	-71	-68	0	-68	-69	-73	-72	0	0	0	-78	-78	-77	0	0	-77	-77	0	0	-86	0	0	0	0	0	0	-54	-66	0	-93	0	-92	-95	-94	0	-86	0	0	0	0	0	0	0	0	0	0	0	0	0	0	0	0	0	0	0	0	0	0	0	0	0	-91	0	-87	0	0	0	0	0	0	0	0	0	0	-62	0	0	0	0	0	0	0	0	0	0	0	0	0	0	0	0	0	0	0	0	0	0	0	0	0	0	0	0	0	0	0	3632	-2967	3686	22013	-7751	-218	-39	970	214	-1	-1	-1	-38	956	212	1606974603
0	-50	-52	-61	0	-56	0	-76	-68	-73	-68	-67	-73	-72	0	0	0	-78	-79	-78	0	0	-77	-77	0	-85	-87	0	0	0	0	0	0	-55	-65	-93	-93	-95	-95	-96	-93	0	0	-89	0	0	0	0	0	-87	0	0	0	0	0	0	0	0	0	0	0	0	0	0	0	0	0	0	-93	0	0	0	0	0	0	0	0	0	0	0	0	-61	0	0	0	0	0	0	0	0	0	0	0	0	0	0	0	0	0	0	0	0	0	0	0	0	0	0	0	0	0	0	0	3647	-2952	3671	22012	-7747	-218	-39	970	215	-1	-1	-1	-38	956	212	1606974605
-49	-51	-50	-61	-65	-54	-71	-71	-69	-73	-68	-68	-73	-71	0	0	-86	-77	-77	-78	0	0	-78	-78	0	0	-84	0	0	0	0	0	0	-55	0	0	-92	-93	-94	-94	-93	-89	0	0	0	0	0	0	0	-89	-89	0	0	0	-94	0	-85	0	0	0	0	-86	0	0	0	0	0	0	0	0	0	0	0	0	0	0	0	0	0	0	0	-61	0	0	0	0	0	0	0	0	0	0	0	0	0	0	0	0	0	0	0	0	0	0	0	0	0	0	0	0	0	0	0	3632	-2936	3679	22012	-7749	-219	-38	970	214	-1	-1	0	-38	956	212	1606974606
-48	-52	-51	-61	0	-56	-77	-77	-68	0	-67	-68	-74	-71	0	-86	0	-77	-77	-78	0	0	-78	-78	0	0	-84	0	0	0	0	0	0	-55	0	0	-93	-95	-91	-94	-93	0	0	0	0	0	0	0	0	0	0	0	0	0	0	0	-85	0	-77	0	0	-85	0	-85	-84	0	0	0	-94	0	-86	0	0	0	0	0	0	0	0	0	0	-67	0	0	0	0	0	0	0	0	0	0	0	0	0	0	0	0	0	0	0	0	0	0	0	0	0	0	0	0	0	0	0	3677	-2952	3634	22012	-7750	-218	-39	970	214	-1	-1	0	-38	956	212	1606974608
-47	-52	-50	-60	-64	0	-77	-71	-67	0	-68	-68	-73	-71	0	-87	0	-78	-77	-78	0	0	-78	-77	0	0	-85	0	0	0	0	0	0	-55	0	0	-93	-93	-92	-93	0	0	0	0	0	0	0	0	0	0	0	0	0	-88	0	0	0	0	0	-97	0	0	0	0	0	0	0	0	-93	0	0	0	0	0	0	0	0	0	0	0	0	-61	0	0	0	0	0	0	0	0	0	0	0	0	0	0	0	0	0	0	0	0	0	0	0	0	0	0	0	0	0	0	0	3647	-2997	3694	22012	-7747	-219	-38	970	215	-1	-1	-1	-38	956	212	1606974610
-47	0	-51	-61	-65	0	0	0	-68	0	-68	-68	-73	-70	0	0	0	-77	-78	-78	0	0	-77	-77	0	0	-84	0	0	0	0	0	0	-55	0	0	-92	-92	-92	-93	0	0	0	0	0	0	0	0	0	0	0	0	0	0	0	0	0	0	0	0	0	0	0	0	0	0	0	0	0	0	0	0	0	0	0	0	0	0	0	0	0	-66	0	0	0	0	0	0	0	0	0	0	0	0	0	0	0	0	0	0	0	0	0	0	0	0	0	0	0	0	0	0	0	3647	-2997	3694	22012	-7748	-219	-39	971	213	-1	-1	-1	-38	956	212	1606974611
-47	-51	-51	-61	-66	0	-72	-71	-68	-75	-67	-68	-73	-71	0	0	0	-78	-77	-77	0	0	-77	-78	0	-87	-87	0	0	0	0	0	0	-56	0	0	-94	-93	-95	-93	0	-89	-85	0	0	0	0	0	0	0	0	0	0	0	-94	0	0	0	0	0	0	0	0	0	0	0	0	0	-93	0	0	0	0	0	0	0	0	0	0	0	0	-61	0	0	0	0	0	0	0	0	0	0	0	0	0	0	0	0	0	0	0	0	0	0	0	0	0	0	0	0	0	0	0	3632	-2982	3694	22013	-7750	-218	-38	970	214	-1	-1	-1	-38	956	212	1606974613
-53	-49	-53	-61	-63	-54	-71	-78	-68	-74	-68	-68	-73	-70	0	0	0	-77	-77	-77	0	0	-77	-78	0	0	-84	0	0	0	0	0	0	-55	0	0	-95	-93	-94	-93	0	0	0	0	0	0	0	0	0	0	0	0	0	0	0	0	0	0	0	0	0	0	0	0	0	0	0	0	0	0	0	0	0	0	0	0	0	0	0	0	0	-56	0	0	0	0	0	0	0	0	0	0	0	0	0	0	0	0	0	0	0	0	0	0	0	0	0	0	0	0	0	0	0	3557	-2951	3656	22012	-7748	-218	-39	970	214	-1	-1	-1	-38	956	212	1606974614
-53	-50	-51	-63	-64	-56	0	-71	-67	0	-68	-68	0	-71	0	0	0	-78	-77	-78	0	0	-77	-77	0	0	-84	0	0	0	0	0	0	-55	0	-92	-95	-93	-95	-93	-94	0	0	0	0	0	0	0	0	0	0	0	0	0	0	0	0	0	0	0	0	0	0	0	0	0	0	0	-93	0	0	0	0	0	0	0	0	0	0	0	0	-69	0	0	0	0	0	0	0	0	0	0	0	0	0	0	0	0	0	0	0	0	0	0	0	0	0	0	0	0	0	0	0	3632	-2952	3738	22011	-7747	-219	-38	970	215	-1	-1	-1	-38	956	212	1606974616
0	-50	-51	-61	0	-55	-77	-78	-68	0	0	-67	-72	-76	0	0	0	-78	-77	-77	0	0	-78	-78	0	0	-84	0	0	0	0	0	0	-55	0	0	-93	-93	-94	-94	-94	-91	0	0	0	0	0	0	0	-86	0	0	0	0	-95	0	0	0	0	0	0	0	0	0	0	0	0	0	0	-94	0	0	0	0	0	0	0	0	0	0	0	-60	0	0	0	0	0	0	0	0	0	0	0	0	0	0	0	0	0	0	0	0	0	0	0	0	0	0	0	0	0	0	0	3647	-2937	3664	22012	-7750	-219	-39	971	213	-1	-1	-1	-38	956	212	1606974618
-46	-51	-50	-60	-67	0	-71	-70	-67	-73	-67	-68	-73	-77	0	0	0	-78	-78	-77	0	0	-77	-78	0	0	-85	0	0	0	0	0	0	-56	0	0	-93	-94	-93	-91	0	0	-85	0	0	0	0	0	0	0	0	0	0	0	-94	0	0	0	0	0	0	0	0	0	0	0	0	0	0	0	0	-93	0	0	0	0	0	0	0	0	0	0	0	0	0	0	0	0	0	0	0	0	0	0	0	0	0	0	0	0	0	0	0	0	0	0	0	0	0	0	0	0	0	3617	-2997	3679	22012	-7747	-218	-37	970	214	-1	-1	-1	-38	956	212	1606974619
-52	-51	-50	0	-66	0	0	-70	-68	-72	-67	-68	-73	0	0	0	-87	-78	-77	-78	0	0	-77	-78	0	-86	-85	0	0	0	0	0	0	-56	-61	-93	0	-94	0	-93	0	0	0	0	0	0	0	0	0	0	0	0	0	0	0	-91	0	0	0	0	0	0	0	0	0	0	0	0	0	-91	0	0	0	0	0	0	0	0	0	0	0	-68	0	0	0	0	0	0	0	0	0	0	0	0	0	0	0	0	0	0	0	0	0	0	0	0	0	0	0	0	0	0	0	3647	-2937	3716	22011	-7746	-218	-39	970	214	-1	-1	-1	-38	956	212	1606974621
-48	-51	-50	0	-65	0	0	-70	-68	-76	-68	-68	-74	0	0	0	0	-77	-78	-78	0	0	-78	-78	0	0	-86	0	0	0	0	0	0	-54	0	-93	-92	-93	-93	-94	-93	0	0	0	0	0	0	0	0	0	0	0	0	0	0	0	0	0	0	0	0	0	0	0	0	0	0	0	-95	0	0	0	0	0	0	0	0	0	0	0	0	0	0	0	0	0	0	0	0	0	0	0	0	0	0	0	0	0	0	0	0	0	0	0	0	0	0	0	0	0	0	0	0	3662	-3012	3672	22012	-7747	-219	-38	970	214	-1	-1	-1	-38	956	212	1606974623
-47	0	-49	-62	-67	0	-71	-70	-68	0	-67	-68	-74	-71	0	0	0	-78	-78	-78	0	0	-79	-78	0	0	-86	0	0	0	0	0	0	-56	0	-93	-94	-93	-93	-95	0	0	0	0	0	0	0	0	0	0	0	0	0	0	0	0	0	0	-78	0	0	0	0	0	0	0	0	0	0	0	0	-96	0	0	0	0	0	0	0	0	0	-67	0	0	0	0	0	0	0	0	0	0	0	0	0	0	0	0	0	0	0	0	0	0	0	0	0	0	0	0	0	0	0	3617	-2967	3664	22012	-7747	-219	-39	970	215	-1	-1	-1	-38	956	212	1606974624
-47	-49	-51	0	0	-55	-81	0	-68	0	-67	-67	0	0	0	0	0	-78	-77	-78	0	0	-78	-77	0	0	-85	0	0	0	0	0	0	-54	0	0	-95	-93	-94	-93	-94	0	0	0	0	0	0	0	0	0	0	0	0	0	0	0	0	0	0	0	0	0	0	0	0	0	0	0	0	0	0	-97	0	0	0	0	0	0	0	0	0	-60	0	0	0	0	0	0	0	0	0	0	0	0	0	0	0	0	0	0	0	0	0	0	0	0	0	0	0	0	0	0	0	3640	-2967	3694	22011	-7744	-218	-38	970	215	-1	-1	0	-38	956	213	1606974626
-45	-52	-50	-63	-65	0	-70	-72	-68	-74	-68	-68	-73	-70	0	0	0	-78	-78	-78	0	0	-77	-77	0	-90	-86	0	0	0	0	0	0	-54	0	-92	-93	-93	-94	-92	0	0	0	-87	0	0	0	0	0	0	0	0	0	0	-94	0	0	0	0	0	0	0	0	0	0	0	0	0	0	0	0	-94	0	0	0	0	0	0	0	0	0	-67	0	0	0	0	0	0	0	0	0	0	0	0	0	0	0	0	0	0	0	0	0	0	0	0	0	0	0	0	0	0	0	3647	-2921	3671	22013	-7752	-218	-39	970	213	-1	-1	-1	-38	956	211	1606974627
-47	0	-49	-62	-62	-61	-69	-69	-77	-74	-76	-77	-80	-68	0	0	-86	-84	-84	-84	0	0	-85	-84	0	0	-84	0	0	0	0	0	0	-62	0	-89	-92	-90	-91	-91	0	-89	0	0	0	0	0	0	0	0	0	0	0	0	0	0	0	0	0	0	0	0	0	0	0	0	0	0	0	0	0	0	0	0	0	0	0	0	0	0	0	-65	0	0	0	0	0	0	0	0	0	0	0	0	0	0	0	0	0	0	0	0	0	0	0	0	0	0	0	0	0	0	0	3587	-3011	3664	22011	-7746	-218	-39	970	214	-1	-1	0	-38	956	212	1606974629
0	-52	-50	-63	0	-60	-70	-70	-77	0	-76	-76	-80	-70	0	0	0	-84	-84	-84	0	0	-84	-85	0	0	-89	0	0	0	0	0	0	-62	0	-88	-90	-90	-91	-91	-91	0	0	0	0	0	0	0	0	0	0	0	0	0	0	0	0	0	0	0	0	0	0	0	0	0	0	0	0	0	0	0	0	0	0	0	0	0	0	0	0	-65	0	0	0	0	0	0	0	0	0	0	0	0	0	0	0	0	0	0	0	0	0	0	0	0	0	0	0	0	0	0	0	3737	-2967	3694	22012	-7748	-218	-39	971	215	-1	-1	-1	-38	956	212	1606974630
-48	0	-51	-62	0	-61	-71	-71	-76	-74	-76	-76	-80	-78	0	0	0	-84	-84	-84	0	0	-83	-84	0	0	-84	-92	0	0	0	-94	0	-62	0	-92	-90	-89	-92	-90	-90	0	0	0	0	0	-85	0	0	0	0	0	0	-89	0	0	0	0	0	0	0	0	0	0	0	0	0	0	0	0	0	0	0	0	0	0	0	0	0	0	0	-66	0	0	0	0	0	0	0	0	0	0	0	0	0	0	0	0	0	0	0	0	0	0	0	0	0	0	0	0	0	0	0	3602	-2966	3664	22013	-7751	-218	-38	970	214	-1	-1	-1	-38	956	212	1606974632
-47	-52	-51	0	0	0	0	0	-68	-74	-68	-67	-75	0	0	0	0	-78	-77	-78	0	0	-78	-77	0	0	-85	0	0	0	0	0	0	-55	0	0	-93	-93	-93	-94	0	0	-85	0	0	0	0	0	0	0	0	0	0	0	0	0	0	0	0	0	0	0	-94	0	0	0	0	0	0	0	0	0	0	0	0	0	0	0	0	0	0	-62	0	0	0	0	0	0	0	0	0	0	0	0	0	0	0	0	0	0	0	0	0	0	0	0	0	0	0	0	0	0	0	3602	-3004	3679	22012	-7746	-218	-38	970	214	-1	-1	-1	-38	956	212	1606974633
-48	-52	-52	-62	-64	-61	-69	0	-76	0	-76	-76	-80	-71	0	0	0	-83	-84	-84	0	0	-83	-85	0	-86	-85	0	0	0	0	0	0	-63	-65	-91	-90	-91	-91	-89	-90	0	0	0	0	0	0	0	0	-88	0	0	0	0	0	0	-88	0	0	0	0	-87	0	0	0	0	0	0	0	0	0	0	0	0	0	0	0	0	0	0	0	-65	0	0	0	0	0	0	0	0	0	0	0	0	0	0	0	0	0	0	0	0	0	0	0	0	0	0	0	0	0	0	0	3647	-2937	3679	22012	-7749	-218	-39	970	214	-1	-1	-1	-38	956	212	1606974635
-48	0	-50	-62	0	-61	0	-70	-77	0	-76	-76	-79	-79	0	0	-90	-84	-85	-84	0	0	-84	-84	0	0	-88	0	0	0	0	0	0	-62	0	-90	-90	-91	-91	-89	-91	0	0	0	0	0	0	0	0	0	0	0	0	0	0	0	0	0	0	-95	0	0	0	0	0	0	0	0	0	0	0	0	0	0	0	0	0	0	0	0	0	-61	0	0	0	0	0	0	0	0	0	0	0	0	0	0	0	0	0	0	0	0	0	0	0	0	0	0	0	0	0	0	0	3602	-2929	3664	22013	-7751	-218	-38	971	214	-1	-1	-1	-38	956	212	1606974637
-48	-50	0	-62	-67	0	-71	-71	-68	-75	-68	-68	-73	-71	0	-86	0	-78	-77	-78	0	0	-78	-77	0	0	-86	0	0	0	0	0	0	-56	0	0	-92	-95	0	0	0	0	0	0	0	0	0	0	0	0	0	0	0	0	0	0	0	0	0	0	0	0	-94	0	0	0	0	0	0	0	0	-95	0	0	0	0	0	0	0	0	0	-66	0	0	0	0	0	0	0	0	0	0	0	0	0	0	0	0	0	0	0	0	0	0	0	0	0	0	0	0	0	0	0	3587	-2997	3694	22012	-7747	-217	-38	970	213	-1	-1	-1	-38	956	212	1606974638
-48	-51	-51	-62	0	-54	-79	0	-68	-74	-68	-67	-73	-70	0	0	0	-78	-77	-77	0	0	-78	-78	0	0	-85	0	-92	0	0	0	0	-54	0	-93	-91	-94	-95	-94	-95	0	0	0	0	0	0	0	0	0	0	0	0	0	0	0	-85	0	0	0	0	-87	0	-85	0	0	0	0	0	0	0	0	0	0	0	0	0	0	0	0	0	-68	0	0	0	0	0	0	0	0	0	0	0	0	0	0	0	0	0	0	0	0	0	0	0	0	0	0	0	0	0	0	0	3647	-2937	3664	22012	-7748	-218	-38	970	214	-1	-1	-1	-38	956	212	1606974640
-48	-52	-52	-61	-66	-55	0	0	-69	-75	-68	-67	-73	0	0	0	-86	-78	-77	-78	0	0	-77	-77	0	-85	-86	0	0	0	0	0	0	-54	0	-94	-92	-94	-93	-94	-93	0	0	0	-87	-87	-89	0	-85	0	-86	0	0	0	0	-90	0	0	0	0	0	0	0	0	0	0	0	0	0	0	0	0	0	0	0	0	0	0	0	0	0	-66	0	0	0	0	0	0	0	0	0	0	0	0	0	0	0	0	0	0	0	0	0	0	0	0	0	0	0	0	0	0	0	3647	-2937	3664	22013	-7754	-218	-38	971	213	-1	-1	-1	-38	956	211	1606974641
0	-53	-49	-62	-66	0	0	-81	-76	0	-77	-78	-80	-81	0	-85	-87	-83	-85	-84	0	0	-84	-85	0	0	-84	0	0	0	0	0	0	-63	0	-92	-89	-91	-93	-90	-91	0	0	0	-87	0	0	0	0	0	0	0	0	0	0	0	0	0	0	0	0	0	0	0	0	0	0	0	0	0	0	0	0	0	0	0	0	0	0	0	0	-67	0	0	0	0	0	0	0	0	0	0	0	0	0	0	0	0	0	0	0	0	0	0	0	0	0	0	0	0	0	0	0	3602	-2966	3671	22012	-7745	-217	-38	971	214	-1	-1	-1	-38	956	212	1606974643
-48	-51	-49	-61	0	0	-69	0	-68	-68	-68	-68	-73	0	0	0	0	-78	-77	-77	0	0	-77	-77	0	-86	-86	0	0	0	0	0	0	-55	0	0	-93	-93	-92	-94	-92	-90	0	-87	-88	0	-83	0	0	0	-86	0	0	0	0	0	0	0	0	0	0	0	0	0	0	0	0	0	0	0	0	0	0	0	0	0	0	0	0	0	0	-67	0	0	0	0	0	0	0	0	0	0	0	0	0	0	0	0	0	0	0	0	0	0	0	0	0	0	0	0	0	0	0	3632	-2944	3694	22012	-7747	-217	-39	970	214	-1	-1	-1	-38	956	212	1606974645
-48	-52	0	-60	-67	0	-69	0	-77	0	-76	-77	-80	-80	0	-89	0	-85	-84	-84	0	0	-87	-84	0	0	-85	0	0	0	0	0	0	-62	0	-91	-90	-91	-93	-91	-90	0	0	0	-87	0	0	0	0	0	0	0	0	0	0	0	-88	0	0	0	0	-86	0	-85	0	0	0	0	0	0	0	0	0	0	0	0	0	0	0	0	0	-61	0	0	0	0	0	0	0	0	0	0	0	0	0	0	0	0	0	0	0	0	0	0	0	0	0	0	0	0	0	0	0	3602	-2936	3619	22014	-7754	-218	-38	970	213	-1	-1	-1	-38	956	211	1606974646
-49	-52	-48	-61	-67	-56	-77	0	-68	-74	-68	-68	-74	0	0	0	0	-77	-78	-77	0	0	-78	-78	0	0	-84	0	0	0	0	0	0	-56	0	0	-93	-94	-94	-94	0	0	0	0	0	0	0	0	0	0	0	0	0	0	0	0	0	0	0	0	0	0	0	0	0	0	0	0	0	0	0	0	0	0	0	0	0	0	0	0	0	-64	0	0	0	0	0	0	0	0	0	0	0	0	0	0	0	0	0	0	0	0	0	0	0	0	0	0	0	0	0	0	0	3557	-2951	3679	22012	-7748	-217	-39	970	214	-1	-1	-1	-38	956	212	1606974648
-53	-52	-49	-61	-65	-55	-78	-70	-68	0	-67	-67	-73	-71	0	-87	-86	-78	-77	-77	0	-85	-78	-78	0	-86	-86	0	0	0	0	0	0	-55	0	0	-94	-92	-93	-95	-92	0	0	0	0	0	0	0	0	0	0	0	0	0	0	0	0	0	0	0	0	0	0	0	0	0	0	0	0	0	0	0	0	0	0	0	0	0	0	0	0	-61	0	0	0	0	0	0	0	0	0	0	0	0	0	0	0	0	0	0	0	0	0	0	0	0	0	0	0	0	0	0	0	3602	-2951	3612	22013	-7749	-217	-38	970	213	-1	-1	-1	-38	956	212	1606974649
-53	-50	-50	0	-63	-56	0	0	-67	0	-68	-68	-73	0	0	0	0	-78	-78	-78	0	-87	-77	-78	0	0	-85	0	0	0	0	0	0	-55	0	-93	-93	-93	-93	-94	0	-91	-85	0	0	0	0	0	0	0	0	0	0	0	0	0	-86	0	0	0	0	-89	0	0	-89	0	0	0	0	0	0	-95	0	0	0	0	0	0	0	0	0	-62	0	0	0	0	0	0	0	0	0	0	0	0	0	0	0	0	0	0	0	0	0	0	0	0	0	0	0	0	0	0	0	3632	-2997	3694	22012	-7747	-217	-38	970	214	-1	-1	-1	-38	956	212	1606974651
-53	-51	0	-60	-68	0	-70	-70	-68	-73	-68	-68	-73	-69	0	-85	0	-77	-77	-78	0	0	-78	-78	0	0	-84	0	0	0	0	0	0	-55	0	0	-94	-93	-93	-95	0	0	-87	0	0	0	0	0	0	0	0	0	0	0	0	0	0	0	0	0	0	0	0	0	0	0	0	0	-92	0	0	0	0	0	0	0	0	0	0	0	0	-67	0	0	0	0	0	0	0	0	0	0	0	0	0	0	0	0	0	0	0	0	0	0	0	0	0	0	0	0	0	0	0	3647	-3012	3664	22013	-7754	-218	-38	970	213	-1	-1	0	-38	956	211	1606974653
0	-51	-50	-62	0	-61	-69	-78	-76	-73	-77	-77	-81	-69	0	0	0	-84	-84	-83	-85	-85	-84	-84	0	-84	-86	0	0	0	0	0	0	-62	0	-90	-90	-90	-91	-90	-90	0	-86	0	0	0	0	0	0	0	0	0	0	0	0	-92	0	0	0	0	0	0	0	0	0	0	0	0	0	0	0	0	0	0	0	0	0	0	0	0	0	-66	0	0	0	0	0	0	0	0	0	0	0	0	0	0	0	0	0	0	0	0	0	0	0	0	0	0	0	0	0	0	0	3640	-2967	3664	22012	-7749	-218	-39	970	214	-1	-1	0	-38	956	212	1606974654
-54	-51	-50	0	-67	-56	0	0	-68	0	-66	-68	-73	0	0	0	0	-78	-79	-78	0	0	-78	-78	0	0	-86	0	0	0	0	0	0	-55	-63	0	-92	-93	-93	-94	0	0	0	0	0	0	0	0	0	0	0	0	0	0	0	0	0	0	0	-94	0	0	0	0	0	0	0	0	0	0	0	0	0	0	0	0	0	0	0	0	0	-62	0	0	0	0	0	0	0	0	0	0	0	0	0	0	0	0	0	0	0	0	0	0	0	0	0	0	0	0	0	0	0	3647	-2952	3656	22014	-7756	-218	-38	971	212	-1	-1	-1	-38	956	211	1606974656
0	-51	-50	0	0	0	0	0	-76	-74	-77	-77	-79	0	0	-85	-86	-85	-85	-84	0	0	-85	-85	0	0	-86	0	0	0	0	0	0	-62	0	-90	-91	-90	-92	-90	-90	0	0	0	0	0	0	0	0	0	0	0	0	0	0	0	0	0	0	0	0	0	0	0	0	0	0	0	0	0	0	0	0	0	0	0	0	0	0	0	0	-66	0	0	0	0	0	0	0	0	0	0	0	0	0	0	0	0	0	0	0	0	0	0	0	0	0	0	0	0	0	0	0	3647	-2952	3656	22013	-7752	-219	-38	970	214	0	0	0	-38	956	211	1606974658
0	-50	0	-62	0	0	-70	-77	-68	0	-68	-67	-73	-77	0	0	-87	-78	-78	-79	0	-86	-78	-78	0	0	-85	0	0	0	0	0	0	-55	-62	0	-95	-95	-92	-92	0	0	0	-90	0	0	0	0	0	0	0	0	0	0	0	-89	0	0	0	0	0	0	0	0	0	0	0	0	-91	0	0	0	0	0	0	0	0	0	0	0	0	-67	0	0	0	0	0	0	0	0	0	0	0	0	0	0	0	0	0	0	0	0	0	0	0	0	0	0	0	0	0	0	0	3632	-2997	3664	22012	-7751	-219	-39	969	214	-1	0	-1	-38	956	212	1606974659
-54	-50	-50	0	-63	0	0	0	-68	-72	-68	-67	-73	0	0	0	0	-78	-77	-78	0	0	-78	-78	0	0	0	0	0	0	0	0	0	-54	0	0	-93	-95	-95	-94	0	0	0	0	0	0	0	0	0	0	0	0	0	0	0	0	0	0	0	0	0	0	0	0	0	0	0	0	0	-94	-87	0	0	0	0	0	0	0	0	0	0	-62	0	0	0	0	0	0	0	0	0	0	0	0	0	0	0	0	0	0	0	0	0	0	0	0	0	0	0	0	0	0	0	3677	-2967	3664	22013	-7752	-219	-38	969	215	0	0	-1	-38	956	211	1606974661
0	0	-50	-60	0	-54	-70	-77	-67	-74	-68	-67	-73	-69	0	0	0	-78	-78	-78	0	-89	-78	-78	0	0	-83	-93	0	0	0	0	0	-56	0	-93	-93	-93	-95	-94	-92	0	-87	0	0	0	0	0	0	0	0	0	0	0	0	0	0	0	0	0	0	0	0	0	0	0	0	0	-93	0	0	0	0	0	0	0	0	0	0	0	0	-67	0	0	0	0	0	0	0	0	0	0	0	0	0	0	0	0	0	0	0	0	0	0	0	0	0	0	0	0	0	0	0	3639	-2966	3619	22013	-7754	-219	-39	970	214	-1	-1	-1	-38	956	211	1606974663
-54	0	-50	-61	-67	-56	-69	-70	-68	-75	-68	-68	-74	-78	0	-85	0	-77	-78	-79	0	-85	-79	-78	0	0	-84	0	0	0	0	0	0	-54	0	0	0	-93	-93	-95	0	0	-88	0	0	0	0	0	0	0	-90	0	0	0	0	0	0	0	0	0	0	0	0	0	0	0	0	0	-92	0	0	0	0	0	0	0	0	0	0	0	0	-67	0	0	0	0	0	0	0	0	0	0	0	0	0	0	0	0	0	0	0	0	0	0	0	0	0	0	0	0	0	0	0	3647	-2952	3656	22012	-7752	-219	-38	970	213	-1	-1	-1	-38	956	211	1606974664
0	-51	-50	0	-66	-56	0	0	-68	-75	-68	-68	-74	0	0	0	0	-78	-78	-78	0	0	-77	-77	0	0	-89	0	0	0	0	0	0	-55	0	0	-94	-93	-91	-94	0	0	0	0	0	0	0	0	0	0	0	0	0	0	0	0	0	0	0	0	0	0	0	0	0	0	0	0	-93	0	0	0	0	0	0	0	0	0	0	0	0	-63	0	0	0	0	0	0	0	0	0	0	0	0	0	0	0	0	0	0	0	0	0	0	0	0	0	0	0	0	0	0	0	3632	-2952	3664	22012	-7751	-219	-38	970	214	0	-1	0	-38	956	212	1606974666
-49	-51	-51	-61	0	0	-69	-70	-77	-74	-76	-76	-81	-79	0	-84	0	-83	-85	-84	0	0	-84	-84	0	0	-85	0	0	0	0	0	0	-61	-62	-90	-90	-91	0	-90	-91	-89	0	0	0	0	0	0	0	-88	0	0	0	0	0	0	-86	0	0	0	0	-84	0	-85	-87	0	0	0	0	0	0	0	0	0	0	0	0	0	0	0	0	-61	0	0	0	0	0	0	0	0	0	0	0	0	0	0	0	0	0	0	0	0	0	0	0	0	0	0	0	0	0	0	0	3640	-2967	3664	22013	-7754	-219	-38	970	213	-1	-1	-1	-38	956	211	1606974667
-47	-50	-50	-61	-68	0	-78	-70	-68	-74	-67	-68	-74	-69	0	0	0	-78	-78	-78	0	0	-78	-78	0	0	-85	0	0	0	0	0	0	-54	0	0	-93	-91	-93	0	0	-90	0	0	0	0	0	0	0	0	0	0	0	0	0	0	0	0	0	0	0	0	0	0	0	0	0	0	0	0	0	0	0	0	0	0	0	0	0	0	0	-61	0	0	0	0	0	0	0	0	0	0	0	0	0	0	0	0	0	0	0	0	0	0	0	0	0	0	0	0	0	0	0	3632	-2921	3649	22012	-7751	-219	-38	970	214	-1	0	-1	-38	956	211	1606974669
-55	-52	-49	-61	-64	-55	-78	-77	-68	-75	-68	-68	-72	-69	0	-85	0	-78	-77	-77	0	0	-77	-78	0	0	-89	0	0	0	0	0	0	-54	0	-92	-93	-92	-93	-94	0	-90	0	0	0	0	0	0	0	0	0	0	0	0	0	0	0	0	0	0	0	0	0	0	0	0	0	0	-94	0	0	0	0	0	0	0	0	0	0	0	0	0	0	0	0	0	0	0	0	0	0	0	0	0	0	0	0	0	0	0	0	0	0	0	0	0	0	0	0	0	0	0	0	3662	-2937	3664	22013	-7753	-220	-38	971	213	-1	0	0	-38	956	211	1606974671
0	-50	-50	-61	0	0	-69	-78	-68	-73	-68	-67	-73	-79	0	-85	0	-78	-77	-78	0	0	-78	-78	0	0	-86	0	0	0	0	0	0	-55	0	-91	-92	-93	-91	-94	-92	0	0	0	0	0	0	0	0	0	0	0	0	0	0	0	0	0	0	0	0	0	0	0	0	0	0	0	-92	0	0	0	0	0	0	0	0	0	0	0	0	-66	0	0	0	0	0	0	0	0	0	0	0	0	0	0	0	0	0	0	0	0	0	0	0	0	0	0	0	0	0	0	0	3647	-3027	3679	22014	-7756	-219	-39	970	213	-1	0	0	-38	956	211	1606974672
0	-51	-51	-60	0	0	-69	-78	-68	-73	-68	-68	-73	-69	0	0	0	-78	-78	-78	0	0	-77	-78	0	0	0	0	0	0	0	0	0	-56	-63	0	-93	-93	-91	-95	0	0	0	-90	0	0	0	0	0	0	0	0	0	0	0	0	0	0	0	0	0	0	0	0	0	0	0	0	-94	0	0	0	0	0	0	0	0	0	0	0	0	-66	0	0	0	0	0	0	0	0	0	0	0	0	0	0	0	0	0	0	0	0	0	0	0	0	0	0	0	0	0	0	0	3587	-2966	3649	22013	-7754	-219	-39	970	213	-1	-1	0	-38	956	211	1606974674
0	-50	-50	0	0	0	0	0	-68	-74	-67	-68	-73	0	0	0	0	-78	-78	-78	0	0	-77	-77	0	0	-81	0	0	0	0	0	0	-56	-65	-94	-92	-95	-92	-94	-93	0	0	0	-86	0	0	0	0	0	0	0	0	0	0	0	0	0	0	0	0	0	0	0	0	0	0	0	-95	-91	0	-96	0	0	0	0	0	0	0	0	0	-66	0	0	0	0	0	0	0	0	0	0	0	0	0	0	0	0	0	0	0	0	0	0	0	0	0	0	0	0	0	0	0	3707	-3012	3649	22013	-7752	-219	-38	971	213	-1	0	-1	-38	956	211	1606974676
-48	-50	-49	-61	-67	0	-69	-77	-69	-74	-68	-68	-74	-69	0	-86	0	-78	-78	-78	0	0	-77	-78	0	-88	-87	0	0	0	0	0	0	-54	0	0	-92	0	-93	0	0	0	0	0	0	0	0	0	0	0	0	0	0	0	0	-89	-89	0	0	0	0	-84	0	-85	-84	0	0	0	-95	0	0	0	0	0	0	0	0	0	0	0	0	-62	0	0	0	0	0	0	0	0	0	0	0	0	0	0	0	0	0	0	0	0	0	0	0	0	0	0	0	0	0	0	0	3617	-2997	3679	22014	-7756	-218	-39	970	214	-1	-1	0	-38	956	211	1606974677
0	-51	-50	-61	-66	0	-78	-69	-68	-68	-68	-67	-73	-69	0	-86	0	-78	-78	-78	0	0	-77	-78	0	0	-85	0	0	0	0	0	0	-55	0	0	-94	-93	-94	-92	0	0	0	-89	0	0	0	0	0	0	0	0	0	0	0	0	-87	0	0	0	0	-87	0	0	-86	0	0	0	-95	0	0	-95	0	0	0	0	0	0	0	0	0	-61	0	0	0	0	0	0	0	0	0	0	0	0	0	0	0	0	0	0	0	0	0	0	0	0	0	0	0	0	0	0	0	3632	-2967	3664	22013	-7752	-219	-38	970	213	-1	-1	-1	-38	956	211	1606974679
-49	-49	-49	-61	-67	0	-70	-77	-76	-74	-76	-77	-81	-70	0	-88	0	-84	-84	-85	0	0	-85	-84	0	0	-86	0	0	0	0	0	0	-62	0	-91	-91	-89	-94	-90	-90	0	0	0	0	0	0	0	0	0	0	0	0	0	0	0	0	0	0	0	0	0	0	0	0	0	0	0	0	0	0	0	0	0	0	0	0	0	0	0	0	0	0	0	0	0	0	0	0	0	0	0	0	0	0	0	0	0	0	0	0	0	0	0	0	0	0	0	0	0	0	0	0	3602	-2966	3641	22013	-7752	-219	-39	970	214	-1	-1	0	-38	956	211	1606974680
-48	-51	-49	-62	-66	0	-69	-69	-77	0	-77	-77	-80	-70	0	-85	0	-84	-84	-84	0	0	-84	-84	0	0	-86	0	0	0	0	0	0	-62	0	-92	-90	-90	-91	-90	-90	-90	-87	0	0	0	0	0	0	0	0	0	0	0	0	0	0	0	0	0	0	0	0	0	0	0	0	0	0	0	0	0	0	0	0	0	0	0	0	0	0	-65	0	0	0	0	0	0	0	0	0	0	0	0	0	0	0	0	0	0	0	0	0	0	0	0	0	0	0	0	0	0	0	3632	-2967	3679	22014	-7757	-218	-38	969	213	-1	-1	-1	-38	956	211	1606974682
0	-50	-49	-61	0	0	-68	-77	-68	0	-67	0	-73	-77	0	-84	0	-78	-78	-78	0	0	-77	-77	0	0	-85	0	0	0	0	0	0	-55	0	-92	-93	-92	-93	-93	0	0	0	0	0	0	0	0	0	0	0	0	0	0	0	0	0	0	0	-96	0	0	-96	0	0	0	0	0	0	0	0	0	0	0	0	0	0	0	0	0	0	-62	0	0	0	0	0	0	0	0	0	0	0	0	0	0	0	0	0	0	0	0	0	0	0	0	0	0	0	0	0	0	0	3602	-2951	3679	22012	-7750	-219	-39	970	213	-1	-1	0	-38	956	212	1606974683
0	-51	-49	-61	-65	-61	-77	-77	-76	-74	-77	-76	-80	-70	0	0	0	-85	-84	-84	0	0	-84	-85	0	0	-83	0	0	0	0	0	0	-62	-64	-90	-91	-90	-91	-90	-89	0	0	0	0	0	0	0	0	0	0	0	0	0	0	0	0	0	0	0	0	0	0	0	0	0	0	0	0	0	0	0	0	0	0	0	0	0	0	0	0	-66	0	0	0	0	0	0	0	0	0	0	0	0	0	0	0	0	0	0	0	0	0	0	0	0	0	0	0	0	0	0	0	3632	-2952	3738	22013	-7752	-219	-39	971	214	-1	-1	-1	-38	956	211	1606974685
0	-49	0	-61	-67	-55	-77	-68	-67	-74	-68	-68	-73	0	0	0	0	-77	-78	-78	0	0	-77	-78	0	0	-87	0	0	0	0	0	0	-54	-62	0	-94	-92	-93	-93	-94	0	0	0	0	0	0	0	0	-88	0	0	0	0	0	0	0	0	0	0	0	0	0	0	0	0	0	0	-93	0	0	0	0	0	0	0	0	0	0	0	0	-61	0	0	0	0	0	0	0	0	0	0	0	0	0	0	0	0	0	0	0	0	0	0	0	0	0	0	0	0	0	0	0	3631	-2906	3552	22013	-7753	-219	-38	971	214	-1	-1	0	-38	956	211	1606974687
0	-51	-48	-62	0	0	-69	0	-69	-73	-68	-68	-73	-69	0	0	0	-78	-78	-77	0	0	-78	-78	0	-87	-88	0	0	0	0	-92	0	-55	0	-94	-95	-93	-92	-93	-93	0	0	0	0	0	0	0	0	0	0	0	0	0	-93	0	0	0	0	0	0	0	0	0	0	0	0	0	-93	0	0	-94	0	0	0	0	0	0	0	0	0	-64	0	0	0	0	0	0	0	0	0	0	0	0	0	0	0	0	0	0	0	0	0	0	0	0	0	0	0	0	0	0	0	3632	-2997	3686	22013	-7752	-219	-38	971	214	-1	0	0	-38	956	211	1606974688
-48	-50	-47	-62	-66	-61	-69	-69	-76	-73	-77	-76	-79	-69	-73	0	-88	-84	-85	-84	0	0	-84	-85	0	0	0	0	0	0	0	0	0	-63	0	-90	-91	-90	-94	-90	-90	-89	0	0	0	0	0	0	0	0	0	0	0	0	0	0	0	0	0	0	0	0	0	0	0	0	0	0	0	0	0	0	0	0	0	0	0	0	0	0	0	-60	0	0	0	0	0	0	0	0	0	0	0	0	0	0	0	0	0	0	0	0	0	0	0	0	0	0	0	0	0	0	0	3647	-2967	3649	22013	-7751	-219	-38	970	214	-1	-1	0	-38	956	211	1606974690
0	-51	-48	-63	0	-56	-70	-75	-67	-74	-67	-67	0	-75	0	0	-89	-78	-78	-77	0	0	-77	-78	0	0	-88	0	0	0	0	0	0	-54	0	-92	-92	-93	-92	-92	0	0	0	0	0	0	0	0	0	0	0	0	0	0	0	0	0	0	0	-96	0	0	0	0	0	0	0	0	-95	0	0	0	0	0	0	0	0	0	0	0	0	-61	0	0	0	0	0	0	0	0	0	0	0	0	0	0	0	0	0	0	0	0	0	0	0	0	0	0	0	0	0	0	0	3632	-2952	3686	22013	-7755	-220	-39	970	213	-1	-1	-1	-38	956	211	1606974691
-48	-51	-48	0	0	0	0	0	-68	-69	-68	-67	-73	0	0	-86	0	-78	-77	-78	0	0	-77	-78	0	0	-86	0	-93	0	0	0	0	-55	0	-92	-94	-93	-90	-94	-93	0	0	0	0	0	0	0	0	0	0	0	0	0	0	0	0	0	0	0	0	-85	-96	-86	0	0	0	0	-95	0	-89	0	0	0	0	0	0	0	0	0	0	-61	0	0	0	0	0	0	0	0	0	0	0	0	0	0	0	0	0	0	0	0	0	0	0	0	0	0	0	0	0	0	0	3632	-3027	3709	22013	-7752	-219	-39	971	214	-1	0	0	-38	956	211	1606974693
0	-49	0	-61	0	0	-77	-69	-67	-74	-68	0	-73	-77	0	0	-87	-78	-78	-77	-86	-84	-77	-78	-86	-83	-90	0	0	0	0	0	0	-54	0	0	-93	-94	-94	-93	-95	0	-86	0	0	0	0	0	0	0	0	0	0	0	-94	0	0	0	0	0	0	0	0	0	0	0	0	0	-93	0	0	0	0	0	0	0	0	0	0	0	0	-64	0	0	0	0	0	0	0	0	0	0	0	0	0	0	0	0	0	0	0	0	0	0	0	0	0	0	0	0	0	0	0	3602	-2936	3634	22013	-7752	-219	-38	971	213	-1	-1	-1	-38	956	211	1606974695
-53	-49	0	0	-67	0	0	0	-76	-73	-76	-77	-80	0	0	-87	0	-84	-85	-84	0	0	-85	-85	0	0	-84	0	0	0	0	0	0	-62	0	0	-90	-89	-91	-90	-90	0	0	0	0	0	0	0	0	0	0	0	0	0	0	0	-87	0	0	0	0	-85	0	-86	-87	0	0	0	0	-94	0	0	0	0	0	0	0	0	0	0	0	0	0	0	0	0	0	0	0	0	0	0	0	0	0	0	0	0	0	0	0	0	0	0	0	0	0	0	0	0	0	0	0	3647	-2937	3664	22014	-7758	-219	-37	970	212	-1	0	0	-38	957	210	1606974696
-55	-50	-48	-62	-63	0	-69	-70	-68	0	-68	-68	-73	-69	0	-87	0	-77	-78	-78	0	-85	-78	-78	0	0	-88	0	0	0	0	0	0	-56	0	0	-94	-94	-93	-94	-93	-90	0	0	0	0	0	0	0	0	0	0	0	0	0	0	0	0	-76	0	0	0	0	0	0	0	-89	0	-95	0	0	0	0	0	0	0	0	0	0	0	0	-59	0	0	0	0	0	0	0	0	0	0	0	0	0	0	0	0	0	0	0	0	0	0	0	0	0	0	0	0	0	0	0	3647	-2952	3709	22013	-7751	-218	-39	970	215	-1	-1	0	-38	956	212	1606974698
-49	-51	-47	0	-63	-54	0	0	-68	-74	-68	-67	-73	0	0	0	0	-78	-77	-78	0	-89	-77	-78	0	0	-87	-94	0	0	0	-92	0	-56	0	-93	-95	-92	-92	-92	-92	-88	0	0	0	0	0	0	0	0	0	0	0	0	0	0	0	0	0	0	0	0	0	0	0	0	0	0	0	0	-89	0	0	0	0	0	0	0	0	0	0	-65	0	0	0	0	0	0	0	0	0	0	0	0	0	0	0	0	0	0	0	0	0	0	0	0	0	0	0	0	0	0	0	3632	-2952	3694	22013	-7753	-220	-39	971	213	-1	-1	-1	-38	956	211	1606974699
-55	-51	-49	-61	-65	-55	-76	-77	-68	-74	-68	-68	-73	-69	0	0	0	-78	-78	-78	0	0	-79	-77	0	0	0	-91	0	0	0	0	0	-55	-62	-92	-94	-93	-92	-93	-93	-87	0	0	0	0	0	0	0	0	0	0	0	0	0	0	0	0	0	0	0	0	0	0	0	0	0	0	-93	0	0	0	0	0	0	0	0	0	0	0	0	0	0	0	0	0	0	0	0	0	0	0	0	0	0	0	0	0	0	0	0	0	0	0	0	0	0	0	0	0	0	0	0	3617	-2944	3679	22014	-7758	-218	-38	970	213	0	0	0	-38	956	210	1606974701
-49	-52	-48	-63	-63	0	-69	-77	-68	-73	-68	-68	-73	-69	0	0	-87	-78	-78	-78	-85	-85	-78	-78	-84	-84	-89	0	0	0	0	0	0	-55	0	-92	-92	0	-92	-95	-93	0	0	0	0	0	0	0	0	0	0	0	0	0	-94	0	0	0	0	-95	0	0	0	0	0	0	0	0	-91	0	0	0	0	0	0	0	0	0	0	0	0	-63	0	0	0	0	0	0	0	0	0	0	0	0	0	0	0	0	0	0	0	0	0	0	0	0	0	0	0	0	0	0	0	3662	-3004	3664	22013	-7754	-219	-38	971	213	0	-1	0	-38	956	211	1606974703
-49	-52	-49	-62	-64	-60	-77	0	-76	-73	-76	-76	-80	0	0	0	0	-84	-85	-85	0	0	-85	-84	0	0	-88	-91	0	0	0	-93	0	-62	0	-91	-90	-90	-92	-92	-90	0	0	0	0	0	0	0	0	0	0	0	0	0	0	0	0	0	0	0	0	0	0	0	0	0	0	0	0	0	0	0	0	0	0	0	0	0	0	0	0	-61	0	0	0	0	0	0	0	0	0	0	0	0	0	0	0	0	0	0	0	0	0	0	0	0	0	0	0	0	0	0	0	3639	-2936	3663	22012	-7751	-219	-38	970	214	-1	-1	-1	-38	956	212	1606974704
-49	-51	-48	-62	-63	-54	-63	-70	-68	-74	-67	-66	-73	-69	0	0	0	-78	-78	-78	0	0	-77	-78	0	0	-86	-93	0	0	0	0	0	-55	0	-94	-95	-91	-93	-94	0	0	0	0	0	0	0	0	0	0	0	0	0	0	0	0	0	0	0	0	0	0	-95	0	0	0	0	0	-93	0	0	0	0	0	0	0	0	0	0	0	0	-64	0	0	0	0	0	0	0	0	0	0	0	0	0	0	0	0	0	0	0	0	0	0	0	0	0	0	0	0	0	0	0	3632	-2952	3649	22014	-7760	-219	-38	970	213	-1	-1	0	-38	957	210	1606974706
-47	-51	-51	-61	-65	-56	-74	-69	-68	0	-67	-67	-74	-79	0	0	0	-77	-77	-78	0	-85	-78	-78	0	0	-89	0	0	0	0	0	0	-55	-63	0	-92	-93	-92	-92	0	0	0	0	0	0	0	0	0	0	-88	0	0	0	0	0	0	0	0	0	0	0	0	0	0	0	0	0	-94	0	0	0	0	0	0	0	0	0	0	0	0	-61	0	0	0	0	0	0	0	0	0	0	0	0	0	0	0	0	0	0	0	0	0	0	0	0	0	0	0	0	0	0	0	3662	-2936	3634	22013	-7752	-219	-38	969	215	-1	-1	0	-38	956	211	1606974707
-54	-50	-49	-63	0	-60	-80	-81	-76	-72	-76	-76	-80	-69	0	-87	-85	-83	-84	-85	-84	0	-85	-85	-87	-84	-89	-94	0	0	0	0	0	-63	-60	-91	-89	-90	-94	-92	-90	-87	0	0	0	0	0	0	0	0	0	0	0	0	0	0	0	0	0	0	0	-89	0	0	0	0	0	0	0	0	0	0	0	0	0	0	0	0	0	0	0	-62	0	0	0	0	0	0	0	0	0	0	0	0	0	0	0	0	0	0	0	0	0	0	0	0	0	0	0	0	0	0	0	3647	-3012	3657	22013	-7752	-218	-39	971	214	-1	-1	0	-38	956	211	1606974709
-48	-52	-50	0	-64	0	0	0	-77	-73	-76	-77	-80	0	0	0	0	-83	-85	-84	0	-85	-84	-84	0	0	-89	-93	0	0	0	-94	0	-63	0	-90	-91	-91	-94	-91	-90	0	0	0	0	0	0	0	0	0	0	0	0	0	0	0	0	0	0	0	0	0	0	0	0	0	0	0	0	0	0	0	0	0	0	0	0	0	0	0	0	-62	0	0	0	0	0	0	0	0	0	0	0	0	0	0	0	0	0	0	0	0	0	0	0	0	0	0	0	0	0	0	0	3632	-2997	3656	22013	-7752	-218	-39	970	213	-1	-1	0	-38	956	211	1606974711
-48	-51	-49	-62	-65	0	-69	-68	-76	-74	-76	-76	-80	-78	0	0	0	-84	-84	-85	0	0	-85	-85	0	0	-87	-95	0	0	0	0	0	-63	-62	-89	-91	-91	-90	-90	-92	0	0	0	0	0	0	0	0	0	0	0	0	0	0	0	0	0	0	0	0	0	0	0	0	0	0	0	0	0	0	0	0	0	0	0	0	0	0	0	0	-64	0	0	0	0	0	0	0	0	0	0	0	0	0	0	0	0	0	0	0	0	0	0	0	0	0	0	0	0	0	0	0	3602	-2936	3679	22013	-7755	-219	-39	970	214	-1	-1	0	-38	956	211	1606974712
-49	-51	-50	0	-64	0	0	0	-68	0	-68	-68	-73	0	0	0	0	-78	-78	-78	0	0	-78	-78	0	0	-86	0	0	0	0	-92	0	-54	0	0	-93	-95	-92	0	-91	0	0	0	0	0	0	0	0	0	0	0	0	0	0	0	0	0	0	0	0	0	0	0	0	0	0	0	-94	0	0	0	0	0	0	0	0	0	0	0	0	-64	0	0	0	0	0	0	0	0	0	0	0	0	0	0	0	0	0	0	0	0	0	0	0	0	0	0	0	0	0	0	0	3602	-2951	3649	22013	-7752	-218	-38	969	213	-1	-1	0	-38	956	211	1606974714
0	0	-49	-63	0	0	-79	-70	-68	-73	-68	-68	-73	-77	0	0	-87	-78	-78	-77	0	-87	-78	-78	0	-84	-88	0	0	0	0	0	0	-55	0	-92	-93	-94	-92	-95	-94	0	0	0	0	0	0	0	0	0	0	0	0	0	-93	0	0	0	0	0	0	0	0	0	0	0	0	0	-94	0	0	-94	0	0	0	0	0	0	0	0	0	-66	0	0	0	0	0	0	0	0	0	0	0	0	0	0	0	0	0	0	0	0	0	0	0	0	0	0	0	0	0	0	0	3602	-2966	3664	22013	-7754	-218	-38	970	214	0	0	0	-38	956	211	1606974716
-55	-51	-49	-63	-64	-54	-67	-69	-68	0	-68	-68	-74	-77	0	0	0	-78	-77	-78	0	0	-78	-78	0	0	-84	0	-92	0	0	-92	0	-55	0	-93	-93	-92	0	-95	-93	0	0	0	0	0	0	0	0	0	0	0	0	0	0	0	0	0	-78	0	0	0	0	0	0	0	0	0	-95	0	0	0	0	0	0	0	0	0	0	0	0	-61	0	0	0	0	0	0	0	0	0	0	0	0	0	0	0	0	0	0	0	0	0	0	0	0	0	0	0	0	0	0	0	3647	-3019	3619	22013	-7756	-219	-38	970	214	0	0	-1	-38	956	211	1606974717
0	-51	0	-63	0	0	-76	0	-68	-73	-67	-68	-73	-69	0	0	-86	-78	-78	-77	0	0	-78	-77	-87	-86	-88	0	0	0	0	0	0	-55	0	0	-93	-93	-91	-95	-95	0	0	-89	0	0	0	0	0	0	0	0	0	0	0	0	0	0	0	0	0	0	0	0	0	0	0	0	-95	0	0	0	0	0	0	0	0	0	0	0	0	0	0	0	0	0	0	0	0	0	0	0	0	0	0	0	0	0	0	0	0	0	0	0	0	0	0	0	0	0	0	0	0	3647	-2937	3708	22012	-7752	-220	-39	970	214	-1	-1	-1	-38	956	211	1606974719
-49	-51	0	0	-65	-54	0	0	-68	-73	-68	-68	-74	0	0	0	-86	-78	-79	-78	0	0	-77	-78	0	-86	-87	0	-92	0	0	0	0	-54	0	-93	-93	-93	-92	-95	-93	0	0	0	0	0	0	0	0	0	0	0	0	0	0	0	0	0	0	-95	0	0	0	0	0	0	0	0	-95	0	0	0	0	0	0	0	0	0	0	0	0	-65	0	0	0	0	0	0	0	0	0	0	0	0	0	0	0	0	0	0	0	0	0	0	0	0	0	0	0	0	0	0	0	3647	-3019	3694	22013	-7754	-218	-38	970	213	0	0	0	-38	956	211	1606974720
-54	-50	-48	-63	-62	-60	-78	-76	-76	-74	-77	-76	-81	-76	0	0	-86	-84	-84	-84	0	-87	-85	-84	0	-86	-85	0	0	0	0	0	0	-63	0	-89	-92	-90	-92	-90	-90	0	0	0	0	0	0	-92	0	0	0	0	0	0	0	0	0	0	0	0	0	0	0	0	0	0	0	0	0	0	0	0	0	0	0	0	0	0	0	0	0	-64	0	0	0	0	0	0	0	0	0	0	0	0	0	0	0	0	0	0	0	0	0	0	0	0	0	0	0	0	0	0	0	3632	-2967	3679	22014	-7757	-219	-38	970	214	0	0	-1	-38	956	210	1606974722
-56	-51	-48	0	-64	-55	0	0	-68	-75	-67	-67	-74	0	0	0	-87	-77	-79	-78	-88	-87	-78	-78	-89	-86	-87	0	0	0	0	0	0	-54	-63	-94	-94	-91	-92	-93	-93	0	0	0	0	0	0	0	0	0	0	0	0	0	0	0	-88	0	0	0	0	-86	0	0	0	0	0	0	-95	0	0	0	0	0	0	0	0	0	0	0	0	-62	0	0	0	0	0	0	0	0	0	0	0	0	0	0	0	0	0	0	0	0	0	0	0	0	0	0	0	0	0	0	0	3647	-2997	3686	22013	-7755	-219	-38	970	214	-1	-1	-1	-38	956	211	1606974724
-49	-51	-47	-63	-62	0	-70	-69	-68	0	-68	-67	-73	-70	-76	-88	0	-78	-78	-78	0	0	-77	-78	0	0	-88	0	0	0	0	0	0	-54	0	0	-94	-93	-93	-95	0	0	0	0	0	0	0	0	0	0	0	0	0	0	-93	0	0	0	0	0	0	0	0	0	0	0	0	0	-95	0	0	0	0	0	0	0	0	0	0	0	0	0	0	0	0	0	0	0	0	0	0	0	0	0	0	0	0	0	0	0	0	0	0	0	0	0	0	0	0	0	0	0	0	3640	-2952	3679	22013	-7753	-219	-39	970	214	-1	-1	0	-38	956	211	1606974725
-54	0	-50	-62	-64	0	-69	-69	-68	0	-68	-67	-73	-69	0	0	0	-78	-78	-78	0	-84	-78	-78	0	0	-85	0	0	0	0	0	0	-55	-64	-93	-93	-92	-93	-94	-94	0	0	0	0	0	0	0	0	0	0	0	0	0	-93	0	0	0	0	0	0	0	-95	0	0	0	0	0	-93	0	0	0	0	0	0	0	0	0	0	0	0	-63	0	0	0	0	0	0	0	0	0	0	0	0	0	0	0	0	0	0	0	0	0	0	0	0	0	0	0	0	0	0	0	3632	-2936	3671	22014	-7757	-218	-38	970	213	-1	-1	0	-38	956	211	1606974727
0	-51	-48	-63	0	-56	-77	-70	-68	-75	-68	-67	-73	-69	0	-88	-82	-78	-78	-78	0	-85	-78	-78	0	0	-87	0	0	0	0	0	0	-54	0	-94	-94	0	-93	-93	0	0	0	0	0	0	0	0	0	0	0	0	0	0	0	0	0	0	0	0	0	0	0	0	0	0	0	0	-95	0	0	0	0	0	0	0	0	0	0	0	0	-61	0	0	0	0	0	0	0	0	0	0	0	0	0	0	0	0	0	0	0	0	0	0	0	0	0	0	0	0	0	0	0	3602	-2966	3649	22013	-7751	-219	-38	970	214	-1	-1	0	-38	956	211	1606974728
0	-50	-47	0	-63	-55	-77	-69	-68	0	-68	-68	-74	-76	0	-88	0	-78	-78	-77	0	-86	-78	-77	0	0	-87	0	0	0	0	0	0	-54	-60	0	-94	-95	-93	-94	0	-88	-86	0	0	0	0	0	0	0	0	0	0	0	-96	0	0	0	0	0	0	0	-96	0	0	0	0	0	-93	0	-87	-94	0	0	0	0	0	0	0	0	0	0	0	0	0	0	0	0	0	0	0	0	0	0	0	0	0	0	0	0	0	0	0	0	0	0	0	0	0	0	0	0	0	3647	-2937	3649	22013	-7753	-218	-37	970	214	-1	-1	-1	-38	956	211	1606974730
-49	-51	-49	0	-67	0	0	0	-68	0	-67	-68	-74	0	0	0	0	-78	-77	-77	0	0	-78	-78	0	0	-85	0	0	0	0	0	0	-54	0	0	-92	-93	-92	-95	0	0	0	0	0	0	0	0	0	0	0	0	0	0	0	0	0	0	0	0	0	0	0	0	0	0	0	0	-94	0	0	0	0	0	0	0	0	0	0	0	0	-61	0	0	0	0	0	0	0	0	0	0	0	0	0	0	0	0	0	0	0	0	0	0	0	0	0	0	0	0	0	0	0	3647	-2952	3664	22014	-7756	-218	-38	970	212	-1	-1	-1	-38	956	211	1606974732
-49	-50	-49	-61	-65	-61	-69	-69	-76	-75	-77	-76	-81	-76	0	0	0	-84	-85	-84	0	0	-84	-85	0	0	-84	0	0	0	0	0	0	-62	0	-91	-90	-91	-92	-90	-90	0	0	0	0	0	0	0	0	0	0	0	0	0	0	0	0	0	0	0	0	0	0	0	0	0	0	0	0	0	0	0	0	0	0	0	0	0	0	0	0	-61	0	0	0	0	0	0	0	0	0	0	0	0	0	0	0	0	0	0	0	0	0	0	0	0	0	0	0	0	0	0	0	3647	-2952	3679	22013	-7753	-218	-38	970	214	-1	-1	-1	-38	956	211	1606974733
0	-51	-49	-61	-65	0	-70	-78	-67	-73	-68	-68	-73	-69	0	0	0	-77	-78	-77	0	0	-78	-77	0	0	0	0	0	0	0	0	0	-55	-63	-92	-92	-94	-94	-94	-93	-92	0	-87	0	0	0	0	0	-91	0	0	0	0	0	0	0	0	0	0	0	0	0	0	0	0	0	0	0	0	-86	0	0	0	0	0	0	0	0	0	0	-61	0	0	0	0	0	0	0	0	0	0	0	0	0	0	0	0	0	0	0	0	0	0	0	0	0	0	0	0	0	0	0	3647	-2997	3664	22013	-7754	-219	-38	970	213	-1	-1	0	-38	956	211	1606974735
-48	-51	-47	0	-67	0	0	0	-68	-73	-68	-68	-73	0	0	0	0	-77	-78	-77	0	-84	-78	-78	0	0	-87	0	0	0	0	0	0	-54	0	0	0	-92	-92	-94	0	0	0	0	0	0	0	0	0	0	0	0	0	0	0	0	0	0	-77	0	0	0	0	0	0	0	0	0	-94	0	-90	-93	0	0	0	0	0	0	0	0	0	-62	0	0	0	0	0	0	0	0	0	0	0	0	0	0	0	0	0	0	0	0	0	0	0	0	0	0	0	0	0	0	0	3647	-2967	3649	22014	-7758	-219	-38	970	213	-1	-1	0	-38	957	210	1606974736
0	-50	-49	-61	-65	-55	-69	-69	-68	-75	-68	-68	-73	-77	-76	-87	-85	-78	-78	-79	-87	-84	-78	-77	-90	-83	-85	0	0	0	0	0	0	-56	0	0	-93	-94	-92	0	-94	0	0	0	0	0	0	0	0	0	0	0	0	0	0	0	0	0	0	0	0	0	0	0	0	0	0	0	-93	0	0	0	0	0	0	0	0	0	0	0	0	-61	0	0	0	0	0	0	0	0	0	0	0	0	0	0	0	0	0	0	0	0	0	0	0	0	0	0	0	0	0	0	0	3632	-2982	3649	22013	-7755	-219	-39	970	214	-1	-1	-1	-38	956	211	1606974738
-48	-51	-49	-62	-62	-54	-67	-69	0	-74	-68	-68	-73	-77	0	0	-87	-78	-78	-78	-89	-86	-77	-77	-86	-86	-87	0	0	0	0	0	0	-55	0	0	-95	-94	-93	-95	-93	0	-86	0	0	0	0	0	0	0	0	0	0	0	0	0	0	0	0	0	0	0	0	0	0	0	0	0	-94	0	0	0	0	0	0	0	0	0	0	0	0	-59	0	0	0	0	0	0	0	0	0	0	0	0	0	0	0	0	0	0	0	0	0	0	0	0	0	0	0	0	0	0	0	3647	-3012	3657	22013	-7753	-219	-38	971	213	-1	-1	-1	-38	956	211	1606974740
0	-51	-48	-62	0	0	-69	0	-68	-73	-67	-68	-73	-69	0	0	-86	-78	-77	-78	-86	-85	-77	-77	-85	-86	-86	0	0	0	0	0	0	-54	-63	0	0	0	-92	0	0	0	0	-90	0	0	0	0	0	0	0	0	0	0	0	0	0	0	0	0	0	0	0	0	0	0	0	0	-93	0	0	0	0	0	0	0	0	0	0	0	0	-59	0	0	0	0	0	0	0	0	0	0	0	0	0	0	0	0	0	0	0	0	0	0	0	0	0	0	0	0	0	0	0	3602	-2981	3664	22014	-7758	-219	-38	970	213	0	-1	0	-38	957	210	1606974741
-54	-52	-47	0	0	0	-69	-69	-68	0	-68	-67	-73	-69	0	0	0	-78	-78	-78	0	-87	-78	-78	0	0	-86	0	0	0	0	0	0	-54	0	0	-94	-93	-92	-95	-93	0	-87	0	0	0	0	0	0	0	0	0	0	0	0	0	0	0	0	0	0	0	0	0	0	0	0	0	-91	0	0	0	0	0	0	0	0	0	0	0	0	-61	0	0	0	0	0	0	0	0	0	0	0	0	0	0	0	0	0	0	0	0	0	0	0	0	0	0	0	0	0	0	0	3587	-2996	3664	22012	-7752	-220	-38	970	214	-1	-1	-1	-38	956	211	1606974743
0	0	0	0	-64	0	0	0	-68	0	-68	-67	-73	0	0	0	0	-78	-77	-78	0	-85	-77	-78	0	0	-88	0	-93	0	0	0	0	-55	0	-94	-93	-93	-94	-93	0	0	0	0	0	0	0	0	0	0	0	0	-87	0	0	0	0	0	0	0	0	0	0	0	0	0	0	0	-93	0	0	-96	0	0	0	0	0	0	0	0	0	-61	0	0	0	0	0	0	0	0	0	0	0	0	0	0	0	0	0	0	0	0	0	0	0	0	0	0	0	0	0	0	0	3602	-2951	3664	22013	-7754	-220	-39	970	213	-1	-1	-1	-38	956	211	1606974745
-48	0	-49	-63	-64	0	0	-69	-68	-74	-68	-67	-74	-69	0	0	0	-78	-78	-77	0	-85	-78	-77	0	0	-86	0	0	0	0	0	0	-54	0	-93	-94	-92	-94	0	-92	0	0	-90	0	0	0	0	0	0	0	0	0	0	0	0	0	0	0	0	0	0	0	0	0	0	0	0	-93	0	0	0	0	0	0	0	0	0	0	0	0	-64	0	0	0	0	0	0	0	0	0	0	0	0	0	0	0	0	0	0	0	0	0	0	0	0	0	0	0	0	0	0	0	3647	-2952	3716	22014	-7757	-220	-39	971	213	-1	-1	-1	-38	956	210	1606974746
-47	-51	-47	-63	-64	0	-76	-69	-68	0	-68	-67	-73	-69	0	0	0	-77	-77	-78	0	-84	-78	-77	0	0	-87	0	0	0	0	0	0	-55	0	0	-93	-94	-91	-94	0	0	0	0	0	0	0	0	0	0	0	0	0	0	0	0	0	0	0	0	0	0	0	0	0	0	0	0	-92	0	0	0	0	0	0	0	0	0	0	0	0	-65	0	0	0	0	0	0	0	0	0	0	0	0	0	0	0	0	0	0	0	0	0	0	0	0	0	0	0	0	0	0	0	3647	-2936	3619	22013	-7755	-220	-38	970	213	-1	-1	-1	-38	956	211	1606974748
-48	-51	-48	-63	-63	0	-70	-69	-76	-73	-77	-76	-80	-68	0	0	-84	-84	-84	-84	-85	-84	-84	-85	-83	-84	0	0	0	0	0	0	0	-63	0	-91	-89	-91	-91	-92	-90	0	0	0	0	0	0	0	0	0	0	0	0	0	0	0	0	0	0	0	0	0	0	0	0	0	0	0	0	0	0	0	0	0	0	0	0	0	0	0	0	-64	0	0	0	0	0	0	0	0	0	0	0	0	0	0	0	0	0	0	0	0	0	0	0	0	0	0	0	0	0	0	0	3572	-2966	3679	22013	-7752	-219	-38	970	214	-1	-1	0	-38	956	211	1606974749
0	-51	-49	0	-64	0	0	0	-76	-75	-77	-75	-79	0	-78	0	-86	-84	-84	-84	0	-84	-84	-84	-86	0	-87	-92	0	0	0	0	0	-63	0	-92	-90	-91	-92	-90	-91	0	0	-87	0	0	0	0	0	0	0	0	0	0	0	0	0	0	0	0	0	0	0	0	0	0	0	0	0	0	0	0	0	0	0	0	0	0	0	0	0	-60	0	0	0	0	0	0	0	0	0	0	0	0	0	0	0	0	0	0	0	0	0	0	0	0	0	0	0	0	0	0	0	3647	-2869	3693	22013	-7754	-219	-39	970	213	-1	-1	-1	-38	956	211	1606974751
0	-51	-52	-63	0	-56	-78	-69	-68	-73	-68	-68	-74	-77	0	0	0	-78	-77	-77	0	0	-77	-79	0	0	-87	0	0	0	0	0	0	-54	-64	-92	-95	-94	-92	-93	-93	-90	0	0	0	0	0	0	0	0	0	0	0	0	0	0	0	0	0	0	0	0	0	0	0	0	0	0	-92	0	0	-94	0	0	0	0	0	0	0	0	0	0	0	0	0	0	0	0	0	0	0	0	0	0	0	0	0	0	0	0	0	0	0	0	0	0	0	0	0	0	0	0	0	3692	-2967	3701	22013	-7755	-219	-38	970	214	-1	0	-1	-38	956	211	1606974752
-49	-51	0	-62	-64	0	0	0	-76	-68	-76	-77	-79	-70	0	0	0	-84	-84	-84	0	-84	-84	-84	0	0	-88	0	0	0	0	0	0	-63	0	-90	-91	-89	-91	-90	-90	-90	-86	0	0	0	0	0	0	0	0	0	0	0	0	0	0	0	0	0	0	0	0	0	0	0	0	0	0	0	0	0	0	0	0	0	0	0	0	0	0	-61	0	0	0	0	0	0	0	0	0	0	0	0	0	0	0	0	0	0	0	0	0	0	0	0	0	0	0	0	0	0	0	3662	-2952	3664	22013	-7753	-220	-39	970	214	0	-1	-1	-38	956	211	1606974754
0	-51	-51	-62	-66	-57	-69	-77	-67	-74	-68	-68	-74	-77	0	0	-85	-78	-78	-77	-86	-86	-78	-78	0	-85	-86	0	0	0	0	0	0	-54	0	-93	-94	-92	-92	-95	-93	0	0	0	0	0	0	0	0	0	0	0	0	0	0	0	0	0	0	0	0	0	0	0	0	0	0	0	-93	0	-84	-96	0	0	0	0	0	0	0	0	0	0	0	0	0	0	0	0	0	0	0	0	0	0	0	0	0	0	0	0	0	0	0	0	0	0	0	0	0	0	0	0	0	3692	-2967	3671	22014	-7757	-219	-38	970	213	-1	-1	-1	-38	956	211	1606974755
-48	-52	-52	0	-67	-56	-69	-69	-68	-74	-68	-68	-73	-70	0	0	-86	-78	-78	-78	0	-84	-78	-78	0	0	-84	-91	0	0	0	0	0	-56	0	-92	-94	-94	-93	-93	-93	0	0	-90	0	0	0	0	0	0	0	0	0	0	0	0	0	0	0	0	0	0	0	0	0	0	0	0	-91	0	0	0	0	0	0	0	0	0	0	0	0	-61	0	0	0	0	0	0	0	0	0	0	0	0	0	0	0	0	0	0	0	0	0	0	0	0	0	0	0	0	0	0	0	3662	-2952	3679	22013	-7756	-220	-38	970	214	-1	-1	0	-38	956	211	1606974757
-49	-52	0	0	-65	0	0	0	-67	-74	-68	-68	-74	0	0	0	0	-77	-77	-78	0	-77	-77	-77	0	0	0	0	0	0	0	0	0	-55	0	0	-93	-92	-94	-93	-93	0	-85	0	0	0	0	0	0	0	-90	0	0	0	0	0	0	0	0	0	0	0	0	0	0	0	0	0	-94	0	0	0	0	0	0	0	0	0	0	0	0	-62	0	0	0	0	0	0	0	0	0	0	0	0	0	0	0	0	0	0	0	0	0	0	0	0	0	0	0	0	0	0	0	3482	-3011	3679	22013	-7755	-219	-38	970	213	-1	-1	-1	-38	956	211	1606974758
-47	-51	-50	0	-63	0	0	0	-67	-74	-68	-68	-73	0	0	0	0	-78	-78	-78	0	-86	-78	-78	0	0	-91	0	0	0	0	0	0	-56	-64	0	-93	-93	-93	-93	-94	0	0	0	0	0	0	0	0	0	0	0	-93	0	0	0	0	0	0	0	0	0	-94	0	0	0	0	0	-94	0	0	0	0	0	0	0	0	0	0	0	0	-63	0	0	0	0	0	0	0	0	0	0	0	0	0	0	0	0	0	0	0	0	0	0	0	0	0	0	0	0	0	0	0	3692	-2997	3649	22013	-7754	-219	-39	971	213	-1	-1	-1	-38	956	211	1606974760
-48	-54	-49	-63	-65	0	-70	-70	-75	-75	-76	-77	-80	-70	0	0	-84	-84	-84	-85	-86	-82	-85	-85	-84	-86	-86	0	0	0	0	0	0	-63	0	-90	-92	-90	-94	-89	-89	0	-87	-89	0	0	0	0	0	0	0	0	0	0	0	0	0	0	0	0	0	0	0	0	0	0	0	0	0	0	0	0	0	0	0	0	0	0	0	0	0	-65	0	0	0	0	0	0	0	0	0	0	0	0	0	0	0	0	0	0	0	0	0	0	0	0	0	0	0	0	0	0	0	3662	-2922	3694	22013	-7756	-220	-39	970	213	-1	-1	0	-38	956	211	1606974762
-47	-50	-50	-62	-65	0	-69	-69	-67	-74	-68	-68	-74	-77	0	0	0	-79	-78	-78	0	-86	-78	-78	0	0	-89	0	0	0	0	0	0	-54	0	0	-93	-93	-92	-94	0	0	0	0	0	0	0	0	0	0	0	0	0	0	0	0	0	0	0	0	0	-89	0	0	0	0	0	0	-95	0	-85	0	0	0	0	0	0	0	0	0	0	-61	0	0	0	0	0	0	0	0	0	0	0	0	0	0	0	0	0	0	0	0	0	0	0	0	0	0	0	0	0	0	0	3662	-2996	3604	22013	-7753	-220	-38	970	213	-1	-1	0	-38	956	211	1606974763
-48	-51	0	-62	-67	-57	-78	-68	-68	-73	-67	-67	-73	-69	0	0	0	-78	-78	-79	0	0	-77	-77	0	0	-90	0	0	0	0	0	0	-55	0	-93	-93	-92	-93	-93	-93	0	0	0	0	0	0	0	0	0	0	0	0	0	0	0	0	0	0	0	0	0	0	0	0	0	0	0	-94	0	0	0	0	0	0	0	0	0	0	0	0	0	0	0	0	0	0	0	0	0	0	0	0	0	0	0	0	0	0	0	0	0	0	0	0	0	0	0	0	0	0	0	0	3647	-2952	3716	22013	-7754	-219	-38	970	213	-1	-1	-1	-38	956	211	1606974765
-49	0	-56	-63	-64	0	-77	-70	-68	0	-67	-68	-73	-70	0	0	0	-78	-77	-78	0	-86	-78	-78	0	0	-85	0	0	0	0	0	0	-54	0	-92	-93	-92	-91	-94	0	-91	0	0	0	0	0	0	0	0	0	0	0	0	0	0	0	0	0	0	0	0	0	0	0	0	0	0	-94	0	0	0	0	0	0	0	0	0	0	0	0	-68	0	0	0	0	0	0	0	0	0	0	0	0	0	0	0	0	0	0	0	0	0	0	0	0	0	0	0	0	0	0	0	3662	-2936	3619	22013	-7756	-219	-38	970	213	-1	-1	-1	-38	956	211	1606974767
-54	-52	-52	-62	-67	-60	-71	-70	-77	0	-77	-76	-81	-70	0	0	0	-84	-85	-84	0	0	-84	-85	0	0	0	0	0	0	0	0	0	-62	-61	-91	-89	-92	-93	-91	-89	-90	-87	0	0	0	0	0	0	0	0	0	0	0	0	0	0	0	0	0	0	0	0	0	0	0	0	0	0	0	0	0	0	0	0	0	0	0	0	0	0	-63	0	0	0	0	0	0	0	0	0	0	0	0	0	0	0	0	0	0	0	0	0	0	0	0	0	0	0	0	0	0	0	3662	-2952	3649	22013	-7754	-219	-39	970	214	-1	-1	0	-38	956	211	1606974768
-48	-52	-52	-70	-65	0	-71	-72	0	-75	-68	-67	-73	-70	0	0	0	-78	-78	-79	0	-85	-78	-78	0	0	-86	0	0	0	0	0	0	-55	0	0	-93	-93	-93	0	-92	0	-88	0	0	0	0	0	0	0	0	0	0	0	0	0	0	0	0	0	0	0	0	0	0	0	0	0	-93	0	0	-95	0	0	0	0	0	0	0	0	0	-64	0	0	0	0	0	0	0	0	0	0	0	0	0	0	0	0	0	0	0	0	0	0	0	0	0	0	0	0	0	0	0	3625	-2997	3656	22013	-7754	-219	-38	970	212	-1	-1	0	-38	956	211	1606974770
-48	0	0	-63	-64	-61	-69	0	-76	-75	-77	-77	-80	-70	0	0	-87	-84	-85	-85	-86	-85	-84	-85	-85	-84	-83	0	-93	0	0	-92	0	-64	0	-91	-92	-91	0	-91	-91	0	-89	0	0	0	-90	0	0	0	-89	0	0	0	0	0	0	0	0	0	0	0	0	0	0	0	0	0	0	0	0	0	0	0	0	0	0	0	0	0	0	-66	0	0	0	0	0	0	0	0	0	0	0	0	0	0	0	0	0	0	0	0	0	0	0	0	0	0	0	0	0	0	0	3654	-2936	3619	22013	-7756	-219	-38	970	213	-1	-1	-1	-38	956	211	1606974771
0	-52	-48	-62	-64	-61	-69	-69	-76	-74	-77	-77	-80	-69	0	0	-88	-85	-85	-85	-85	-84	-86	-85	-83	-84	-86	0	0	0	0	0	0	-62	-61	-90	-89	-89	-92	-90	-89	-89	0	0	0	0	0	0	0	0	0	0	0	0	0	0	-87	0	0	0	0	0	0	0	0	0	0	0	0	0	0	0	0	0	0	0	0	0	0	0	0	-66	0	0	0	0	0	0	0	0	0	0	0	0	0	0	0	0	0	0	0	0	0	0	0	0	0	0	0	0	0	0	0	3655	-3012	3649	22013	-7754	-219	-39	970	213	-1	-1	0	-38	956	211	1606974773
-55	-52	-48	0	-64	-61	-70	0	-76	0	-76	-77	-81	0	0	0	0	-84	-85	-84	0	0	-85	-84	0	-84	-87	-93	-94	0	0	0	0	-63	0	-90	-92	-89	-92	-91	-90	0	-86	0	0	0	-91	0	0	0	0	0	0	-89	0	0	0	0	0	0	0	0	0	0	0	0	0	0	0	0	0	0	0	0	0	0	0	0	0	0	0	-66	0	0	0	0	0	0	0	0	0	0	0	0	0	0	0	0	0	0	0	0	0	0	0	0	0	0	0	0	0	0	0	3655	-2997	3664	22013	-7754	-219	-38	970	213	-1	-1	-1	-38	956	211	1606974775
0	-51	-53	-62	-65	0	0	0	-68	0	-67	-68	-73	0	0	0	-83	-78	-79	-77	0	0	-78	-79	0	0	-88	0	0	0	0	0	0	-54	0	0	-92	-94	-94	-95	0	0	0	0	0	0	0	0	0	0	0	0	0	0	-95	0	0	0	0	0	0	0	0	0	0	0	0	0	-95	0	0	0	0	0	0	0	0	0	0	0	0	-63	0	0	0	0	0	0	0	0	0	0	0	0	0	0	0	0	0	0	0	0	0	0	0	0	0	0	0	0	0	0	0	3647	-2952	3709	22014	-7758	-219	-39	969	213	-1	-1	-1	-38	956	210	1606974776
-53	0	-50	-61	-63	-61	-70	0	-76	-74	-76	-76	-80	-70	0	0	-86	-84	-84	-84	0	-85	-84	-85	-84	-85	0	0	0	0	0	-93	0	-62	0	-89	-90	-90	0	-90	-90	0	0	-86	0	0	0	0	0	0	0	0	0	0	0	0	0	0	0	0	0	0	0	0	0	0	0	0	0	0	0	0	0	0	0	0	0	0	0	0	0	0	0	0	0	0	0	0	0	0	0	0	0	0	0	0	0	0	0	0	0	0	0	0	0	0	0	0	0	0	0	0	0	3632	-2936	3679	22013	-7754	-219	-38	970	214	0	0	0	-38	956	211	1606974778
-53	-51	-52	0	-65	0	0	0	-68	-73	-68	-68	-73	0	0	0	0	-78	-78	-77	-88	-86	-78	-78	-84	-87	-87	0	0	0	0	0	0	-54	0	0	-93	-93	-91	-93	-93	0	-87	0	0	0	0	0	0	0	0	0	0	0	0	0	0	0	0	0	0	0	0	0	0	0	0	0	-92	0	0	0	0	0	0	0	0	0	0	0	0	-66	0	0	0	0	0	0	0	0	0	0	0	0	0	0	0	0	0	0	0	0	0	0	0	0	0	0	0	0	0	0	0	3647	-2952	3679	22013	-7756	-219	-38	970	214	-1	-1	-1	-38	956	211	1606974779
0	-50	-51	-61	0	0	-70	-70	-68	0	-67	-68	-73	-77	0	0	0	-78	-78	-78	0	-88	-78	-78	0	0	-86	0	0	0	0	0	0	-54	0	-93	-94	-93	-92	-93	-91	0	0	0	0	0	0	0	0	0	0	0	0	0	-93	0	0	0	0	0	0	0	-96	0	0	0	0	0	-94	0	0	0	0	0	0	0	0	0	0	0	0	-67	0	0	0	0	0	0	0	0	0	0	0	0	0	0	0	0	0	0	0	0	0	0	0	0	0	0	0	0	0	0	0	3647	-2952	3664	22014	-7758	-219	-39	970	213	-1	-1	0	-38	956	210	1606974781
-48	-52	-51	0	-63	-57	0	-70	-68	-74	-68	-67	-73	-70	0	0	0	-78	-78	-78	0	0	-77	-78	0	0	-86	0	0	0	0	-92	0	-56	-63	-93	-94	-92	-92	-94	-95	0	0	0	0	0	0	0	0	0	0	0	0	0	-95	0	0	0	0	-94	0	0	0	0	0	0	0	0	-95	0	-84	0	0	0	0	0	0	0	0	0	0	-67	0	0	0	0	0	0	0	0	0	0	0	0	0	0	0	0	0	0	0	0	0	0	0	0	0	0	0	0	0	0	0	3662	-2937	3664	22013	-7756	-219	-38	970	213	0	0	-1	-38	956	211	1606974783
-48	-51	-51	-62	-63	0	-71	-78	-76	-74	-77	-76	-81	-70	0	0	-87	-84	-84	-84	0	0	-85	-85	0	-87	-87	0	0	0	0	0	0	-62	0	-89	-89	-91	-91	-89	-89	0	0	0	0	0	0	0	0	0	0	0	0	0	0	0	0	0	0	0	0	0	0	0	0	0	0	0	0	0	0	0	0	0	0	0	0	0	0	0	0	-66	0	0	0	0	0	0	0	0	0	0	0	0	0	0	0	0	0	0	0	0	0	0	0	0	0	0	0	0	0	0	0	3662	-2907	3649	22013	-7754	-218	-39	970	213	-1	-1	-1	-38	956	211	1606974784
-54	-51	-54	0	-67	0	0	0	-68	-75	-68	-68	-74	0	0	-86	0	-79	-77	-78	0	0	-78	-77	0	0	-83	0	0	0	0	0	0	-54	0	-95	-93	-93	-92	-94	0	-90	-88	0	0	0	0	0	0	0	0	0	0	0	-94	0	0	0	0	0	0	0	0	0	0	0	0	0	-92	0	0	0	0	0	0	0	0	0	0	0	0	-67	0	0	0	0	0	0	0	0	0	0	0	0	0	0	0	0	0	0	0	0	0	0	0	0	0	0	0	0	0	0	0	3602	-2959	3649	22014	-7756	-219	-39	970	213	-1	-1	-1	-38	956	211	1606974786
0	-50	-51	0	-65	-57	-70	0	-68	0	-68	-68	-75	-69	-76	0	0	-77	-77	-77	0	0	-78	-77	0	0	0	0	0	0	0	0	0	-55	0	-96	-91	-93	-92	-94	0	-90	0	0	0	0	0	0	0	0	0	0	0	0	-96	0	0	0	0	0	0	0	0	0	0	0	0	0	-93	0	0	0	0	0	0	0	0	0	0	0	0	-68	0	0	0	0	0	0	0	0	0	0	0	0	0	0	0	0	0	0	0	0	0	0	0	0	0	0	0	0	0	0	0	3647	-2967	3649	22013	-7753	-219	-38	971	214	-1	-1	0	-38	956	211	1606974787
-48	-49	-54	-59	-66	0	-77	-76	-78	-74	-77	-78	-78	-71	0	0	0	-84	-83	-84	0	0	-85	-84	0	0	-85	0	0	0	0	-93	0	-60	0	-89	-91	-91	-91	-90	-91	0	0	0	0	0	0	0	0	0	0	0	0	0	0	0	0	0	0	0	0	0	0	0	0	0	0	0	0	0	0	0	0	0	0	0	0	0	0	0	0	-69	0	0	0	0	0	0	0	0	0	0	0	0	0	0	0	0	0	0	0	0	0	0	0	0	0	0	0	0	0	0	0	3647	-2937	3723	22013	-7755	-219	-39	970	213	-1	-1	-1	-38	956	211	1606974789
-52	-51	-53	0	-57	-54	-69	-69	-68	0	-68	-69	-74	-70	0	0	0	-78	-78	-78	0	0	-79	-79	0	0	-84	0	0	0	0	0	0	-54	-62	0	-92	-95	-93	-94	0	0	0	0	0	0	0	0	0	0	0	0	0	0	0	0	0	0	0	0	0	0	0	0	0	0	0	0	-95	0	0	0	0	0	0	0	0	0	0	0	0	-67	0	0	0	0	0	0	0	0	0	0	0	0	0	0	0	0	0	0	0	0	0	0	0	0	0	0	0	0	0	0	0	3587	-2966	3679	22014	-7759	-219	-38	970	213	0	0	-1	-38	957	210	1606974791
-48	-49	-55	-60	-62	-60	-71	-71	-77	0	-77	-77	-79	-72	0	0	0	-84	-85	-85	0	0	-85	-84	0	0	-85	0	0	0	0	0	0	-60	0	-93	-90	-90	-93	-91	-92	0	-86	-90	0	0	0	0	0	-89	0	0	0	0	0	0	0	0	0	0	0	0	0	0	0	0	0	0	0	0	0	0	0	0	0	0	0	0	0	0	0	-68	0	0	0	0	0	0	0	0	0	0	0	0	0	0	0	0	0	0	0	0	0	0	0	0	0	0	0	0	0	0	0	3640	-2997	3679	22013	-7755	-219	-39	970	214	-1	0	-1	-38	956	211	1606974792
-54	-50	0	-59	0	-54	0	-67	-68	-71	-68	-69	-72	-70	0	0	0	-78	-78	-77	0	0	-77	-78	0	0	-87	-92	-94	0	0	0	0	-53	0	-94	-94	-92	-93	-93	-93	0	0	0	0	0	0	0	0	0	0	0	0	0	0	0	0	0	0	-94	0	0	0	0	0	0	0	0	-92	0	0	0	0	0	0	0	0	0	0	0	0	-59	0	0	0	0	0	0	0	0	0	0	0	0	0	0	0	0	0	0	0	0	0	0	0	0	0	0	0	0	0	0	0	3647	-2967	3656	22014	-7757	-218	-39	970	214	-1	-1	0	-38	956	211	1606974794
0	-50	-57	0	-67	-55	-70	-70	-69	-67	-69	-69	-77	-68	0	-87	0	-78	-77	-78	0	0	-78	-79	0	0	-87	-93	-92	0	0	0	0	-57	0	-95	-92	-92	-91	-92	-91	0	0	0	0	0	0	0	0	0	0	0	0	0	0	0	0	0	0	0	0	0	0	0	0	0	0	0	-93	0	0	0	0	0	0	0	0	0	0	0	0	-60	0	0	0	0	0	0	0	0	0	0	0	0	0	0	0	0	0	0	0	0	0	0	0	0	0	0	0	0	0	0	0	3647	-2967	3694	22013	-7754	-218	-38	970	212	0	-1	-1	-38	956	211	1606974795
-46	-52	-55	-60	-63	0	-71	0	-72	-74	-71	-71	-75	-71	0	0	0	-78	-78	-77	0	0	-78	-78	0	0	-84	0	0	0	0	0	0	-57	0	-93	-93	-93	-93	-92	-93	0	0	0	0	0	0	0	0	0	0	0	0	0	-95	0	0	0	0	-94	0	0	0	0	0	0	0	0	-94	0	0	0	0	0	0	0	0	0	0	0	0	-65	0	0	0	0	0	0	0	0	0	0	0	0	0	0	0	0	0	0	0	0	0	0	0	0	0	0	0	0	0	0	0	3647	-2952	3619	22014	-7756	-218	-39	970	212	-1	-1	-1	-38	956	211	1606974797
-54	-51	-49	-57	-65	-63	-74	-70	-77	-73	-76	-76	-80	-69	0	0	0	-84	-84	-85	0	0	-84	-84	0	0	-87	0	0	0	0	-93	0	-64	0	-91	-90	-89	-91	-91	-91	0	0	0	0	0	0	0	0	0	0	0	0	0	0	0	0	0	0	0	0	0	0	0	0	0	0	0	0	0	0	0	0	0	0	0	0	0	0	0	0	-66	0	0	0	0	0	0	0	0	0	0	0	0	0	0	0	0	0	0	0	0	0	0	0	0	0	0	0	0	0	0	0	3640	-3012	3664	22013	-7753	-218	-38	970	213	0	-1	-1	-38	956	211	1606974799
0	0	-47	-59	0	0	-73	-74	-75	0	-75	-74	-79	-73	0	0	0	-84	-84	-84	0	0	-85	-85	0	0	0	0	0	0	0	0	0	-61	0	-89	-90	-89	-93	-89	-89	0	0	0	0	0	0	-85	0	0	0	0	0	0	0	0	0	0	0	0	0	0	0	0	0	0	0	0	0	0	0	0	0	0	0	0	0	0	0	0	0	-63	0	0	0	0	0	0	0	0	0	0	0	0	0	0	0	0	0	0	0	0	0	0	0	0	0	0	0	0	0	0	0	3602	-2996	3641	22014	-7756	-219	-39	971	214	0	-1	-1	-38	956	211	1606974800
0	-48	-45	-58	0	0	-73	-73	-67	-74	-68	-68	-74	-73	0	0	0	-78	-78	-79	0	0	-79	-78	0	0	-87	0	0	0	0	0	0	-56	-63	-95	-93	-95	-92	-92	-94	-89	-88	0	0	0	0	0	0	0	0	0	0	0	0	0	0	0	0	-94	0	0	0	0	0	0	0	0	-93	0	0	0	0	0	0	0	0	0	0	0	0	-68	0	0	0	0	0	0	0	0	0	0	0	0	0	0	0	0	0	0	0	0	0	0	0	0	0	0	0	0	0	0	0	3602	-2966	3679	22014	-7757	-218	-39	971	213	0	-1	0	-38	956	211	1606974802
-51	-49	-47	0	-63	-56	0	0	-67	0	-67	-68	-73	0	0	0	-85	-78	-78	-78	0	-84	-78	-78	-89	-86	0	-92	-93	0	0	-90	0	-56	0	0	0	-95	-91	-94	0	0	0	0	0	0	0	0	0	0	0	0	0	0	0	0	0	0	0	0	0	0	0	0	0	0	0	0	-91	0	0	0	0	0	0	0	0	0	0	0	0	-68	0	0	0	0	0	0	0	0	0	0	0	0	0	0	0	0	0	0	0	0	0	0	0	0	0	0	0	0	0	0	0	3632	-2936	3679	22014	-7756	-218	-38	970	214	0	-1	0	-38	956	211	1606974804
-50	-48	-45	-58	-64	-61	0	0	-77	0	-76	-75	-81	0	0	0	0	-84	-84	-83	0	0	-84	-84	0	-85	0	0	-93	0	0	0	0	-61	-64	-90	-90	-89	-93	-91	-90	-88	0	0	0	0	0	0	0	0	0	0	0	0	0	0	0	0	0	0	0	0	0	0	0	0	0	0	0	0	0	0	0	0	0	0	0	0	0	0	0	-59	0	0	0	0	0	0	0	0	0	0	0	0	0	0	0	0	0	0	0	0	0	0	0	0	0	0	0	0	0	0	0	3632	-2899	3671	22014	-7759	-219	-38	971	212	-1	-1	-1	-38	957	210	1606974805
-49	-49	0	-60	-60	-56	-70	0	-68	0	-67	-68	-73	-71	0	0	0	-78	-77	-77	0	-84	-77	-78	0	0	-84	0	0	0	0	0	0	-55	0	-93	-92	-94	-92	-94	-93	0	-87	0	0	0	0	-80	0	0	0	0	0	-88	0	0	0	0	0	0	0	0	0	0	0	0	0	0	-91	0	0	0	0	0	0	0	0	0	0	0	0	-69	0	0	0	0	0	0	0	0	0	0	0	0	0	0	0	0	0	0	0	0	0	0	0	0	0	0	0	0	0	0	0	3647	-3012	3664	22013	-7755	-219	-38	970	214	-1	0	0	-38	956	211	1606974807
-48	-49	-53	0	-57	-55	0	-75	-68	-73	-68	-68	-73	-75	0	-87	0	-77	-78	-78	0	-86	-78	-77	0	0	-86	0	0	0	0	0	0	-56	0	-95	-93	-93	0	-96	0	0	0	0	0	0	0	0	0	0	0	0	0	0	0	0	0	0	0	0	0	0	0	0	0	0	0	0	-95	0	0	0	0	0	0	0	0	0	0	0	0	-67	0	0	0	0	0	0	0	0	0	0	0	0	0	0	0	0	0	0	0	0	0	0	0	0	0	0	0	0	0	0	0	3542	-2951	3679	22013	-7755	-219	-39	969	213	-1	0	-1	-38	956	211	1606974808
-47	0	-49	-60	-65	0	-71	-76	-67	-72	-68	-68	-74	-77	0	0	-86	-78	-77	-78	0	-83	-78	-78	0	0	-87	0	0	0	0	0	0	-56	0	0	-94	-93	-90	-93	-95	0	0	0	-84	0	0	0	0	0	0	0	0	0	0	0	0	0	0	0	0	0	0	0	0	0	0	0	-92	0	0	0	0	0	0	0	0	0	0	0	0	-67	0	0	0	0	0	0	0	0	0	0	0	0	0	0	0	0	0	0	0	0	0	0	0	0	0	0	0	0	0	0	0	3662	-2967	3679	22013	-7754	-219	-38	970	214	-1	-1	-1	-38	956	211	1606974810
-48	-51	-56	-63	-66	-62	-75	0	-75	-75	-74	-75	-80	-71	0	0	-85	-84	-85	-84	0	-86	-83	-84	-89	-86	-84	0	0	0	0	0	0	-63	0	-90	-90	-90	-90	-90	-92	0	0	0	-87	-87	0	0	0	-90	0	0	0	0	0	0	0	0	0	0	0	0	0	0	0	0	0	0	0	0	0	0	0	0	0	0	0	0	0	0	0	-64	0	0	0	0	0	0	0	0	0	0	0	0	0	0	0	0	0	0	0	0	0	0	0	0	0	0	0	0	0	0	0	3640	-3012	3649	22014	-7758	-219	-39	970	213	-1	-1	-1	-38	956	210	1606974811
-51	-50	-52	-62	-69	0	0	-70	-76	-67	-76	-76	-80	-74	0	0	0	-84	-84	-84	0	0	-84	-84	0	0	-85	0	0	0	0	0	0	-62	-63	-91	-90	-89	-91	-91	-91	0	0	0	-86	-85	-84	0	0	0	0	0	0	0	0	0	0	0	0	0	0	0	0	0	0	0	0	0	0	0	0	0	0	0	0	0	0	0	0	0	0	-63	0	0	0	0	0	0	0	0	0	0	0	0	0	0	0	0	0	0	0	0	0	0	0	0	0	0	0	0	0	0	0	3662	-2959	3649	22013	-7753	-219	-38	970	214	0	0	0	-38	956	211	1606974813
0	-50	-52	0	-63	0	0	0	-68	0	-68	-68	-73	-71	0	-87	-86	-78	-77	-77	-90	-88	-78	-78	-84	-85	-85	0	0	0	0	0	0	-55	0	-95	-95	-94	-91	-93	0	0	0	0	0	0	0	0	0	0	0	0	0	0	0	0	-85	0	0	0	0	-86	0	0	-85	0	0	0	-95	0	0	0	0	0	0	0	0	0	0	0	0	-63	0	0	0	0	0	0	0	0	0	0	0	0	0	0	0	0	0	0	0	0	0	0	0	0	0	0	0	0	0	0	0	3617	-3012	3664	22013	-7755	-219	-38	970	213	-1	-1	0	-38	956	211	1606974814
-49	-53	-52	-63	-65	-57	-68	-76	-68	-74	-68	-68	-73	-70	0	0	0	-78	-78	-78	0	-87	-78	-78	0	0	-84	0	0	0	0	0	0	-55	0	-94	-93	-92	0	-92	0	0	0	0	-88	0	0	0	0	0	0	0	0	0	0	0	0	0	0	-94	0	0	0	0	0	0	0	0	-95	0	0	0	0	0	0	0	0	0	0	0	0	-66	0	0	0	0	0	0	0	0	0	0	0	0	0	0	0	0	0	0	0	0	0	0	0	0	0	0	0	0	0	0	0	3692	-2907	3664	22013	-7756	-219	-39	971	213	-1	-1	0	-38	956	211	1606974816
0	-52	-56	0	-66	0	0	-69	-68	-74	-68	-68	-74	-69	0	0	-85	-78	-79	-77	0	-86	-78	-78	-85	-84	-86	0	0	0	0	0	0	-55	-64	0	-94	-93	-92	-92	0	0	0	0	0	0	0	0	0	0	0	0	0	0	0	0	0	0	0	0	0	0	0	0	0	0	0	0	-93	0	0	0	0	0	0	0	0	0	0	0	0	-63	0	0	0	0	0	0	0	0	0	0	0	0	0	0	0	0	0	0	0	0	0	0	0	0	0	0	0	0	0	0	0	3647	-2937	3664	22013	-7755	-219	-38	970	213	-1	-1	-1	-38	956	211	1606974818
-47	-50	-50	0	-63	-61	-77	-77	-76	-74	-76	-76	-80	-70	0	-86	0	-84	-84	-84	0	0	-84	-84	0	0	-89	0	0	0	0	-94	0	-62	0	-91	-90	-91	0	-90	-91	0	0	0	-86	-84	-88	0	0	0	0	0	0	0	0	0	0	0	0	0	0	0	0	0	0	0	0	0	0	0	0	0	0	0	0	0	0	0	0	0	0	-60	0	0	0	0	0	0	0	0	0	0	0	0	0	0	0	0	0	0	0	0	0	0	0	0	0	0	0	0	0	0	0	3639	-2982	3649	22013	-7754	-220	-38	970	213	0	0	-1	-38	956	211	1606974819
-47	-49	-51	0	-64	0	0	0	-76	-74	-76	-76	-80	-70	0	-87	-76	-84	-83	-85	-85	-88	-85	-83	-84	-86	-85	0	0	0	0	0	0	-63	0	-89	-91	-89	-91	-90	-90	-87	0	0	0	0	0	0	0	-88	0	0	0	0	0	0	0	0	0	0	0	0	0	0	0	0	0	0	0	0	0	0	0	0	0	0	0	0	0	0	0	-61	0	0	0	0	0	0	0	0	0	0	0	0	0	0	0	0	0	0	0	0	0	0	0	0	0	0	0	0	0	0	0	3632	-2967	3679	22013	-7756	-220	-38	970	213	0	-1	-1	-38	956	211	1606974821
-47	-49	-52	-62	-63	0	0	-78	-77	0	-77	-76	-80	0	0	0	0	-84	-84	-84	0	0	-84	-84	0	0	-85	0	0	0	0	0	0	-62	0	-91	-90	-90	-90	-91	-89	0	0	0	0	0	0	0	0	0	0	0	0	0	0	0	0	0	0	0	0	0	0	0	0	0	0	0	0	0	0	0	0	0	0	0	0	0	0	0	0	0	0	0	0	0	0	0	0	0	0	0	0	0	0	0	0	0	0	0	0	0	0	0	0	0	0	0	0	0	0	0	0	3647	-2967	3664	22013	-7756	-219	-38	970	213	-1	-1	-1	-38	956	211	1606974822
0	-50	-52	-62	-65	0	-79	-71	-68	-74	-68	-68	-73	-71	0	0	0	-78	-77	-78	0	0	-78	-77	0	0	-85	0	0	0	0	0	0	-55	0	0	-92	-93	-92	-94	-94	0	0	0	0	0	0	0	0	0	-89	0	0	0	0	0	0	0	0	0	0	0	0	0	0	0	0	0	-94	0	0	0	0	0	0	0	0	0	0	0	0	-60	0	0	0	0	0	0	0	0	0	0	0	0	0	0	0	0	0	0	0	0	0	0	0	0	0	0	0	0	0	0	0	3647	-2967	3664	22013	-7756	-219	-39	970	214	-1	-1	0	-38	956	211	1606974824
-53	-51	0	0	-64	-54	-69	-69	-68	-74	-67	-67	-74	-80	0	0	0	-78	-77	-78	0	-85	-77	-78	0	0	0	0	-93	0	0	0	0	-55	-62	0	-93	-93	-91	-94	0	0	0	0	0	0	0	0	0	0	0	0	0	0	0	0	0	0	0	0	0	0	0	0	0	0	0	0	-93	0	-89	0	0	0	0	0	0	0	0	0	0	-61	0	0	0	0	0	0	0	0	0	0	0	0	0	0	0	0	0	0	0	0	0	0	0	0	0	0	0	0	0	0	0	3632	-2936	3663	22014	-7758	-219	-38	970	213	-1	-1	-1	-38	956	210	1606974826
0	-50	-50	0	-64	-54	-69	-79	-67	0	-68	-68	-73	-70	0	0	-85	-77	-79	-78	0	-85	-78	-77	0	-85	0	0	0	0	0	0	0	-55	0	-94	-93	-94	-93	-92	0	0	-88	0	0	0	0	-88	0	0	0	0	0	0	0	0	0	0	0	0	0	0	0	0	0	0	0	0	-96	0	0	0	0	0	0	0	0	0	0	0	0	-66	0	0	0	0	0	0	0	0	0	0	0	0	0	0	0	0	0	0	0	0	0	0	0	0	0	0	0	0	0	0	0	3602	-2966	3656	22013	-7754	-219	-39	970	214	-1	0	-1	-38	956	211	1606974827
-48	-49	-49	-64	-62	-60	-70	-79	-76	0	-76	-77	-80	-70	0	-88	0	-84	-85	-84	0	-84	-85	-84	0	0	-86	0	0	0	0	0	0	-63	0	-91	-90	-92	-92	-90	-90	0	0	0	0	0	0	-86	0	0	0	0	0	0	0	0	-87	0	0	0	0	-88	0	0	0	0	0	0	0	0	0	0	0	0	0	0	0	0	0	0	0	-67	0	0	0	0	0	0	0	0	0	0	0	0	0	0	0	0	0	0	0	0	0	0	0	0	0	0	0	0	0	0	0	3632	-2959	3664	22014	-7756	-219	-38	970	214	-1	-1	-1	-38	956	211	1606974829
-48	-50	-51	0	-64	0	0	0	-68	-74	-68	-68	-74	0	0	-86	-85	-78	-77	-77	0	-85	-78	-78	0	-85	-84	0	0	0	0	0	0	-56	0	-95	0	-91	-91	-95	0	-88	0	0	0	0	0	0	0	0	0	0	0	0	0	0	0	0	0	0	0	0	0	0	0	0	0	0	-95	0	0	0	0	0	0	0	0	0	0	0	0	0	0	0	0	0	0	0	0	0	0	0	0	0	0	0	0	0	0	0	0	0	0	0	0	0	0	0	0	0	0	0	0	3662	-2996	3604	22014	-7759	-219	-39	970	213	-1	0	0	-38	957	210	1606974830
-48	-50	-50	0	-64	-61	-69	-81	-76	-74	0	-77	-80	-69	0	0	0	-84	-85	-84	0	0	-84	-84	0	0	-85	0	0	0	0	0	0	-63	-61	-89	-89	-90	-91	-91	-90	0	-88	0	0	0	0	0	0	0	0	0	0	0	0	0	0	0	0	0	0	0	0	0	0	0	0	0	0	0	0	0	0	0	0	0	0	0	0	0	0	-67	0	0	0	0	0	0	0	0	0	0	0	0	0	0	0	0	0	0	0	0	0	0	0	0	0	0	0	0	0	0	0	3647	-2967	3656	22013	-7756	-220	-38	969	214	0	0	-1	-38	956	211	1606974832
-53	-50	-51	-66	-65	0	-68	-70	-68	0	-67	-68	-73	-69	0	-85	0	-78	-78	-77	0	0	-78	-78	0	0	-83	0	0	0	0	0	0	-55	0	0	0	-94	-90	-94	-94	0	-85	0	0	0	0	0	0	0	0	0	0	0	0	0	0	0	0	0	0	0	-94	0	0	0	0	0	-94	0	0	0	0	0	0	0	0	0	0	0	0	-61	0	0	0	0	0	0	0	0	0	0	0	0	0	0	0	0	0	0	0	0	0	0	0	0	0	0	0	0	0	0	0	3632	-2967	3649	22013	-7756	-219	-39	969	213	0	0	0	-38	956	211	1606974834
0	0	-51	-65	-65	-61	-81	0	-77	-74	-76	-76	-81	-69	-75	-86	0	-85	-85	-84	0	0	-85	-84	0	0	-87	0	0	0	0	0	0	-63	-64	-90	-92	-90	-90	-89	-91	-90	0	0	0	0	0	0	0	0	0	0	0	0	0	0	0	0	0	-95	0	0	0	0	0	0	0	0	0	0	0	0	0	0	0	0	0	0	0	0	0	-59	0	0	0	0	0	0	0	0	0	0	0	0	0	0	0	0	0	0	0	0	0	0	0	0	0	0	0	0	0	0	0	3647	-2952	3739	22014	-7760	-219	-39	970	213	-1	-1	-1	-38	957	210	1606974835
-49	-50	-49	0	-62	-60	-80	-69	-76	-74	-77	-78	-80	-79	0	0	0	-83	-84	-84	0	-86	-84	-85	-87	-86	-85	0	0	0	0	0	0	-63	0	-90	-90	-91	-91	-90	-90	-90	0	0	0	0	0	0	0	0	0	0	0	0	0	0	0	0	0	0	0	0	0	0	0	0	0	0	0	0	0	0	0	0	0	0	0	0	0	0	0	-63	0	0	0	0	0	0	0	0	0	0	0	0	0	0	0	0	0	0	0	0	0	0	0	0	0	0	0	0	0	0	0	3579	-2951	3619	22013	-7756	-220	-39	971	214	-1	-1	0	-38	956	211	1606974837
-49	-50	-48	-65	-65	0	0	0	-68	0	-68	-67	-74	-80	0	0	-87	-78	-78	-78	-84	-84	-78	-78	0	-85	-87	0	0	0	0	0	0	-56	0	-92	-94	-94	-91	-93	-92	0	0	0	0	0	0	0	0	0	0	0	0	0	0	0	0	0	0	-96	0	0	0	0	0	0	0	0	-93	-92	0	0	0	0	0	0	0	0	0	0	0	-61	0	0	0	0	0	0	0	0	0	0	0	0	0	0	0	0	0	0	0	0	0	0	0	0	0	0	0	0	0	0	0	3647	-2952	3686	22013	-7755	-220	-39	970	214	-1	-1	-1	-38	956	211	1606974838
-54	-49	-50	0	-65	0	-80	-69	-68	-75	0	-67	-74	-70	0	0	-86	-78	-77	-78	0	-85	-78	-78	0	-79	-86	0	0	0	0	0	0	-55	0	-94	-93	-92	-93	-92	-94	-90	0	0	0	0	0	0	0	0	0	0	0	0	0	0	0	0	0	0	0	0	0	0	0	0	0	0	-94	0	0	0	0	0	0	0	0	0	0	0	0	0	0	0	0	0	0	0	0	0	0	0	0	0	0	0	0	0	0	0	0	0	0	0	0	0	0	0	0	0	0	0	0	3601	-2861	3678	22015	-7762	-220	-39	970	213	-1	-1	-1	-38	957	210	1606974840
-47	-49	-50	-65	-64	-55	-80	-70	-67	-74	-67	-68	-73	-69	0	0	0	-79	-78	-78	0	-85	-78	-77	0	0	-86	0	0	0	0	0	0	-55	0	-94	-94	0	-92	-92	-92	0	-84	0	0	0	0	0	0	0	0	0	0	0	0	0	0	0	0	0	0	0	0	0	0	0	0	0	-93	0	0	0	0	0	0	0	0	0	0	0	0	-66	0	0	0	0	0	0	0	0	0	0	0	0	0	0	0	0	0	0	0	0	0	0	0	0	0	0	0	0	0	0	0	3692	-2997	3589	22013	-7755	-219	-39	971	214	-1	0	-1	-38	956	211	1606974842
-47	0	-52	-65	-65	0	-69	0	-76	-74	-78	-77	-81	-79	0	0	0	-84	-85	-85	0	-82	-84	-85	0	0	-83	0	-94	0	0	0	0	-63	0	-90	-89	-91	-90	-92	-91	-90	-88	0	0	0	0	0	0	0	0	0	0	0	0	0	0	0	0	0	0	0	0	0	0	0	0	0	0	0	0	0	0	0	0	0	0	0	0	0	0	0	0	0	0	0	0	0	0	0	0	0	0	0	0	0	0	0	0	0	0	0	0	0	0	0	0	0	0	0	0	0	0	3632	-2951	3619	22013	-7755	-219	-38	970	213	-1	-1	-1	-38	956	211	1606974843
-47	-49	-50	-65	0	-55	-80	-69	-67	0	-67	-67	-75	-79	0	0	0	-78	-78	-78	0	-86	-78	-77	0	0	0	0	0	0	0	0	0	-54	0	-93	-93	-92	-91	-92	0	0	0	0	0	0	0	0	0	0	0	0	0	0	-96	0	0	0	0	-94	0	0	0	0	0	0	0	0	-92	0	-85	0	0	0	0	0	0	0	0	0	0	0	0	0	0	0	0	0	0	0	0	0	0	0	0	0	0	0	0	0	0	0	0	0	0	0	0	0	0	0	0	0	0	3722	-2937	3649	22013	-7758	-220	-38	970	214	-1	0	-1	-38	956	210	1606974845
-46	-50	-51	0	-65	-61	0	0	-78	-73	-77	-76	-80	0	-75	0	0	-84	-84	-83	0	-85	-85	-84	0	0	-85	0	0	0	0	-94	0	-63	-64	-90	-90	-90	-92	-90	-89	0	0	0	0	0	0	0	0	0	0	0	0	0	0	0	0	0	0	0	0	0	0	0	0	0	0	0	0	0	0	0	0	0	0	0	0	0	0	0	0	-59	0	0	0	0	0	0	0	0	0	0	0	0	0	0	0	0	0	0	0	0	0	0	0	0	0	0	0	0	0	0	0	3647	-2967	3664	22013	-7756	-219	-38	970	214	-1	0	0	-38	956	211	1606974846
-48	-50	-51	-65	-66	0	-69	-79	-77	-74	-76	-75	-81	-69	0	0	0	-85	-84	-84	-85	-83	-84	-84	-86	-84	0	0	0	0	0	-94	0	-63	0	-91	-90	-90	-92	-90	-91	0	0	0	0	0	0	0	0	0	0	0	0	0	0	0	0	0	0	0	0	0	0	0	0	0	0	0	0	0	0	0	0	0	0	0	0	0	0	0	0	-62	0	0	0	0	0	0	0	0	0	0	0	0	0	0	0	0	0	0	0	0	0	0	0	0	0	0	0	0	0	0	0	3632	-2967	3694	22013	-7754	-219	-40	970	213	-1	-1	0	-38	956	211	1606974848
-53	-49	0	0	-66	-54	-65	-70	-67	0	-67	-68	-74	-79	0	0	-86	-78	-77	-77	-86	-86	-78	-78	-85	-83	-85	0	0	0	0	0	0	-54	0	0	-93	-92	-92	-93	-94	0	0	-88	0	0	0	0	0	0	0	0	0	0	0	0	0	0	0	-94	0	0	0	0	0	0	0	0	-93	0	0	0	0	0	0	0	0	0	0	0	0	-66	0	0	0	0	0	0	0	0	0	0	0	0	0	0	0	0	0	0	0	0	0	0	0	0	0	0	0	0	0	0	0	3579	-2966	3664	22014	-7761	-220	-38	970	213	0	-1	-1	-38	957	210	1606974850
-46	-50	0	-65	-66	0	-68	0	-77	-65	-76	-77	-82	0	0	0	0	-84	-84	-84	0	-87	-85	-85	0	0	-84	0	0	0	0	0	0	-63	-62	-90	-89	-90	-90	-90	-91	0	0	0	0	0	0	0	0	0	0	0	0	0	0	0	0	0	0	0	0	0	0	0	0	0	0	0	0	0	0	0	0	0	0	0	0	0	0	0	0	0	0	0	0	0	0	0	0	0	0	0	0	0	0	0	0	0	0	0	0	0	0	0	0	0	0	0	0	0	0	0	0	3632	-2967	3679	22013	-7753	-219	-38	970	213	-1	-1	-1	-38	956	211	1606974851
-48	-49	-53	-65	0	0	-80	0	-76	-74	-77	-76	-81	0	0	0	0	-85	-84	-85	0	-85	-84	-84	-86	0	-87	0	-92	0	0	0	0	-62	-64	-90	-92	-90	0	-89	-89	0	0	0	0	0	0	-90	0	-90	0	0	0	0	0	0	0	0	0	0	0	0	0	0	0	0	0	0	0	0	0	0	0	0	0	0	0	0	0	0	0	-67	0	0	0	0	0	0	0	0	0	0	0	0	0	0	0	0	0	0	0	0	0	0	0	0	0	0	0	0	0	0	0	3647	-2952	3664	22013	-7755	-220	-39	969	213	-1	0	0	-38	956	211	1606974853
0	0	-53	-65	0	0	-71	-70	-68	0	-67	-68	-73	-70	0	-86	0	-78	-78	-77	0	0	-78	-78	0	0	-84	0	-93	0	0	0	0	-56	0	0	-93	-96	-93	0	-94	-86	-87	0	0	0	0	0	0	0	0	0	0	0	0	0	0	0	0	-94	0	0	0	0	0	0	0	0	0	0	0	0	0	0	0	0	0	0	0	0	0	-66	0	0	0	0	0	0	0	0	0	0	0	0	0	0	0	0	0	0	0	0	0	0	0	0	0	0	0	0	0	0	0	3647	-2952	3664	22014	-7761	-219	-38	970	211	-1	0	-1	-38	957	210	1606974854
-50	-50	-52	0	-67	0	0	-70	-68	0	-68	-68	-74	-70	-75	-86	0	-78	-78	-79	0	0	-78	-79	0	0	-85	0	0	0	0	0	0	-55	0	-93	-93	-93	-92	-92	0	-91	-83	0	0	0	0	0	0	0	0	0	0	0	0	0	-86	0	0	0	0	0	0	0	0	0	0	0	-93	0	0	0	0	0	0	0	0	0	0	0	0	-67	0	0	0	0	0	0	0	0	0	0	0	0	0	0	0	0	0	0	0	0	0	0	0	0	0	0	0	0	0	0	0	3647	-2967	3656	22014	-7757	-219	-38	970	214	-1	-1	0	-38	956	211	1606974856
-53	-50	-53	0	0	0	-69	-70	-77	-74	-76	-76	-81	-80	0	0	-84	-84	-84	-85	-87	-86	-85	-85	0	-84	-84	0	0	0	0	0	0	-62	0	-89	-90	-90	-93	-91	-90	0	-87	0	0	0	0	0	0	0	0	0	0	0	0	0	0	0	0	0	0	0	0	0	0	0	0	0	0	0	0	0	0	0	0	0	0	0	0	0	0	-64	0	0	0	0	0	0	0	0	0	0	0	0	0	0	0	0	0	0	0	0	0	0	0	0	0	0	0	0	0	0	0	3632	-2967	3664	22013	-7755	-219	-39	970	214	-1	-1	-1	-38	956	211	1606974857
-54	-49	-52	-65	-66	-55	-80	0	-68	-74	-68	-67	-73	0	0	0	-85	-78	-78	-78	-86	-84	-77	-77	-86	-86	0	0	0	0	0	0	0	-56	0	0	-95	-95	-92	-93	-93	0	0	-85	0	0	0	0	0	0	0	0	0	0	0	0	0	0	0	0	0	0	0	0	0	0	0	0	-94	0	0	0	0	0	0	0	0	0	0	0	0	-67	0	0	0	0	0	0	0	0	0	0	0	0	0	0	0	0	0	0	0	0	0	0	0	0	0	0	0	0	0	0	0	3617	-2997	3679	22014	-7756	-219	-38	970	212	-1	-1	0	-38	956	211	1606974859
-47	-49	0	-67	-66	0	0	-69	-68	-73	-67	-68	-73	-69	0	-85	0	-78	-78	-77	0	-88	-79	-78	0	0	-83	-93	0	0	0	0	0	-55	-64	0	-94	-93	-92	-94	-94	0	0	0	0	0	0	0	0	0	0	0	0	0	0	0	-87	0	0	0	0	-86	0	0	-88	0	0	0	-93	0	0	0	0	0	0	0	0	0	0	0	0	-60	0	0	0	0	0	0	0	0	0	0	0	0	0	0	0	0	0	0	0	0	0	0	0	0	0	0	0	0	0	0	0	3640	-2967	3664	22014	-7758	-219	-38	970	213	-1	0	-1	-38	957	210	1606974861
-46	-50	-53	-64	-66	0	-80	-79	-68	0	-67	-68	-73	-69	0	0	0	-78	-77	-78	0	0	-77	-78	0	0	-83	0	0	0	0	0	0	-55	0	-94	-93	-94	-91	-93	0	-90	0	0	0	0	0	0	0	0	0	0	0	0	0	0	0	0	0	0	0	0	-95	0	0	0	0	0	-92	0	0	0	0	0	0	0	0	0	0	0	0	-59	0	0	0	0	0	0	0	0	0	0	0	0	0	0	0	0	0	0	0	0	0	0	0	0	0	0	0	0	0	0	0	3557	-2966	3671	22013	-7754	-219	-38	970	214	-1	-1	0	-38	956	211	1606974862
-53	-50	-53	0	-66	-61	-69	-69	-77	-74	-76	-76	-81	-69	0	0	0	-83	-84	-84	0	0	-84	-85	0	0	-86	-93	0	0	0	0	0	-62	0	-91	-92	-91	-92	-91	-89	-89	0	0	0	0	0	0	0	0	0	0	0	0	0	0	0	0	-78	0	0	0	0	0	0	0	0	0	0	0	0	0	0	0	0	0	0	0	0	0	0	-60	0	0	0	0	0	0	0	0	0	0	0	0	0	0	0	0	0	0	0	0	0	0	0	0	0	0	0	0	0	0	0	3617	-2967	3679	22014	-7758	-219	-38	970	212	-1	-1	0	-38	956	210	1606974864
-46	-50	-53	-66	-66	-60	-70	-70	-77	-74	-76	-76	-80	-81	0	0	0	-85	-85	-84	0	0	-85	-85	0	0	0	0	0	0	0	-94	0	-63	-64	-90	-92	-91	-93	-90	-91	0	0	0	0	0	0	0	0	0	0	0	0	0	0	0	0	0	0	0	0	0	0	0	0	0	0	0	0	0	0	0	0	0	0	0	0	0	0	0	0	-59	0	0	0	0	0	0	0	0	0	0	0	0	0	0	0	0	0	0	0	0	0	0	0	0	0	0	0	0	0	0	-81	3631	-2876	3648	22013	-7755	-219	-38	970	214	-1	0	-1	-38	956	211	1606974865
-48	-50	-51	-65	-66	-61	-70	-79	-76	-67	-76	-76	-81	-80	0	0	-83	-84	-85	-84	0	-86	-84	-85	-84	0	-85	-93	0	0	0	0	0	-62	0	-91	-89	-89	-92	-91	-90	-91	-86	0	0	0	0	0	0	0	0	0	0	0	0	0	0	0	0	-94	0	0	0	0	0	0	0	0	0	0	0	0	0	0	0	0	0	0	0	0	0	-67	0	0	0	0	0	0	0	0	0	0	0	0	0	0	0	0	0	0	0	0	0	0	0	0	0	0	0	0	0	0	0	3602	-2966	3664	22013	-7756	-219	-39	970	213	-1	-1	0	-38	956	211	1606974867
0	-51	-55	0	-66	-61	0	0	-76	-73	-77	-77	-81	0	0	0	-86	-84	-85	-84	-86	0	-85	-84	0	-84	0	0	-92	0	0	0	0	-62	0	-90	-91	-91	-91	-90	-90	0	0	0	0	0	0	0	0	0	0	0	0	0	0	0	0	0	0	0	0	0	0	0	0	0	0	0	0	0	0	0	0	0	0	0	0	0	0	0	0	-59	0	0	0	0	0	0	0	0	0	0	0	0	0	0	0	0	0	0	0	0	0	0	0	0	0	0	0	0	0	0	-83	3700	-3042	3649	22014	-7758	-220	-38	970	212	-1	-1	0	-38	957	210	1606974868
0	-50	-53	0	-65	0	-70	-70	-76	0	-76	-76	-81	-70	0	0	0	-84	-84	-85	0	0	-84	-85	0	0	-84	0	0	0	0	0	0	-63	0	-91	-92	-90	0	0	-92	0	0	0	0	0	0	0	0	0	0	0	0	0	0	0	0	0	0	0	0	0	0	0	0	0	0	0	0	0	0	0	0	0	0	0	0	0	0	0	0	0	0	0	0	0	0	0	0	0	0	0	0	0	0	0	0	0	0	0	0	0	0	0	0	0	0	0	0	0	0	0	0	3602	-2951	3679	22014	-7757	-219	-38	970	214	-1	0	0	-38	956	211	1606974870
0	-50	-53	0	-63	0	0	0	-77	0	-78	-76	-80	0	0	0	0	-84	-85	-85	0	0	-84	-85	0	0	-87	0	0	0	0	0	0	-62	0	-89	-91	-90	-93	0	-91	0	0	0	0	0	0	0	0	0	0	0	0	0	0	0	0	0	0	0	0	0	0	0	0	0	0	0	0	0	0	0	0	0	0	0	0	0	0	0	0	-59	0	0	0	0	0	0	0	0	0	0	0	0	0	0	0	0	0	0	0	0	0	0	0	0	0	0	0	0	0	0	-83	3542	-2974	3708	22013	-7756	-219	-38	970	213	-1	-1	-1	-38	956	211	1606974871
-47	-50	-52	0	-61	0	0	0	-68	0	-67	-68	-73	0	0	0	0	-78	-78	-78	0	0	-77	-78	0	0	-82	0	0	0	0	0	0	-54	0	0	-94	-95	-91	-94	0	-88	-86	0	0	0	0	0	0	0	0	0	0	0	0	0	0	0	0	0	0	0	0	0	0	0	0	0	-92	-92	0	0	0	0	0	0	0	0	0	0	0	-59	0	0	0	0	0	0	0	0	0	0	0	0	0	0	0	0	0	0	0	0	0	0	0	0	0	0	0	0	0	0	-83	3572	-2951	3649	22014	-7756	-219	-38	970	212	-1	0	-1	-38	956	211	1606974873
-48	-49	-51	-66	-61	-55	-78	-80	-68	-74	-68	-68	-74	-78	0	0	0	-78	-78	-78	0	0	-78	-78	0	0	-85	0	0	0	0	0	0	-54	0	-94	-94	-92	0	-93	-95	0	-86	0	0	0	0	-90	0	0	0	0	0	0	0	0	0	0	0	0	0	0	-94	0	0	0	0	0	-93	0	0	0	0	0	0	0	0	0	0	0	0	-64	0	0	0	0	0	0	0	0	0	0	0	0	0	0	0	0	0	0	0	0	0	0	0	0	0	0	0	0	0	0	0	3631	-2914	3634	22014	-7756	-219	-39	969	213	-1	-1	-1	-38	956	211	1606974874
-48	-50	-50	0	-64	0	-69	-69	-68	0	-67	-68	-73	-69	0	0	0	-78	-78	-78	0	0	-79	-79	0	0	-85	0	0	0	0	-92	0	-55	0	-93	0	-94	-91	-94	-94	0	0	0	0	0	0	0	0	0	0	0	0	0	0	0	0	0	0	0	0	0	0	0	0	0	0	0	-93	0	0	0	0	0	0	0	0	0	0	0	0	-64	0	0	0	0	0	0	0	0	0	0	0	0	0	0	0	0	0	0	0	0	0	0	0	0	0	0	0	0	0	0	0	3647	-2967	3694	22013	-7754	-218	-38	970	214	-1	0	0	-38	956	211	1606974876
-48	-50	0	0	-64	-56	0	0	-67	-74	-67	-68	-73	0	0	0	-83	-78	-78	-78	-85	-88	-79	-78	0	-84	-85	-91	-91	0	0	-95	0	-56	-64	-94	-91	-93	-92	0	0	0	0	-86	0	0	0	0	0	0	0	0	0	0	0	0	0	0	0	-94	0	0	-93	0	0	0	0	0	-92	0	0	0	0	0	0	0	0	0	0	0	0	-63	0	0	0	0	0	0	0	0	0	0	0	0	0	0	0	0	0	0	0	0	0	0	0	0	0	0	0	0	0	0	-84	3587	-2951	3664	22013	-7756	-219	-38	970	213	-1	-1	-1	-38	956	211	1606974878
-47	-51	-52	-67	-61	-60	-70	-70	-77	-73	-77	-76	-80	-80	0	-88	-83	-84	-84	-85	-85	-87	-84	-84	0	-86	0	-93	-93	0	0	0	0	-62	0	-89	-90	-91	-91	-90	-90	0	0	-84	0	0	0	0	0	0	0	0	0	0	0	0	0	0	0	0	0	0	0	0	0	0	0	0	0	0	0	0	0	0	0	0	0	0	0	0	0	-60	0	0	0	0	0	0	0	0	0	0	0	0	0	0	0	0	0	0	0	0	0	0	0	0	0	0	0	0	0	0	0	3662	-2937	3679	22014	-7758	-219	-38	971	213	-1	-1	0	-38	956	210	1606974879
0	-49	-51	0	0	-54	0	-77	-68	-73	-69	-67	-74	-74	0	0	0	-78	-78	-78	0	0	-77	-78	0	0	0	-93	0	0	0	0	0	-55	-61	-93	-94	0	-92	0	-94	0	0	-87	0	0	0	0	0	0	0	0	0	0	0	0	0	0	0	0	0	0	0	0	0	0	0	0	-92	0	0	0	0	0	0	0	0	0	0	0	0	-65	0	0	0	0	0	0	0	0	0	0	0	0	0	0	0	0	0	0	0	0	0	0	0	0	0	0	0	0	0	0	0	3647	-2922	3708	22013	-7756	-220	-37	970	213	-1	-1	0	-38	956	211	1606974881
-47	-49	-50	-67	-63	-61	-69	0	-77	-74	-78	-77	-80	0	0	-86	0	-84	-85	-84	0	0	-85	-84	0	0	-87	-94	-93	0	0	0	0	-63	0	0	-90	0	-90	-90	-88	0	-84	0	0	0	0	-90	0	0	0	0	0	0	0	0	0	0	0	0	0	0	0	0	0	0	0	0	0	0	0	0	0	0	0	0	0	0	0	0	0	-66	0	0	0	0	0	0	0	0	0	0	0	0	0	0	0	0	0	0	0	0	0	0	0	0	0	0	0	0	0	0	0	3647	-2982	3686	22013	-7755	-220	-39	971	213	-1	-1	0	-38	956	211	1606974882
-47	-51	-51	0	-65	-61	-69	-69	-77	-74	-77	-76	-80	-77	0	0	0	-84	-84	-84	0	0	-84	-85	0	0	-85	0	0	0	0	-93	0	-63	0	-91	-91	-89	-90	-91	-92	0	0	0	0	0	0	0	0	0	0	0	0	0	0	0	0	0	0	-94	0	0	0	0	0	0	0	0	0	0	0	0	0	0	0	0	0	0	0	0	0	-65	0	0	0	0	0	0	0	0	0	0	0	0	0	0	0	0	0	0	0	0	0	0	0	0	0	0	0	0	0	0	0	3647	-2937	3664	22014	-7759	-219	-38	971	213	-1	-1	-1	-38	957	210	1606974884
-48	-50	-51	-66	-62	-61	-76	-69	-76	-74	-76	-77	-80	-76	0	0	0	-83	-85	-84	0	-84	-85	-85	0	0	-86	-92	0	0	0	-92	0	-62	0	-90	-91	-89	-92	-92	-90	0	0	0	0	0	-88	0	0	0	0	0	0	0	0	0	0	0	0	0	0	0	0	0	0	0	0	0	0	0	0	0	0	0	0	0	0	0	0	0	0	-60	0	0	0	0	0	0	0	0	0	0	0	0	0	0	0	0	0	0	0	0	0	0	0	0	0	0	0	0	0	0	0	3632	-3012	3664	22013	-7754	-219	-38	971	213	-1	-1	-1	-38	956	211	1606974886
-47	-49	-53	-65	-63	-61	-63	-67	-76	0	-76	-76	-80	-66	0	-89	0	-84	-85	-85	0	-84	-85	-85	0	0	-86	0	0	0	0	-92	0	-63	0	-90	-90	-90	-92	-90	-90	0	-85	0	0	0	0	0	0	0	0	0	0	0	0	0	0	0	0	0	0	0	0	0	0	0	0	0	0	0	0	0	0	0	0	0	0	0	0	0	0	0	0	0	0	0	0	0	0	0	0	0	0	0	0	0	0	0	0	0	0	0	0	0	0	0	0	0	0	0	0	0	0	3602	-2906	3693	22013	-7754	-219	-37	971	213	-1	-1	0	-38	956	211	1606974887
-53	-50	-53	-66	-64	-60	-78	-77	-78	-74	-76	-76	-81	-76	0	0	0	-84	-85	-84	0	-85	-84	-85	-84	0	-85	0	0	0	0	-91	0	-63	0	-90	-90	-90	0	-92	-91	-89	-87	0	0	0	0	0	0	0	0	0	0	0	0	0	0	0	0	0	0	0	0	0	0	0	0	0	0	0	0	0	0	0	0	0	0	0	0	0	0	-64	0	0	0	0	0	0	0	0	0	0	0	0	0	0	0	0	0	0	0	0	0	0	0	0	0	0	0	0	0	0	0	3602	-2929	3664	22014	-7759	-219	-38	970	213	-1	0	0	-38	957	210	1606974889
0	-49	-53	0	-62	-61	0	0	-77	-74	-76	-76	-81	0	0	0	0	-85	-85	-84	0	0	-85	-84	0	0	-86	0	-94	0	0	-92	0	-62	0	-89	-90	-90	-91	-90	-90	-91	0	0	0	0	0	0	0	0	0	0	0	0	0	0	0	0	0	0	0	0	0	0	0	0	0	0	0	0	0	0	0	0	0	0	0	0	0	0	0	-59	0	0	0	0	0	0	0	0	0	0	0	0	0	0	0	0	0	0	0	0	0	0	0	0	0	0	0	0	0	0	0	3639	-2951	3619	22013	-7755	-219	-39	970	213	-1	-1	0	-38	956	211	1606974890
-55	-49	-53	-65	-60	-60	-78	-78	-76	-74	-77	-77	-80	-68	0	0	-85	-83	-84	-85	-85	-85	-85	-84	0	-85	-89	-93	-93	0	0	-91	0	-63	0	-90	-90	-91	-91	-92	-91	-88	0	0	0	0	0	0	0	0	0	0	0	0	0	0	0	0	0	0	0	0	0	0	0	0	0	0	0	0	0	0	0	0	0	0	0	0	0	0	0	-65	0	0	0	0	0	0	0	0	0	0	0	0	0	0	0	0	0	0	0	0	0	0	0	0	0	0	0	0	0	0	0	3647	-2974	3589	22014	-7756	-219	-38	971	213	-1	-1	-1	-38	956	211	1606974892
-55	-49	-53	0	-64	-55	-70	-65	-68	-74	-68	-67	-73	-77	0	-87	0	-78	-77	-78	0	0	-78	-79	0	0	-86	-91	-92	0	0	-91	0	-56	0	-93	-92	-92	-92	-92	0	-90	0	0	0	0	0	0	0	0	0	0	0	0	0	0	-85	0	0	0	0	0	-95	0	0	0	0	0	-93	0	0	0	0	0	0	0	0	0	0	0	0	-59	0	0	0	0	0	0	0	0	0	0	0	0	0	0	0	0	0	0	0	0	0	0	0	0	0	0	0	0	0	0	0	3617	-2952	3679	22014	-7761	-220	-38	970	213	-1	-1	-1	-38	957	210	1606974893
-55	-49	-52	0	-64	0	0	0	-77	-72	-77	-76	-80	0	0	0	0	-84	-85	-85	0	-85	-84	-84	0	-83	-85	-91	0	0	0	-91	0	-63	0	-92	-89	-89	-91	-89	-91	0	-86	0	0	0	0	0	0	0	0	0	0	0	0	0	0	0	0	0	0	0	0	0	0	0	0	0	0	0	0	0	0	0	0	0	0	0	0	0	0	-63	0	0	0	0	0	0	0	0	0	0	0	0	0	0	0	0	0	0	0	0	0	0	0	0	0	0	0	0	0	0	0	3617	-2952	3679	22014	-7756	-219	-38	970	213	-1	0	-1	-38	956	211	1606974895
-47	0	-53	-67	0	0	-78	-68	-76	-74	-77	-76	-80	-69	0	0	0	-84	-84	-84	0	-83	-84	-84	0	0	-87	0	0	0	0	-92	0	-62	0	-89	-91	-89	-91	-91	-90	0	0	0	0	0	0	0	0	0	0	0	0	0	0	0	0	0	0	0	0	0	0	0	0	0	0	0	0	0	0	0	0	0	0	0	0	0	0	0	0	-60	0	0	0	0	0	0	0	0	0	0	0	0	0	0	0	0	0	0	0	0	0	0	0	0	0	0	0	0	0	0	0	3632	-2952	3679	22013	-7754	-220	-39	970	213	-1	-1	-1	-38	956	211	1606974897
-47	-49	-52	-65	-66	0	-77	-69	-68	-74	-68	-68	-73	-70	0	0	0	-78	-79	-78	0	0	-78	-78	0	0	-88	-93	0	0	0	0	0	-55	0	-95	-93	-93	-91	-96	-94	0	-85	0	0	0	0	0	0	0	0	0	0	0	0	0	0	0	0	0	0	0	0	0	0	0	0	0	-92	0	0	0	0	0	0	0	0	0	0	0	0	-64	0	0	0	0	0	0	0	0	0	0	0	0	0	0	0	0	0	0	0	0	0	0	0	0	0	0	0	0	0	0	0	3602	-2936	3671	22013	-7757	-220	-38	970	211	0	-1	-1	-38	956	211	1606974898
0	-51	-52	-65	-64	-61	-69	0	-76	-74	-76	-77	-80	-69	0	-87	0	-85	-85	-84	0	0	-84	-84	0	0	-86	0	-93	0	0	-93	0	-62	0	-90	-91	-91	-92	-91	-89	-89	0	0	0	0	0	0	0	0	0	0	0	0	0	0	0	0	0	0	0	0	0	0	0	0	0	0	0	0	0	0	0	0	0	0	0	0	0	0	0	-61	0	0	0	0	0	0	0	0	0	0	0	0	0	0	0	0	0	0	0	0	0	0	0	0	0	0	0	0	0	0	0	3617	-2936	3611	22013	-7756	-219	-38	969	213	-1	0	-1	-38	956	211	1606974900
-48	-51	-51	0	-64	-61	0	-69	-77	-73	-76	-76	-80	0	0	0	-85	-84	-85	-84	-84	-88	-85	-84	0	-86	-87	-93	-92	0	0	0	0	-63	0	-89	-90	-90	-92	-90	-90	0	0	-84	0	0	0	0	0	0	0	0	0	0	0	0	0	0	0	0	0	0	0	0	0	0	0	0	0	0	0	0	0	0	0	0	0	0	0	0	0	-64	0	0	0	0	0	0	0	0	0	0	0	0	0	0	0	0	0	0	0	0	0	0	0	0	0	0	0	0	0	0	0	3587	-2996	3649	22013	-7756	-219	-38	970	213	0	-1	-1	-38	956	211	1606974902
-54	-49	0	0	-62	0	0	0	-68	0	-68	-68	0	0	0	-87	0	-78	-78	-78	0	0	-79	-77	0	0	-86	0	0	0	0	-92	0	-55	0	-92	-94	-94	-91	-92	0	0	0	0	0	0	0	0	0	0	0	0	0	0	0	0	0	0	0	0	0	0	0	0	0	0	0	0	-94	0	0	0	0	0	0	0	0	0	0	0	0	0	0	0	0	0	0	0	0	0	0	0	0	0	0	0	0	0	0	0	0	0	0	0	0	0	0	0	0	0	0	0	0	3647	-2952	3649	22014	-7760	-219	-39	970	213	0	-1	-1	-38	957	210	1606974903
-48	-50	-52	0	-64	-54	0	0	-68	0	-68	-68	-73	0	0	0	0	-78	-78	-78	0	0	-77	-78	0	0	-86	-93	0	0	0	-92	0	-55	0	-93	-94	-93	-90	-93	-93	0	0	0	0	0	0	0	0	0	0	0	0	0	0	0	0	0	0	0	0	0	0	0	0	0	0	0	-93	0	0	0	0	0	0	0	0	0	0	0	0	-60	0	0	0	0	0	0	0	0	0	0	0	0	0	0	0	0	0	0	0	0	0	0	0	0	0	0	0	0	0	0	0	3602	-2951	3671	22013	-7757	-220	-38	970	213	-1	-1	-1	-38	956	211	1606974905
-46	-49	-52	0	0	-55	-66	-75	-68	0	-67	-68	-73	-67	0	0	0	-78	-78	-78	0	-84	-79	-78	0	0	0	0	0	0	0	0	0	-56	-63	0	-94	0	-91	-95	-94	-90	0	0	0	0	0	0	0	0	0	0	0	0	0	0	0	0	0	0	0	0	0	0	0	0	0	0	-94	-92	0	0	0	0	0	0	0	0	0	0	0	-65	0	0	0	0	0	0	0	0	0	0	0	0	0	0	0	0	0	0	0	0	0	0	0	0	0	0	0	0	0	0	0	3617	-2952	3694	22014	-7757	-219	-39	970	212	0	-1	-1	-38	956	211	1606974906
-49	-51	-50	0	-64	0	0	0	-68	-75	-68	-67	-73	0	0	0	0	-78	-78	-78	0	0	-78	-78	0	0	-85	0	-93	0	0	-92	0	-55	0	0	-93	-93	-92	-94	0	0	0	0	0	0	0	0	0	0	0	0	0	0	0	0	0	0	0	0	0	0	0	0	0	0	0	0	0	-93	0	0	0	0	0	0	0	0	0	0	0	-58	0	0	0	0	0	0	0	0	0	0	0	0	0	0	0	0	0	0	0	0	0	0	0	0	0	0	0	0	0	0	0	3617	-2921	3663	22013	-7756	-220	-38	969	213	-1	-1	-1	-38	956	211	1606974908
-49	0	-52	0	-63	-59	0	0	-77	0	-78	-77	-80	0	0	0	0	-84	-86	-84	0	-86	-84	-85	0	0	-87	0	-91	0	0	-93	0	-63	0	-90	-90	-91	-91	-90	-91	-93	0	0	0	0	0	0	0	0	0	0	0	0	0	0	0	0	0	0	0	0	0	0	0	0	0	0	0	0	0	0	0	0	0	0	0	0	0	0	0	-58	0	0	0	0	0	0	0	0	0	0	0	0	0	0	0	0	0	0	0	0	0	0	0	0	0	0	0	0	0	0	0	3602	-2959	3716	22014	-7758	-219	-38	969	213	0	-1	0	-38	957	210	1606974910
-54	-50	-52	-66	0	0	-69	-76	-68	-74	-67	-68	-73	-76	0	0	-84	-78	-79	-78	-86	-84	-78	-78	-85	-85	-83	0	0	0	0	0	0	-54	0	0	-92	-93	-92	-93	0	0	0	0	0	0	0	0	0	0	0	0	0	0	0	0	0	0	0	0	0	0	0	0	0	0	0	0	0	0	0	0	0	0	0	0	0	0	0	0	0	-66	0	0	0	0	0	0	0	0	0	0	0	0	0	0	0	0	0	0	0	0	0	0	0	0	0	0	0	0	0	0	0	3602	-2936	3649	22013	-7755	-219	-39	970	213	-1	-1	-1	-38	956	211	1606974911
-53	-50	-52	0	-65	-60	0	-69	-76	-73	-76	-76	-81	0	0	0	-86	-84	-83	-85	-87	-84	-84	-84	0	-83	-88	-92	-94	0	0	-93	0	-62	-63	-91	-92	-90	-94	-92	-92	0	0	0	0	0	0	0	0	-86	0	0	0	0	0	0	0	0	0	0	0	0	0	0	0	0	0	0	0	0	0	0	0	0	0	0	0	0	0	0	0	-65	0	0	0	0	0	0	0	0	0	0	0	0	0	0	0	0	0	0	0	0	0	0	0	0	0	0	0	0	0	0	0	3602	-2929	3649	22014	-7756	-219	-38	970	213	0	-1	-1	-38	956	211	1606974913
-54	-50	0	0	-66	0	-68	-68	-77	0	-77	-76	-80	-74	0	-86	0	-84	-84	-84	0	0	-84	-84	0	0	-85	0	0	0	0	0	0	-63	0	-90	-90	-91	-92	-91	-90	0	0	0	0	0	0	0	0	0	0	0	0	0	0	0	0	0	0	0	0	0	0	0	0	0	0	0	0	0	0	0	0	0	0	0	0	0	0	0	0	-58	0	0	0	0	0	0	0	0	0	0	0	0	0	0	0	0	0	0	0	0	0	0	0	0	0	0	0	0	0	0	0	3662	-2937	3664	22014	-7758	-219	-39	970	213	-1	-1	-1	-38	956	210	1606974914
-48	-50	-52	-64	-65	-61	-70	-75	-77	-74	-77	-77	-80	-69	0	0	0	-84	-85	-84	0	0	-85	-84	0	-86	-85	0	-92	0	0	0	0	-62	0	-90	-90	-91	-91	-91	-90	0	0	0	0	0	0	0	0	0	0	0	0	0	0	0	0	0	0	0	0	0	0	0	0	0	0	0	0	0	0	0	0	0	0	0	0	0	0	0	0	-65	0	0	0	0	0	0	0	0	0	0	0	0	0	0	0	0	0	0	0	0	0	0	0	0	0	0	0	0	0	0	0	3557	-2951	3663	22013	-7757	-220	-37	970	213	-1	-1	0	-38	956	211	1606974916
-53	-50	-52	-65	-62	0	-71	-75	-67	0	-68	-68	-73	-74	0	0	0	-78	-77	-78	0	0	-78	-79	0	0	-86	0	0	0	0	0	0	-55	0	-94	-94	-93	-93	-93	-94	0	0	0	0	0	0	-89	0	0	0	0	0	0	0	0	0	0	0	0	0	0	0	0	0	0	0	0	-95	0	0	0	0	0	0	0	0	0	0	0	0	0	0	0	0	0	0	0	0	0	0	0	0	0	0	0	0	0	0	0	0	0	0	0	0	0	0	0	0	0	0	0	0	3602	-2966	3679	22013	-7756	-219	-38	971	213	-1	-1	0	-38	956	211	1606974917
0	-48	-52	0	-64	-61	0	0	-78	0	-77	-77	-80	0	0	0	-84	-84	-84	-84	-83	-87	-84	-85	0	-85	-87	0	0	0	0	-92	0	-62	0	-89	-92	-90	0	-91	-91	-91	0	0	0	0	0	0	0	-88	0	0	0	0	0	0	-88	0	0	0	0	-86	0	0	-88	0	0	0	0	0	0	0	0	0	0	0	0	0	0	0	0	-59	0	0	0	0	0	0	0	0	0	0	0	0	0	0	0	0	0	0	0	0	0	0	0	0	0	0	0	0	0	0	0	3662	-2952	3671	22014	-7757	-218	-38	971	213	-1	-1	-1	-38	956	210	1606974919
-49	-50	-53	0	-63	0	-69	-77	-68	0	-68	-68	-73	-77	0	0	0	-78	-78	-78	0	0	-78	-77	0	0	-85	0	0	0	0	0	0	-55	0	-92	-92	-92	-93	-93	0	0	-90	0	0	0	0	0	0	0	0	0	0	0	0	0	0	0	0	0	0	0	0	0	0	0	0	0	-95	0	0	0	0	0	0	0	0	0	0	0	0	-62	0	0	0	0	0	0	0	0	0	0	0	0	0	0	0	0	0	0	0	0	0	0	0	0	0	0	0	0	0	0	0	3587	-2936	3663	22014	-7757	-219	-38	970	213	-1	-1	0	-38	956	211	1606974920
-54	-49	-51	-66	-61	-60	-70	-77	-77	-73	-77	-76	-80	-77	0	-87	0	-84	-84	-84	0	0	-83	-84	0	0	0	0	0	0	0	0	0	-62	0	-90	-91	-92	-91	-92	-90	0	-85	0	0	0	0	-90	0	0	0	0	0	0	0	0	0	0	0	0	0	0	0	0	0	0	0	0	0	0	0	0	0	0	0	0	0	0	0	0	0	-64	0	0	0	0	0	0	0	0	0	0	0	0	0	0	0	0	0	0	0	0	0	0	0	0	0	0	0	0	0	0	0	3587	-2951	3619	22014	-7756	-218	-38	971	213	-1	-1	-1	-38	956	211	1606974922
0	-50	-51	0	-63	0	-69	-77	-68	0	-67	-68	-73	-66	0	0	0	-78	-77	-78	0	0	-77	-78	0	0	-86	0	0	0	0	0	0	-54	0	0	-94	-93	-92	-94	-93	0	-87	0	0	0	0	0	0	-88	0	0	-87	-88	0	0	0	0	0	-93	0	0	0	0	0	0	0	0	-94	0	0	0	0	0	0	0	0	0	0	0	0	-65	0	0	0	0	0	0	0	0	0	0	0	0	0	0	0	0	0	0	0	0	0	0	0	0	0	0	0	0	0	0	0	3587	-2951	3656	22015	-7760	-218	-39	970	212	-1	-1	-1	-38	957	210	1606974923
-45	-51	-50	-66	-65	-54	-70	-77	-68	0	-68	-68	-73	-71	0	-86	0	-77	-77	-77	0	0	-78	-77	0	0	-87	0	0	0	0	0	0	-54	-64	0	-94	-94	-92	-93	0	0	0	0	0	0	0	0	0	-87	0	0	0	0	0	0	0	0	0	0	0	0	0	0	0	0	0	0	-92	0	0	0	0	0	0	0	0	0	0	0	0	0	0	0	0	0	0	0	0	0	0	0	0	0	0	0	0	0	0	0	0	0	0	0	0	0	0	0	0	0	0	0	0	3602	-3011	3664	22014	-7757	-218	-38	970	213	-1	-1	0	-38	956	210	1606974925
-48	-51	-53	-63	-64	-56	-71	-71	-67	-73	-67	-68	-73	-70	0	-84	-86	-78	-78	-78	0	0	-78	-77	0	-87	-86	0	0	0	0	0	0	-54	0	0	-93	-92	-92	-94	0	0	0	0	0	0	0	0	0	0	0	0	0	-86	0	0	0	0	0	0	0	0	0	0	0	0	0	0	-94	0	0	0	0	0	0	0	0	0	0	0	0	-63	0	0	0	0	0	0	0	0	0	0	0	0	0	0	0	0	0	0	0	0	0	0	0	0	0	0	0	0	0	0	0	3647	-2937	3649	22014	-7757	-218	-39	971	212	-1	-1	-1	-38	956	211	1606974927
-54	-50	-55	-62	-65	0	-70	-78	-76	-66	-76	-76	-81	-74	-75	0	0	-83	-85	-84	0	0	-84	-84	0	0	-85	0	0	0	0	0	0	-62	-59	-91	-90	-91	0	-91	-89	0	0	0	0	0	0	-89	0	0	0	0	0	0	0	0	0	0	0	0	0	0	0	0	0	0	0	0	0	0	0	0	0	0	0	0	0	0	0	0	0	-65	0	0	0	0	0	0	0	0	0	0	0	0	0	0	0	0	0	0	0	0	0	0	0	0	0	0	0	0	0	0	0	3647	-2952	3656	22014	-7758	-218	-39	970	213	-1	-1	0	-38	957	210	1606974928
-53	-51	-53	-63	-66	-56	-72	-71	-68	0	-68	-68	-73	-75	0	-86	0	-77	-77	-78	0	0	-78	-78	0	0	-86	0	-94	0	0	0	0	-54	0	-93	-94	-93	-93	-93	0	-90	-81	0	0	0	0	0	0	0	0	0	0	0	0	0	-86	0	0	-95	0	0	-95	0	-86	0	0	0	-93	0	0	0	0	0	0	0	0	0	0	0	0	-58	0	0	0	0	0	0	0	0	0	0	0	0	0	0	0	0	0	0	0	0	0	0	0	0	0	0	0	0	0	0	0	3647	-2982	3649	22014	-7757	-218	-39	970	213	-1	-1	0	-38	956	210	1606974930
-47	-49	-55	-64	-66	-55	-70	-75	-68	-72	-68	-69	-73	-75	-76	-86	0	-78	-78	-78	0	0	-77	-77	0	0	-87	0	0	0	0	0	0	-55	0	0	-94	-92	-92	-95	-93	-91	0	0	0	0	0	0	0	0	0	0	0	0	0	0	0	0	0	0	0	0	0	0	0	0	0	0	-94	0	0	0	0	0	0	0	0	0	0	0	0	-62	0	0	0	0	0	0	0	0	0	0	0	0	0	0	0	0	0	0	0	0	0	0	0	0	0	0	0	0	0	0	0	3647	-3034	3649	22014	-7756	-218	-38	970	214	-1	-1	-1	-38	956	211	1606974931
-46	0	-54	-65	-64	0	-71	-75	-77	-73	-76	-76	-80	-75	0	0	-83	-84	-84	-85	-85	-87	-85	-85	-85	-85	-84	0	0	0	0	0	0	-63	0	-91	-90	-89	-93	-90	-91	0	0	0	0	0	0	0	0	0	0	0	0	0	0	0	0	0	0	0	0	0	0	0	0	0	0	0	0	0	0	0	0	0	0	0	0	0	0	0	0	-66	0	0	0	0	0	0	0	0	0	0	0	0	0	0	0	0	0	0	0	0	0	0	0	0	0	0	0	0	0	0	0	3602	-2936	3663	22014	-7759	-219	-38	970	213	-1	-1	-1	-38	957	210	1606974933
-47	-50	-54	-65	-60	-61	-76	-75	-76	-74	-76	-76	-81	-71	0	-89	0	-84	-84	-85	0	-84	-85	-84	0	0	-88	0	-92	0	0	0	0	-63	-62	-89	-90	-92	-92	-90	-91	0	0	0	0	0	0	0	0	-88	0	0	-91	-89	0	0	0	0	0	0	0	0	0	0	0	0	0	0	0	0	-84	0	0	0	0	0	0	0	0	0	0	-58	0	0	0	0	0	0	0	0	0	0	0	0	0	0	0	0	0	0	0	0	0	0	0	0	0	0	0	0	0	0	0	3632	-2951	3619	22014	-7757	-218	-38	970	212	-1	-1	0	-38	956	210	1606974934
-48	-50	-52	-66	-65	0	0	-70	-77	-73	-77	-77	-80	-70	0	0	0	-84	-84	-85	0	-84	-85	-84	0	0	-86	0	0	0	0	0	0	-63	0	-90	-91	-91	-92	-91	-90	0	0	0	0	0	0	0	0	0	0	0	0	0	0	0	0	0	0	0	0	0	0	0	0	0	0	0	0	0	-85	0	0	0	0	0	0	0	0	0	0	-58	0	0	0	0	0	0	0	0	0	0	0	0	0	0	0	0	0	0	0	0	0	0	0	0	0	0	0	0	0	0	0	3602	-2966	3619	22014	-7758	-219	-38	969	213	-1	-1	-1	-38	956	211	1606974936
-49	-51	-52	-65	-64	0	-70	0	-68	0	-68	-68	-74	-70	-75	0	0	-78	-78	-78	0	0	-78	-78	0	0	-87	0	0	0	0	0	0	-55	0	0	-92	-95	-93	-95	-94	0	-86	0	0	0	0	0	0	0	0	0	0	0	0	0	0	0	0	-95	0	0	0	0	0	0	0	0	-94	0	0	0	0	0	0	0	0	0	0	0	0	-59	0	0	0	0	0	0	0	0	0	0	0	0	0	0	0	0	0	0	0	0	0	0	0	0	0	0	0	0	0	0	0	3662	-2967	3671	22015	-7761	-218	-38	969	212	-1	-1	0	-38	957	210	1606974938
-47	-50	-51	-64	-60	0	-70	-70	-68	0	-68	-67	-74	-76	0	0	0	-77	-77	-78	0	0	-78	-78	0	0	-87	0	0	0	0	0	0	-54	-58	0	-92	-93	0	-94	0	0	0	0	0	0	0	0	0	0	0	0	0	0	0	0	0	0	0	-94	0	0	0	0	0	0	0	0	-94	-92	0	-93	0	0	0	0	0	0	0	0	0	-65	0	0	0	0	0	0	0	0	0	0	0	0	0	0	0	0	0	0	0	0	0	0	0	0	0	0	0	0	0	0	0	3647	-2936	3634	22014	-7757	-218	-38	970	214	-1	-1	-1	-38	956	210	1606974939
-49	-50	-52	-64	-62	-54	-76	-70	-68	0	-67	-68	-73	-70	0	0	0	-78	-79	-78	0	0	-77	-77	0	0	-87	0	0	0	0	0	0	-54	0	0	-93	-93	-92	-94	0	-89	0	0	0	0	0	0	0	0	0	0	0	0	0	0	-87	0	0	0	0	-88	0	0	0	0	0	0	0	0	0	0	0	0	0	0	0	0	0	0	0	-65	0	0	0	0	0	0	0	0	0	0	0	0	0	0	0	0	0	0	0	0	0	0	0	0	0	0	0	0	0	0	0	3632	-2959	3649	22015	-7759	-218	-39	970	213	-1	-1	-1	-38	957	210	1606974941
-54	-50	0	-62	-66	0	-75	-75	-68	0	-68	-67	-73	-75	0	0	0	-78	-78	-78	0	-86	-78	-77	0	0	-87	0	0	0	0	0	0	-54	0	0	-93	-94	-92	-96	0	0	0	0	0	0	0	0	0	0	0	0	0	0	0	0	0	0	0	0	0	0	0	0	0	0	0	0	-93	0	0	0	0	0	0	0	0	0	0	0	0	-60	0	0	0	0	0	0	0	0	0	0	0	0	0	0	0	0	0	0	0	0	0	0	0	0	0	0	0	0	0	0	0	3587	-2996	3619	22015	-7761	-218	-38	970	212	-1	-1	0	-38	957	210	1606974942
-54	-50	-54	0	-66	0	0	-70	-69	0	-68	-68	-73	-71	0	0	0	-78	-78	-77	0	-85	-77	-78	0	0	-89	0	0	0	0	0	0	-54	0	0	-94	-93	-91	-92	0	0	0	0	0	0	0	0	0	0	0	0	0	0	0	0	0	0	0	0	0	0	0	0	0	0	0	0	-93	0	0	0	0	0	0	0	0	0	0	0	0	-59	0	0	0	0	0	0	0	0	0	0	0	0	0	0	0	0	0	0	0	0	0	0	0	0	0	0	0	0	0	0	0	3602	-2966	3664	22014	-7758	-219	-38	970	213	-1	-1	0	-38	957	210	1606974944
-47	-50	-53	-64	-64	-54	-71	-75	-68	-73	-68	-69	-73	-70	0	0	0	-78	-78	-78	0	-84	-78	-78	0	0	-90	0	0	0	0	0	0	-55	0	0	-92	-94	-91	-94	0	0	0	0	0	0	0	0	0	0	0	0	0	0	0	0	0	0	0	-94	0	0	-95	0	0	0	0	0	-93	0	0	0	0	0	0	0	0	0	0	0	0	0	0	0	0	0	0	0	0	0	0	0	0	0	0	0	0	0	0	0	0	0	0	0	0	0	0	0	0	0	0	0	0	3602	-2966	3664	22014	-7756	-218	-38	970	213	-1	-1	-1	-38	956	211	1606974945
-48	-50	-53	0	-64	-56	0	0	-68	-74	-68	-68	-73	0	0	0	0	-78	-78	-77	0	0	-78	-78	0	0	-88	0	0	0	0	0	0	-55	0	-93	-92	-93	-91	-94	0	0	-87	0	0	0	0	0	0	0	0	0	0	0	0	0	0	0	0	0	0	0	0	0	0	0	0	0	0	0	0	0	0	0	0	0	0	0	0	0	0	-63	0	0	0	0	0	0	0	0	0	0	0	0	0	0	0	0	0	0	0	0	0	0	0	0	0	0	0	0	0	0	0	3617	-2952	3664	22015	-7761	-219	-38	970	213	-1	-1	-1	-38	957	210	1606974947
0	-50	-52	-64	-64	-61	-70	-70	-75	-74	-75	-77	-80	-74	0	0	-85	-86	-85	-85	-86	-84	-86	-85	-84	-83	-87	0	-95	0	0	0	0	-62	0	-92	-91	-89	-91	-91	-92	0	-89	0	0	0	0	0	0	0	0	0	0	0	0	0	-86	0	0	0	0	-86	0	0	-86	0	0	0	0	0	0	0	0	0	0	0	0	0	0	0	0	-56	0	0	0	0	0	0	0	0	0	0	0	0	0	0	0	0	0	0	0	0	0	0	0	0	0	0	0	0	0	0	0	3586	-2936	3604	22013	-7755	-219	-39	970	213	-1	-1	-1	-38	956	211	1606974949
-48	-51	-52	-63	-65	-61	-70	-71	-77	-74	-76	-76	-81	-74	0	0	0	-84	-85	-84	0	-83	-85	-84	0	0	-86	0	-92	0	0	0	0	-62	0	-91	-92	-89	-92	-92	-91	0	0	0	0	0	0	0	0	0	0	0	-87	-89	0	0	0	0	0	0	0	0	0	0	0	0	0	0	0	0	0	0	0	0	0	0	0	0	0	0	0	-58	0	0	0	0	0	0	0	0	0	0	0	0	0	0	0	0	0	0	0	0	0	0	0	0	0	0	0	0	0	0	0	3632	-2997	3679	22014	-7757	-219	-38	970	213	-1	-1	0	-38	956	210	1606974950
-48	-50	-53	-63	-66	-56	-74	-71	-68	-74	-68	-67	-74	0	0	0	-83	-78	-77	-77	-85	-84	-78	-78	0	-84	-86	0	0	0	0	0	0	-55	0	-93	-93	-95	-91	-92	0	0	0	-87	0	0	-88	0	0	0	-88	0	0	0	0	0	0	0	0	0	0	0	0	0	0	0	0	0	-96	0	0	0	0	0	0	0	0	0	0	0	0	-58	0	0	0	0	0	0	0	0	0	0	0	0	0	0	0	0	0	0	0	0	0	0	0	0	0	0	0	0	0	0	0	3587	-2951	3664	22015	-7761	-219	-39	970	213	-1	-1	0	-38	957	210	1606974952
-53	-50	-54	-63	-66	0	-75	-75	-68	0	-68	-67	-74	-76	0	0	0	-78	-78	-78	0	-84	-78	-77	0	0	-83	0	0	0	0	0	0	-54	0	0	-95	-92	-91	-94	-96	0	0	0	0	0	0	0	0	0	0	0	0	0	0	0	0	0	0	0	0	0	0	0	0	0	0	0	-95	0	0	0	0	0	0	0	0	0	0	0	0	-66	0	0	0	0	0	0	0	0	0	0	0	0	0	0	0	0	0	0	0	0	0	0	0	0	0	0	0	0	0	0	0	3632	-2952	3649	22014	-7756	-218	-39	970	213	-1	-1	0	-38	956	211	1606974953
0	-50	-52	0	-65	-60	-71	-70	-76	-74	-76	-77	-81	-71	0	-86	-85	-85	-86	-85	0	-84	-85	-85	-86	-85	-86	0	0	0	0	0	0	-63	0	-92	-90	-91	-92	-91	-91	0	0	0	0	0	0	0	0	0	0	0	0	0	0	0	0	0	0	0	0	0	0	0	0	0	0	0	0	0	0	0	0	0	0	0	0	0	0	0	0	-63	0	0	0	0	0	0	0	0	0	0	0	0	0	0	0	0	0	0	0	0	0	0	0	0	0	0	0	0	0	0	0	3632	-2952	3694	22013	-7755	-219	-39	970	213	-1	-1	-1	-38	956	211	1606974955
-54	-50	0	-62	-66	-55	-75	-73	-68	-73	-68	-68	-74	-70	0	0	-86	-78	-78	-78	-84	-85	-77	-78	-84	-84	-87	0	0	0	0	0	0	-54	0	-92	-94	-93	-92	-92	-93	0	0	0	0	0	0	0	0	0	0	0	0	0	0	0	0	0	0	0	0	0	0	0	0	0	0	0	-94	0	0	0	0	0	0	0	0	0	0	0	0	0	0	0	0	0	0	0	0	0	0	0	0	0	0	0	0	0	0	0	0	0	0	0	0	0	0	0	0	0	0	0	0	3632	-2967	3649	22015	-7760	-218	-38	970	212	-1	-1	0	-38	957	210	1606974987
-48	-50	-53	-63	-65	-60	-71	-75	-76	0	-76	-76	-81	-70	0	-86	0	-83	-86	-84	0	0	-85	-84	0	0	-86	0	0	0	0	0	0	-62	0	-92	-90	-92	-94	-90	-89	-91	-83	0	0	0	0	0	0	0	0	0	0	0	0	0	-87	0	0	0	0	0	0	0	0	0	0	0	0	0	0	0	0	0	0	0	0	0	0	0	0	-58	0	0	0	0	0	0	0	0	0	0	0	0	0	0	0	0	0	0	0	0	0	0	0	0	0	0	0	0	0	0	0	3587	-2996	3664	22014	-7757	-219	-38	970	213	-1	-1	-1	-38	956	210	1606974988
-53	-50	-53	0	-64	0	0	0	-68	-74	-67	-68	-74	0	0	0	0	-78	-78	-78	0	0	-78	-78	0	0	-86	0	0	0	0	0	0	-54	0	0	-93	-92	-92	-94	0	0	0	0	0	0	0	0	0	0	0	0	0	0	0	0	0	0	0	0	0	0	0	0	0	0	0	0	-93	0	0	0	0	0	0	0	0	0	0	0	0	-59	0	0	0	0	0	0	0	0	0	0	0	0	0	0	0	0	0	0	0	0	0	0	0	0	0	0	0	0	0	0	0	3647	-2959	3664	22013	-7755	-219	-38	970	213	-1	-1	-1	-38	956	211	1606974990
-54	-52	-52	0	-65	0	0	-75	-68	0	-69	-68	-75	-72	0	-88	0	-78	-77	-78	0	-81	-78	-77	0	0	-86	0	0	0	0	0	0	-54	0	-94	-93	-94	-91	-94	0	0	0	0	0	0	0	0	0	0	0	0	0	0	0	0	-87	0	0	0	0	-87	0	0	-88	0	0	0	-93	-91	0	0	0	0	0	0	0	0	0	0	0	-58	0	0	0	0	0	0	0	0	0	0	0	0	0	0	0	0	0	0	0	0	0	0	0	0	0	0	0	0	0	0	0	3617	-2944	3649	22014	-7758	-219	-38	970	213	0	-1	0	-38	956	210	1606974991
0	-52	-53	-63	-65	-56	-70	-70	-68	0	-68	-67	-73	-70	0	-87	0	-78	-77	-79	0	0	-78	-78	0	0	-86	0	0	0	0	0	0	-54	0	0	-94	-94	-91	-95	0	0	0	0	-87	0	0	0	0	0	0	0	0	0	0	0	0	0	0	0	0	0	0	0	0	0	0	0	-93	0	0	0	0	0	0	0	0	0	0	0	0	-66	0	0	0	0	0	0	0	0	0	0	0	0	0	0	0	0	0	0	0	0	0	0	0	0	0	0	0	0	0	0	0	3632	-2936	3649	22014	-7758	-219	-38	970	213	-1	0	0	-38	957	210	1606974993
-47	-50	0	-63	-65	-56	-76	-75	-68	0	-68	-68	-74	-76	-75	-85	0	-78	-78	-78	0	-85	-78	-78	0	0	-86	0	0	0	0	0	0	-54	0	-94	-93	-93	-93	-94	0	0	0	0	-87	0	0	0	0	0	0	0	0	0	0	0	0	0	0	0	0	0	0	0	0	0	0	0	-93	0	0	0	0	0	0	0	0	0	0	0	0	-66	0	0	0	0	0	0	0	0	0	0	0	0	0	0	0	0	0	0	0	0	0	0	0	0	0	0	0	0	0	0	0	3617	-2936	3663	22014	-7758	-218	-39	970	213	0	0	0	-38	957	210	1606974995
-54	-50	0	-63	-65	-61	0	0	-76	-76	-77	-78	-81	0	0	0	0	-84	-86	-85	0	-84	-84	-85	0	0	-86	0	0	0	0	0	0	-63	0	-90	-90	-90	-93	-91	-90	0	0	0	-85	0	0	0	0	0	0	0	0	0	0	0	0	0	0	0	0	0	0	0	0	0	0	0	0	0	0	0	0	0	0	0	0	0	0	0	0	-63	0	0	0	0	0	0	0	0	0	0	0	0	0	0	0	0	0	0	0	0	0	0	0	0	0	0	0	0	0	0	0	3647	-2952	3664	22014	-7759	-219	-39	970	213	0	-1	0	-38	957	210	1606974996
-53	-50	0	-62	-65	-61	-66	-70	-77	0	-77	-77	-80	-64	0	0	0	-84	-84	-84	0	0	-85	-84	0	0	-88	-91	0	0	0	-92	0	-62	0	-90	-90	-91	-91	-91	-91	0	0	0	-85	0	0	0	0	0	0	0	0	0	0	0	0	0	0	0	0	0	0	0	0	0	0	0	0	0	0	0	0	0	0	0	0	0	0	0	0	-59	0	0	0	0	0	0	0	0	0	0	0	0	0	0	0	0	0	0	0	0	0	0	0	0	0	0	0	0	0	0	0	3587	-2936	3663	22015	-7761	-218	-38	970	213	-1	-1	0	-38	957	210	1606974998
0	-52	0	0	0	-56	-78	-79	-68	0	-68	-67	-73	-71	0	0	0	-78	-78	-78	0	0	-78	-78	0	0	0	-92	0	0	0	0	0	-54	-62	-95	-93	-95	-92	-93	-94	0	0	0	-85	0	0	0	0	0	0	0	0	0	0	0	0	0	0	0	0	0	0	0	0	0	0	0	-93	0	0	0	0	0	0	0	0	0	0	0	0	-66	0	0	0	0	0	0	0	0	0	0	0	0	0	0	0	0	0	0	0	0	0	0	0	0	0	0	0	0	0	0	0	3647	-3019	3664	22014	-7758	-219	-38	970	212	0	0	-1	-38	956	210	1606974999
-55	-53	-54	0	-64	0	-71	-72	-68	0	-68	-68	-73	-71	0	0	0	-78	-78	-79	0	0	-78	-78	0	0	-86	-93	0	0	0	0	0	-56	0	-92	-94	-93	-93	-94	-92	0	0	0	-84	0	0	-86	0	0	0	0	0	0	0	0	0	0	0	0	0	0	0	0	0	0	0	0	-95	0	0	0	0	0	0	0	0	0	0	0	0	0	0	0	0	0	0	0	0	0	0	0	0	0	0	0	0	0	0	0	0	0	0	0	0	0	0	0	0	0	0	0	0	3655	-2997	3679	22014	-7760	-220	-38	969	213	-1	-1	-1	-38	957	210	1606975001
-48	-51	-54	-62	-60	-63	-71	-72	-75	0	-76	-75	-80	-70	0	0	-89	-84	-84	-85	0	0	-85	-85	0	0	-86	-93	-94	0	0	-94	0	-64	0	-90	-90	-91	-94	-93	-90	0	0	0	-86	0	0	0	0	0	0	0	0	0	0	0	0	0	0	0	0	0	0	0	0	0	0	0	0	0	0	0	0	0	0	0	0	0	0	0	0	0	0	0	0	0	0	0	0	0	0	0	0	0	0	0	0	0	0	0	0	0	0	0	0	0	0	0	0	0	0	0	0	3617	-2921	3619	22015	-7761	-218	-39	970	212	0	0	0	-38	957	210	1606975002
