-53	0	0	-52	-60	-59	-69	-66	-77	0	-77	-75	-76	-69	0	0	-81	-87	-87	-87	0	-82	-87	-87	-81	-82	-86	-90	-91	0	0	-91	-92	-57	0	0	0	0	-86	0	0	0	0	0	0	0	0	0	0	0	0	0	0	0	0	0	0	0	0	0	0	-83	0	0	-84	0	0	0	0	0	0	0	0	0	0	0	0	0	0	0	0	-72	0	0	0	0	0	0	0	0	0	0	0	0	0	0	0	0	0	0	0	0	0	0	0	0	0	0	0	0	0	0	0	3960	-2575	3051	22786	-7727	-166	-31	969	214	0	0	-1	-29	956	216	1606974583
0	-50	-51	-56	0	-59	-69	-69	-78	-79	-76	-76	-75	-69	0	-86	0	-89	-89	-89	0	-82	-90	-90	0	0	-90	-90	-93	0	0	-90	0	-60	-64	0	0	0	-84	0	0	0	0	0	0	0	-89	0	0	-85	0	0	0	0	0	0	0	0	0	0	0	0	0	0	0	0	0	0	0	0	0	0	0	0	0	0	0	0	0	0	0	-65	0	0	0	0	0	0	0	0	0	0	0	0	0	0	0	0	0	0	0	0	0	0	0	0	0	0	0	0	0	0	0	3945	-2665	3081	22752	-7727	-164	-28	968	220	0	0	0	-28	956	216	1606974585
-52	-46	-49	-53	-60	0	-70	-73	0	0	-69	-67	-74	-70	0	0	0	-83	-82	-82	0	0	-83	-82	0	0	-89	-91	-90	0	0	-91	0	-57	-60	0	0	0	-91	0	0	0	0	0	0	0	0	0	0	0	0	0	0	0	0	0	0	0	0	0	0	0	0	0	0	0	0	-91	0	0	-83	0	0	0	0	0	0	0	0	0	0	-61	0	0	0	0	0	0	0	0	0	0	0	0	0	0	0	0	0	0	0	0	0	0	0	0	0	0	0	0	0	0	0	3960	-2635	3156	22758	-7725	-164	-29	969	220	0	0	-1	-29	956	216	1606974586
-52	-46	-55	-53	-67	-60	-77	-77	-69	0	-69	-70	-76	-74	0	-88	0	-81	-81	-82	0	0	-82	-82	0	0	-88	-91	-92	0	0	-93	0	-58	0	0	0	0	-90	0	0	0	0	0	0	0	0	0	0	0	0	0	-87	0	0	0	-86	0	0	0	0	-88	0	-85	0	0	0	0	0	0	0	0	0	0	0	0	0	0	0	0	0	-65	0	0	0	0	0	0	0	0	0	0	0	0	0	0	0	0	0	0	0	0	0	0	0	0	0	0	0	0	0	0	0	3990	-2635	3096	22756	-7720	-164	-28	968	220	0	0	-1	-29	955	217	1606974588
-54	-47	-51	-51	0	-60	-73	0	-75	-76	-75	-75	-75	-73	0	-87	0	-87	-87	-88	0	0	-88	-87	0	0	-86	-90	-89	0	0	-92	0	-61	0	0	0	0	-87	0	0	0	0	0	0	0	-89	0	0	0	0	0	0	0	0	0	0	0	0	0	0	0	0	0	0	0	0	0	0	0	0	0	0	0	0	0	0	0	0	0	0	-66	0	0	0	0	0	0	0	0	0	0	0	0	0	0	0	0	0	0	0	0	0	0	0	0	0	0	0	0	0	0	0	3975	-2665	3096	22755	-7716	-163	-28	969	221	0	0	-1	-28	955	217	1606974589
-58	-48	-46	-55	-60	-60	-72	-74	-75	-79	-74	-75	-75	-74	0	0	-87	-91	-89	-88	0	0	-89	-89	0	-85	0	-92	-91	0	0	-92	0	-59	0	0	0	0	-86	0	0	0	0	-87	0	0	0	-84	0	0	0	0	0	0	0	0	0	0	0	0	0	0	0	0	0	0	0	0	0	0	0	0	0	0	0	0	0	0	0	0	0	-67	0	0	0	0	0	0	0	0	0	0	0	0	0	0	0	0	0	0	0	0	0	0	0	0	0	0	0	0	0	0	0	3975	-2658	3052	22757	-7722	-162	-28	969	220	0	0	-1	-28	955	216	1606974591
-52	0	-47	-55	-63	0	-69	-69	-68	0	-66	-66	-75	-69	0	0	0	-81	-80	-81	0	0	-80	-81	0	0	-89	-90	-91	0	-90	-91	-89	-57	0	0	0	0	-90	0	0	-92	0	0	0	0	0	0	0	0	0	-93	0	0	0	0	0	0	0	0	0	0	0	0	0	0	0	-91	0	0	0	0	0	0	0	0	0	0	0	0	0	-65	0	0	0	0	0	0	0	0	0	0	0	0	0	0	0	0	0	0	0	0	0	0	0	0	0	0	0	0	0	0	0	3960	-2635	3088	22755	-7713	-161	-28	969	220	-1	-1	0	-28	955	218	1606974592
-55	-47	-48	-54	-61	0	0	-71	-75	-73	-76	-75	-76	-71	0	0	0	-89	-90	-88	0	0	-90	-89	0	0	-91	-90	-90	0	-89	-89	0	-60	0	0	0	0	-86	0	0	0	0	0	0	0	-90	0	0	0	-91	0	0	0	0	0	0	0	0	0	0	0	0	0	0	0	0	0	0	0	0	0	0	0	0	0	0	0	0	0	0	-65	0	0	0	0	0	0	0	0	0	0	0	0	0	0	0	0	0	0	0	0	0	0	0	0	0	0	0	0	0	0	0	3975	-2680	3052	22755	-7712	-161	-29	968	220	-1	-1	-1	-28	955	218	1606974594
-51	-46	0	-55	-61	-60	-70	-71	-76	-74	-76	-75	-74	-72	-83	0	0	-88	-88	-89	0	-88	-88	-90	0	0	-87	-89	-89	0	-88	-88	-87	-60	0	0	0	0	-86	0	0	0	0	-86	0	0	0	0	0	0	0	0	0	0	0	0	0	0	0	0	0	0	0	0	0	0	0	0	0	0	0	0	0	0	0	0	0	0	0	0	0	-64	0	0	0	0	0	0	0	0	0	0	0	0	0	0	0	0	0	0	0	0	0	0	0	0	0	0	0	0	0	0	0	3945	-2665	3089	22755	-7713	-160	-28	968	221	-1	-1	-1	-28	955	218	1606974596
-53	-49	-50	-53	-62	-61	-69	-69	-76	0	-75	-76	-75	-70	0	-86	0	-90	-89	-88	0	0	-89	-89	0	0	-89	-89	-89	0	0	-89	-89	-60	0	0	0	0	-85	0	0	0	0	0	0	0	0	0	0	0	0	-91	0	0	0	0	0	0	0	0	0	0	0	0	0	0	0	0	0	0	0	0	0	0	0	0	0	0	0	0	0	-63	0	0	0	0	0	0	0	0	0	0	0	0	0	0	0	0	0	0	0	0	0	0	0	0	0	0	0	0	0	0	0	4020	-2635	3081	22755	-7712	-160	-28	969	221	-1	-1	-1	-28	955	218	1606974597
-55	0	-48	-54	-63	-61	-70	-69	-67	-71	-67	-67	-77	-68	0	0	0	-79	-80	-80	0	0	-79	-81	0	0	0	-90	-89	0	-88	-88	-90	-60	0	0	0	0	-89	0	0	-91	0	0	0	0	0	0	0	0	0	0	0	0	0	0	0	0	0	0	0	0	0	0	0	0	0	0	0	0	0	0	0	0	0	0	0	0	0	0	0	-68	0	0	0	0	0	0	0	0	0	0	0	0	0	0	0	0	0	0	0	0	0	0	0	0	0	0	0	0	0	0	0	4005	-2605	3111	22755	-7711	-160	-28	968	220	-1	-1	0	-28	955	218	1606974599
-57	-47	-48	0	-63	0	0	0	-71	-72	-67	-69	-76	0	0	-86	0	-80	-80	-79	0	0	-80	-81	0	0	-90	-87	-87	0	-90	-89	-89	-59	0	0	0	0	-91	0	0	0	0	0	0	0	0	0	0	0	0	-91	0	0	0	0	0	0	0	0	0	0	0	0	0	0	0	0	0	0	0	0	0	0	0	0	0	0	0	0	0	-64	0	0	0	0	0	0	0	0	0	0	0	0	0	0	0	0	0	0	0	0	0	0	0	0	0	0	0	0	0	0	0	3907	-2605	3051	22756	-7715	-160	-28	968	220	-1	-1	-1	-28	955	218	1606974600
-56	-46	-47	-55	-67	-60	-69	-69	-77	0	-75	-77	-76	-72	0	-87	0	-91	-91	-92	0	0	-92	-90	0	0	-88	-88	-91	0	-89	-90	-89	-59	-62	0	0	0	-86	0	0	-90	0	0	0	-89	-87	0	0	0	-89	0	0	0	0	0	0	0	0	-93	0	0	0	0	0	0	0	0	0	0	0	0	0	0	0	0	0	0	0	0	0	0	0	0	0	0	0	0	0	0	0	0	0	0	0	0	0	0	0	0	0	0	0	0	0	0	0	0	0	0	0	0	0	3953	-2635	3096	22754	-7708	-160	-28	968	220	-1	-1	-1	-28	955	219	1606974602
0	0	-48	0	0	-62	0	-70	-76	-75	-76	-75	-75	0	0	-87	0	-88	-88	-89	0	0	-88	-89	0	0	-91	-89	-89	0	-89	-89	-89	-59	0	0	0	0	-86	0	0	0	0	0	0	0	0	0	0	0	0	-92	0	0	0	0	0	0	0	0	0	0	0	0	0	0	0	0	0	0	0	0	0	0	0	0	0	0	0	0	0	-65	0	0	0	0	0	0	0	0	0	0	0	0	0	0	0	0	0	0	0	0	0	0	0	0	0	0	0	0	0	0	0	3870	-2605	3111	22755	-7710	-160	-28	969	221	-1	-1	0	-28	955	218	1606974603
-57	0	-47	-56	-62	-61	-67	-67	-68	-72	-69	-68	-76	-71	0	0	-89	-79	-79	-81	0	0	-79	-79	0	0	-93	-89	-89	0	-89	-89	-89	-59	0	0	0	0	-91	0	0	0	0	0	-84	0	0	0	0	0	0	0	0	0	0	0	0	0	0	-93	0	0	0	0	0	0	0	0	0	0	0	0	0	0	0	0	0	0	0	0	0	-64	0	0	0	0	0	0	0	0	0	0	0	0	0	0	0	0	0	0	0	0	0	0	0	0	0	0	0	0	0	0	0	4021	-2650	3111	22756	-7716	-159	-29	969	220	-1	-1	-1	-28	955	217	1606974605
-57	-46	-47	-53	-64	0	-65	-66	-76	-71	-76	-75	-75	-69	0	0	0	-90	-90	-90	0	0	-90	-90	0	0	-88	-89	-90	0	0	-89	-89	-59	0	0	0	0	-85	0	0	-91	0	0	0	0	-87	0	-88	0	0	0	0	0	0	0	0	0	0	0	0	0	0	0	0	0	0	0	0	0	0	0	0	0	0	0	0	0	0	0	0	-64	0	0	0	0	0	0	0	0	0	0	0	0	0	0	0	0	0	0	0	0	0	0	0	0	0	0	0	0	0	0	0	3900	-2620	3081	22755	-7710	-160	-28	968	221	-1	-1	-1	-28	955	218	1606974606
-56	-46	0	-54	-65	-61	-70	-67	-75	0	-76	-75	-76	-70	0	0	0	-91	-91	-90	0	0	-91	-91	0	-86	-90	-89	-89	0	-90	-89	-90	-61	0	0	0	0	-85	0	0	0	-90	0	0	-89	-90	-83	0	0	-88	0	0	-87	0	0	0	0	0	0	0	0	0	0	0	0	0	0	0	0	0	0	0	0	0	0	0	0	0	0	0	0	0	0	0	0	0	0	0	0	0	0	0	0	0	0	0	0	0	0	0	0	0	0	0	0	0	0	0	0	0	0	0	3945	-2605	3081	22755	-7711	-159	-29	968	221	-1	-1	-1	-28	955	218	1606974608
-53	-44	-47	-53	-62	-60	-67	-67	-75	-72	-73	-74	-76	-67	0	0	0	-89	-89	-89	0	0	-90	-90	0	0	-91	-88	-88	0	-89	-91	-90	-60	0	0	0	0	-85	0	0	0	0	0	0	0	-89	0	0	0	0	0	0	0	0	0	0	0	0	-92	0	0	0	0	0	0	0	0	0	0	0	0	0	0	0	0	0	0	0	0	0	0	0	0	0	0	0	0	0	0	0	0	0	0	0	0	0	0	0	0	0	0	0	0	0	0	0	0	0	0	0	0	0	3960	-2658	3081	22755	-7710	-160	-29	969	220	-1	-1	0	-28	955	218	1606974610
-53	-46	-45	-53	-61	-62	-68	-72	-74	-73	-75	-74	-75	-70	0	0	0	-89	-89	-88	0	0	-89	-88	0	0	-89	-89	-89	0	0	-89	-90	-59	0	0	0	0	-85	0	0	0	0	0	-89	0	-88	0	0	0	-89	-95	0	0	0	0	0	0	0	0	0	0	0	0	0	0	0	0	0	0	0	0	0	0	0	0	0	0	0	0	0	-67	0	0	0	0	0	0	0	0	0	0	0	0	0	0	0	0	0	0	0	0	0	0	0	0	0	0	0	0	0	0	0	3960	-2650	3111	22755	-7713	-161	-28	968	220	-1	-1	-1	-28	955	218	1606974611
-52	-49	-45	-52	-64	-63	-71	-71	-75	0	-75	-76	-76	-68	0	0	0	-89	-89	-88	0	0	0	-88	0	0	-89	-88	-88	0	-88	-88	-88	-59	0	0	0	0	-86	0	0	-89	0	0	0	0	0	0	0	0	0	0	0	0	0	0	0	0	0	0	0	0	0	0	0	0	0	0	0	0	0	0	0	0	0	0	0	0	0	0	0	-65	0	0	0	0	0	0	0	0	0	0	0	0	0	0	0	0	0	0	0	0	0	0	0	0	0	0	0	0	0	0	0	3915	-2665	3096	22755	-7711	-160	-29	969	221	-1	-1	0	-28	955	218	1606974613
-52	-49	-48	0	-64	-62	0	0	-74	-72	-75	-74	-76	0	0	0	0	-90	-90	-89	0	0	-88	-89	0	0	-91	-89	-90	0	0	-88	-90	-60	0	0	0	0	-87	0	0	-89	0	0	0	0	0	0	0	0	0	0	0	0	0	0	0	0	0	-93	0	0	0	0	0	0	0	0	0	0	0	0	0	0	0	0	0	0	0	0	0	-67	0	0	0	0	0	0	0	0	0	0	0	0	0	0	0	0	0	0	0	0	0	0	0	0	0	0	0	0	0	0	0	3960	-2605	3111	22756	-7717	-160	-29	969	219	-1	-1	-1	-28	955	218	1606974614
-49	-51	-47	-54	-64	0	-70	-71	-68	-72	-68	-66	-78	-71	0	0	0	-81	-80	-81	0	0	-80	-81	0	0	-90	-88	-89	0	0	-89	-89	-60	0	0	0	0	-91	0	0	0	0	0	0	0	0	0	0	0	0	0	0	0	0	-88	0	0	0	0	0	0	0	0	0	0	0	0	0	0	0	0	0	0	0	0	0	0	0	0	0	0	0	0	0	0	0	0	0	0	0	0	0	0	0	0	0	0	0	0	0	0	0	0	0	0	0	0	0	0	0	0	0	4043	-2635	3037	22755	-7711	-160	-29	968	221	-1	-1	0	-28	955	218	1606974616
0	-48	-45	0	0	-63	-69	-72	-75	-72	-75	-75	-75	-70	0	0	-88	-90	-88	-90	0	0	-90	-90	0	0	-88	-89	-89	0	0	-88	-88	-60	0	0	0	0	-86	0	0	0	0	-86	0	0	0	0	0	0	0	0	0	0	0	0	0	0	0	0	0	0	0	0	0	0	0	0	0	0	0	0	0	0	0	0	0	0	0	0	0	-60	0	0	0	0	0	0	0	0	0	0	0	0	0	0	0	0	0	0	0	0	0	0	0	0	0	0	0	0	0	0	0	3870	-2635	3126	22755	-7711	-160	-28	968	220	-1	-1	-1	-28	955	218	1606974618
0	-48	-45	-54	0	-62	-69	-71	-75	0	-74	-75	-75	-72	0	0	0	-92	-90	-90	0	0	-90	-90	0	0	-89	-89	-89	0	-89	-90	-89	-59	-63	0	0	0	-86	0	0	-93	0	0	0	0	0	0	0	0	-89	0	0	0	0	0	0	0	0	0	0	0	0	0	0	0	0	0	0	0	0	0	0	0	0	0	0	0	0	0	0	-60	0	0	0	0	0	0	0	0	0	0	0	0	0	0	0	0	0	0	0	0	0	0	0	0	0	0	0	0	0	0	0	3976	-2725	3097	22756	-7715	-160	-28	969	219	-1	-1	-1	-28	955	218	1606974619
-54	-46	-45	-53	-63	-62	-71	-72	-75	-75	-75	-75	0	-71	0	0	0	-89	-90	-89	0	0	-89	-89	0	0	-89	-89	-89	0	-88	-89	-88	-58	0	0	0	0	-86	0	0	0	0	0	0	0	-89	0	-89	0	0	0	0	0	0	0	0	0	0	0	0	0	0	0	0	0	0	0	0	0	0	0	0	0	0	0	0	0	0	0	0	-60	0	0	0	0	0	0	0	0	0	0	0	0	0	0	0	0	0	0	0	0	0	0	0	0	0	0	0	0	0	0	0	4006	-2643	3089	22755	-7712	-160	-28	968	221	-1	-1	0	-28	955	218	1606974621
-52	-49	-45	-53	-62	-61	-72	-68	-68	-72	-69	-68	-77	-73	0	0	0	-81	-82	-81	0	0	-81	-81	0	0	-90	-89	-88	0	-89	-89	-90	-60	0	0	0	0	-90	0	0	-89	0	0	0	0	0	0	0	0	0	-90	0	0	0	0	0	-91	0	0	0	0	0	0	0	0	0	0	0	0	0	0	0	0	0	0	0	0	0	0	0	-63	0	0	0	0	0	0	0	0	0	0	0	0	0	0	0	0	0	0	0	0	0	0	0	0	0	0	0	0	0	0	0	4005	-2635	3119	22755	-7710	-160	-29	969	220	-1	-1	-1	-28	955	218	1606974623
-51	-49	-46	-53	-64	-63	-72	-69	-75	-73	-74	-74	0	-72	0	0	0	-90	-90	-88	0	0	-90	-89	0	0	-89	-89	-89	0	-89	-90	-90	-59	0	0	0	0	0	0	0	0	0	0	0	0	0	0	0	0	0	0	0	0	0	0	0	0	0	0	0	0	0	0	0	0	0	-91	0	0	0	0	0	0	0	0	0	0	0	0	0	-61	0	0	0	0	0	0	0	0	0	0	0	0	0	0	0	0	0	0	0	0	0	0	0	0	0	0	0	0	0	0	0	3975	-2665	3111	22755	-7712	-160	-29	968	220	-1	-1	-1	-28	955	218	1606974624
-52	-46	0	-53	-63	-62	-68	-71	-75	0	-74	-75	-76	-70	0	0	0	-91	-90	-89	0	0	-89	-90	0	0	-90	-89	-90	0	-89	-89	-89	-60	0	0	0	0	-86	0	0	-90	0	0	0	0	-88	-83	0	0	-88	0	0	0	0	0	0	0	0	-94	0	0	0	0	0	0	0	0	0	0	0	0	0	0	0	0	0	0	0	0	0	-66	0	0	0	0	0	0	0	0	0	0	0	0	0	0	0	0	0	0	0	0	0	0	0	0	0	0	0	0	0	0	0	3967	-2545	3096	22756	-7715	-162	-28	969	220	-1	-1	-1	-28	955	218	1606974626
-52	-47	-45	-52	0	-62	-70	-70	-68	-72	-66	-67	-77	-70	0	0	0	-81	-80	-80	0	0	-80	-80	0	-90	0	-88	-89	0	0	-89	-88	-64	0	0	0	0	-89	0	0	0	0	-83	0	0	0	-82	0	0	0	0	0	0	0	0	0	0	0	0	0	0	0	0	0	0	0	0	0	0	0	0	0	0	0	0	0	0	0	0	0	-63	0	0	0	0	0	0	0	0	0	0	0	0	0	0	0	0	0	0	0	0	0	0	0	0	0	0	0	0	0	0	0	3960	-2643	3051	22755	-7713	-160	-29	968	220	-1	-1	0	-28	955	218	1606974627
0	-45	-46	-52	-64	-63	-69	-65	-74	-72	-75	-73	-74	-66	0	0	0	-89	-90	-90	0	0	-89	-89	0	0	-90	-89	-88	0	-90	-89	0	-59	0	0	0	0	-85	0	0	0	0	0	0	0	0	-84	0	0	0	0	0	0	0	0	0	0	0	0	0	0	0	0	0	0	0	0	0	0	-87	0	0	0	0	0	0	0	0	0	0	-64	0	0	0	0	0	0	0	0	0	0	0	0	0	0	0	0	0	0	0	0	0	0	0	0	0	0	0	0	0	0	0	4059	-2681	3141	22755	-7711	-160	-28	968	221	-1	-1	0	-28	955	218	1606974629
-58	0	-46	-53	-63	0	-70	-66	-66	-73	-68	-68	-78	-70	0	0	0	-81	-81	-80	0	0	-80	-81	0	0	0	-89	-89	0	-90	-88	-90	-62	0	0	0	0	-89	0	0	0	0	-86	0	0	0	0	0	0	0	0	0	0	0	0	0	0	0	0	0	0	0	0	0	0	0	-92	0	0	0	0	0	0	0	0	0	0	0	0	0	-63	0	0	0	0	0	0	0	0	0	0	0	0	0	0	0	0	0	0	0	0	0	0	0	0	0	0	0	0	0	0	0	4013	-2635	3096	22756	-7714	-160	-28	969	220	-1	-1	0	-28	955	218	1606974630
-59	-46	0	-55	-60	0	-65	-65	-75	-71	-76	-77	-75	-66	0	0	0	-89	-90	-89	0	0	-90	-90	0	0	-86	-89	-89	0	0	-91	-88	-56	0	0	0	0	0	0	0	0	0	0	0	0	0	0	0	0	0	-92	0	0	0	0	0	0	0	0	0	0	0	0	0	0	0	0	0	0	0	0	0	0	0	0	0	0	0	0	0	0	0	0	0	0	0	0	0	0	0	0	0	0	0	0	0	0	0	0	0	0	0	0	0	0	0	0	0	0	0	0	0	4021	-2665	3126	22755	-7712	-160	-28	969	220	-1	-1	-1	-28	955	218	1606974632
0	-47	-47	-54	-61	-61	-69	-69	-70	0	-69	-71	-77	-69	0	0	0	-80	-80	-80	0	0	-81	-81	0	0	-89	-89	-90	0	-89	-88	-92	-59	0	0	0	0	-89	0	0	0	0	0	0	0	0	0	0	0	0	0	0	0	0	0	0	0	0	0	0	0	0	0	0	0	0	0	0	0	0	0	0	0	0	0	0	0	0	0	0	-65	0	0	0	0	0	0	0	0	0	0	0	0	0	0	0	0	0	0	0	0	0	0	0	0	0	0	0	0	0	0	0	3945	-2583	3126	22755	-7712	-160	-28	968	219	-1	-1	0	-28	955	218	1606974633
-56	-45	-48	-53	-65	0	0	-69	-67	0	-70	-67	-76	-67	0	0	0	-80	-79	-80	0	0	-79	-80	0	0	0	-88	-90	0	0	-89	-90	-60	0	0	0	0	-90	0	0	0	0	0	0	0	0	0	0	0	0	0	0	0	0	0	0	0	0	0	0	0	0	0	0	0	0	0	0	0	0	0	0	0	0	0	0	0	0	0	0	-63	0	0	0	0	0	0	0	0	0	0	0	0	0	0	0	0	0	0	0	0	0	0	0	0	0	0	0	0	0	0	0	4036	-2681	3104	22756	-7715	-161	-28	969	219	-1	-1	-1	-28	955	218	1606974635
-56	0	-46	-55	-61	-60	-71	-70	-76	0	-75	-75	-75	-71	0	-85	0	-89	-88	-89	0	0	-88	-88	0	0	-91	-90	-90	0	-92	-90	-89	-59	0	0	0	0	-85	0	0	0	0	0	0	0	-90	-84	0	0	-89	0	0	0	0	0	0	0	0	0	0	0	0	0	0	0	0	0	0	0	0	0	0	0	0	0	0	0	0	0	0	-64	0	0	0	0	0	0	0	0	0	0	0	0	0	0	0	0	0	0	0	0	0	0	0	0	0	0	0	0	0	0	0	3975	-2665	3081	22755	-7711	-160	-28	969	220	-1	-1	0	-28	955	218	1606974637
-59	-47	-46	-57	-58	-60	0	-70	-76	-72	-75	-74	-75	-70	0	0	0	-88	-89	-88	0	0	-88	-89	0	0	-88	-90	-90	0	-89	-89	0	-60	0	0	0	0	-86	0	0	-90	0	0	0	0	0	-83	0	0	0	0	0	0	0	0	0	0	0	-93	0	0	0	0	0	0	0	0	0	0	0	0	0	0	0	0	0	0	0	0	0	-63	0	0	0	0	0	0	0	0	0	0	0	0	0	0	0	0	0	0	0	0	0	0	0	0	0	0	0	0	0	0	0	3975	-2635	3104	22755	-7710	-160	-28	968	220	-1	-1	-1	-28	955	218	1606974638
-58	-45	-47	-53	-62	-62	-68	-69	-67	0	-67	-68	-74	-72	0	0	0	-81	-81	-81	0	0	-81	-82	0	0	0	-91	-89	0	-89	-89	-90	-61	0	0	0	0	-90	0	0	0	0	0	0	0	0	0	0	0	0	0	0	0	0	0	0	0	0	0	0	0	0	0	0	0	0	-94	0	0	0	0	0	0	0	0	0	0	0	0	0	-63	0	0	0	0	0	0	0	0	0	0	0	0	0	0	0	0	0	0	0	0	0	0	0	0	0	0	0	0	0	0	0	4005	-2620	3081	22755	-7713	-160	-28	968	219	-1	-1	-1	-28	955	218	1606974640
-57	-45	-48	-55	-60	0	-67	-66	-77	-73	-75	-75	-75	-68	0	0	-87	-88	-89	-89	0	0	-90	-89	0	0	0	-89	-90	0	-89	-89	-89	-59	0	0	0	0	-86	0	0	0	0	0	-84	0	0	0	0	0	0	0	0	0	0	0	0	0	0	0	0	0	0	0	0	0	0	0	0	0	0	0	0	0	0	0	0	0	0	0	0	-63	0	0	0	0	0	0	0	0	0	0	0	0	0	0	0	0	0	0	0	0	0	0	0	0	0	0	0	0	0	0	0	3961	-2658	3171	22755	-7711	-159	-29	969	220	-1	-1	-1	-28	955	218	1606974641
-51	-46	-47	-57	-60	0	-68	-69	-75	-71	-74	-76	-77	-68	0	-88	0	-91	-90	-89	0	0	-89	-90	0	0	-90	0	0	0	0	0	0	-58	0	0	0	0	-85	0	0	0	0	0	0	0	0	0	0	0	0	0	0	0	0	0	0	0	0	0	0	0	0	0	0	0	0	0	0	0	-86	0	0	0	0	0	0	0	0	0	0	-63	0	0	0	0	0	0	0	0	0	0	0	0	0	0	0	0	0	0	0	0	0	0	0	0	0	0	0	0	0	0	0	3975	-2605	3066	22755	-7710	-160	-28	968	220	-1	-1	0	-28	955	219	1606974643
-52	-47	-45	-53	-62	0	-70	-66	-76	-72	-77	-77	-75	-66	0	-88	0	-90	-89	-90	0	0	-89	-89	0	0	-88	-90	-89	0	0	-89	-90	-59	-63	0	0	0	-86	0	0	0	0	-90	0	0	0	0	0	0	0	0	0	0	0	0	-88	0	0	0	0	-86	0	0	0	0	0	-92	0	0	0	0	0	0	0	0	0	0	0	0	0	-63	0	0	0	0	0	0	0	0	0	-90	0	0	0	0	0	0	0	0	0	0	0	0	0	0	0	0	0	0	0	0	0	3991	-2650	3126	22756	-7713	-160	-29	969	219	-1	-1	-1	-28	955	218	1606974645
-51	-45	-48	0	-61	-61	0	0	-77	0	-76	-75	-76	0	0	0	0	-90	-90	-89	0	0	-89	-90	0	0	-90	-90	-90	0	-89	-90	0	-59	0	0	0	0	-86	0	0	0	-91	0	0	0	0	0	0	0	0	0	0	-89	0	0	0	0	0	0	0	0	0	0	0	0	0	0	0	0	0	0	0	0	0	0	0	0	0	0	0	-63	0	0	0	0	0	0	0	0	0	0	0	0	0	0	0	0	0	0	0	0	0	0	0	0	0	0	0	0	0	0	0	3976	-2680	3126	22755	-7712	-161	-28	968	220	-1	-1	0	-28	955	218	1606974646
-53	-46	-46	-56	0	-61	-69	-69	-76	-71	-76	-75	-75	-69	0	0	0	-89	-88	-90	0	0	-90	-89	0	0	-89	-91	-91	0	-89	-90	0	-59	0	0	0	0	-87	0	0	0	0	0	0	0	0	-85	0	0	-87	0	0	0	0	0	0	0	0	0	0	0	0	0	0	0	0	0	0	0	0	0	0	0	0	0	0	0	0	0	0	-63	0	0	0	0	0	0	0	0	0	0	0	0	0	0	0	0	0	0	0	0	0	0	0	0	0	0	0	0	0	0	0	4005	-2590	3111	22755	-7710	-160	-28	968	220	-1	-1	-1	-28	955	218	1606974648
-55	-46	-47	-56	0	0	-69	0	-68	0	-68	-71	-76	0	-81	0	-88	-79	-81	-80	0	0	-80	-80	0	0	-91	-89	-90	0	-89	-90	-91	-61	0	0	0	0	-89	0	0	0	0	0	0	0	0	0	0	0	0	0	0	0	0	0	0	0	0	0	0	0	0	0	0	0	0	0	0	0	0	0	0	0	0	0	0	0	0	0	0	0	0	0	0	0	0	0	0	0	0	0	0	0	0	0	0	0	0	0	0	0	0	0	0	0	0	0	0	0	0	0	0	3946	-2695	3126	22756	-7716	-159	-28	968	220	-1	-1	0	-28	955	217	1606974649
-54	0	-47	-56	-65	-60	0	0	-77	-66	-76	-75	-75	0	0	0	0	-91	-89	-91	0	0	-90	-92	0	0	-87	-91	-91	0	0	-91	0	-58	0	0	0	0	-86	0	0	0	0	0	0	0	0	-83	0	0	0	0	-85	-85	0	-88	0	0	0	-93	0	0	0	0	0	0	0	0	0	0	0	0	0	0	0	0	0	0	0	0	0	-63	0	0	0	0	0	0	0	0	0	0	0	0	0	0	0	0	0	0	0	0	0	0	0	0	0	0	0	0	0	0	0	4021	-2650	3111	22755	-7711	-160	-28	968	221	-1	-1	-1	-28	955	218	1606974651
-58	-45	-46	-56	-62	-61	0	0	-75	0	-75	-75	-74	0	0	0	0	-92	-90	-92	0	0	-92	-92	0	0	-89	-90	-89	0	0	-90	0	-59	0	0	0	0	-86	0	0	0	0	0	0	0	0	0	0	0	0	0	0	0	0	0	0	0	0	-94	0	0	0	0	0	0	0	-93	0	0	0	0	0	0	0	0	0	0	0	0	0	-63	0	0	0	0	0	0	0	0	0	0	0	0	0	0	0	0	0	0	0	0	0	0	0	0	0	0	0	0	0	0	0	4006	-2643	3141	22756	-7712	-159	-28	968	220	-1	-1	0	-28	955	218	1606974653
-53	0	-46	-54	0	0	0	-69	-76	-73	-77	-76	-76	-69	0	0	0	-89	-88	-89	0	0	-90	-88	0	0	-91	-91	-91	0	0	-91	-90	-56	0	0	0	0	-85	0	0	-90	0	-86	0	0	0	0	0	0	0	0	0	0	0	0	0	0	0	0	0	0	0	0	0	0	0	-93	0	0	0	0	0	0	0	0	0	0	0	0	0	-63	0	0	0	0	0	0	0	0	0	0	0	0	0	0	0	0	0	0	0	0	0	0	0	0	0	0	0	0	0	0	0	3960	-2590	3096	22756	-7715	-160	-28	968	219	-1	-1	-1	-28	955	218	1606974654
-57	-47	-45	-57	-59	-62	-68	-70	0	-71	-75	-76	-76	-70	0	0	0	-88	-90	-90	0	-87	-90	-90	0	0	-89	-90	-90	0	-90	-91	-89	-57	0	0	0	0	-85	0	0	0	0	0	0	0	0	-75	0	0	0	0	0	0	0	0	0	0	0	0	0	0	0	0	0	0	0	0	0	0	0	0	0	0	0	0	0	0	0	0	0	-63	0	0	0	0	0	0	0	0	0	0	0	0	0	0	0	0	0	0	0	0	0	0	0	0	0	0	0	0	0	0	0	3975	-2643	3096	22755	-7713	-160	-28	968	220	-1	-1	0	-28	955	218	1606974656
0	-46	-46	-56	0	-62	-73	-73	-77	-72	-78	-76	-75	-73	0	0	0	-91	-89	-90	0	0	-89	-89	0	0	-91	-89	-89	0	-90	-89	-90	-60	0	0	0	0	-85	0	0	0	0	0	0	0	0	0	0	0	0	0	-89	-87	0	0	0	0	0	0	0	0	0	0	0	0	0	0	0	0	0	0	0	0	0	0	0	0	0	0	0	0	0	0	0	0	0	0	0	0	0	0	0	0	0	0	0	0	0	0	0	0	0	0	0	0	0	0	0	0	0	0	0	3975	-2650	3081	22756	-7715	-160	-28	969	220	0	-1	-1	-28	955	218	1606974658
-54	-46	-42	-53	0	-61	0	-71	-67	-64	-70	-68	-77	0	0	0	0	-80	-80	-81	0	0	-81	-81	0	0	-88	-89	-90	0	-91	-90	-90	-60	0	0	0	0	-88	0	0	0	0	0	0	0	0	0	0	0	0	0	0	0	0	0	0	0	0	0	0	0	0	0	0	0	0	0	0	0	-84	0	0	0	0	0	0	0	0	0	0	-62	0	0	0	0	0	0	0	0	0	0	0	0	0	0	0	0	0	0	0	0	0	0	0	0	0	0	0	0	0	0	0	3976	-2643	3126	22756	-7716	-160	-29	969	220	0	-1	-1	-28	955	217	1606974659
-51	-46	-48	0	-60	0	0	0	-67	-76	-67	-67	-76	0	0	0	0	-79	-80	-79	0	0	-79	-80	0	0	-89	-90	-90	0	-91	-90	-89	-62	0	0	0	0	-91	0	0	0	0	0	0	0	0	0	0	0	0	0	0	-87	0	0	0	0	0	0	0	0	0	0	0	0	0	0	0	0	0	0	0	0	0	0	0	0	0	0	0	-72	0	0	0	0	0	0	0	0	0	0	0	0	0	0	0	0	0	0	0	0	0	0	0	0	0	0	0	0	0	0	0	3960	-2635	3096	22756	-7714	-160	-28	968	220	-1	-1	0	-28	955	218	1606974661
-52	0	-43	-54	-63	-61	-69	-71	-75	-76	-76	-75	-74	0	-83	0	0	-89	-88	-90	0	0	0	-90	0	0	-90	-90	-88	0	-88	-88	-89	-60	0	0	0	0	-85	0	0	0	0	0	0	0	0	0	0	0	0	0	0	0	0	0	0	0	0	0	0	0	0	0	0	0	0	0	0	0	0	0	0	0	0	0	0	0	0	0	0	-74	0	0	0	0	0	0	0	0	0	0	0	0	0	0	0	0	0	0	0	0	0	0	0	0	0	0	0	0	0	0	0	3975	-2650	3059	22755	-7713	-161	-28	968	220	-1	-1	-1	-28	955	218	1606974663
-52	-46	-44	-53	-65	-60	-70	-71	-75	-72	-75	-76	-75	-71	0	0	0	-90	-89	-89	0	0	-90	-90	0	0	-87	-90	-90	0	-91	-89	-90	-60	0	0	0	0	-85	0	0	0	0	0	0	0	0	0	0	0	0	0	0	0	0	0	0	0	0	0	0	0	0	0	0	0	0	0	0	0	0	0	0	0	0	0	0	0	0	0	0	-60	0	0	0	0	0	0	0	0	0	0	0	0	0	0	0	0	0	0	0	0	0	0	0	0	0	0	0	0	0	0	0	3915	-2680	3037	22757	-7718	-160	-28	968	220	0	-1	-1	-28	955	217	1606974664
-53	-45	-46	-53	-64	-61	-69	-69	-67	-72	-68	-68	-76	-71	0	0	0	-80	-80	-80	0	0	-80	-80	0	0	0	-90	-89	0	0	-90	-90	-59	0	0	0	0	-91	0	0	0	0	0	-87	-88	-88	-83	0	0	-88	0	0	0	0	0	0	0	0	0	0	0	0	0	0	0	0	0	0	0	0	0	0	0	0	0	0	0	0	0	0	-70	0	0	0	0	0	0	0	0	0	0	0	0	0	0	0	0	0	0	0	0	0	0	0	0	0	0	0	0	0	0	0	3961	-2651	3186	22756	-7714	-161	-28	967	220	0	0	-1	-28	955	218	1606974666
-53	-46	-47	-52	-64	-62	-69	-71	-75	-74	-75	-76	-75	-69	0	0	0	-90	-89	-89	0	0	-89	-90	0	0	0	-91	-89	0	-90	-90	-89	-60	0	0	0	0	-85	0	0	0	0	0	0	0	0	-84	0	0	0	0	0	0	0	0	0	0	0	0	0	0	0	0	0	0	0	0	0	0	0	0	0	0	0	0	0	0	0	0	0	0	0	0	0	0	0	0	0	0	0	0	0	0	0	0	0	0	0	0	0	0	0	0	0	0	0	0	0	0	0	0	0	3946	-2643	3126	22756	-7716	-161	-28	968	220	0	-1	0	-28	955	217	1606974667
-55	-46	-45	-52	-65	-61	-73	0	-76	0	-75	-77	-74	0	0	0	-86	-90	-89	-89	0	0	-89	-89	0	0	-88	-89	-89	0	0	-90	-90	-60	0	0	0	0	-84	0	0	0	0	0	0	0	0	-81	0	0	0	0	0	0	0	0	0	0	0	0	0	0	0	0	0	0	0	0	0	0	0	0	0	0	0	0	0	0	0	0	0	-61	0	0	0	0	0	0	0	0	0	0	0	0	0	0	0	0	0	0	0	0	0	0	0	0	0	0	0	0	0	0	0	3945	-2635	3051	22756	-7714	-161	-28	968	220	-1	-1	0	-28	955	218	1606974669
-53	-46	-45	-51	-64	0	-73	-72	-76	-73	-76	-77	-76	-73	0	0	0	-90	-89	-89	0	0	-89	-88	0	0	-88	-89	-89	0	-89	-89	-90	-60	0	0	0	0	-85	0	0	0	0	0	0	0	0	-83	0	0	0	0	0	0	0	0	-89	0	0	0	0	0	0	0	0	0	0	0	0	0	0	0	0	0	0	0	0	0	0	0	0	-69	0	0	0	0	0	0	0	0	0	0	0	0	0	0	0	0	0	0	0	0	0	0	0	0	0	0	0	0	0	0	0	3960	-2620	3051	22756	-7717	-161	-28	968	220	-1	-1	0	-28	955	217	1606974671
0	0	-56	-51	-61	-61	-69	-72	-76	0	-76	-75	-74	-69	0	0	0	-90	-86	-88	0	0	-89	-89	0	0	-89	-88	-90	0	0	-90	-90	-60	0	0	0	0	-84	0	0	0	0	0	0	0	0	-82	0	0	0	0	0	0	0	0	0	0	0	-94	0	0	0	0	0	0	0	0	0	0	0	0	0	0	0	0	0	0	0	0	0	-63	0	0	0	0	0	0	0	0	0	0	0	0	0	0	0	0	0	0	0	0	0	0	0	0	0	0	0	0	0	0	0	3960	-2650	3096	22755	-7713	-161	-28	968	220	-1	-1	0	-28	955	218	1606974672
-54	-46	-46	-52	-64	0	-73	-69	-76	0	-76	-77	-76	-70	0	0	-85	-90	-89	-91	0	0	-89	-90	-87	0	-90	-89	-90	0	0	-89	-89	-59	0	0	0	0	-85	0	0	0	0	0	-83	0	-82	-83	0	0	0	0	0	0	0	0	0	0	0	0	0	0	0	0	0	0	-89	0	0	0	0	0	0	0	0	0	0	0	0	0	0	-62	0	0	0	0	0	0	0	0	0	0	0	0	0	0	0	0	0	0	0	0	0	0	0	0	0	0	0	0	0	0	0	3983	-2650	3044	22756	-7715	-161	-28	967	220	-1	-1	-1	-28	955	218	1606974674
-52	-46	-46	-52	0	-61	-73	-72	-76	-72	-76	-76	-75	-72	0	0	0	-90	-89	-90	0	0	-89	-89	0	0	-80	-91	-91	0	-89	-89	-90	-60	0	0	0	0	-85	0	0	0	0	0	0	0	0	0	0	0	0	0	0	0	0	0	0	0	0	0	0	0	0	0	0	0	0	0	0	0	0	0	0	0	0	0	0	0	0	0	0	-69	0	0	0	0	0	0	0	0	0	0	0	0	0	0	0	0	0	0	0	0	0	0	0	0	0	0	0	0	0	0	0	4006	-2635	3126	22756	-7717	-161	-28	968	219	-1	-1	-1	-28	955	217	1606974676
-53	-46	-46	-53	-61	0	-73	-72	-76	0	-76	-76	-74	-72	0	0	0	-90	-89	-89	0	0	-89	-89	0	0	-87	-89	-91	0	0	-90	-89	-61	0	0	0	0	-85	0	0	0	0	0	0	0	0	-82	0	0	0	0	0	-87	0	0	0	0	0	0	0	0	0	0	0	0	0	0	0	0	0	0	0	0	0	0	0	0	0	0	0	-61	0	0	0	0	0	0	0	0	0	0	0	0	0	0	0	0	0	0	0	0	0	0	0	0	0	0	0	0	0	0	0	3975	-2635	3126	22755	-7714	-161	-29	968	220	0	-1	-1	-28	955	218	1606974677
-56	-46	-46	-52	-63	-62	-70	-72	-77	-73	-75	-78	-74	-72	0	0	-88	-89	-89	-88	0	0	-89	-90	0	0	0	-90	-90	0	-90	-90	-88	-60	0	0	0	0	-85	0	0	0	0	-87	0	0	0	-81	0	0	0	0	0	0	0	0	0	0	0	0	0	0	0	0	0	0	0	0	0	0	0	0	0	0	0	0	0	0	0	0	0	-61	0	0	0	0	0	0	0	0	0	0	0	0	0	0	0	0	0	0	0	0	0	0	0	0	0	0	0	0	0	0	0	4006	-2680	3096	22756	-7716	-161	-28	969	218	-1	-1	-1	-28	955	217	1606974679
-56	-46	0	-52	-63	-62	-70	-73	-77	-72	-76	-77	-74	-70	0	0	0	-89	-89	-89	0	0	-88	-88	0	0	-88	0	0	0	0	0	-89	-60	-60	0	0	0	-85	0	0	0	0	0	0	0	0	0	0	0	0	0	-85	0	0	-89	0	0	0	0	0	0	0	0	0	0	0	0	0	0	0	0	0	0	0	0	0	0	0	0	0	-62	0	0	0	0	0	0	0	0	0	0	0	0	0	0	0	0	0	0	0	0	0	0	0	0	0	0	0	0	0	0	0	4006	-2680	3096	22756	-7714	-161	-28	968	221	-1	-1	-1	-28	955	218	1606974680
-53	-46	-45	-52	-63	0	-69	0	-69	0	-67	-67	-76	0	0	0	0	-79	-81	-81	0	0	-80	-80	0	0	-91	-89	-90	0	0	-89	-91	-60	0	0	0	0	-92	0	0	0	0	0	0	0	0	0	0	0	0	0	0	0	0	0	-87	0	0	0	0	-88	0	0	0	0	0	0	0	0	0	0	0	0	0	0	0	0	0	0	0	-69	0	0	0	0	0	0	0	0	0	0	0	0	0	0	0	0	0	0	0	0	0	0	0	0	0	0	0	0	0	0	0	3945	-2635	3081	22756	-7715	-162	-28	969	220	-1	-1	0	-28	955	218	1606974682
-56	-47	-45	-52	-63	-61	-72	-74	-77	-72	-76	-77	-74	-68	0	-86	0	-89	-90	-90	0	0	-89	-90	0	0	-92	-90	-88	0	-91	-89	-90	-61	0	0	0	0	-85	0	0	0	0	0	0	0	0	0	0	0	0	0	0	0	0	0	0	0	0	0	0	0	0	0	0	0	0	0	0	0	0	0	0	0	0	0	0	0	0	0	0	-68	0	0	0	0	0	0	0	0	0	0	0	0	0	0	0	0	0	0	0	0	0	0	0	0	0	0	0	0	0	0	0	4006	-2665	3081	22756	-7716	-161	-28	969	218	-1	-1	-1	-28	955	217	1606974683
-57	-48	-45	-53	0	-61	-70	-69	-77	-72	-77	-76	-74	-69	0	0	0	-90	-90	-88	0	0	-88	-88	0	0	-91	-90	-91	0	0	-90	-89	-61	0	0	0	0	-86	0	0	0	0	0	0	0	0	-81	0	0	0	0	0	0	0	0	0	0	0	0	0	0	0	0	0	0	0	-91	0	0	0	0	0	0	0	0	0	0	0	0	0	-61	0	0	0	0	0	0	0	0	0	0	0	0	0	0	0	0	0	0	0	0	0	0	0	0	0	0	0	0	0	0	0	3975	-2650	3081	22756	-7718	-161	-29	968	219	0	0	0	-28	955	217	1606974685
-54	-48	-45	-53	-59	0	-72	-68	-76	0	-76	-77	-74	-68	0	0	0	-89	-90	-89	0	0	-90	-89	0	0	-72	-90	-90	0	-89	-90	0	-60	0	0	0	0	-85	0	0	-91	0	0	0	0	0	0	0	0	0	0	0	-90	0	0	0	0	0	0	0	0	0	0	0	0	0	0	0	0	0	0	0	0	0	0	0	0	0	0	0	0	0	0	0	0	0	0	0	0	0	0	0	0	0	0	0	0	0	0	0	0	0	0	0	0	0	0	0	0	0	0	0	3975	-2658	3081	22756	-7715	-161	-29	968	219	-1	-1	-1	-28	955	218	1606974687
-54	-48	-45	0	-62	-62	0	0	-68	0	-67	-66	-77	0	0	0	0	-79	-80	-80	0	0	-80	-81	0	0	-87	-89	-90	0	-88	-89	0	-61	0	0	0	0	-90	0	0	0	0	0	0	0	0	0	0	-92	0	0	-85	0	0	0	0	0	0	0	0	0	0	0	0	0	0	-92	0	0	0	0	0	0	0	0	0	0	0	0	0	-65	0	0	0	0	0	0	0	0	0	0	0	0	0	0	0	0	0	0	0	0	0	0	0	0	0	0	0	0	0	0	0	3960	-2650	3111	22756	-7715	-161	-28	968	220	0	0	-1	-28	955	218	1606974688
-54	-47	-45	-54	-63	0	0	-72	-77	-71	-76	-77	-75	-69	0	0	0	-89	-90	-89	0	0	-88	-90	0	0	-88	-89	-90	0	0	-88	-91	-60	0	0	0	0	-85	0	0	0	0	0	0	0	0	0	0	0	0	0	0	0	0	0	0	0	0	0	0	0	0	0	0	0	0	0	0	0	0	0	0	0	0	0	0	0	0	0	0	0	0	0	0	0	0	0	0	0	0	0	0	0	0	0	0	0	0	0	0	0	0	0	0	0	0	0	0	0	0	0	0	4006	-2680	3089	22757	-7719	-161	-28	968	220	-1	-1	0	-28	955	217	1606974690
-54	-47	-44	-54	-62	0	-72	-72	-76	0	-76	-76	-75	-71	0	0	-87	-90	-90	-89	0	0	-89	-90	0	0	-89	-89	-90	0	0	-89	-90	-60	0	0	0	0	-86	0	0	0	0	0	0	0	0	0	0	0	-88	0	0	0	0	0	0	0	0	0	0	0	0	0	0	0	0	0	0	0	0	0	0	0	0	0	0	0	0	0	0	0	0	0	0	0	0	0	0	0	0	0	0	0	0	0	0	0	0	0	0	0	0	0	0	0	0	0	0	0	0	0	0	3975	-2590	3081	22756	-7715	-161	-28	969	219	-1	-1	-1	-28	955	218	1606974691
-55	-48	-45	-52	-65	0	0	-69	-67	0	-68	-67	-76	-69	0	-88	0	-80	-79	-79	0	0	-80	-81	0	0	-90	-89	-89	0	-89	-90	0	-62	0	0	0	0	-90	0	0	0	0	0	0	0	0	0	0	0	0	0	-90	0	0	0	0	0	0	0	0	0	0	0	0	0	0	0	0	0	0	0	0	0	0	0	0	0	0	0	0	0	0	0	0	0	0	0	0	0	0	0	0	0	0	0	0	0	0	0	0	0	0	0	0	0	0	0	0	0	0	0	0	4021	-2666	3141	22756	-7717	-161	-28	968	220	-1	-1	-1	-28	955	217	1606974693
-57	-48	-44	-54	-62	0	-71	-71	-77	-71	-76	-76	-74	-68	0	0	0	-90	-89	-89	0	0	-88	-89	0	-87	-87	-89	-89	0	-89	-89	-88	-60	0	0	0	0	-85	0	0	0	0	0	0	0	0	0	0	0	0	-94	0	0	0	0	0	0	0	0	0	0	0	0	0	0	0	0	0	0	0	0	0	0	0	0	0	0	0	0	0	-63	0	0	0	0	0	0	0	0	0	0	0	0	0	0	0	0	0	0	0	0	0	0	0	0	0	0	0	0	0	0	0	4005	-2635	3111	22756	-7717	-161	-29	968	220	-1	-1	-1	-28	955	217	1606974695
-49	-47	-44	-53	-65	0	-69	-71	-77	0	-77	-76	-74	-71	0	0	0	-88	-89	-88	0	0	-89	-89	0	0	-90	-90	-91	0	-89	-91	-90	-60	0	0	0	0	-86	0	0	0	0	0	0	0	-90	-84	0	0	-89	-93	0	0	0	0	0	0	0	0	0	0	0	0	0	0	0	0	0	0	0	0	0	0	0	0	0	0	0	0	0	-69	0	0	0	0	0	0	0	0	0	0	0	0	0	0	0	0	0	0	0	0	0	0	0	0	0	0	0	0	0	0	0	3953	-2658	3111	22757	-7719	-162	-28	969	220	-1	-1	-1	-28	955	217	1606974696
-57	-46	0	-54	-64	-61	-73	-68	-77	0	-77	-76	-75	-72	0	0	0	-88	-89	-90	0	0	-91	-89	0	0	-89	-90	-91	0	0	-90	-90	-60	0	0	0	0	-86	0	0	-92	-92	0	0	0	-89	0	0	0	-88	0	0	0	0	0	0	0	0	0	0	0	0	0	0	0	0	0	0	0	0	0	0	0	0	0	0	0	0	0	0	0	0	0	0	0	0	0	0	0	0	0	0	0	0	0	0	0	0	0	0	0	0	0	0	0	0	0	0	0	0	0	0	3975	-2635	3036	22756	-7716	-160	-28	968	219	-1	-1	0	-28	955	217	1606974698
-56	-47	-45	-53	-65	-61	-68	-68	-77	-73	-76	-77	-74	-72	0	0	0	-89	-89	-90	0	0	-89	-88	0	0	0	-91	-91	0	-89	-90	-91	-60	-65	0	0	0	0	0	0	0	0	-88	0	0	0	0	0	0	0	0	0	0	0	0	0	0	0	0	0	0	0	0	0	0	0	-91	0	0	0	0	0	0	0	0	0	0	0	0	0	0	0	0	0	0	0	0	0	0	0	0	0	0	0	0	0	0	0	0	0	0	0	0	0	0	0	0	0	0	0	0	0	4006	-2688	3096	22758	-7723	-160	-28	968	220	-1	-1	-1	-28	956	216	1606974699
0	-46	-44	-54	-64	-61	-68	-72	-76	0	-76	-76	-75	-72	0	0	0	-91	-88	-89	0	0	-89	-89	0	0	-90	-90	0	0	0	0	-91	-59	-63	0	0	0	0	0	0	0	0	0	0	0	0	0	0	-87	0	0	0	0	0	0	0	0	0	0	0	0	0	0	0	0	0	-93	0	0	0	0	0	0	0	0	0	0	0	0	0	-63	0	0	0	0	0	0	0	0	0	0	0	0	0	0	0	0	0	0	0	0	0	0	0	0	0	0	0	0	0	0	0	3945	-2650	3096	22756	-7716	-161	-28	968	219	-1	-1	-1	-28	955	217	1606974701
-53	0	-47	-54	0	0	-72	-72	-76	-72	-77	-75	-74	-71	0	0	0	-89	-90	-90	0	0	-90	-90	0	0	0	-89	-91	0	0	-89	-90	-59	0	0	0	0	-86	0	0	0	0	0	0	0	0	0	0	0	-88	0	0	0	0	0	0	0	0	0	0	0	0	0	0	0	0	0	0	0	0	0	0	0	0	0	0	0	0	0	0	-62	0	0	0	0	0	0	0	0	0	0	0	0	0	0	0	0	0	0	0	0	0	0	0	0	0	0	0	0	0	0	0	4006	-2665	3126	22757	-7717	-160	-29	968	220	-1	-1	-1	-28	955	217	1606974703
-55	-46	-47	-55	-65	0	-68	-69	-76	-71	-77	-77	-74	-68	0	0	0	-90	-89	-89	0	0	-89	-89	0	0	-89	-89	-90	0	0	-89	-88	-59	0	0	0	0	-85	0	0	0	0	0	-85	-84	-83	-83	-83	0	-84	0	0	0	0	0	0	0	0	-94	0	0	0	0	0	0	0	0	0	0	0	0	0	0	0	0	0	0	0	0	0	-57	0	0	0	0	0	0	0	0	0	0	0	0	0	0	0	0	0	0	0	0	0	0	0	0	0	0	0	0	0	0	0	4006	-2650	3081	22757	-7719	-161	-28	968	219	-1	-1	-1	-28	955	217	1606974704
-56	-47	-47	0	-65	-61	0	0	-76	0	-76	-76	-74	0	0	0	0	-90	-90	-91	0	0	-91	-89	0	0	-90	-90	-90	0	0	-90	-89	-59	0	0	0	0	-84	0	0	-94	0	0	0	0	0	0	0	0	-90	0	0	0	0	0	0	0	0	0	0	0	0	0	0	0	0	0	0	0	0	0	0	0	0	0	0	0	0	0	0	0	0	0	0	0	0	0	0	0	0	0	0	0	0	0	0	0	0	0	0	0	0	0	0	0	0	0	0	0	0	0	0	4021	-2605	3126	22757	-7718	-161	-29	968	220	-1	-1	-1	-28	955	217	1606974706
-55	-46	-50	-53	-64	0	-69	-71	-67	-71	-69	-66	-76	-71	0	0	0	-79	-80	-81	0	0	-80	-80	0	0	0	-89	-90	0	-89	-88	-89	-60	-60	0	0	0	-90	0	0	0	0	-86	0	0	0	0	0	0	0	0	0	0	0	0	0	0	0	0	0	0	0	0	0	0	0	0	0	0	0	0	0	0	0	0	0	0	0	0	0	-64	0	0	0	0	0	0	0	0	0	0	0	0	0	0	0	0	0	0	0	0	0	0	0	0	0	0	0	0	0	0	0	4020	-2605	3081	22757	-7719	-161	-28	968	219	-1	-1	-1	-28	955	217	1606974707
-54	-45	-48	-54	-64	-61	0	-74	-75	0	-75	-76	-74	-73	0	0	0	-90	-89	-89	0	0	-88	-88	0	0	0	-88	-89	0	-88	-89	-88	-60	-60	0	0	0	-85	0	0	-90	0	0	0	0	0	0	0	-87	0	0	0	0	0	0	0	0	0	0	0	0	0	0	0	0	0	0	0	0	0	0	0	0	0	0	0	0	0	0	0	-63	0	0	0	0	0	0	0	0	0	0	0	0	0	0	0	0	0	0	0	0	0	0	0	0	0	0	0	0	0	0	0	3945	-2620	3103	22757	-7720	-161	-28	968	219	-1	-1	-1	-28	955	217	1606974709
-54	-46	-47	-56	-65	-62	-75	-69	-69	0	-69	-69	-76	-69	0	0	0	-80	-79	-80	0	0	-79	-80	0	0	-88	-88	-89	0	-89	-89	-89	-60	0	0	0	0	-91	0	0	0	0	0	0	0	0	0	0	0	0	0	0	0	0	0	0	0	0	0	0	0	0	0	0	0	0	0	0	0	0	0	0	0	0	0	0	0	0	0	0	-68	0	0	0	0	0	0	0	0	0	0	0	0	0	0	0	0	0	0	0	0	0	0	0	0	0	0	0	0	0	0	0	4013	-2650	3096	22757	-7720	-161	-29	969	219	-1	-1	-1	-28	955	217	1606974711
-55	0	-47	-55	-65	0	-70	-71	-76	-71	-76	-75	-75	-69	-81	0	0	-90	-89	-90	0	0	-90	-88	0	0	-89	-88	-89	0	-88	-89	-89	-60	0	0	0	0	-86	0	0	0	0	0	0	0	0	0	0	0	0	-91	0	0	0	0	0	0	0	0	0	0	0	0	0	0	0	0	0	-94	0	0	0	0	0	0	0	0	0	0	0	-65	0	0	0	0	0	0	0	0	0	0	0	0	0	0	0	0	0	0	0	0	0	0	0	0	0	0	0	0	0	0	0	3975	-2650	3081	22756	-7716	-160	-28	969	220	-1	-1	0	-28	955	217	1606974712
-56	-49	-47	0	0	0	-71	-74	-76	0	-75	-76	-74	-72	0	0	0	-90	-89	-90	0	0	-92	-89	0	0	-91	-88	-88	0	-89	-89	-88	-61	0	0	0	0	-85	0	0	0	0	-87	0	0	-90	-82	-89	0	-90	0	0	0	0	0	0	0	0	0	0	0	0	0	0	0	0	0	0	0	0	0	0	0	0	0	0	0	0	0	0	-68	0	0	0	0	0	0	0	0	0	0	0	0	0	0	0	0	0	0	0	0	0	0	0	0	0	0	0	0	0	0	0	3975	-2605	3126	22758	-7723	-161	-28	969	219	-1	-1	-1	-28	956	216	1606974714
-56	-47	-47	0	-64	0	0	0	-69	0	-67	-69	-76	0	0	0	0	-80	-81	-81	0	0	-81	-81	0	0	-89	0	-88	0	-88	-88	-90	-61	0	0	0	0	-90	0	0	-92	0	0	0	0	0	0	0	0	0	0	0	0	0	0	0	0	0	0	0	0	0	0	0	0	0	0	0	0	0	0	0	0	0	0	0	0	0	0	0	-64	0	0	0	0	0	0	0	0	0	0	0	0	0	0	0	0	0	0	0	0	0	0	0	0	0	0	0	0	0	0	0	3945	-2650	3111	22757	-7719	-160	-28	968	220	0	-1	-1	-28	955	217	1606974716
-54	-47	-48	-56	-65	-61	0	-71	-75	-72	-76	-77	-75	-74	0	0	0	-89	-89	-88	0	0	-89	-89	0	0	-89	-91	-89	0	-88	-88	-89	-60	0	0	0	0	-85	0	0	0	0	0	0	0	0	-82	0	0	0	0	0	0	0	0	0	0	0	0	0	0	0	0	0	0	0	0	0	0	0	0	0	0	0	0	0	0	0	0	0	-64	0	0	0	0	0	0	0	0	0	0	0	0	0	0	0	0	0	0	0	0	0	0	0	0	0	0	0	0	0	0	0	4066	-2651	3111	22757	-7718	-161	-29	967	220	-1	-1	0	-28	955	217	1606974717
-55	-46	-48	-56	-64	0	-73	-72	-75	-72	-76	-76	-75	-74	0	0	-87	-90	-89	-89	0	0	-89	-88	0	0	-88	-89	-87	0	-89	-88	-87	-60	0	0	0	0	-85	0	0	-91	0	0	0	0	0	0	0	0	0	0	0	0	0	0	0	0	0	0	0	0	0	0	0	0	0	0	0	0	0	0	0	0	0	0	0	0	0	0	0	-65	0	0	0	0	0	0	0	0	0	0	0	0	0	0	0	0	0	0	0	0	0	0	0	0	0	0	0	0	0	0	0	3953	-2650	3126	22757	-7721	-161	-29	969	218	0	0	-1	-28	955	217	1606974719
-55	-48	-48	-55	0	-61	-72	-71	-67	-73	-68	-69	-76	0	0	0	0	-79	-80	-80	0	0	-80	-80	0	0	-89	-87	-88	0	-91	-89	-89	-61	0	0	0	0	-92	0	0	0	0	0	0	0	0	-85	0	0	0	0	0	0	0	-90	0	0	0	0	0	0	0	0	0	0	0	0	0	0	0	0	0	0	0	0	0	0	0	0	0	-66	0	0	0	0	0	0	0	0	0	0	0	0	0	0	0	0	0	0	0	0	0	0	0	0	0	0	0	0	0	0	0	4051	-2636	3096	22757	-7720	-162	-29	968	220	-1	-1	-1	-28	955	217	1606974720
-55	-46	-48	-55	-65	-61	-74	-70	-76	-72	-76	-77	-75	-70	0	0	0	-90	-89	-89	0	0	-88	-89	0	0	-90	-89	-88	0	-89	-88	-88	-59	0	0	0	0	-85	0	0	0	0	0	0	0	0	0	0	0	0	0	0	0	0	0	0	0	0	0	0	0	0	0	0	0	0	0	0	0	0	0	0	0	0	0	0	0	0	0	0	0	0	0	0	0	0	0	0	0	0	0	0	0	0	0	0	0	0	0	0	0	0	0	0	0	0	0	0	0	0	0	0	4006	-2628	3141	22756	-7716	-161	-28	968	220	0	-1	-1	-28	955	217	1606974722
-54	-46	0	-55	-65	0	-72	-73	-76	0	-75	-76	-75	-73	0	0	0	-90	-88	-90	0	0	-89	-89	0	0	-91	-88	-89	0	-88	-89	-88	-58	-61	0	0	0	-85	0	0	0	0	0	-88	0	-88	0	0	0	0	0	0	0	0	0	0	0	0	0	0	0	0	0	0	0	0	0	0	0	0	0	0	0	0	0	0	0	0	0	0	0	0	0	0	0	0	0	0	0	0	0	0	0	0	0	0	0	0	0	0	0	0	0	0	0	0	0	0	0	0	0	0	4005	-2635	3111	22757	-7721	-161	-28	968	218	-1	-1	-1	-28	955	217	1606974724
-56	-46	-46	-55	-66	0	-69	-70	-67	-72	-67	-67	-77	-69	0	0	0	-80	-79	-80	0	0	-80	-80	0	0	-89	-89	-89	0	-88	-89	-89	-60	0	0	0	0	-90	0	0	0	0	-85	0	0	0	0	0	0	0	0	0	0	0	-88	0	0	0	0	0	0	0	0	0	0	0	0	0	0	0	0	0	0	0	0	0	0	0	0	0	-65	0	0	0	0	0	0	0	0	0	0	0	0	0	0	0	0	0	0	0	0	0	0	0	0	0	0	0	0	0	0	0	3983	-2635	3111	22757	-7720	-160	-29	968	219	0	-1	0	-28	955	217	1606974725
-55	-46	-46	-54	-65	-62	0	-70	-68	-73	-67	-67	-76	0	0	0	0	-79	-80	-79	0	0	-80	-79	0	0	-89	-88	-89	0	0	-89	-89	-60	-62	0	0	0	-90	0	0	0	0	-86	0	0	0	0	0	0	0	0	0	0	0	0	0	0	0	0	0	0	0	0	0	0	0	0	0	0	0	0	0	0	0	0	0	0	0	0	0	-62	0	0	0	0	0	0	0	0	0	0	0	0	0	0	0	0	0	0	0	0	0	0	0	0	0	0	0	0	0	0	0	4051	-2636	3111	22756	-7718	-161	-29	968	220	0	0	-1	-28	955	217	1606974727
-55	-46	-46	-55	-63	0	-68	-72	-76	0	-76	-76	-75	-73	0	0	0	-88	-90	-88	0	0	-89	-90	0	0	0	-88	-89	0	-88	-87	-90	-60	-62	0	0	0	-85	0	0	0	0	0	0	0	0	-83	0	0	0	0	0	0	0	0	-90	0	0	0	0	0	0	0	0	0	0	0	0	0	-86	0	0	0	0	0	0	0	0	0	0	0	0	0	0	0	0	0	0	0	0	0	-92	0	0	0	0	0	0	0	0	0	0	0	0	0	0	0	0	0	0	0	0	3998	-2696	3096	22757	-7719	-160	-29	968	218	0	0	-1	-28	955	217	1606974728
-55	-47	-46	-55	-66	-60	0	0	-76	0	-76	-76	-75	0	0	0	0	-91	-89	-89	0	0	-89	-89	0	0	-89	-90	-89	0	-89	-88	-89	-60	0	0	0	0	-84	0	0	0	0	0	0	0	0	0	0	0	0	0	0	0	0	0	0	0	0	0	0	0	0	0	0	0	0	0	0	0	0	0	0	0	0	0	0	0	0	0	0	-64	0	0	0	0	0	0	0	0	0	0	-90	0	0	0	0	0	0	0	0	0	0	0	0	0	0	0	0	0	0	0	0	4005	-2590	3126	22756	-7719	-162	-28	968	220	0	-1	-1	-28	955	217	1606974730
-54	-46	-46	-55	-63	0	-70	-70	-68	0	-69	-68	-76	-70	0	0	0	-80	-79	-81	0	0	-80	-81	0	0	-89	-90	-90	0	-90	-88	-90	-60	0	0	0	0	-89	0	0	0	0	0	0	0	0	0	0	0	0	0	0	0	0	0	0	0	0	0	0	0	0	0	0	0	0	0	0	0	0	0	0	0	0	0	0	0	0	0	0	-68	0	0	0	0	0	0	0	0	0	0	0	0	0	0	0	0	0	0	0	0	0	0	0	0	0	0	0	0	0	0	0	3953	-2680	3119	22757	-7719	-160	-29	968	219	-1	-1	-1	-28	955	217	1606974732
-55	-49	-46	-55	-66	-62	-70	0	-75	0	-76	-76	-74	0	0	-88	0	-89	-89	-89	0	0	-89	-89	0	0	-90	-89	-89	0	-90	-89	-91	-60	0	0	0	0	-85	0	0	0	0	0	0	0	0	-85	0	0	0	0	0	0	0	0	0	0	0	0	0	0	0	0	0	0	0	0	0	0	0	0	0	0	0	0	0	0	0	0	0	-64	0	0	0	0	0	0	0	0	0	0	0	0	0	0	0	0	0	0	0	0	0	0	0	0	0	0	0	0	0	0	0	3961	-2680	3096	22756	-7715	-162	-28	969	219	-1	-1	-1	-28	955	218	1606974733
0	-47	-48	-55	-65	-62	0	-70	-68	0	-67	-67	-77	-73	0	0	0	-80	-80	-79	0	0	-80	-80	0	0	-91	-91	-91	0	-90	-89	-90	-61	-64	0	0	0	-90	0	0	0	0	0	0	0	0	-82	0	0	0	0	0	0	0	0	0	0	0	0	0	0	0	0	0	0	0	0	0	0	0	0	0	0	0	0	0	0	0	0	0	-65	0	0	0	0	0	0	0	0	0	0	0	0	0	0	0	0	0	0	0	0	0	0	0	0	0	0	0	0	0	0	0	4021	-2650	3119	22757	-7721	-161	-28	968	219	-1	-1	0	-28	955	217	1606974735
-56	-48	-49	-55	-65	0	-73	-71	-67	-72	-68	-68	-76	-73	0	0	0	-82	-82	-82	0	0	-83	-81	0	0	0	-90	-89	0	-89	-90	-90	-62	0	0	0	0	-88	0	0	0	0	0	0	0	0	0	0	0	0	0	0	0	0	0	0	0	0	0	0	0	0	0	0	0	0	0	0	0	0	0	0	0	0	0	0	0	0	0	0	-66	0	0	0	0	0	0	0	0	0	0	0	0	0	0	0	0	0	0	0	0	0	0	0	0	0	0	0	0	0	0	0	3975	-2650	3111	22756	-7718	-161	-27	968	220	-1	0	-1	-28	955	217	1606974736
-54	-47	0	0	-64	-61	0	-72	-68	0	-67	-68	-76	0	0	0	0	-80	-80	-79	0	0	-80	-81	0	0	0	-89	-90	0	-90	-89	-89	-61	0	0	0	0	-90	0	0	0	0	0	0	0	0	0	0	0	0	0	0	0	0	0	0	0	0	0	0	0	0	0	0	0	0	0	0	0	0	0	0	0	0	0	0	0	0	0	0	-62	0	0	0	0	0	0	0	0	0	0	0	0	0	0	0	0	0	0	0	0	0	0	0	0	0	0	0	0	0	0	0	4020	-2605	3096	22757	-7719	-161	-28	968	219	-1	-1	-1	-28	955	217	1606974738
-54	-47	-50	-55	-65	-61	-70	-73	-75	0	-76	-76	-75	-73	0	0	-86	-90	-88	-89	0	0	-89	-90	0	-88	-89	-89	-89	0	-90	-91	-89	-60	-63	0	0	0	-85	0	0	-91	0	0	0	0	0	0	0	0	0	0	0	0	0	0	0	0	0	-96	0	0	0	0	0	0	0	0	0	0	0	0	0	0	0	0	0	0	0	0	0	-62	0	0	0	0	0	0	0	0	0	0	0	0	0	0	0	0	0	0	0	0	0	0	0	0	0	0	0	0	0	0	0	3975	-2650	3096	22757	-7721	-161	-29	969	220	-1	-1	0	-28	955	217	1606974740
-54	-46	-49	-54	-63	0	0	-70	-76	0	-75	-75	-74	0	0	0	0	-89	-90	-89	0	0	-89	-90	0	0	-91	-89	-89	0	-89	-89	-89	-60	0	0	0	0	-85	0	0	0	0	0	0	0	0	0	0	0	0	0	-87	0	0	0	0	0	0	0	0	0	0	0	0	0	0	0	0	0	0	0	0	0	0	0	0	0	0	0	0	-62	0	0	0	0	0	0	0	0	0	0	0	0	0	0	0	0	0	0	0	0	0	0	0	0	0	0	0	0	0	0	0	3953	-2650	3022	22757	-7720	-161	-27	968	220	0	-1	-1	-28	955	217	1606974741
-55	0	-48	0	-62	0	0	0	-67	-71	-67	-68	-76	0	0	0	-87	-81	-81	-80	0	0	-80	-80	0	0	-90	-88	-89	0	-90	-88	-89	-59	0	0	0	0	-89	0	0	0	0	0	0	0	0	0	0	0	0	0	0	0	0	0	0	0	0	0	0	0	0	0	0	0	0	0	0	0	0	0	0	0	0	0	0	0	0	0	0	-62	0	0	0	0	0	0	0	0	0	0	0	0	0	0	0	0	0	0	0	0	0	0	0	0	0	0	0	0	0	0	0	3915	-2688	3096	22757	-7719	-162	-29	968	219	-1	-1	0	-28	955	217	1606974743
0	-47	-47	-55	-62	0	-73	0	-68	-72	-68	-69	-76	-71	0	0	0	-81	-81	-81	0	0	-79	-80	0	0	-90	-89	-89	0	-88	-88	-89	-61	0	0	0	0	-90	0	0	0	0	0	0	0	0	0	0	-86	0	0	-84	-86	0	0	0	0	0	0	0	0	0	0	0	0	0	0	0	0	0	0	0	0	0	0	0	0	0	0	0	-62	0	0	0	0	0	0	0	0	0	0	0	0	0	0	0	0	0	0	0	0	0	0	0	0	0	0	0	0	0	0	0	4020	-2605	3111	22757	-7722	-162	-29	969	219	-1	-1	-1	-28	955	217	1606974745
-55	-46	-49	-54	0	-61	0	-74	-76	-71	-75	-76	0	0	-84	0	0	-90	-89	-89	0	0	-89	-88	0	0	-90	-88	-90	0	0	0	-90	-60	0	0	0	0	-85	0	0	0	0	0	0	0	0	-83	0	0	0	0	0	0	0	0	0	0	0	-94	0	0	0	0	0	0	0	-93	0	0	0	0	0	0	0	0	0	0	0	0	0	-63	0	0	0	0	0	0	0	0	0	0	0	0	0	0	0	0	0	0	0	0	0	0	0	0	0	0	0	0	0	0	0	3961	-2650	3126	22756	-7717	-161	-28	968	219	0	0	0	-28	955	217	1606974746
-54	-47	0	-53	-64	-62	-74	0	-68	0	-69	-67	-75	-72	0	0	0	-80	-80	-80	0	0	-81	-81	0	0	-88	-89	-89	0	-90	-90	-89	-60	-62	0	0	0	-90	0	0	0	0	0	0	0	0	0	0	0	0	0	0	0	0	0	0	0	0	0	0	0	0	0	0	0	0	0	0	0	0	0	0	0	0	0	0	0	0	0	0	-71	0	0	0	0	0	0	0	0	0	0	0	0	0	0	0	0	0	0	0	0	0	0	0	0	0	0	0	0	0	0	0	3960	-2658	3096	22757	-7720	-161	-29	968	220	0	-1	0	-28	955	217	1606974748
-53	-47	-48	-55	-63	0	0	-70	-68	0	-68	-67	-77	-70	0	0	0	-80	-80	-81	0	0	-81	-81	0	0	-91	-88	-88	0	-89	-89	-89	-60	0	0	0	0	-91	0	0	0	0	0	0	0	0	0	0	0	0	0	0	0	0	0	0	0	0	0	0	0	0	0	0	0	0	0	0	0	0	0	0	0	0	0	0	0	0	0	0	-59	0	0	0	0	0	0	0	0	0	0	0	0	0	0	0	0	0	0	0	0	0	0	0	0	0	0	0	0	0	0	0	3960	-2635	3141	22758	-7725	-161	-28	969	219	0	-1	-1	-28	956	216	1606974749
-54	-47	-49	-54	-64	-61	0	-70	-75	-73	-76	-76	-74	-73	0	0	0	-90	-89	-89	0	0	-90	-89	0	0	-89	-89	-88	0	-89	-89	-90	-60	-60	0	0	0	-86	0	0	0	0	0	0	0	-87	0	0	0	-89	0	0	0	0	0	0	0	0	0	0	0	0	0	0	0	0	0	0	0	0	0	0	0	0	0	0	0	0	0	0	-62	0	0	0	0	0	0	0	0	0	0	0	0	0	0	0	0	0	0	0	0	0	0	0	0	0	0	0	0	0	0	0	3990	-2605	3081	22756	-7718	-161	-29	968	219	-1	-1	-1	-28	955	217	1606974751
-55	-47	-48	-55	-63	-62	-71	-70	-68	0	-68	-68	-75	0	0	0	0	-80	-81	-81	0	0	-80	-81	0	0	-88	-90	-88	0	-90	-89	-89	-60	0	0	0	0	-92	0	0	0	0	0	0	0	0	0	0	0	0	0	0	0	0	0	0	0	0	0	0	0	0	0	0	0	0	0	0	0	0	0	0	0	0	0	0	0	0	0	0	-69	0	0	0	0	0	0	0	0	0	0	0	0	0	0	0	0	0	0	0	0	0	0	0	0	0	0	0	0	0	0	0	4066	-2643	3104	22757	-7720	-160	-29	969	219	-1	-1	0	-28	955	217	1606974752
-53	-48	0	-54	-62	-62	-73	-70	-76	-71	-75	-76	-74	-70	0	0	0	-89	-89	-89	0	0	-89	-90	0	0	-90	-88	-89	0	-90	-90	-88	-59	0	0	0	0	-86	0	0	0	0	0	0	0	0	0	0	0	0	0	0	0	0	0	0	0	0	0	0	0	0	0	0	0	0	0	0	0	0	0	0	0	0	0	0	0	0	0	0	-69	0	0	0	0	0	0	0	0	0	0	0	0	0	0	0	0	0	0	0	0	0	0	0	0	0	0	0	0	0	0	0	4020	-2635	3111	22757	-7721	-160	-29	968	219	-1	-1	0	-28	955	217	1606974754
-56	-47	-51	0	-63	-61	0	0	-76	0	-76	-75	-74	0	0	0	0	-91	-88	-89	0	0	-89	-89	0	0	-90	-89	-88	0	-89	-89	-89	-60	-60	0	0	0	-86	0	0	0	0	0	0	0	0	0	0	0	-91	0	0	0	0	0	0	0	0	0	0	0	0	0	0	0	0	0	0	0	0	0	0	0	0	0	0	0	0	0	0	-62	0	0	0	0	0	0	0	0	0	0	0	0	0	0	0	0	0	0	0	0	0	0	0	0	0	0	0	0	0	0	0	3975	-2650	3096	22757	-7719	-161	-28	968	220	-1	-1	0	-28	955	217	1606974755
0	-47	-51	-54	0	0	-74	-70	-76	0	-76	-76	-75	-70	-81	0	0	-90	-90	-90	0	0	-89	-90	0	0	-89	-89	-89	0	-89	-89	-89	-60	-62	0	0	0	-85	0	0	0	0	0	0	0	0	0	0	0	0	0	0	0	0	0	0	0	0	-95	0	0	0	0	0	0	0	0	0	0	0	0	0	0	0	0	0	0	0	0	0	-61	0	0	0	0	0	0	0	0	0	0	0	0	0	0	0	0	0	0	0	0	0	0	0	0	0	0	0	0	0	0	0	3983	-2665	3096	22756	-7715	-161	-29	968	220	-1	-1	0	-28	955	218	1606974757
-55	-48	-50	-55	-62	0	-73	0	-75	-71	-75	-76	-74	-70	0	0	0	0	-89	-89	0	0	-89	-89	0	0	-90	-89	-89	0	-90	-89	-89	-60	0	0	0	0	-85	0	0	0	0	0	0	0	0	0	0	0	0	0	0	0	0	0	0	0	0	0	0	0	0	0	0	0	0	0	0	0	0	0	0	0	0	0	0	0	0	0	0	-63	0	0	0	0	0	0	0	0	0	0	0	0	0	0	0	0	0	0	0	0	0	0	0	0	0	0	0	0	0	0	0	3990	-2628	3096	22757	-7721	-161	-29	969	218	-1	-1	0	-28	955	217	1606974758
-55	-46	-51	0	-62	0	0	-70	-67	0	-68	-69	0	0	0	-87	-87	-80	-81	-81	0	0	-81	-81	0	0	-89	-90	-89	0	-89	-89	-89	-59	-59	0	0	0	-90	0	0	0	0	0	0	0	0	0	0	0	0	0	0	0	0	0	0	0	0	0	0	0	0	0	0	0	0	0	0	0	0	0	0	0	0	0	0	0	0	0	0	-68	0	0	0	0	0	0	0	0	0	0	0	0	0	0	0	0	0	0	0	0	0	0	0	0	0	0	0	0	0	0	0	3975	-2650	3081	22757	-7718	-161	-28	968	219	-1	-1	-1	-28	955	217	1606974760
-55	-47	-50	-54	-62	-62	0	-73	-69	0	-68	-68	-75	-74	0	0	0	-80	-80	-81	0	0	-81	-80	0	0	-91	-87	-88	0	0	-89	-89	-59	-62	0	0	0	-90	0	0	0	0	0	0	0	0	0	0	0	0	0	0	0	0	0	0	0	0	0	0	0	0	0	0	0	0	0	0	0	0	0	0	0	0	0	0	0	0	0	0	-64	0	0	0	0	0	0	0	0	0	0	0	0	0	0	0	0	0	0	0	0	0	0	0	0	0	0	0	0	0	0	0	4006	-2665	3081	22757	-7717	-160	-29	968	219	-1	-1	0	-28	955	217	1606974762
-54	-46	-49	-55	0	0	-73	-74	-75	-72	-76	-75	-76	-69	0	0	0	-90	-89	-89	0	0	-89	-89	0	0	-88	-89	-89	0	-89	-90	-89	-60	0	0	0	0	-85	0	0	0	0	0	0	0	0	0	0	-87	0	0	-86	-86	0	0	0	0	0	0	0	0	0	0	0	0	0	-92	0	0	0	0	0	0	0	0	0	0	0	0	0	-64	0	0	0	0	0	0	0	0	0	0	0	0	0	0	0	0	0	0	0	0	0	0	0	0	0	0	0	0	0	0	0	4005	-2590	3111	22756	-7717	-161	-28	968	219	-1	-1	-1	-28	955	217	1606974763
-52	-48	0	-55	-62	0	-71	-70	-75	-72	-75	-75	-74	-75	0	0	0	-90	-90	-89	0	0	-91	-89	0	0	-89	-90	-88	0	-90	-90	-91	-59	0	0	0	0	-85	0	0	0	0	0	0	0	0	0	0	-86	0	0	-86	-87	0	0	0	0	0	0	0	0	0	0	0	0	0	0	0	0	0	0	0	0	0	0	0	0	0	0	0	-64	0	0	0	0	0	0	0	0	0	0	0	0	0	0	0	0	0	0	0	0	0	0	0	0	0	0	0	0	0	0	0	3960	-2650	3051	22757	-7718	-161	-28	968	219	-1	-1	-1	-28	955	217	1606974765
-54	-46	-48	-54	-61	-61	-73	-74	-76	-72	-76	-76	-74	-71	0	0	0	-89	-90	-88	0	0	-89	-88	0	0	-88	-89	-89	0	-89	-90	-89	-60	0	0	0	0	0	0	0	0	0	0	0	0	0	-82	0	0	0	0	0	0	0	0	0	0	0	-92	0	0	0	0	0	0	0	0	0	0	0	0	0	0	0	0	0	0	0	0	0	-62	0	0	0	0	0	0	0	0	0	0	0	0	0	0	0	0	0	0	0	0	0	0	0	0	0	0	0	0	0	0	0	3975	-2650	3081	22756	-7715	-161	-29	967	219	-1	-1	-1	-28	955	218	1606974767
-56	-46	0	-54	-60	0	-71	-71	-75	-72	-77	-75	-74	-71	-83	0	0	-91	-89	-89	0	0	-90	-89	0	0	-87	-88	-88	0	-89	-90	-89	-60	0	0	0	0	-85	0	0	0	0	0	0	0	0	0	0	0	0	0	0	0	0	0	0	0	0	0	0	0	0	0	0	0	0	0	0	0	0	0	0	0	0	0	0	0	0	0	0	-64	0	0	0	0	0	0	0	0	0	0	0	0	0	0	0	0	0	0	0	0	0	0	0	0	0	0	0	0	0	0	0	3960	-2665	3096	22756	-7718	-161	-28	968	220	-1	-1	-1	-28	955	217	1606974768
-55	-48	-49	-55	-63	-62	-74	-71	-75	0	-75	-76	-75	-71	0	0	0	-91	-90	-89	0	0	-90	-90	0	0	-89	-89	-89	0	-87	-87	-88	-60	0	0	0	0	-85	0	0	0	0	0	0	0	0	-82	0	-89	-90	0	-86	-88	0	0	0	0	0	0	0	0	0	0	0	0	0	0	0	0	0	0	0	0	0	0	0	0	0	0	0	0	0	0	0	0	0	0	0	0	0	0	0	0	0	0	0	0	0	0	0	0	0	0	0	0	0	0	0	0	0	0	0	3946	-2680	3134	22757	-7720	-161	-28	969	220	-1	-1	0	-28	955	217	1606974770
-55	-46	-48	0	-63	-61	0	0	-75	-73	-76	-76	-74	0	0	0	0	-90	-89	-89	0	0	-89	-89	0	0	-89	-89	-89	0	0	-89	-91	-60	0	0	0	0	0	0	0	0	0	0	0	0	0	0	0	-88	0	0	-86	-86	0	0	0	-90	0	0	0	0	0	0	0	0	0	0	0	0	-86	0	0	0	0	0	0	0	0	0	0	-64	0	0	0	0	0	0	0	0	0	0	0	0	0	0	0	0	0	0	0	0	0	0	0	0	0	0	0	0	0	0	0	3976	-2650	3126	22757	-7718	-160	-29	968	219	-1	-1	0	-28	955	217	1606974771
-56	-46	-49	-55	0	-61	-71	-74	-75	0	-75	-76	-75	-74	0	0	0	-90	-89	-89	0	0	-89	-89	0	0	-88	-90	-89	0	-90	-90	-90	-59	0	0	0	0	-84	0	0	0	0	0	0	0	0	0	0	0	0	0	0	0	0	0	0	0	0	-95	0	0	0	0	0	0	0	0	0	0	0	0	0	0	0	0	0	0	0	0	0	-69	0	0	0	0	0	0	0	0	0	0	0	0	0	0	0	0	0	0	0	0	0	0	0	0	0	0	0	0	0	0	0	3983	-2658	3104	22757	-7719	-161	-28	968	219	-1	-1	0	-28	955	217	1606974773
-55	-47	-48	-55	-61	-61	-74	-71	-76	-73	-76	-76	-74	-72	0	0	0	-90	-89	-89	0	0	-90	-89	0	0	-88	-89	-89	0	-88	-88	-90	-59	0	0	0	0	-85	0	0	0	0	0	0	0	0	0	0	0	0	0	0	0	0	0	0	0	0	0	0	0	0	0	0	0	0	0	0	0	0	0	0	0	0	0	0	0	0	0	0	-65	0	0	0	0	0	0	0	0	0	0	0	0	0	0	0	0	0	0	0	0	0	0	0	0	0	0	0	0	0	0	0	4021	-2650	3111	22757	-7720	-161	-28	968	220	-1	-1	0	-28	955	217	1606974775
-55	-50	-49	-55	-63	0	-74	-74	-76	-72	-74	-76	-76	-73	0	0	0	-90	-89	-89	0	0	-89	-89	0	0	0	-90	-89	0	-89	-90	-89	-59	0	0	0	0	-85	0	0	0	0	0	0	0	-89	0	0	0	-90	0	0	0	0	0	0	0	0	0	0	0	0	0	0	0	0	0	0	0	0	0	0	0	0	0	0	0	0	0	0	-66	0	0	0	0	0	0	0	0	0	0	0	0	0	0	0	0	0	0	0	0	0	0	0	0	0	0	0	0	0	0	0	3960	-2650	3081	22757	-7719	-161	-28	969	219	-1	-1	-1	-28	955	217	1606974776
-54	-48	0	-54	-63	0	-73	0	-76	-73	-76	-76	-75	0	-85	0	0	-90	-87	-90	0	0	-90	-89	0	0	-88	0	0	0	0	0	-89	-58	-60	0	0	0	-85	0	0	0	0	0	0	0	0	0	0	0	0	0	-89	0	0	0	-87	0	0	0	0	-86	0	0	0	0	0	0	0	0	0	0	0	0	0	0	0	0	0	0	0	-65	0	0	0	0	0	0	0	0	0	0	0	0	0	0	0	0	0	0	0	0	0	0	0	0	0	0	0	0	0	0	0	4005	-2635	3081	22756	-7717	-162	-29	968	219	0	0	-1	-28	955	217	1606974778
-55	-48	-50	-54	-63	0	-72	-72	-66	0	-67	-66	-76	-72	-83	0	0	-80	-79	-81	0	-87	-80	-79	0	0	0	-89	-90	0	-90	-90	-89	-61	0	0	0	0	-90	0	0	0	0	0	0	0	0	-82	0	0	0	0	0	0	0	0	0	0	0	0	0	0	0	0	0	0	0	-92	0	0	0	0	0	0	0	0	0	0	0	0	0	-66	0	0	0	0	0	0	0	0	0	0	0	0	0	0	0	0	0	0	0	0	0	0	0	0	0	0	0	0	0	0	0	4021	-2680	3104	22757	-7722	-162	-28	968	219	0	-1	-1	-28	955	216	1606974779
-55	-48	-52	-53	0	-61	-73	-70	-77	-73	-77	-76	-75	-73	0	0	-88	-90	-90	-89	0	0	-89	-90	0	-87	-90	-91	-88	0	0	-89	-90	-60	0	0	0	0	-86	0	0	0	0	-88	0	0	-89	0	0	0	-87	0	0	0	0	0	0	0	0	0	0	0	0	0	0	0	0	0	0	0	0	0	0	0	0	0	0	0	0	0	0	-65	0	0	0	0	0	0	0	0	0	0	0	0	0	0	0	0	0	0	0	0	0	0	0	0	0	0	0	0	0	0	0	4005	-2635	3022	22756	-7718	-161	-28	968	219	0	0	0	-28	955	217	1606974781
-54	-47	-50	-54	0	0	-73	-70	-69	-73	-67	-68	-76	-70	0	0	0	-79	-80	-80	0	-88	-80	-79	0	0	-87	-89	-88	0	-89	-90	-88	-62	0	0	0	0	-90	0	0	-91	0	0	0	0	0	0	0	0	0	0	0	0	0	0	0	0	0	0	0	0	0	0	0	0	0	0	0	0	0	0	0	0	0	0	0	0	0	0	0	-63	0	0	0	0	0	0	0	0	0	0	0	0	0	0	0	0	0	0	0	0	0	0	0	0	0	0	0	0	0	0	0	3975	-2665	3052	22756	-7718	-162	-29	968	220	0	0	-1	-28	955	217	1606974783
-55	-48	-50	-54	0	-62	-74	-71	-76	-72	-76	-76	-75	-74	0	0	0	-88	-89	-88	0	0	-88	-88	0	0	-88	-90	-89	0	-89	-89	-89	-60	0	0	0	0	-86	0	0	0	0	-87	0	0	0	-84	0	0	0	0	0	0	0	0	0	0	0	0	0	0	0	0	0	0	0	0	0	0	0	0	0	0	0	0	0	0	0	0	0	-63	0	0	0	0	0	0	0	0	0	0	0	0	0	0	0	0	0	0	0	0	0	0	0	0	0	0	0	0	0	0	0	3960	-2665	3111	22757	-7723	-163	-29	969	219	0	0	-1	-28	956	216	1606974784
-53	-48	-48	-55	0	0	-73	-71	-68	-71	-68	-69	-75	-70	0	0	0	-79	-80	-80	0	0	-80	-80	0	0	-87	-89	-89	0	-90	-89	-90	-59	0	0	0	0	-89	0	0	0	0	0	0	0	0	-83	0	0	0	0	0	-86	0	0	0	0	0	0	0	0	0	0	0	0	0	0	0	0	0	0	0	0	0	0	0	0	0	0	0	-64	0	0	0	0	0	0	0	0	0	0	0	0	0	0	0	0	0	0	0	0	0	0	0	0	0	0	0	0	0	0	0	3976	-2755	3097	22756	-7719	-162	-29	968	219	0	-1	-1	-28	955	217	1606974786
-55	-47	-49	-55	-64	-62	-73	-70	-76	-71	-77	-76	-75	-70	0	0	0	-88	-87	-88	0	0	-88	-88	0	0	-86	-90	-90	0	-89	-90	-90	-59	0	0	0	0	-85	0	0	0	0	0	0	0	0	-84	0	0	0	-93	0	0	0	0	0	0	0	0	0	0	0	0	0	0	0	0	0	0	0	0	0	0	0	0	0	0	0	0	0	0	0	0	0	0	0	0	0	0	0	0	0	0	0	0	0	0	0	0	0	0	0	0	0	0	0	0	0	0	0	0	0	3968	-2695	3111	22757	-7720	-162	-29	968	218	-1	-1	-1	-28	955	217	1606974787
-54	-46	-49	-55	-65	-61	-71	-71	-77	-72	-76	-76	-75	-73	0	0	0	-87	-87	-87	0	0	-88	-87	0	0	-87	-90	-88	0	-89	-89	-89	-59	0	0	0	0	-87	0	0	0	0	0	0	0	0	0	0	-85	0	0	-86	-86	0	0	0	0	0	0	0	0	0	0	0	0	0	0	0	0	0	0	0	0	0	0	0	0	0	0	0	-64	0	0	0	0	0	0	0	0	0	0	0	0	0	0	0	0	0	0	0	0	0	0	0	0	0	0	0	0	0	0	0	3945	-2665	3081	22757	-7721	-161	-28	968	219	-1	-1	0	-28	955	217	1606974789
-53	-47	-48	-54	-65	-61	-75	-75	-77	-73	-77	-76	-75	-74	0	0	0	-87	-88	-88	0	-90	-89	-88	0	0	0	-89	-89	0	-89	-90	-90	-60	0	0	0	0	-86	0	0	0	0	0	0	0	-90	-85	0	0	-90	0	0	0	0	0	0	0	0	-93	0	0	0	0	0	0	0	0	0	0	0	0	0	0	0	0	0	0	0	0	0	-63	0	0	0	0	0	0	0	0	0	0	0	0	0	0	0	0	0	0	0	0	0	0	0	0	0	0	0	0	0	0	0	4021	-2665	3096	22757	-7719	-162	-29	968	219	-1	-1	-1	-28	955	217	1606974791
-52	-46	-47	-55	-66	-61	-71	-70	-77	-71	-76	-77	-74	-73	0	0	0	-88	-87	-88	0	0	-88	-89	0	0	-86	-90	-89	0	-90	-89	-91	-60	0	0	0	0	-85	0	0	0	0	0	-85	-85	-85	-86	-84	0	-85	0	0	0	0	0	0	0	0	0	0	0	0	0	0	0	0	0	0	0	0	0	0	0	0	0	0	0	0	0	0	-63	0	0	0	0	0	0	0	0	0	0	0	0	0	0	0	0	0	0	0	0	0	0	0	0	0	0	0	0	0	0	0	3976	-2680	3126	22756	-7718	-162	-28	969	220	0	0	0	-28	955	217	1606974792
-52	-47	-48	0	-65	-61	0	0	-77	0	-75	-75	-74	0	0	0	0	-88	-90	-88	0	0	-89	-89	0	0	-89	-89	-90	0	-89	-90	-89	-60	0	0	0	0	0	0	0	-91	0	0	0	0	0	-84	0	0	0	0	0	0	0	0	0	0	0	-95	0	0	0	0	0	0	0	0	0	0	0	0	0	0	0	0	0	0	0	0	0	-64	0	0	0	0	0	0	0	0	0	0	0	0	0	0	0	0	0	0	0	0	0	0	0	0	0	0	0	0	0	0	0	3960	-2650	3111	22757	-7721	-161	-28	968	220	-1	-1	-1	-28	955	216	1606974794
-54	-46	-51	-55	-62	-62	0	-75	-69	0	-69	-68	-76	-71	0	0	0	-79	-78	-79	0	0	-79	-79	0	0	-88	-89	-89	0	-89	-89	-90	-59	0	0	0	0	-91	0	0	0	0	0	0	0	0	-83	-85	-92	-84	0	-87	-86	0	0	0	0	0	0	0	0	0	0	0	0	0	0	0	0	0	0	0	0	0	0	0	0	0	0	0	-66	0	0	0	0	0	0	0	0	0	0	0	0	0	0	0	0	0	0	0	0	0	0	0	0	0	0	0	0	0	0	0	3975	-2590	3111	22756	-7717	-162	-29	968	220	-1	0	0	-28	955	217	1606974795
0	-47	-50	-53	0	0	-73	-72	-76	-72	-76	-77	-75	-70	0	0	0	-90	-88	-88	0	-87	-89	-88	0	0	-89	-89	-88	0	-88	-89	-89	-60	-61	0	0	0	-87	0	0	0	0	0	0	0	0	-81	0	0	0	0	0	0	0	0	0	0	0	-94	0	0	0	0	0	0	0	0	0	0	0	0	0	0	0	0	0	0	0	0	0	-63	0	0	0	0	0	0	0	0	0	0	0	0	0	0	0	0	0	0	0	0	0	0	0	0	0	0	0	0	0	0	0	3945	-2665	3111	22757	-7719	-161	-29	968	220	-1	-1	-1	-28	955	217	1606974797
-52	-45	-53	-54	-64	-63	-74	-75	-70	0	-69	-70	-76	-73	0	0	0	-79	-79	-80	0	0	-80	-80	0	0	-89	-88	-89	0	-88	-90	-88	-61	0	0	0	0	-90	0	0	0	0	0	0	0	0	-76	0	0	0	0	0	0	0	0	-89	0	0	0	0	0	0	0	0	0	0	0	0	0	0	0	0	0	0	0	0	0	0	0	0	-64	0	0	0	0	0	0	0	0	0	0	0	0	0	0	0	0	0	0	0	0	0	0	0	0	0	0	0	0	0	0	0	3975	-2650	3111	22757	-7720	-161	-29	968	218	-1	-1	0	-28	955	217	1606974799
0	-43	0	0	0	0	0	0	-68	0	-70	-70	-76	0	0	0	0	-81	-80	-81	0	0	-81	-80	0	0	-92	-89	-89	0	-89	-89	-89	-60	-62	0	0	0	-89	0	0	0	0	0	0	0	0	0	0	0	0	0	0	0	0	0	0	0	0	0	0	0	0	0	0	0	0	0	0	0	0	0	0	0	0	0	0	0	0	0	0	-63	0	0	0	0	0	0	0	0	0	0	0	0	0	0	0	0	0	0	0	0	0	0	0	0	0	0	0	0	0	0	0	3945	-2620	3103	22756	-7718	-162	-28	968	219	-1	-1	-1	-28	955	217	1606974800
-55	-47	-49	-55	0	-61	-72	-75	-76	-73	-75	-75	-75	-75	0	0	0	-88	-89	-88	0	0	-89	-88	0	0	-88	-89	-87	0	-88	-89	-88	-60	0	0	0	0	-85	0	0	0	0	0	0	0	0	0	0	0	0	0	0	0	0	0	0	0	0	-94	0	0	0	0	0	0	0	0	0	0	0	0	0	0	0	0	0	0	0	0	0	-66	0	0	0	0	0	0	0	0	0	0	0	0	0	0	0	0	0	0	0	0	0	0	0	0	0	0	0	0	0	0	0	4006	-2635	3126	22756	-7718	-162	-28	968	219	-1	-1	0	-28	955	217	1606974802
-56	-48	-49	-55	0	-61	-71	-75	-75	0	-75	-76	-74	-75	0	0	0	-89	-88	-87	0	0	-89	-89	0	0	-85	-89	-89	0	-89	-88	-90	-59	0	0	0	0	-85	0	0	0	0	0	0	0	0	-89	0	0	0	0	0	0	0	0	0	0	0	0	0	0	0	0	0	0	0	0	0	0	0	0	0	0	0	0	0	0	0	0	0	-64	0	0	0	0	0	0	0	0	0	0	0	0	0	0	0	0	0	0	0	0	0	0	0	0	0	0	0	0	0	0	0	3975	-2643	3096	22757	-7723	-162	-28	968	218	-1	0	-1	-28	955	216	1606974804
-56	-48	-47	-55	0	0	-72	0	-76	-73	-76	-75	-75	-71	0	0	0	-89	-88	-89	0	-89	-88	-89	0	0	-89	-88	-89	0	-89	-88	-89	-58	0	0	0	0	-86	0	0	-89	0	0	0	0	0	0	0	0	0	0	0	0	0	0	0	0	0	0	0	0	0	0	0	0	0	0	0	0	0	0	0	0	0	0	0	0	0	0	0	-63	0	0	0	0	0	0	0	0	0	0	0	0	0	0	0	0	0	0	0	0	0	0	0	0	0	0	0	0	0	0	0	3960	-2620	3118	22757	-7719	-161	-29	968	220	-1	-1	0	-28	955	217	1606974805
-56	-48	-48	-55	-69	-61	-72	-73	-69	0	-70	-70	-77	-71	0	0	0	-81	-81	-81	0	0	-81	-80	0	0	-88	-90	-89	0	-89	-90	-89	-60	-59	0	0	0	-89	0	0	0	0	-87	0	0	0	0	0	0	0	0	0	0	0	0	0	0	0	0	0	0	0	0	0	0	0	0	0	0	0	0	0	0	0	0	0	0	0	0	0	-66	0	0	0	0	0	0	0	0	0	0	0	0	0	0	0	0	0	0	0	0	0	0	0	0	0	0	0	0	0	0	0	3960	-2650	3051	22756	-7718	-162	-28	968	219	-1	-1	0	-28	955	217	1606974807
-55	-46	-45	0	-67	-60	0	0	-75	0	-76	-75	-74	0	-81	-85	0	-88	-90	-88	0	0	-89	-88	0	0	-87	-88	-90	0	-90	-89	-88	-59	0	0	0	0	-85	0	0	-91	0	0	0	0	0	0	0	0	-88	0	0	0	0	0	0	0	0	-95	0	0	0	0	0	0	0	0	0	0	0	0	0	0	0	0	0	0	0	0	0	-66	0	0	0	0	0	0	0	0	0	0	0	0	0	0	0	0	0	0	0	0	0	0	0	0	0	0	0	0	0	0	0	4013	-2650	3111	22758	-7722	-161	-29	968	219	0	-1	0	-28	955	216	1606974808
-56	-48	-48	-55	-67	0	-75	-75	-76	-72	-75	-76	-75	-76	0	0	0	-88	-89	-89	0	0	-88	-88	0	0	-90	-89	-88	0	-89	-89	-88	-59	0	0	0	0	-86	0	0	0	0	0	0	0	-92	-83	0	0	0	0	0	0	0	0	0	0	0	-95	0	0	0	0	0	0	0	0	0	0	0	0	0	0	0	0	0	0	0	0	0	-66	0	0	0	0	0	0	0	0	0	0	0	0	0	0	0	0	0	0	0	0	0	0	0	0	0	0	0	0	0	0	0	3961	-2665	3126	22756	-7717	-162	-28	968	220	-1	-1	-1	-28	955	217	1606974810
-48	-48	-48	-55	-68	-61	-76	0	-69	-73	-68	-70	-75	-75	0	0	-88	-80	-82	-81	0	0	-82	-81	0	-87	-79	-88	-90	0	-88	-89	-88	-60	0	0	0	0	-89	0	0	0	0	0	0	-84	-84	0	-86	0	-86	0	0	0	0	0	0	0	0	0	0	0	0	0	0	0	0	0	0	0	0	0	0	0	0	0	0	0	0	0	0	-65	0	0	0	0	0	0	0	0	0	0	0	0	0	0	0	0	0	0	0	0	0	0	0	0	0	0	0	0	0	0	0	4021	-2650	3111	22757	-7718	-161	-29	968	219	0	0	-1	-28	955	217	1606974811
-55	-48	0	0	-67	0	0	0	-70	-73	-70	-70	-76	0	0	0	0	-81	-80	-80	0	0	-81	-81	0	0	-75	-88	-89	0	-88	-88	-89	-60	0	0	0	0	-90	0	0	0	0	0	0	0	0	0	0	0	0	0	0	0	0	0	0	0	0	0	0	0	0	0	0	0	0	0	0	0	0	0	0	0	0	0	0	0	0	0	0	-65	0	0	0	0	0	0	0	0	0	0	0	0	0	0	0	0	0	0	0	0	0	0	0	0	0	0	0	0	0	0	0	3915	-2635	3111	22756	-7717	-161	-29	967	218	-1	-1	0	-28	955	217	1606974813
-56	0	-48	0	0	-60	0	0	-68	-72	-70	-68	-75	0	0	0	0	-80	-80	-80	0	0	-80	-81	0	0	-87	-88	-91	0	-89	-89	-89	-61	0	0	0	0	-89	0	0	0	0	0	0	0	0	0	0	0	0	0	0	0	0	0	0	0	0	0	0	0	0	0	0	0	0	0	0	0	0	0	0	0	0	0	0	0	0	0	0	-63	0	0	0	0	0	0	0	0	0	0	0	0	0	0	0	0	0	0	0	0	0	0	0	0	0	0	0	0	0	0	0	4021	-2635	3126	22757	-7722	-162	-28	968	219	0	-1	-1	-28	955	217	1606974814
-56	-47	-49	-55	0	-61	-72	-72	-76	-72	-76	-76	-74	-74	0	0	0	-89	-88	-88	0	0	-89	-89	0	0	-87	-88	-89	0	-89	-88	-90	-59	0	0	0	0	-86	0	0	-94	0	0	0	0	0	-86	0	0	0	0	0	0	0	0	0	0	0	0	0	0	0	0	0	0	0	0	0	0	0	0	0	0	0	0	0	0	0	0	0	-62	0	0	0	0	0	0	0	0	0	0	0	0	0	0	0	0	0	0	0	0	0	0	0	0	0	0	0	0	0	0	0	3975	-2665	3096	22756	-7716	-162	-28	968	219	-1	0	-1	-28	955	217	1606974816
-54	-46	-48	0	-68	-61	0	0	-74	-74	-75	-75	-74	0	0	0	0	-89	-91	-88	0	0	-88	-89	0	0	-89	-88	-89	0	-89	-87	-88	-59	0	0	0	0	-86	0	0	-89	0	0	0	0	0	0	0	0	0	0	0	0	0	0	0	0	0	-93	0	0	0	0	0	0	0	0	0	0	0	0	0	0	0	0	0	0	0	0	0	0	0	0	0	0	0	0	0	0	0	0	0	0	0	0	0	0	0	0	0	0	0	0	0	0	0	0	0	0	0	0	0	4006	-2658	3081	22757	-7719	-161	-28	968	219	-1	-1	0	-28	955	217	1606974818
-54	-46	0	-55	-69	0	-75	-73	-69	-72	-67	-69	-76	-74	0	0	0	-81	-80	-80	0	0	-81	-79	0	0	-88	-88	-89	0	-89	-89	-88	-60	0	0	0	0	-90	0	0	0	0	0	0	0	0	0	0	0	0	0	0	0	0	0	0	0	0	0	0	0	0	0	0	0	0	0	0	0	0	0	0	0	0	0	0	0	0	0	0	-65	0	0	0	0	0	0	0	0	0	0	0	0	0	0	0	0	0	0	0	0	0	0	0	0	0	0	0	0	0	0	0	4006	-2710	3082	22758	-7723	-161	-28	969	219	-1	-1	0	-28	956	216	1606974819
-55	0	-49	0	-68	-61	0	0	-68	-72	-68	-68	-76	0	0	0	0	-80	-81	-81	0	0	-79	-81	0	0	-87	-89	-90	0	-91	-90	-89	-60	0	0	0	0	-92	0	0	0	0	0	0	0	0	0	0	0	0	0	0	0	0	0	0	0	0	-95	0	0	0	0	0	0	0	-88	0	0	0	0	0	0	0	0	0	0	0	0	0	-65	0	0	0	0	0	0	0	0	0	0	0	0	0	0	0	0	0	0	0	0	0	0	0	0	0	0	0	0	0	0	0	3968	-2605	3088	22757	-7719	-161	-29	968	219	-1	-1	-1	-28	955	217	1606974821
-55	-47	-50	-54	-67	-61	-69	-73	-75	-73	-75	-77	-76	-73	0	0	0	-89	-89	-90	0	0	-90	-89	0	0	-89	-88	-90	0	-89	-90	-90	-58	0	0	0	0	-86	0	0	0	0	0	0	0	-87	0	0	0	0	0	0	0	0	0	0	0	0	-94	0	0	0	0	0	0	0	0	0	0	0	0	0	0	0	0	0	0	0	0	0	-65	0	0	0	0	0	0	0	0	0	0	0	0	0	0	0	0	0	0	0	0	0	0	0	0	0	0	0	0	0	0	0	3975	-2643	3089	22756	-7717	-161	-28	968	219	0	0	-1	-28	955	217	1606974822
-54	-48	-49	-55	0	0	-72	-72	-69	0	-68	-68	-76	-71	0	0	0	-80	-80	-82	0	0	-81	-80	0	0	0	-89	-90	0	-89	-88	-89	-60	0	0	0	0	-91	0	0	0	0	0	0	0	0	-86	0	0	0	0	0	0	0	0	0	0	0	0	0	0	0	0	0	0	0	0	0	0	0	0	0	0	0	0	0	0	0	0	0	-66	0	0	0	0	0	0	0	0	0	0	0	0	0	0	0	0	0	0	0	0	0	0	0	0	0	0	0	0	0	0	0	3975	-2605	3096	22758	-7723	-161	-29	968	219	-1	-1	-1	-28	956	216	1606974824
-54	-48	-48	0	-68	-58	0	-75	-69	-76	-67	-68	-78	-73	0	0	0	-81	-82	-82	0	0	-82	-82	0	0	-89	-89	-89	0	-87	-88	-89	-59	0	0	0	0	-90	0	0	0	0	-86	0	0	0	-84	0	0	0	0	-87	-87	0	-88	0	0	0	0	0	0	0	0	0	0	0	-91	0	0	0	0	0	0	0	0	0	0	0	0	0	-65	0	0	0	0	0	0	0	0	0	0	0	0	0	0	0	0	0	0	0	0	0	0	0	0	0	0	0	0	0	0	0	3960	-2695	3052	22757	-7722	-162	-29	969	218	0	-1	0	-28	955	217	1606974826
0	0	-49	-54	-64	0	0	0	-68	-75	-68	-67	-79	-73	0	0	0	-82	-82	-81	0	0	-82	-83	0	0	-91	-88	-88	0	-90	-89	-88	-59	0	0	0	0	-91	0	0	-89	0	-83	0	0	0	-83	0	0	0	0	-86	0	0	0	0	0	0	0	0	0	0	0	0	0	0	0	0	0	0	0	0	0	0	0	0	0	0	0	0	-64	0	0	0	0	0	0	0	0	0	0	0	0	0	0	0	0	0	0	0	0	0	0	0	0	0	0	0	0	0	0	0	4005	-2605	3096	22756	-7719	-161	-29	968	220	-1	-1	0	-28	955	217	1606974827
-55	-46	-49	0	-64	-61	0	0	-68	-73	-69	-69	-77	0	0	0	0	-80	-80	-81	0	0	-81	-81	0	0	-89	-88	-87	0	-88	-88	-88	-61	0	0	0	0	-91	0	0	0	0	0	0	0	0	0	0	0	0	0	0	0	0	0	0	0	0	0	0	0	0	0	0	0	0	0	0	0	0	0	0	0	0	0	0	0	0	0	0	-63	0	0	0	0	0	0	0	0	0	0	0	0	0	0	0	0	0	0	0	0	0	0	0	0	0	0	0	0	0	0	0	3975	-2635	3126	22758	-7724	-162	-28	968	218	-1	-1	0	-28	956	216	1606974829
0	-47	-50	0	0	0	0	-73	-68	0	-68	-70	-76	0	0	0	0	-79	-80	-80	0	0	-81	-79	0	0	-90	-89	-88	0	-89	-89	-90	-61	-63	0	0	0	-91	0	0	0	0	0	0	0	0	0	0	0	0	0	0	0	0	0	0	0	0	0	0	0	0	0	0	0	0	0	0	0	0	0	0	0	0	0	0	0	0	0	0	-62	0	0	0	0	0	0	0	0	0	0	0	0	0	0	0	0	0	0	0	0	0	0	0	0	0	0	0	0	0	0	0	4006	-2665	3111	22756	-7719	-163	-29	968	220	-1	0	-1	-28	955	217	1606974830
-58	-48	-48	0	-66	-62	0	0	-68	-72	-68	-69	-76	0	0	0	0	-80	-80	-81	0	0	-79	-80	0	0	-88	-89	-89	0	-89	-90	-89	-60	0	0	0	0	-89	0	0	0	0	0	0	0	0	0	0	0	0	0	0	0	0	0	0	0	0	0	0	0	0	0	0	0	0	-91	0	0	0	0	0	0	0	0	0	0	0	0	0	-64	0	0	0	0	0	0	0	0	0	0	0	0	0	0	0	0	0	0	0	0	0	0	0	0	0	0	0	0	0	0	0	3968	-2628	3103	22756	-7719	-162	-28	967	220	-1	-1	-1	-28	955	217	1606974832
0	0	-48	-55	0	0	-71	-73	0	0	-68	-71	-76	-73	0	0	0	-79	-80	-81	0	0	-81	-80	0	0	0	-89	-89	0	-88	-90	-89	-58	0	0	0	0	-90	0	0	0	0	0	0	0	0	-83	0	0	0	0	0	0	0	0	0	0	0	0	0	0	0	0	0	0	0	0	0	0	0	0	0	0	0	0	0	0	0	0	0	-62	0	0	0	0	0	0	0	0	0	0	0	0	0	0	0	0	0	0	0	0	0	0	0	0	0	0	0	0	0	0	0	4006	-2688	3082	22756	-7717	-162	-29	968	218	-1	-1	-1	-28	955	217	1606974834
-54	-50	-49	-55	-68	0	-72	-72	-77	-73	-77	-77	-74	-71	0	0	0	-89	-89	-89	0	0	-90	-89	0	0	-84	-89	-90	0	-89	-89	-89	-60	0	0	0	0	-87	0	0	-90	0	-88	0	0	0	0	0	0	0	0	0	0	0	0	0	0	0	-95	0	0	0	0	0	0	0	-92	0	0	0	0	0	0	0	0	0	0	0	0	0	-63	0	0	0	0	0	0	0	0	0	0	0	0	0	0	0	0	0	0	0	0	0	0	0	0	0	0	0	0	0	0	0	4005	-2620	3111	22757	-7720	-162	-29	968	220	-1	-1	-1	-28	955	217	1606974835
0	-46	0	-56	0	-60	-72	-71	-69	0	-71	-72	-75	-71	0	0	0	-80	-80	-80	0	0	-80	-80	0	0	-90	-90	-89	0	-89	-90	-91	-59	0	0	0	0	-89	0	0	0	0	0	0	0	0	0	0	0	0	0	0	0	0	0	0	0	0	0	0	0	0	0	0	0	0	0	0	0	0	0	0	0	0	0	0	0	0	0	0	-65	0	0	0	0	0	0	0	0	0	0	0	0	0	0	0	0	0	0	0	0	0	0	0	0	0	0	0	0	0	0	0	3961	-2680	3096	22756	-7719	-162	-28	969	219	0	-1	-1	-28	955	217	1606974837
-54	-50	0	-56	-68	-61	-73	-71	-76	-76	-75	-74	-75	-72	0	0	0	-89	-88	-89	0	0	-88	-90	0	0	-87	-91	-90	0	0	-88	-90	-60	0	0	0	0	-85	0	0	0	0	0	0	0	0	0	0	0	0	0	0	0	0	0	0	0	0	-94	0	0	0	0	0	0	0	0	0	0	0	0	0	0	0	0	0	0	0	0	0	0	0	0	0	0	0	0	0	0	0	0	0	0	0	0	0	0	0	0	0	0	0	0	0	0	0	0	0	0	0	0	0	3998	-2673	3096	22757	-7720	-162	-29	968	218	-1	0	0	-28	955	217	1606974838
-53	-52	-44	-57	-71	0	0	0	-72	0	-73	-69	-76	0	0	0	0	-80	-81	-81	0	0	-80	-80	0	0	-89	-90	-91	0	-89	-89	-89	-59	0	0	0	0	-91	0	0	0	0	0	-85	0	0	0	0	0	0	0	0	0	0	-90	0	0	0	0	0	0	0	0	0	0	0	0	0	0	0	0	0	0	0	0	0	0	0	0	0	-57	0	0	0	0	0	0	0	0	0	0	0	0	0	0	0	0	0	0	0	0	0	0	0	0	0	0	0	0	0	0	0	3953	-2605	3051	22757	-7721	-161	-28	967	219	-1	-1	0	-28	955	217	1606974840
-53	-50	-44	-55	-67	0	-72	-71	-75	-74	-76	-76	-74	-70	0	0	0	-90	-87	-88	0	-84	-89	-89	0	0	-89	-89	-89	0	-90	-89	-90	-59	0	0	0	0	-86	0	0	0	0	0	0	0	0	-86	0	0	0	0	0	0	0	0	0	0	0	0	0	0	0	0	0	0	0	0	0	0	0	0	0	0	0	0	0	0	0	0	0	0	0	0	0	0	0	0	0	0	0	0	0	0	0	0	0	0	0	0	0	0	0	0	0	0	0	0	0	0	0	0	0	3975	-2680	3037	22757	-7720	-162	-28	968	219	0	-1	-1	-28	955	217	1606974842
-54	-50	-45	-55	-68	-61	-71	-70	-75	0	-75	-75	-75	-71	0	0	0	-88	-88	-88	0	-87	-88	-88	0	0	0	-88	-89	0	-89	-90	-89	-60	0	0	0	0	0	0	0	0	0	-88	0	0	-86	-84	0	0	-90	0	0	0	0	0	0	0	0	0	0	0	0	0	0	0	0	0	0	0	0	0	0	0	0	0	0	0	0	0	0	-66	0	0	0	0	0	0	0	0	0	0	0	0	0	0	0	0	0	0	0	0	0	0	0	0	0	0	0	0	0	0	0	3960	-2635	3096	22757	-7723	-162	-29	968	217	-1	-1	0	-28	956	216	1606974843
-53	-50	-44	-56	0	-61	-71	-71	-75	-75	-75	-75	-75	-70	0	0	0	-90	-89	-89	0	0	-88	-88	0	0	-89	-89	-88	0	-88	-89	-90	-61	0	0	0	0	-86	0	0	0	0	0	0	0	0	-84	0	0	0	0	0	0	0	0	0	0	0	-94	0	0	0	0	0	0	0	0	0	0	0	0	0	0	0	0	0	0	0	0	0	-66	0	0	0	0	0	0	0	0	0	0	0	0	0	0	0	0	0	0	0	0	0	0	0	0	0	0	0	0	0	0	0	3960	-2650	3111	22757	-7720	-162	-29	968	220	-1	-1	-1	-28	955	217	1606974845
-53	-50	-44	-55	-67	-61	-73	-70	-75	0	-75	-75	-74	-71	0	0	0	-88	-88	-88	0	-86	-88	-89	0	0	-89	-90	-90	0	-89	-88	-90	-60	0	0	0	0	-87	0	0	-91	0	0	0	0	0	-84	0	0	0	0	0	0	0	0	0	0	0	-94	0	0	0	0	0	0	0	0	0	0	0	0	0	0	0	0	0	0	0	0	0	-66	0	0	0	0	0	0	0	0	0	0	0	0	0	0	0	0	0	0	0	0	0	0	0	0	0	0	0	0	0	0	0	3945	-2635	3111	22756	-7718	-161	-29	968	219	-1	-1	0	-28	955	217	1606974846
-53	-46	0	0	-67	-61	0	0	-76	-74	-75	-76	-75	0	0	0	0	-90	-88	-90	0	0	-90	-89	0	0	-91	-90	-89	-92	-89	-90	-89	-60	0	0	0	0	0	0	0	0	0	0	0	0	0	0	0	0	0	0	0	0	0	0	0	0	0	0	0	0	0	0	0	0	0	0	0	0	0	0	0	0	0	0	0	0	0	0	0	-65	0	0	0	0	0	0	0	0	0	0	0	0	0	0	0	0	0	0	0	0	0	0	0	0	0	0	0	0	0	0	0	3975	-2590	3021	22758	-7723	-161	-28	968	218	-1	-1	-1	-28	955	216	1606974848
-54	-47	-44	0	-69	0	0	0	-71	-74	-70	-68	-76	0	0	0	0	-81	-81	-81	0	0	-80	-81	0	0	0	-89	-88	0	-89	-89	-89	-58	0	0	0	0	-91	0	0	0	0	-86	0	0	0	-84	0	0	0	0	0	0	0	0	0	0	0	0	0	0	0	0	0	0	0	0	0	0	0	0	0	0	0	0	0	0	0	0	0	-63	0	0	0	0	0	0	0	0	0	0	0	0	0	0	0	0	0	0	0	0	0	0	0	0	0	0	0	0	0	0	0	3945	-2650	3096	22757	-7721	-161	-28	969	218	-1	-1	-1	-28	955	217	1606974850
-47	-51	-44	0	0	-61	0	-73	-76	-73	-75	-76	-75	-73	0	0	0	-88	-89	-88	0	-86	-89	-89	0	0	-88	-89	-91	0	-88	-89	-89	-60	0	0	0	0	-86	0	0	-92	0	0	0	0	0	0	0	0	0	0	0	0	0	0	0	0	0	0	0	0	0	0	0	0	0	0	0	0	0	0	0	0	0	0	0	0	0	0	0	-64	0	0	0	0	0	0	0	0	0	0	0	0	0	0	0	0	0	0	0	0	0	0	0	0	0	0	0	0	0	0	0	4005	-2635	3051	22756	-7717	-161	-28	967	219	-1	-1	-1	-28	955	217	1606974851
-53	-50	0	0	-68	-61	0	0	-71	-73	-71	-72	-76	0	0	0	0	-80	-80	-81	0	0	-81	-80	0	0	-89	-89	-89	0	-89	-88	-90	-59	0	0	0	0	-90	0	0	0	0	0	0	0	0	0	0	0	0	0	0	0	0	0	0	0	0	0	0	0	0	0	0	0	0	0	0	0	0	0	0	0	0	0	0	0	0	0	0	-70	0	0	0	0	0	0	0	0	0	0	0	0	0	0	0	0	0	0	0	0	0	0	0	0	0	0	0	0	0	0	0	4005	-2628	3096	22757	-7720	-161	-28	968	219	0	-1	0	-28	955	217	1606974853
-53	0	-44	0	0	-61	-72	-72	-75	-73	-75	-75	-74	-73	0	0	0	-89	-89	-89	0	0	-89	-87	0	0	-88	-90	-89	0	0	-90	0	-60	0	0	0	0	-86	0	0	-91	0	0	0	0	-88	-85	0	0	-89	0	0	0	0	0	0	0	0	-96	0	0	0	0	0	0	0	0	0	0	0	0	0	0	0	0	0	0	0	0	0	-65	0	0	0	0	0	0	0	0	0	0	0	0	0	0	0	0	0	0	0	0	0	0	0	0	0	0	0	0	0	0	0	3968	-2650	3111	22757	-7720	-161	-28	968	220	-1	-1	-1	-28	955	217	1606974854
-54	0	-44	0	-68	0	0	0	-68	0	-71	-68	-76	0	0	0	0	-80	-81	-81	0	0	-80	-81	0	0	-90	-89	-90	0	-89	-89	-90	-59	0	0	0	0	-90	0	0	-90	0	0	0	0	-91	0	0	0	-89	0	0	0	0	0	0	0	0	0	0	0	0	0	0	0	0	0	0	0	0	0	0	0	0	0	0	0	0	0	0	-64	0	0	0	0	0	0	0	0	0	0	0	0	0	0	0	0	0	0	0	0	0	0	0	0	0	0	0	0	0	0	0	3975	-2650	3111	22757	-7720	-161	-28	968	219	-1	-1	-1	-28	955	217	1606974856
-54	0	-44	-55	0	-60	-71	-72	-76	-72	-76	-75	-74	-72	0	0	0	-89	-89	-88	0	0	-89	-88	0	0	-89	-89	-90	0	0	-89	-89	-60	0	0	0	0	-86	0	0	0	0	0	0	0	-88	0	0	0	-88	0	0	0	0	0	0	0	0	0	0	0	0	0	0	0	0	0	0	0	0	0	0	0	0	0	0	0	0	0	0	-67	0	0	0	0	0	0	0	0	0	0	0	0	0	0	0	0	0	0	0	0	0	0	0	0	0	0	0	0	0	0	0	3975	-2575	3096	22756	-7717	-161	-28	968	219	0	-1	-1	-28	955	217	1606974857
-53	-49	-43	-57	-70	0	0	0	-77	0	-77	-76	-74	0	0	0	0	-89	-89	-89	0	0	-89	-88	0	0	-87	-91	-89	0	-90	-90	0	-61	0	0	0	0	-86	0	0	0	0	0	0	0	0	0	0	0	0	0	0	0	0	0	0	0	0	0	0	0	0	0	0	0	0	0	0	0	0	0	0	0	0	0	0	0	0	0	0	-67	0	0	0	0	0	0	0	0	0	0	0	0	0	0	0	0	0	0	0	0	0	0	0	0	0	0	0	0	0	0	0	4006	-2681	3201	22758	-7724	-161	-29	968	218	-1	-1	0	-28	956	216	1606974859
-53	0	0	-55	-67	-63	-71	-72	-66	-72	-70	-67	-77	-71	0	0	0	-82	-83	-82	0	0	-83	-83	0	0	0	-89	-89	0	0	-89	-90	-64	0	0	0	0	-90	0	0	0	0	-87	0	0	0	0	0	0	0	0	0	0	0	-87	0	0	0	0	0	0	0	0	0	0	0	0	0	0	0	0	0	0	0	0	0	0	0	0	0	-68	0	0	0	0	0	0	0	0	0	0	0	0	0	0	0	0	0	0	0	0	0	0	0	0	0	0	0	0	0	0	0	4006	-2665	3119	22757	-7719	-160	-28	969	219	-1	-1	0	-28	955	217	1606974861
-55	-50	-43	-55	-62	-65	0	0	-77	-71	-76	-76	-76	0	0	0	0	-90	-89	-89	0	0	-91	-91	0	0	-89	-89	-90	0	-90	-91	-92	-59	0	0	0	0	-86	0	0	0	0	0	0	0	0	0	0	0	0	-94	0	0	0	0	0	0	0	0	0	0	0	0	0	0	0	0	0	0	0	0	0	0	0	0	0	0	0	0	0	-62	0	0	0	0	0	0	0	0	0	0	0	0	0	0	0	0	0	0	0	0	0	0	0	0	0	0	0	0	0	0	0	3983	-2635	3104	22757	-7719	-161	-28	968	220	-1	-1	-1	-28	955	217	1606974862
-57	-50	-44	-55	-61	0	-73	-74	0	0	-68	-69	-78	-74	0	0	0	-82	-83	-82	0	0	-83	-83	0	0	-87	-90	-90	0	-90	-89	-88	-61	0	0	0	0	-89	0	0	0	0	0	0	0	0	-84	0	0	0	0	0	0	0	0	0	0	0	0	0	0	0	0	0	0	0	0	0	0	0	0	0	0	0	0	0	0	0	0	0	-63	0	0	0	0	0	0	0	0	0	0	0	0	0	0	0	0	0	0	0	0	0	0	0	0	0	0	0	0	0	0	0	3960	-2650	3051	22757	-7721	-161	-29	968	218	-1	-1	-1	-28	955	217	1606974864
-57	-47	-44	0	-61	-61	0	0	-70	-71	-68	-68	-77	0	0	0	0	-84	-83	-82	0	0	-83	-82	0	0	0	-89	-89	0	-89	-90	-89	-64	0	0	0	0	-90	0	0	0	0	0	0	0	0	0	0	0	0	0	0	0	0	0	0	0	0	0	0	0	0	0	0	0	0	0	0	0	0	0	0	0	0	0	0	0	0	0	0	0	0	0	0	0	0	0	0	0	0	0	0	0	0	0	0	0	0	0	0	0	0	0	0	0	0	0	0	0	0	0	0	3975	-2665	3096	22757	-7719	-160	-28	968	219	-1	-1	0	-28	955	217	1606974865
-53	-50	0	-53	-64	0	-74	-75	-67	-71	-66	-66	-76	-73	0	0	-87	-80	-81	-80	-86	0	-81	-80	0	-86	-88	-90	-90	0	-90	-90	-90	-58	-62	0	0	0	-89	0	0	0	0	-86	0	0	0	0	0	0	0	0	0	0	0	0	0	0	0	0	0	0	0	0	0	0	0	0	0	0	0	0	0	0	0	0	0	0	0	0	0	-64	0	0	0	0	0	0	0	0	0	0	0	0	0	0	0	0	0	0	0	0	0	0	0	0	0	0	0	0	0	0	0	3960	-2665	3081	22757	-7720	-161	-28	969	219	-1	-1	-1	-28	955	217	1606974867
-54	-50	-52	0	-63	0	0	0	-77	-73	-76	-77	-75	0	0	0	0	-87	-89	-87	0	0	-87	-87	0	0	-87	-91	-91	0	0	-91	0	-59	0	0	0	0	-85	0	0	-92	0	0	0	0	0	0	0	0	-87	-91	0	0	0	0	0	0	0	0	0	0	0	0	0	0	0	0	0	0	0	0	0	0	0	0	0	0	0	0	0	-70	0	0	0	0	0	0	0	0	0	0	0	0	0	0	0	0	0	0	0	0	0	0	0	0	0	0	0	0	0	0	0	3991	-2650	3119	22757	-7722	-161	-29	969	219	-1	-1	-1	-28	955	216	1606974868
0	0	-46	-55	-63	0	-74	-71	-75	-74	-74	-74	0	-71	0	0	0	-89	-88	-87	0	0	-88	-87	0	0	-89	-91	-90	0	-91	-91	-91	-60	0	0	0	0	-86	0	0	0	0	0	0	0	0	-83	0	0	0	0	0	0	0	0	0	0	0	0	0	0	0	0	0	0	0	0	0	0	0	0	0	0	0	0	0	0	0	0	0	-63	0	0	0	0	0	0	0	0	0	0	0	0	0	0	0	0	0	0	0	0	0	0	0	0	0	0	0	0	0	0	0	4006	-2665	3096	22757	-7720	-161	-28	968	219	-1	-1	-1	-28	955	217	1606974870
-53	-48	-46	0	0	-60	0	-72	-75	-73	-75	-75	-76	-72	0	0	0	-88	-88	-88	0	-85	-89	-88	0	0	-88	-89	-92	0	-91	-91	-92	-60	0	0	0	0	-85	0	0	0	0	0	0	0	0	0	0	0	0	0	0	0	0	0	0	0	0	-93	0	0	0	0	0	0	0	0	0	0	0	0	0	0	0	0	0	0	0	0	0	-66	0	0	0	0	0	0	0	0	0	0	0	0	0	0	0	0	0	0	0	0	0	0	0	0	0	0	0	0	0	0	0	3832	-2620	3081	22757	-7719	-161	-28	968	219	-1	-1	-1	-28	955	217	1606974871
-52	-49	-46	-55	-60	-61	-71	-70	-75	0	-75	-74	-75	-71	0	0	0	-89	-88	-88	0	0	-88	-88	0	0	-84	-89	-91	0	-88	-88	-90	-61	-63	0	0	0	-86	0	0	0	0	0	-89	0	-86	0	0	0	-88	0	0	0	0	0	0	0	0	0	0	0	0	0	0	0	0	0	0	0	0	0	0	0	0	0	0	0	0	0	0	-65	0	0	0	0	0	0	0	0	0	0	0	0	0	0	0	0	0	0	0	0	0	0	0	0	0	0	0	0	0	0	0	3983	-2635	3096	22757	-7721	-161	-28	968	218	-1	-1	0	-28	955	217	1606974873
-50	-48	-48	-56	-70	0	-69	-70	-76	0	-77	-75	-75	-69	0	0	0	-88	-88	-87	0	-85	-88	-88	0	0	-88	-89	-89	0	-89	-89	-89	-59	0	0	0	0	-86	0	0	0	0	0	0	0	0	-82	0	0	0	0	0	0	0	0	0	0	0	0	0	0	0	0	0	0	0	0	0	0	0	0	0	0	0	0	0	0	0	0	0	-63	0	0	0	0	0	0	0	0	0	0	0	0	0	0	0	0	0	0	0	0	0	0	0	0	0	0	0	0	0	0	0	4020	-2635	3089	22757	-7721	-161	-28	968	220	-1	-1	-1	-28	955	217	1606974874
0	0	-49	-55	0	-61	-73	-72	-67	0	-68	-68	-75	-73	0	-87	0	-79	-80	-80	0	0	-80	-80	0	0	-90	-90	-89	0	0	-90	-91	-60	0	0	0	0	-90	0	0	0	0	0	0	0	0	0	0	0	0	0	0	0	0	0	0	0	0	0	0	0	0	0	0	0	0	0	0	0	0	0	0	0	0	0	0	0	0	0	0	0	0	0	0	0	0	0	0	0	0	0	0	0	0	0	0	0	0	0	0	0	0	0	0	0	0	0	0	0	0	0	0	4021	-2665	3081	22757	-7720	-162	-29	967	219	-1	-1	-1	-28	955	217	1606974876
-51	-46	-42	0	-63	0	0	0	-71	0	-69	-72	-77	0	0	0	0	-79	-78	-80	0	0	-79	-79	0	0	-89	-88	-89	0	-89	-89	-90	-59	0	0	0	0	-92	0	0	0	0	0	0	0	-87	0	0	0	-90	0	0	0	0	0	0	0	0	0	0	0	0	0	0	0	0	0	0	0	0	0	0	0	0	0	0	0	0	0	0	-61	0	0	0	0	0	0	0	0	0	0	0	0	0	0	0	0	0	0	0	0	0	0	0	0	0	0	0	0	0	0	0	3976	-2688	3096	22756	-7717	-162	-28	968	219	-1	-1	-1	-28	955	217	1606974878
-55	-48	-45	-56	-67	0	0	0	-76	-72	-77	-77	-75	0	0	0	-86	-90	-90	-90	-87	0	-89	-90	0	0	-91	-90	-88	0	-90	-89	-89	-57	0	0	0	0	-85	0	0	0	0	-88	0	0	-86	-86	0	0	-88	0	0	0	0	0	0	0	0	0	0	0	0	0	0	0	0	0	0	0	0	0	0	0	0	0	0	0	0	0	0	-61	0	0	0	0	0	0	0	0	0	0	0	0	0	0	0	0	0	0	0	0	0	0	0	0	0	0	0	0	0	0	0	4005	-2635	3096	22757	-7721	-161	-28	968	219	-1	-1	-1	-28	955	217	1606974879
-56	-47	-44	-56	0	-59	-74	-73	-76	-71	-75	-75	-75	-73	0	0	0	-90	-90	-89	0	0	-88	-89	0	0	-92	-89	-90	0	-89	-88	-89	-58	0	0	0	0	-87	0	0	0	0	0	0	0	0	-83	0	0	0	0	0	0	0	0	0	0	0	-93	0	0	0	0	0	0	0	0	0	0	0	0	0	0	0	0	0	0	0	0	0	0	0	0	0	0	0	0	0	0	0	0	0	0	0	0	0	0	0	0	0	0	0	0	0	0	0	0	0	0	0	0	0	3960	-2635	3111	22756	-7718	-161	-29	968	219	-1	-1	0	-28	955	217	1606974881
0	-45	-45	-53	0	0	-71	-71	-71	-72	-69	-71	-76	-71	0	0	0	-79	-79	-80	0	0	-79	-79	0	0	0	-89	-89	0	-90	-89	-89	-60	-61	0	0	0	-91	0	0	0	0	-83	0	0	0	0	0	0	0	0	0	0	0	0	0	0	0	0	0	0	0	0	0	0	0	0	0	0	0	0	0	0	0	0	0	0	0	0	0	-64	0	0	0	0	0	0	0	0	0	0	0	0	0	0	0	0	0	0	0	0	0	0	0	0	0	0	0	0	0	0	0	3930	-2665	3111	22757	-7719	-162	-29	968	219	-1	0	0	-28	955	217	1606974882
-56	-48	-45	-56	-62	-61	-68	-71	-74	0	-74	-76	-75	-70	0	0	0	-89	-88	-88	0	0	-87	-88	0	0	0	-89	-90	0	-90	-90	-90	-58	0	0	0	0	-86	0	0	0	0	0	0	-88	-89	-84	0	0	-87	0	0	0	0	0	0	0	0	0	0	0	0	0	0	0	0	0	0	0	0	0	0	0	0	0	0	0	0	0	0	-63	0	0	0	0	0	0	0	0	0	0	0	0	0	0	0	0	0	0	0	0	0	0	0	0	0	0	0	0	0	0	0	4005	-2635	3111	22757	-7720	-162	-28	968	219	0	-1	0	-28	955	217	1606974884
-56	-47	-45	-53	-58	0	-69	-68	-74	-73	-76	-75	-75	-68	0	0	0	-88	-87	-88	0	0	-88	-88	0	0	-89	-89	-90	0	0	-90	-90	-58	0	0	0	0	-86	0	0	0	0	0	0	0	-87	-82	0	0	0	0	0	0	0	0	0	0	0	-93	0	0	0	0	0	0	0	0	0	0	0	0	0	0	0	0	0	0	0	0	0	-61	0	0	0	0	0	0	0	0	0	0	0	0	0	0	0	0	0	0	0	0	0	0	0	0	0	0	0	0	0	0	0	3915	-2650	3096	22756	-7718	-161	-29	968	220	-1	-1	-1	-28	955	217	1606974886
-53	-47	-52	-53	-62	-61	-70	-69	-75	-73	-75	-76	-75	-66	0	0	0	-88	-89	-89	0	0	-89	-90	0	0	-88	-90	-89	0	-89	-90	-91	-60	0	0	0	0	-85	0	0	0	0	-86	0	0	0	0	0	0	-87	0	0	0	0	0	0	0	0	0	0	0	0	0	0	0	0	0	0	0	0	0	0	0	0	0	0	0	0	0	0	-63	0	0	0	0	0	0	0	0	0	0	0	0	0	0	0	0	0	0	0	0	0	0	0	0	0	0	0	0	0	0	0	4005	-2665	3037	22757	-7719	-161	-28	968	219	-1	-1	-1	-28	955	217	1606974887
-55	-47	-46	-54	0	0	-72	-68	-76	0	-75	-75	-75	-71	0	0	0	-88	-89	-89	0	-87	-88	-89	0	0	-90	-90	-89	0	-90	-91	-91	-60	0	0	0	0	-86	0	0	0	0	0	0	0	-89	-85	0	0	-89	0	0	0	0	0	0	0	0	-94	0	0	0	0	0	0	0	0	0	0	0	0	0	0	0	0	0	0	0	0	0	-71	0	0	0	0	0	0	0	0	0	0	0	0	0	0	0	0	0	0	0	0	0	0	0	0	0	0	0	0	0	0	0	3975	-2665	3104	22757	-7720	-161	-29	968	219	-1	-1	-1	-28	955	217	1606974889
-60	-50	-50	-57	-68	-62	-70	-70	-76	-70	-75	-75	-74	-67	0	0	0	-89	-90	-90	0	0	-90	-89	0	0	-91	-90	-90	0	-90	-89	-90	-60	0	0	0	0	-86	0	0	0	0	0	0	0	-87	-83	0	0	-87	-91	0	0	0	0	0	0	0	-93	0	0	0	0	0	0	0	0	0	0	0	0	0	0	0	0	0	0	0	0	0	0	0	0	0	0	0	0	0	0	0	0	0	0	0	0	0	0	0	0	0	0	0	0	0	0	0	0	0	0	0	0	0	3975	-2620	3111	22757	-7719	-161	-28	968	219	-1	-1	-1	-28	955	217	1606974890
-56	-49	-48	-57	0	-60	-68	-67	-74	-71	-75	-74	-74	-70	0	0	0	-88	-88	-89	0	0	-89	-89	0	0	-88	-90	-91	0	0	-91	0	-60	0	0	0	0	-87	0	0	0	0	0	0	0	0	0	0	0	0	0	0	0	0	0	0	0	0	0	0	0	0	0	0	0	0	0	0	0	0	0	0	0	0	0	0	0	0	0	0	-64	0	0	0	0	0	0	0	0	0	0	0	0	0	0	0	0	0	0	0	0	0	0	0	0	0	0	0	0	0	0	0	3991	-2741	3112	22757	-7718	-161	-29	968	219	-1	-1	-1	-28	955	217	1606974892
-55	-47	-46	-54	0	0	-70	-69	-75	-72	-75	-76	-75	-71	0	0	0	-90	-90	-88	0	0	-88	-89	0	0	0	-91	-92	0	0	-91	0	-60	0	0	0	0	-87	0	0	-92	0	0	0	0	0	0	0	0	0	0	0	0	0	0	0	0	0	-93	0	0	0	0	0	0	0	0	0	0	0	0	0	0	0	0	0	0	0	0	0	0	0	0	0	0	0	0	0	0	0	0	0	0	0	0	0	0	0	0	0	0	0	0	0	0	0	0	0	0	0	0	0	3960	-2650	3104	22757	-7722	-162	-29	968	220	-1	-1	-1	-28	955	217	1606974893
-53	-46	-48	-51	-63	-62	-69	-70	-76	-70	-76	-77	-75	-66	0	-88	0	-89	-88	-89	0	-85	-88	-89	0	0	-89	-89	-89	0	-89	-92	-90	-58	0	0	0	0	-87	0	0	0	0	0	-88	-88	-87	-82	0	0	-88	0	0	0	0	0	0	0	0	0	0	0	0	0	0	0	0	0	0	0	0	0	0	0	0	0	0	0	0	0	0	-66	0	0	0	0	0	0	0	0	0	0	0	0	0	0	0	0	0	0	0	0	0	0	0	0	0	0	0	0	0	0	0	3991	-2650	3141	22756	-7716	-161	-28	968	219	-1	-1	-1	-28	955	217	1606974895
-56	0	0	-54	0	0	-71	-71	-68	0	-69	-67	-76	-71	0	0	0	-79	-80	-79	0	0	-79	-80	0	0	-80	-90	-89	0	-89	-90	-89	-59	0	0	0	0	-90	0	0	0	0	0	0	0	0	0	0	0	0	0	0	0	0	0	0	0	0	0	0	0	0	0	0	0	0	0	0	0	0	0	0	0	0	0	0	0	0	0	0	-64	0	0	0	0	0	0	0	0	0	0	0	0	0	0	0	0	0	0	0	0	0	0	0	0	0	0	0	0	0	0	0	3960	-2635	3081	22756	-7718	-161	-28	969	220	0	-1	-1	-28	955	217	1606974897
-54	-45	-54	-53	-66	-62	-69	-68	-76	-75	-76	-77	-73	-69	0	0	0	-89	-90	-88	0	0	-89	-88	0	0	-90	-91	-90	0	0	-90	-91	-61	0	0	0	0	-84	0	0	0	0	0	0	0	0	0	0	0	0	0	0	0	0	0	0	0	0	-92	0	0	0	0	0	0	0	-92	0	0	0	0	0	0	0	0	0	0	0	0	0	0	0	0	0	0	0	0	0	0	0	0	0	0	0	0	0	0	0	0	0	0	0	0	0	0	0	0	0	0	0	0	0	3945	-2650	3081	22757	-7720	-160	-28	968	219	-1	-1	-1	-28	955	217	1606974898
-56	-47	-48	-52	-60	-60	-70	-70	-66	-71	-66	-68	-76	-70	0	0	0	-79	-79	-80	0	0	-80	-79	0	0	0	-91	-91	0	-90	-90	-90	-61	0	0	0	0	-88	0	0	0	0	0	0	0	0	-82	0	0	0	0	0	0	0	0	0	0	0	0	0	0	0	0	0	0	0	0	0	0	0	0	0	0	0	0	0	0	0	0	0	-60	0	0	0	0	0	0	0	0	0	0	0	0	0	0	0	0	0	0	0	0	0	0	0	0	0	0	0	0	0	0	0	4006	-2665	3096	22757	-7718	-161	-28	967	219	-1	-1	-1	-28	955	217	1606974900
0	-47	-51	-53	-60	-62	-71	-69	-75	-75	-75	-76	-74	-69	0	0	0	-89	-88	-89	0	0	-90	-87	0	0	-93	-90	-91	0	-90	-91	-91	-60	0	0	0	0	-87	0	0	0	0	0	0	0	0	0	0	0	0	0	0	0	0	0	0	0	0	-95	0	0	0	0	0	0	0	0	0	0	0	0	0	0	0	0	0	0	0	0	0	-60	0	0	0	0	0	0	0	0	0	0	0	0	0	0	0	0	0	0	0	0	0	0	0	0	0	0	0	0	0	0	0	4006	-2650	3104	22757	-7720	-160	-28	969	219	-1	-1	-1	-28	955	217	1606974902
-55	-47	-48	-55	0	-60	-70	-68	-76	-73	-76	-76	-74	-68	0	0	0	-91	-89	-89	0	0	-89	-90	0	0	0	-91	-91	0	0	-91	-91	-62	0	0	0	0	-85	0	0	0	0	-86	0	0	0	-83	0	0	0	0	0	0	0	0	0	0	0	0	0	0	0	0	0	0	0	0	0	0	0	0	0	0	0	0	0	0	0	0	0	-63	0	0	0	0	0	0	0	0	0	0	0	0	0	0	0	0	0	0	0	0	0	0	0	0	0	0	0	0	0	0	0	4006	-2650	3089	22758	-7722	-161	-28	968	219	-1	0	-1	-28	955	216	1606974903
-55	-47	-48	-54	0	0	-70	0	-65	0	-66	-66	-75	0	0	0	0	-79	-79	-79	0	-87	-79	-79	0	0	-91	-92	-90	0	-90	-89	-91	-60	0	0	0	0	-90	0	0	0	0	0	0	0	0	0	0	0	0	0	0	0	0	0	0	0	0	0	0	0	0	0	0	0	0	0	0	0	0	0	0	0	0	0	0	0	0	0	0	-61	0	0	0	0	0	0	0	0	0	0	0	0	0	0	0	0	0	0	0	0	0	0	0	0	0	0	0	0	0	0	0	3975	-2635	3096	22757	-7720	-161	-29	968	219	-1	0	0	-28	955	217	1606974905
-53	-47	-48	-52	0	-62	-64	-70	-69	-74	-65	-68	-76	-69	0	0	0	-78	-78	-79	0	0	-79	-79	0	0	-87	-92	-90	0	-90	-90	-91	-63	0	0	0	0	-91	0	0	-91	0	0	0	0	0	0	0	0	0	0	0	0	0	0	0	0	0	0	0	0	0	0	0	0	0	0	0	0	0	0	0	0	0	0	0	0	0	0	0	0	0	0	0	0	0	0	0	0	0	0	0	0	0	0	0	0	0	0	0	0	0	0	0	0	0	0	0	0	0	0	0	3975	-2605	3051	22756	-7718	-161	-28	968	219	0	0	-1	-28	955	217	1606974906
-55	-45	-49	-54	0	-62	-67	-67	-76	-75	-75	-76	-74	-72	0	0	0	-89	-89	-89	0	0	-90	-89	0	0	0	-92	-90	0	-92	-91	-91	-60	0	0	0	0	-88	0	0	0	0	0	0	0	0	0	0	0	0	0	0	0	0	0	0	0	0	0	0	0	0	0	0	0	0	0	0	0	0	0	0	0	0	0	0	0	0	0	0	-61	0	0	0	0	0	0	0	0	0	0	0	0	0	0	0	0	0	0	0	0	0	0	0	0	0	0	0	0	0	0	0	3990	-2598	3186	22758	-7723	-161	-29	968	218	0	0	-1	-28	956	216	1606974908
-59	-45	-48	-56	0	-62	-69	-66	-76	-74	-75	-75	-75	-69	0	0	0	-91	-89	-89	0	0	-89	-89	0	0	-91	-91	-90	0	0	-90	-90	-59	0	0	0	0	-85	0	0	0	0	0	0	0	0	0	0	0	0	0	0	0	0	0	0	0	0	-96	0	0	0	0	0	0	0	0	0	0	0	0	0	0	0	0	0	0	0	0	0	-62	0	0	0	0	0	0	0	0	0	0	0	0	0	0	0	0	0	0	0	0	0	0	0	0	0	0	0	0	0	0	0	4005	-2635	3089	22756	-7718	-161	-28	968	220	-1	-1	-1	-28	955	217	1606974910
-57	-43	0	-56	-66	-62	-67	-66	-75	-75	-76	-76	-76	-70	0	0	0	-91	-88	-89	0	0	-87	-89	0	0	-91	-90	-90	0	-90	-90	-91	-58	0	0	0	0	-86	0	0	0	0	0	0	0	0	0	0	0	0	0	0	0	0	0	0	0	0	0	0	0	0	0	0	0	0	0	0	0	0	0	0	0	0	0	0	0	0	0	0	0	0	0	0	0	0	0	0	0	0	0	0	0	0	0	0	0	0	0	0	0	0	0	0	0	0	0	0	0	0	0	0	4006	-2605	3148	22757	-7720	-161	-28	968	218	0	-1	-1	-28	955	217	1606974911
0	-45	-51	0	-64	0	0	0	-68	0	-68	-67	-76	0	0	0	0	-79	-79	-80	0	0	-80	-79	0	-89	-88	-93	-90	0	-91	-91	-90	-61	0	0	0	0	-90	0	0	0	0	0	0	0	0	0	0	0	0	0	0	0	0	0	0	0	0	0	0	0	0	0	0	0	0	0	0	0	0	0	0	0	0	0	0	0	0	0	0	-66	0	0	0	0	0	0	0	0	0	0	0	0	0	0	0	0	0	0	0	0	0	0	0	0	0	0	0	0	0	0	0	3960	-2635	3118	22758	-7723	-161	-28	968	219	0	0	-1	-28	956	216	1606974913
0	0	-49	-56	-64	0	0	-67	-76	0	-75	-75	-74	-71	0	-86	0	-90	-89	-90	0	0	-89	-89	0	0	-91	-91	-92	0	0	-91	-90	-60	0	0	0	0	-85	0	0	0	0	0	0	0	0	0	0	0	0	0	0	0	0	0	0	0	0	-94	0	0	0	0	0	0	0	0	0	0	0	0	0	0	0	0	0	0	0	0	0	-63	0	0	0	0	0	0	0	0	0	0	0	0	0	0	0	0	0	0	0	0	0	0	0	0	0	0	0	0	0	0	0	3961	-2665	3126	22757	-7721	-163	-28	967	219	0	0	-1	-28	955	217	1606974914
-63	-48	-53	-53	-63	-61	-68	-68	-66	0	-68	-67	-76	-69	0	0	0	-78	-79	-79	0	0	-80	-79	0	0	-89	-92	-90	0	-92	-90	-91	-59	0	0	0	0	-89	0	0	0	0	0	0	0	0	0	0	0	0	0	0	0	0	0	0	0	0	0	0	0	0	0	0	0	0	0	0	0	0	0	0	0	0	0	0	0	0	0	0	-65	0	0	0	0	0	0	0	0	0	0	0	0	0	0	0	0	0	0	0	0	0	0	0	0	0	0	0	0	0	0	0	3960	-2598	3096	22757	-7720	-162	-28	968	218	-1	-1	-1	-28	955	217	1606974916
-61	-51	-48	0	0	-62	0	0	-76	-63	-75	-77	-74	-67	0	-87	0	-90	-89	-89	0	0	-89	-90	0	0	-87	-89	0	0	0	0	0	-61	0	0	0	0	0	0	0	-92	0	0	0	0	0	0	0	0	0	0	0	0	0	0	0	0	0	0	0	0	0	0	0	0	0	0	0	0	0	0	0	0	0	0	0	0	0	0	0	-60	0	0	0	0	0	0	0	0	0	0	0	0	0	0	0	0	0	0	0	0	0	0	0	0	0	0	0	0	0	0	0	3991	-2650	3081	22758	-7724	-162	-29	968	219	0	0	-1	-28	956	216	1606974917
-53	-45	-51	-57	-59	-60	-70	-69	-75	0	-75	-75	-73	-69	0	0	0	-89	-90	-88	0	0	-89	-89	0	0	-91	-91	0	0	0	0	0	-60	0	0	0	0	-87	0	0	0	0	0	0	0	-87	0	0	0	-87	0	0	0	0	0	0	0	0	0	0	0	0	0	0	0	0	0	0	0	0	0	0	0	0	0	0	0	0	0	0	0	0	0	0	0	0	0	0	0	0	0	0	0	0	0	0	0	0	0	0	0	0	0	0	0	0	0	0	0	0	0	0	4006	-2666	3141	22756	-7718	-161	-28	968	220	0	-1	-1	-28	955	217	1606974919
-55	-48	-48	0	-67	-61	0	-69	-67	0	-67	-68	-75	0	0	0	0	-80	-81	-80	0	0	-80	-81	0	-87	-86	-90	-90	0	0	-90	0	-60	-63	0	0	0	-88	0	0	0	0	0	0	0	0	0	0	0	0	0	0	0	0	0	0	0	0	0	0	0	0	0	0	0	0	-90	0	0	0	0	0	0	0	0	0	0	0	0	0	-69	0	0	0	0	0	0	0	0	0	0	0	0	0	0	0	0	0	0	0	0	0	0	0	0	0	0	0	0	0	0	0	3975	-2665	3104	22756	-7718	-161	-28	968	219	-1	-1	-1	-28	955	217	1606974920
-56	-48	-52	-56	-66	-62	-68	-68	-74	-73	-75	-75	-75	-67	0	-91	0	-89	-88	-89	0	0	-89	-89	0	0	-89	-91	-92	0	0	-91	0	-60	0	0	0	0	-86	0	0	0	0	0	-86	0	-85	0	0	0	0	0	0	0	0	0	0	0	0	0	0	0	0	0	0	0	0	0	0	0	0	0	0	0	0	0	0	0	0	0	0	-61	0	0	0	0	0	0	0	0	0	0	0	0	0	0	0	0	0	0	-90	0	0	0	0	0	0	0	0	0	0	0	0	3975	-2650	3111	22758	-7722	-161	-28	969	218	-1	-1	-1	-28	955	216	1606974922
-53	-45	-56	-58	-65	0	-69	0	-68	-71	-68	-67	-77	0	0	0	0	-79	-80	-79	0	0	-79	-79	0	0	-90	-91	-91	0	0	-90	0	-59	0	0	0	0	-89	0	0	0	0	0	0	0	0	-84	0	0	0	0	0	0	0	0	0	0	0	0	0	0	0	0	0	0	0	0	0	0	0	0	0	0	0	0	0	0	0	0	0	-66	0	0	0	0	0	0	0	0	0	0	0	0	0	0	0	0	0	0	0	0	0	0	0	0	0	0	0	0	0	0	0	3945	-2590	3081	22757	-7721	-161	-28	968	219	-1	0	-1	-28	955	217	1606974923
0	-44	-48	-57	-62	0	-68	-66	-75	-76	-76	-76	-73	-67	0	0	-86	-92	-90	-90	0	0	-90	-89	0	-87	0	-90	-90	0	0	-89	0	-61	0	0	0	0	-86	0	0	0	0	-86	0	0	0	0	0	0	-90	0	0	0	0	0	0	0	0	0	0	0	0	0	0	0	0	0	0	0	0	0	0	0	0	0	0	0	0	0	0	-59	0	0	0	0	0	0	0	0	0	0	0	0	0	0	0	0	0	0	-89	0	0	0	0	0	0	0	0	0	0	0	0	3975	-2605	3111	22757	-7720	-161	-29	968	219	-1	0	-1	-28	955	217	1606974925
-60	-48	-49	-58	-62	0	-70	-69	-75	0	0	-76	-74	-66	0	-86	-87	-92	-91	-89	0	0	-90	-90	0	0	0	-91	-92	0	0	-91	0	-60	0	0	0	0	-85	0	0	0	0	0	0	0	0	-85	0	0	0	0	0	0	0	0	0	0	0	-94	0	0	0	0	0	0	0	0	0	0	0	0	0	0	0	0	0	0	0	0	0	-65	0	0	0	0	0	0	0	0	0	0	0	0	0	0	0	0	0	0	0	0	0	0	0	0	0	0	0	0	0	0	0	4005	-2620	3111	22757	-7721	-161	-29	968	219	0	-1	-1	-28	955	217	1606974927
-54	-45	-48	-56	-69	-59	-71	-71	-74	0	-74	-75	-74	-70	0	0	0	-89	-90	-90	0	-88	-90	-90	0	0	-87	-92	-92	0	0	-92	-90	-60	-64	0	0	0	-85	0	0	-89	0	0	0	0	0	0	0	0	0	0	0	0	0	0	0	0	0	0	0	0	0	0	0	0	0	0	0	0	0	0	0	0	0	0	0	0	0	0	0	-61	0	0	0	0	0	0	0	0	0	0	0	0	0	0	0	0	0	0	0	0	0	0	0	0	0	0	0	0	0	0	0	4005	-2635	3111	22757	-7719	-161	-29	968	219	-1	-1	-1	-28	955	217	1606974928
-52	-49	-50	-55	0	0	-66	-66	-67	0	-67	-68	-76	-67	0	0	0	-79	-79	-80	-86	0	-79	-78	0	-87	-89	-92	-91	0	0	-92	-91	-61	0	0	0	0	0	0	0	0	0	0	0	0	0	-85	0	0	0	0	0	0	0	0	0	0	0	0	0	0	0	0	0	0	0	0	0	0	0	0	0	0	0	0	0	0	0	0	0	-62	0	0	0	0	0	0	0	0	0	0	0	0	0	0	0	0	0	0	0	0	0	0	0	0	0	0	0	0	0	0	0	4005	-2605	3096	22756	-7718	-161	-28	968	219	-1	-1	-1	-28	955	217	1606974930
0	-47	0	-54	-63	0	-70	-70	-76	-75	-74	-74	-74	-70	0	0	0	-90	-90	-89	0	0	-88	-89	0	0	-88	-91	-90	0	0	-90	-91	-59	0	0	0	0	-86	0	0	0	0	-87	0	0	0	0	0	0	0	0	0	0	0	0	0	0	0	-95	0	0	0	0	0	0	0	0	0	0	0	0	0	0	0	0	0	0	0	0	0	-63	0	0	0	0	0	0	0	0	0	0	0	0	0	0	0	0	0	0	0	0	0	0	0	0	0	0	0	0	0	0	0	3975	-2635	3081	22757	-7720	-161	-28	968	219	-1	-1	-1	-28	955	217	1606974931
-56	-48	-44	-54	-63	0	0	-69	-75	0	-75	-74	-75	0	0	-88	0	-88	-89	-87	0	0	-88	-88	0	0	-88	-90	-90	0	0	-93	0	-57	0	0	0	0	-85	0	0	0	0	0	0	0	0	0	0	0	-91	0	0	0	0	0	0	0	0	0	0	0	0	0	0	0	0	0	0	0	0	0	0	0	0	0	0	0	0	0	0	-67	0	0	0	0	0	0	0	0	0	0	0	0	0	0	0	0	0	0	0	0	0	0	0	0	0	0	0	0	0	0	0	3900	-2665	3111	22756	-7717	-161	-29	968	219	-1	-1	-1	-28	955	217	1606974933
-53	-47	-54	-52	-65	-61	-74	-74	-75	-77	-75	-75	-75	-74	0	0	0	-89	-89	-89	0	-85	-89	-87	0	0	0	-90	-91	0	0	-90	-90	-59	0	0	0	0	-84	0	0	0	0	-87	0	0	0	-83	0	0	0	0	0	0	0	0	0	0	0	0	0	0	0	0	0	0	0	0	0	0	0	0	0	0	0	0	0	0	0	0	0	-74	0	0	0	0	0	0	0	0	0	0	0	0	0	0	0	0	0	0	0	0	0	0	0	0	0	0	0	0	0	0	0	4013	-2665	3111	22756	-7718	-161	-28	967	219	0	-1	-1	-28	955	217	1606974934
-54	-46	0	-52	-58	0	-69	-72	-76	-76	-76	-75	-76	-72	0	0	-86	-86	-87	-87	-88	-89	-88	-89	0	-86	-89	-91	-92	0	0	-91	0	-57	0	0	0	0	-86	0	0	0	0	-83	0	0	0	0	0	0	0	0	0	0	0	0	0	0	0	-95	0	0	0	0	0	0	0	0	0	0	0	0	0	0	0	0	0	0	0	0	0	-67	0	0	0	0	0	0	0	0	0	0	0	0	0	0	0	0	0	0	0	0	0	0	0	0	0	0	0	0	0	0	0	4005	-2605	3111	22757	-7719	-161	-28	968	219	0	-1	0	-28	955	217	1606974936
-53	-48	-56	-52	-60	0	-73	-73	-77	0	-75	-77	-74	-73	0	0	0	-90	-89	-89	0	0	-89	-89	0	0	-89	-92	-92	0	0	-93	0	-58	0	0	0	0	-86	0	0	0	0	0	0	0	0	0	0	-86	0	0	-86	0	0	0	0	0	0	0	0	0	0	0	0	0	0	0	0	0	0	0	0	0	0	0	0	0	0	0	0	-66	0	0	0	0	0	0	0	0	0	0	0	0	0	0	0	0	0	0	0	0	0	0	0	0	0	0	0	0	0	0	0	4051	-2651	3096	22758	-7722	-161	-29	968	219	-1	0	0	-28	955	216	1606974938
-54	-47	-53	-54	-63	-60	-71	0	-66	0	-68	-69	-75	-73	0	0	0	-82	-82	-81	0	0	-81	-82	0	0	0	-91	-91	0	0	0	0	-58	0	0	0	0	-90	0	0	0	0	0	0	0	0	0	0	0	0	0	0	0	0	0	0	0	0	0	0	0	0	0	0	0	0	-90	0	0	0	0	0	0	0	0	0	0	0	0	0	0	0	0	0	0	0	0	0	0	0	0	0	0	0	0	0	0	0	0	0	0	0	0	0	0	0	0	0	0	0	0	0	4013	-2680	3082	22757	-7719	-161	-29	968	219	-1	0	-1	-28	955	217	1606974939
-55	-46	-53	0	-59	0	0	0	-68	-76	-67	-68	-76	0	0	0	0	-79	-80	-80	0	0	-79	-80	0	0	-91	-90	-91	0	0	0	0	-61	0	0	0	0	-89	0	0	0	0	0	0	0	0	0	0	-86	0	0	0	0	0	0	0	0	0	0	0	0	0	0	0	0	0	0	0	0	0	0	0	0	0	0	0	0	0	0	0	-66	0	0	0	0	0	0	0	0	0	0	0	0	0	0	0	0	0	0	0	0	0	0	0	0	0	0	0	0	0	0	0	3945	-2650	3119	22756	-7718	-162	-28	968	219	-1	-1	-1	-28	955	217	1606974941
0	-47	-48	-53	0	0	-71	-72	-75	-73	-74	-75	-75	-69	0	0	0	-87	-89	-89	0	-84	-89	-88	0	0	0	-89	-91	0	0	-93	0	-61	0	0	0	0	-88	0	0	0	0	-86	0	0	0	0	0	0	0	0	0	0	0	0	0	-89	0	0	0	0	0	0	0	0	0	0	0	0	0	0	0	0	0	0	0	0	0	0	0	-67	0	0	0	0	0	0	0	0	0	0	0	0	0	0	0	0	0	0	0	0	0	0	0	0	0	0	0	0	0	0	0	3975	-2650	3111	22757	-7721	-161	-28	969	219	-1	-1	-1	-28	955	217	1606974942
0	-49	-46	-56	-62	-60	-66	-65	-78	-75	-77	-79	-75	-66	0	0	0	-89	-88	-89	0	-85	-88	-87	0	0	0	-92	-90	0	0	-90	-90	-60	0	0	0	0	-87	0	0	0	0	-87	0	0	-87	-82	0	0	-88	0	0	0	0	0	0	0	0	0	0	0	0	0	0	0	0	0	0	0	0	0	0	0	0	0	0	0	0	0	0	0	0	0	0	0	0	0	0	0	0	0	0	0	0	0	0	0	0	0	0	0	0	0	0	0	0	0	0	0	0	0	0	4006	-2650	3089	22756	-7717	-162	-29	968	220	-1	-1	-1	-28	955	217	1606974944
-50	-46	-48	-51	-56	-61	-69	-69	-77	0	-76	-76	-76	-66	0	-86	0	-88	-88	-89	0	0	-88	-88	0	0	-85	-90	-89	0	-89	-91	-89	-59	0	0	0	0	-87	0	0	0	0	0	0	0	0	0	0	0	0	0	0	0	0	0	0	0	0	0	0	0	0	0	0	0	0	0	0	0	0	0	0	0	0	0	0	0	0	0	0	-63	0	0	0	0	0	0	0	0	0	0	0	0	0	0	0	0	0	0	0	0	0	0	0	0	0	0	0	0	0	0	0	3960	-2635	3081	22738	-7706	-220	-16	970	228	0	0	-1	-38	955	219	1606974945
