-47	-51	-53	-55	-57	0	-66	-66	-70	-76	-72	-71	-76	-71	0	0	-81	-83	-82	-82	-78	-80	-82	-83	-78	-79	-83	-90	-89	0	-89	-90	-90	-61	-64	0	0	0	-85	0	0	-92	0	0	0	0	0	0	0	0	0	0	0	-89	0	0	-89	0	0	0	0	-88	0	0	0	0	0	0	0	0	0	0	0	0	0	0	0	0	0	0	0	-60	0	0	0	0	0	0	0	0	0	0	0	0	0	0	0	0	0	0	0	0	0	0	0	0	0	0	0	0	0	0	0	0	0	0	0	0	0	0	0	0	0	0	0	0	3990	-2679	2768	22990	-7751	-295	-54	969	214	0	0	-1	-51	956	211	1606974583
-49	-47	-40	-59	-60	0	-70	-65	-72	-78	-70	-73	-76	-69	0	0	0	-84	-84	-84	0	-87	-83	-84	0	0	-89	-91	-91	0	0	-91	0	-65	0	0	0	0	-91	0	0	0	0	0	0	0	0	0	0	0	0	0	0	0	0	0	0	0	0	0	0	0	0	0	0	0	0	0	0	0	0	0	0	0	0	0	0	0	0	0	0	0	0	0	0	0	0	0	0	0	0	0	0	0	0	0	0	0	0	0	0	0	0	0	0	0	0	0	0	0	0	0	0	0	0	0	0	0	0	0	0	0	0	-90	0	0	4005	-2724	2738	22989	-7751	-296	-51	970	215	0	0	0	-51	956	211	1606974585
-48	-42	-35	-57	-59	0	0	-70	-72	-72	-72	-73	-77	-71	0	0	0	-84	-83	-84	0	0	-84	-84	0	0	0	-88	-90	0	-88	-88	-90	-60	0	0	0	0	-91	0	0	0	0	-88	0	0	0	0	0	0	0	0	0	0	0	0	0	0	0	0	0	0	0	0	0	0	0	0	0	0	0	0	0	0	0	0	0	0	0	0	0	-55	0	0	0	0	0	0	0	0	0	0	0	0	0	0	0	0	0	0	0	0	0	0	0	0	0	0	0	0	0	0	0	0	0	0	0	0	0	0	0	0	0	0	0	0	4005	-2724	2813	22992	-7742	-295	-52	970	217	-1	-1	0	-51	955	213	1606974586
-46	-41	-35	-64	-59	-59	0	0	-60	-70	-60	-59	-70	-69	0	0	-80	-83	-84	-84	-80	-80	-84	-84	-80	-81	-82	-89	-89	0	-89	-89	-90	-55	0	0	0	0	-90	0	0	-88	0	0	0	0	0	0	0	0	0	0	0	0	0	0	0	0	0	0	0	0	0	0	0	0	0	0	-96	0	0	0	0	0	0	0	0	0	0	0	0	-60	0	0	0	0	0	0	0	0	0	0	0	0	0	0	0	0	0	0	0	0	0	0	0	0	0	0	0	0	0	0	0	0	0	0	0	0	0	0	0	0	0	0	0	0	4005	-2679	2753	22993	-7746	-296	-52	970	214	-1	-1	0	-51	955	212	1606974588
-51	-43	-35	0	-60	-63	0	0	-70	0	-72	-70	-76	0	0	-86	0	-83	-83	-83	0	-82	-84	-84	0	0	-85	-88	-88	0	-89	-89	-89	-61	0	0	0	0	-84	0	0	-91	0	0	0	0	0	0	0	-85	0	0	0	0	0	0	0	0	0	0	0	0	0	0	0	0	0	0	0	0	0	0	0	0	0	0	0	0	0	0	0	-48	0	0	0	0	0	0	0	0	0	0	0	0	0	0	0	0	0	0	0	0	0	0	0	0	0	0	0	0	0	0	0	0	0	0	0	0	0	0	0	0	0	0	0	0	4005	-2687	2768	22991	-7740	-296	-52	970	217	-1	-1	-1	-51	955	213	1606974589
-50	-43	-35	-63	-55	-63	0	-70	-70	-72	-70	-73	-73	-71	0	-83	0	-84	-84	-84	0	-78	-83	-84	0	0	-83	-91	-90	0	-89	-89	-90	-60	0	0	0	0	-91	0	0	0	0	0	0	0	0	0	0	0	0	0	0	0	0	0	0	0	0	0	0	0	0	0	0	0	0	0	0	0	0	0	0	0	0	0	0	0	0	0	0	-49	0	0	0	0	0	0	0	0	0	0	0	0	0	0	0	0	0	0	0	0	0	0	0	0	0	0	0	0	0	0	0	0	0	0	0	0	0	0	0	0	0	-87	0	0	4050	-2724	2768	22992	-7741	-296	-51	970	216	-1	0	-1	-51	955	213	1606974591
-51	-40	-35	-61	-53	-62	0	0	-73	-78	-72	-73	-76	0	0	-85	-79	-83	-83	-82	0	-77	-83	-83	-78	0	-84	-91	-91	0	-90	-90	-91	-62	0	0	0	0	-85	0	0	0	0	0	-88	-86	-87	0	0	0	0	0	-85	0	0	0	0	0	0	0	0	0	0	0	0	0	0	0	0	0	0	0	0	0	0	0	0	0	0	0	0	-58	0	0	0	0	0	0	0	0	0	0	0	0	0	0	0	0	0	0	0	0	0	0	0	0	0	0	0	0	0	0	0	0	0	0	0	0	0	0	0	0	0	-86	0	0	4005	-2724	2738	22992	-7741	-296	-52	969	216	0	-1	-1	-51	955	213	1606974592
-49	-43	-36	-64	0	-63	0	-70	-77	-77	-76	-76	-79	-72	0	0	-77	-85	-84	-85	-78	-79	-86	-85	-78	-78	-86	-90	-89	0	-91	-91	-90	-61	0	0	0	0	-84	0	0	0	0	0	0	0	0	0	0	0	0	0	-83	0	0	0	0	0	0	0	0	0	0	0	0	0	0	0	0	0	0	0	0	0	0	0	0	0	0	0	0	-54	0	0	0	0	0	0	0	0	0	0	0	0	0	0	0	0	0	0	0	0	0	0	0	0	0	0	0	0	0	0	0	0	0	0	0	0	0	0	0	0	0	0	0	0	4050	-2709	2761	22992	-7741	-296	-52	969	215	0	-1	-1	-51	955	213	1606974594
-51	-40	-35	-63	-52	-58	-73	-72	-68	-76	0	-69	-73	-72	0	-85	0	-83	-85	-84	0	-78	-83	-84	0	0	-83	-90	-88	0	-89	-90	-91	-55	0	0	0	0	-87	0	0	-90	0	0	0	0	0	0	0	0	0	0	0	0	0	0	0	0	0	0	0	0	0	0	0	0	0	0	-93	0	0	0	0	0	0	0	0	0	0	0	0	-48	0	0	0	0	0	0	0	0	0	0	0	0	0	0	0	0	0	0	0	0	0	0	0	0	0	0	0	0	0	0	0	0	0	0	0	0	0	0	0	0	0	0	0	0	4020	-2679	2768	22991	-7738	-295	-52	970	215	0	-1	0	-51	955	214	1606974596
-48	-43	-37	-62	-63	-64	0	-74	-69	0	-69	-71	-75	0	0	0	0	-83	-83	-84	0	-80	-83	-84	0	0	-85	-90	-89	0	0	-90	-90	-59	0	0	0	0	-92	0	0	0	0	0	0	0	-87	0	0	0	-89	0	0	0	0	0	0	0	0	0	0	0	0	0	0	0	0	0	0	0	0	0	0	0	0	0	0	0	0	0	0	-49	0	0	0	0	0	0	0	0	0	0	0	0	0	0	0	0	0	0	0	0	0	0	0	0	0	0	0	0	0	0	0	0	0	0	0	0	0	0	0	0	0	0	0	0	4065	-2679	2731	22992	-7744	-295	-51	970	216	0	-1	-1	-51	955	213	1606974597
-48	-42	-36	-57	-60	-62	0	-76	-73	0	-73	-71	-75	0	0	0	0	-83	-84	-84	0	-80	-84	-83	0	0	-85	-89	-89	0	-89	-90	-90	-59	-65	0	0	0	0	0	0	0	0	0	0	0	-89	0	0	0	-90	0	0	0	0	0	0	0	0	0	0	0	0	0	0	0	0	0	0	0	-81	0	0	0	0	0	0	0	0	0	0	-49	0	0	0	0	0	0	0	0	0	0	0	0	0	0	0	0	0	0	0	0	0	0	0	0	0	0	0	0	0	0	0	0	0	0	0	0	0	0	0	0	0	0	0	0	4020	-2709	2768	22992	-7741	-295	-52	970	216	0	-1	-1	-51	955	213	1606974599
-47	-41	-36	0	-58	-63	0	0	-70	-78	-70	-70	-74	0	0	-84	0	-82	-83	-83	0	-79	-82	-82	0	0	-85	-90	-92	0	-89	-90	-92	-60	0	0	0	0	-89	0	0	0	0	0	0	0	-89	-81	0	0	-89	0	0	0	0	0	0	0	0	0	0	0	0	0	0	0	0	0	0	0	0	0	0	0	0	0	0	0	0	0	0	-58	0	0	0	0	0	0	0	0	0	0	0	0	0	0	0	0	0	0	0	0	0	0	0	0	0	0	0	0	0	0	0	0	0	0	0	0	0	0	0	0	0	0	0	0	4020	-2664	2783	22991	-7740	-295	-52	969	217	0	-1	-1	-51	955	213	1606974600
-46	-42	-35	-62	-59	-64	-71	-70	-70	-74	-72	-72	-75	-69	0	0	0	-82	-82	-84	0	-78	-83	-83	0	0	-83	-91	-90	0	-91	-91	-90	-64	0	0	0	0	-85	0	0	0	0	0	0	0	0	0	0	0	0	0	0	0	0	0	0	0	0	0	0	0	0	0	0	0	0	0	0	0	0	0	0	0	0	0	0	0	0	0	0	-57	0	0	0	0	0	0	0	0	0	0	0	0	0	0	0	0	0	0	0	0	0	0	0	0	0	0	0	0	0	0	0	0	0	0	0	0	0	0	0	0	0	0	0	0	4005	-2694	2768	22993	-7746	-296	-52	971	216	0	0	-1	-51	955	212	1606974602
-53	-42	-36	-59	-56	-66	0	-70	-71	-74	-71	-73	-77	0	0	0	0	-83	-83	-83	0	-79	-84	-83	0	0	-85	-92	-91	0	-91	-91	-91	-65	-63	0	0	0	-84	0	0	-86	0	-89	0	0	0	0	0	-85	0	0	-82	0	0	0	0	0	0	0	0	0	0	0	0	0	0	0	0	0	0	0	0	0	0	0	0	0	0	0	0	-58	0	0	0	0	0	0	0	0	0	0	0	0	0	0	0	0	0	0	0	0	0	0	0	0	0	0	0	0	0	0	0	0	0	0	0	0	0	0	0	0	0	0	0	0	4005	-2724	2768	22991	-7739	-296	-52	969	216	0	0	-1	-51	955	213	1606974603
-50	-43	-35	-59	0	-65	0	-68	-69	0	-72	-72	-75	-71	0	-84	0	-83	-83	-83	0	-80	-82	-83	0	0	-85	-91	-91	0	-91	-92	-91	-65	0	0	0	0	-83	0	0	0	0	0	0	0	0	-86	0	0	0	0	0	0	0	0	0	0	0	0	0	0	0	0	0	0	0	0	0	0	0	0	0	0	0	0	0	0	0	0	0	-58	0	0	0	0	0	0	0	0	0	0	0	0	0	0	0	0	0	0	0	0	0	0	0	0	0	0	0	0	0	0	0	0	0	0	0	0	0	0	0	0	0	0	0	0	4050	-2724	2783	22991	-7740	-296	-51	970	216	0	-1	-1	-51	955	213	1606974605
-52	-43	-36	-59	-56	0	-71	-66	-70	-74	-71	-72	-77	-71	0	-82	0	-82	-83	-83	0	0	-83	-84	0	0	-88	-90	-89	0	-91	-89	-90	-67	0	0	0	0	-86	0	0	0	0	0	-86	0	0	0	0	0	0	0	0	0	0	0	0	-90	0	0	0	0	0	0	0	0	0	0	0	0	0	0	0	0	0	0	0	0	0	0	0	-50	0	0	0	0	0	0	0	0	0	0	0	0	0	0	0	0	0	0	0	0	0	0	0	0	0	0	0	0	0	0	0	0	0	0	0	0	0	0	0	0	0	0	0	0	4020	-2732	2783	22991	-7742	-297	-51	969	215	0	-1	-1	-51	955	213	1606974606
-50	-42	-36	-56	-61	0	-74	-70	-70	-73	-72	-72	-76	-73	0	-83	0	-84	-83	-83	0	-78	-84	-84	0	0	-84	-91	-92	0	-89	-90	-90	-62	0	0	0	0	-94	0	0	-88	0	0	0	0	0	0	0	0	0	0	0	0	0	0	0	0	0	0	0	0	0	0	0	0	0	0	0	0	0	0	0	0	0	0	0	0	0	0	0	-56	0	0	0	0	0	0	0	0	0	0	0	0	0	0	0	0	0	0	0	0	0	0	0	0	0	0	0	0	0	0	0	0	0	0	0	0	0	0	0	0	0	0	0	0	4066	-2725	2828	22991	-7740	-296	-52	970	216	-1	-1	-1	-51	955	213	1606974608
-50	-43	-37	-61	-57	0	-72	-71	-79	0	-75	-78	-77	-67	0	-88	0	-85	-85	-85	0	0	-85	-85	0	0	-86	-90	-90	0	-89	-89	-90	-61	0	0	0	0	-85	0	0	-86	0	0	0	0	0	0	0	0	0	0	0	0	0	0	0	0	0	0	0	0	0	0	0	0	0	0	0	0	0	0	0	0	0	0	0	0	0	0	0	-48	0	0	0	0	0	0	0	0	0	0	0	0	0	0	0	0	0	0	0	0	0	0	0	0	0	0	0	0	0	0	0	0	0	0	0	0	0	0	0	0	0	0	0	0	4050	-2679	2843	22991	-7739	-295	-53	969	215	0	-1	-1	-51	955	213	1606974610
-48	-41	-37	0	-57	0	0	0	-61	0	0	-61	-69	0	0	-84	0	-86	-87	-85	0	0	-86	-84	0	0	-83	-89	-90	0	-88	-90	-89	-64	0	0	0	0	-89	0	0	0	0	0	0	0	0	0	0	0	0	0	0	0	0	0	0	0	0	0	0	0	0	0	0	0	0	0	0	0	0	0	0	0	0	0	0	0	0	0	0	-50	0	0	0	0	0	0	0	0	0	0	0	0	0	0	0	0	0	0	0	0	0	0	0	0	0	0	0	0	0	0	0	0	0	0	0	0	0	0	0	0	0	0	0	0	4050	-2724	2723	22992	-7743	-296	-52	970	216	-1	-1	-1	-51	955	213	1606974611
-55	-43	-37	-57	0	0	-69	0	-70	-72	-71	-74	-76	0	0	-86	0	-83	-84	-85	0	-79	-84	-84	0	0	-84	-90	-89	0	-91	-89	-90	-64	0	0	0	0	-85	0	0	-87	0	0	-89	0	0	0	0	0	0	0	0	0	0	0	0	0	0	0	0	0	0	0	0	0	0	0	0	0	0	0	0	0	0	0	0	0	0	0	0	-57	0	0	0	0	0	0	0	0	0	0	0	0	0	0	0	0	0	0	0	0	0	0	0	0	0	0	0	0	0	0	0	0	0	0	0	0	0	0	0	0	0	0	0	0	4020	-2694	2768	22992	-7741	-296	-52	968	216	0	-1	-1	-51	955	213	1606974613
-58	-42	-37	0	-58	-68	0	0	-63	0	-62	-63	-70	0	0	0	0	-84	-84	-84	0	-78	-84	-84	0	0	-83	-90	-89	0	-90	-89	-91	-53	0	0	0	0	-89	0	0	0	0	0	0	0	0	-85	0	0	0	0	0	0	0	0	0	-93	0	0	0	0	0	0	0	0	0	0	0	0	0	0	0	0	0	0	0	0	0	0	0	-48	0	0	0	0	0	0	0	0	0	0	0	0	0	0	0	0	0	0	0	0	0	0	0	0	0	0	0	0	0	0	0	0	0	0	0	0	0	0	0	0	0	0	0	0	3990	-2739	2768	22992	-7741	-296	-51	970	216	0	-1	-1	-51	955	213	1606974614
-54	-43	-37	-57	-58	-64	-72	-73	-71	0	-71	-72	-75	-69	0	0	-79	-83	-83	-83	-79	-79	-83	-83	-79	-78	-86	-91	-91	0	-91	-89	-91	-62	0	0	0	0	-86	0	0	-87	0	0	0	0	0	0	0	-84	0	0	0	0	0	0	0	0	0	0	0	0	0	0	0	0	0	0	0	0	0	0	0	0	0	0	0	0	0	0	0	-57	0	0	0	0	0	0	0	0	0	0	0	0	0	0	0	0	0	0	0	0	0	0	0	0	0	0	0	0	0	0	0	0	0	0	0	0	0	0	0	0	0	0	0	0	4005	-2687	2783	22993	-7744	-296	-51	969	216	0	-1	-1	-51	955	212	1606974616
-49	-42	-36	0	-57	-62	0	0	-71	-74	-73	-70	-75	0	0	0	0	-81	-82	-83	0	0	-82	-82	0	0	-85	-91	-91	0	0	-91	-91	-60	0	0	0	0	-86	0	0	-86	0	0	0	0	0	0	-87	-86	0	0	-85	-84	0	0	0	-89	0	0	0	0	0	0	0	0	0	0	0	0	0	0	0	0	0	0	0	0	0	0	0	0	0	0	0	0	0	0	0	0	0	0	0	0	0	0	0	0	0	0	0	0	0	0	0	0	0	0	0	0	0	0	0	0	0	0	0	0	0	0	0	0	0	0	0	0	4035	-2739	2768	22991	-7738	-295	-52	970	216	0	-1	0	-51	955	213	1606974618
-47	0	-36	-57	-52	-62	0	-63	-72	-74	-70	-72	-75	0	0	-80	-79	-83	-83	-83	-80	-78	-83	-83	-80	-79	-84	-90	-91	0	-92	-89	-90	-60	0	0	0	0	-86	0	0	-88	0	0	0	0	-89	0	0	-84	0	0	-86	0	0	0	0	0	0	0	0	0	0	0	0	0	0	0	0	0	0	0	0	-94	0	0	0	0	0	0	0	-48	0	0	0	0	0	0	0	0	0	0	0	0	0	0	0	0	0	0	0	0	0	0	0	0	0	0	0	0	0	0	0	0	0	0	0	0	0	0	0	0	0	0	0	0	3975	-2724	2783	22992	-7741	-296	-52	969	216	-1	-1	0	-51	955	213	1606974619
-44	-41	-36	-56	-59	-62	-73	-70	-68	0	-72	-70	-75	-68	0	0	0	-82	-83	-82	0	-80	-83	-82	0	0	-85	0	0	0	0	0	-90	-60	0	0	0	0	-84	0	0	0	0	0	0	0	-88	0	0	0	0	0	0	0	0	-85	0	0	0	0	0	0	0	0	0	0	0	0	0	0	0	0	0	0	0	0	0	0	0	0	0	-58	0	0	0	0	0	0	0	0	0	0	0	0	0	0	0	0	0	0	0	0	0	0	0	0	0	0	0	0	0	0	0	0	0	0	0	0	0	0	0	0	0	0	0	0	4005	-2679	2813	22991	-7739	-296	-52	970	216	0	-1	0	-51	955	213	1606974621
-48	-46	-40	-58	-56	-63	-73	-71	-70	0	-70	-71	-73	-70	0	0	0	-83	-83	-83	0	0	-83	-83	0	0	-85	0	-92	0	0	-92	0	-62	0	0	0	0	-86	0	0	0	0	0	0	0	0	0	0	0	0	0	-86	0	0	0	0	0	0	0	0	0	0	0	0	0	0	0	0	0	-82	0	0	0	0	0	0	0	0	0	0	0	0	0	0	0	0	0	0	0	0	0	0	0	0	0	0	0	0	0	0	0	0	0	0	0	0	0	0	0	0	0	0	0	0	0	0	0	0	0	0	0	0	0	0	0	4005	-2724	2828	22992	-7743	-295	-52	969	216	0	0	-1	-51	955	213	1606974623
0	-43	-35	-63	-62	-69	0	0	-61	-75	-61	-61	-71	-69	0	0	0	-85	-86	-86	0	0	-86	-85	0	0	0	-91	-90	0	-90	-91	-90	-63	0	0	0	0	-89	0	0	0	0	0	0	0	0	0	0	0	0	0	0	0	0	0	0	0	0	0	0	0	0	0	0	0	0	0	0	0	0	0	0	0	0	0	0	0	0	0	0	-59	0	0	0	0	0	0	0	0	0	0	0	0	0	0	0	0	0	0	0	0	0	0	0	0	0	0	0	0	0	0	0	0	0	0	0	0	0	0	0	0	0	0	0	0	4065	-2694	2768	22991	-7738	-294	-52	969	216	0	-1	0	-51	955	214	1606974624
-56	-43	-35	-55	-59	-60	-73	0	-62	0	-61	-62	-70	0	0	-84	0	-86	-85	-86	0	-80	-85	-86	0	0	-90	-92	-90	0	-90	-91	-90	-54	0	0	0	0	-89	0	0	-87	0	0	0	0	0	0	0	-83	0	0	-82	-83	0	0	0	0	0	0	0	0	0	0	0	0	0	0	0	0	0	0	0	0	0	0	0	0	0	0	0	-57	0	0	0	0	0	0	0	0	0	0	0	0	0	0	0	0	0	0	0	0	0	0	0	0	0	0	0	0	0	0	0	0	0	0	0	0	0	0	0	0	0	0	0	0	3975	-2679	2761	22992	-7744	-295	-52	969	215	0	0	-1	-51	955	213	1606974626
-48	-44	-35	0	-59	-61	0	0	-72	0	-69	-71	-75	0	0	-84	0	-83	-83	-83	0	0	-82	-83	0	0	-87	-89	-90	0	-90	-90	-91	-61	0	0	0	0	0	0	0	0	0	0	0	0	0	0	0	0	0	0	0	0	0	0	0	0	0	0	0	0	0	0	0	0	0	0	0	0	-80	0	0	0	0	0	0	0	0	0	0	-50	0	0	0	0	0	0	0	0	0	0	0	0	0	0	0	0	0	0	0	0	0	0	0	0	0	0	0	0	0	0	0	0	0	0	0	0	0	0	0	0	0	0	0	0	4058	-2739	2753	22991	-7739	-295	-51	970	217	-1	-1	-1	-51	955	213	1606974627
-49	-43	-34	-67	-59	-60	-69	-75	-62	0	-62	-62	-71	-70	0	-85	0	-84	-85	-85	0	0	-86	-86	0	0	-87	-89	-88	0	-88	-90	-89	-53	0	0	0	0	-89	0	0	0	0	0	0	0	-87	0	0	0	0	0	0	0	0	0	0	0	0	0	0	0	0	0	0	0	0	0	0	0	-79	0	0	0	0	0	0	0	0	0	0	-55	0	0	0	0	0	0	0	0	0	0	0	0	0	0	0	0	0	0	0	0	0	0	0	0	0	0	0	0	0	0	0	0	0	0	0	0	0	0	0	0	0	0	0	0	4065	-2694	2768	22991	-7739	-296	-52	970	216	0	-1	0	-51	955	213	1606974629
-48	-44	-34	-64	-63	-61	-76	-72	-70	-77	-71	-71	-75	-70	0	-84	0	-83	-83	-84	0	-79	-83	-84	0	0	-88	-89	-90	0	-89	-88	-89	-62	0	0	0	0	-85	0	0	-90	0	0	0	0	0	0	0	0	0	0	0	0	0	0	0	0	0	0	0	0	0	0	0	0	0	0	0	0	0	0	0	0	0	0	0	0	0	0	0	-60	0	0	0	0	0	0	0	0	0	0	0	0	0	0	0	0	0	0	0	0	0	0	0	0	0	0	0	0	0	0	0	0	0	0	0	0	0	0	0	0	0	0	0	0	3982	-2664	2783	22993	-7746	-295	-51	969	216	0	0	0	-51	955	212	1606974630
-47	-44	-34	-66	-62	-61	-74	-69	-70	-72	-70	-70	-75	-74	0	0	0	-84	-84	-84	0	-80	-84	-84	0	0	-86	-90	-90	0	-89	-90	-91	-63	0	0	0	0	-84	0	0	-86	0	0	0	0	0	0	0	0	0	0	0	0	0	0	0	0	0	0	0	0	0	0	0	0	0	0	0	0	0	0	0	0	0	0	0	0	0	0	0	0	0	0	0	0	0	0	0	0	0	0	0	0	0	0	0	0	0	0	0	0	0	0	0	0	0	0	0	0	0	0	0	0	0	0	0	0	0	0	0	0	0	0	0	0	4005	-2724	2768	22991	-7738	-296	-52	970	216	0	-1	-1	-51	955	214	1606974632
-45	0	-34	-66	0	-61	-77	-69	-70	-75	-69	-70	-75	-68	0	0	-80	-83	-84	-83	-80	-81	-83	-83	-79	-81	-85	-90	-90	0	-90	-90	-88	-63	0	0	0	0	-84	0	0	0	0	0	0	0	0	0	0	0	0	0	0	0	0	0	0	0	0	0	0	0	0	0	0	0	0	0	0	0	0	0	0	0	0	0	0	0	0	0	0	-61	0	0	0	0	0	0	0	0	0	0	0	0	0	0	0	0	0	0	0	0	0	0	0	0	0	0	0	0	0	0	0	0	0	0	0	0	0	0	0	0	0	0	0	0	4073	-2724	2768	22992	-7741	-295	-52	970	216	0	-1	-1	-51	955	213	1606974633
-49	-44	-35	-66	-62	-60	-75	-76	-62	0	-62	-63	-70	-70	0	0	0	-84	-86	-85	0	0	-86	-85	0	0	-88	-91	-88	0	-89	-89	-89	-53	0	0	0	0	-88	0	0	-87	0	0	0	0	0	0	0	0	0	0	0	0	0	0	0	-92	0	0	0	0	0	0	0	0	0	0	-94	0	0	0	0	0	0	0	0	0	0	0	0	-60	0	0	0	0	0	0	0	0	0	0	0	0	0	0	0	0	0	0	0	0	0	0	0	0	0	0	0	0	0	0	0	0	0	0	0	0	0	0	0	0	0	0	0	0	4050	-2724	2753	22992	-7742	-296	-52	969	216	0	-1	-1	-51	955	213	1606974635
-49	0	0	-66	-64	0	-70	-76	-61	0	-63	-62	-70	-75	0	0	0	-85	-86	-85	0	-76	-87	-86	0	0	-89	-90	-90	0	-89	-89	-90	-55	0	0	0	0	-88	0	0	0	0	0	0	0	0	0	0	-82	0	0	-83	-83	0	0	0	0	0	0	0	0	0	0	0	0	0	0	0	0	0	0	0	0	0	0	0	0	0	0	0	-55	0	0	0	0	0	0	0	0	0	0	0	0	0	0	0	0	0	0	0	0	0	0	0	0	0	0	0	0	0	0	0	0	0	0	0	0	0	0	0	0	0	0	0	0	3983	-2664	2798	22992	-7742	-295	-52	969	215	-1	-1	-1	-51	955	213	1606974637
-48	-44	-34	-65	-63	0	-69	-75	-70	-77	-71	-70	-75	-75	0	-82	0	-84	-84	-83	-76	-80	-84	-84	-79	-81	-86	-89	-91	0	-88	-88	-89	-61	0	0	0	0	-86	0	0	-88	0	0	0	0	0	0	0	-85	0	0	0	0	0	0	0	0	0	0	0	0	0	0	0	0	0	0	0	0	0	0	0	0	0	0	0	0	0	0	0	-50	0	0	0	0	0	0	0	0	0	0	0	0	0	0	0	0	0	0	0	0	0	0	0	0	0	0	0	0	0	0	0	0	0	0	0	0	0	0	0	0	0	0	0	0	4050	-2694	2768	22991	-7738	-295	-52	969	216	0	0	0	-51	955	214	1606974638
-48	-44	-34	-65	-62	0	-76	0	-72	-76	-69	-72	-75	-70	0	-84	0	-84	-84	-84	-79	-80	-84	-84	-80	-80	-88	-90	-88	0	-90	-88	-90	-62	0	0	0	0	-85	0	0	0	0	0	0	0	0	0	0	-83	0	0	0	0	0	0	0	0	0	0	0	0	0	0	0	0	0	0	0	0	0	0	0	0	0	0	0	0	0	0	0	-59	0	0	0	0	0	0	0	0	0	0	0	0	0	0	0	0	0	0	0	0	0	0	0	0	0	0	0	0	0	0	0	0	0	0	0	0	0	0	0	0	0	0	0	0	4058	-2709	2783	22992	-7742	-295	-51	970	215	0	-1	-1	-51	955	213	1606974640
-48	0	-34	-66	-63	-60	-76	-76	-63	-72	-61	-63	-70	-75	0	-84	0	-85	-86	-86	-80	-80	-86	-86	0	0	-88	-89	-90	0	-89	-89	-87	-55	0	0	0	0	-88	0	0	0	0	0	0	0	0	0	0	0	0	0	0	0	0	0	0	0	0	0	0	0	0	0	0	0	0	0	0	0	0	0	0	0	0	0	0	0	0	0	0	-50	0	0	0	0	0	0	0	0	0	0	0	0	0	0	0	0	0	0	0	0	0	0	0	0	0	0	0	0	0	0	0	0	0	0	0	0	0	0	0	0	0	0	0	0	4020	-2687	2753	22991	-7740	-295	-52	970	216	0	0	-1	-51	955	213	1606974641
0	-45	-35	-66	-62	-60	-77	0	-69	-75	-71	-71	-75	-74	0	-83	0	-84	-84	-84	0	-80	-84	-84	0	0	-88	-89	-88	0	-88	-90	-88	-63	0	0	0	0	-85	0	0	0	0	0	0	0	0	-88	0	-84	0	0	0	0	0	0	0	0	0	0	0	0	0	0	0	0	0	0	0	0	0	0	0	0	0	0	0	0	0	0	0	-59	0	0	0	0	0	0	0	0	0	0	0	0	0	0	0	0	0	0	0	0	0	0	0	0	0	0	0	0	0	0	0	0	0	0	0	0	0	0	0	0	0	0	0	0	4013	-2709	2813	22991	-7739	-295	-52	969	216	-1	-1	-1	-51	955	213	1606974643
-48	-45	-34	0	-62	-60	0	0	-72	0	-73	-72	-75	0	0	-81	0	-82	-84	-83	0	0	-84	-82	0	0	-86	-90	-88	0	-89	-88	-89	-62	0	0	0	0	-86	0	0	0	0	0	0	0	0	0	0	0	0	0	0	0	0	0	0	-90	0	0	0	0	0	0	0	0	0	0	0	0	0	0	0	0	0	0	0	0	0	0	0	-50	0	0	0	0	0	0	0	0	0	0	0	0	0	0	0	0	0	0	0	0	0	0	0	0	0	0	0	0	0	0	0	0	0	0	0	0	0	0	0	0	0	0	0	0	3975	-2694	2768	22991	-7739	-296	-52	970	215	0	0	-1	-51	955	213	1606974645
-49	-45	0	-65	0	0	-76	-66	-63	-73	0	-63	-70	-76	0	0	0	-86	-85	-84	-80	0	-86	-86	0	-81	-87	-89	-89	0	-88	-89	-88	-53	0	0	0	0	-90	0	0	0	0	0	0	0	0	0	0	0	0	0	0	0	0	0	0	0	0	0	0	0	0	0	0	0	0	0	0	0	0	0	0	0	0	0	0	0	0	0	0	-51	0	0	0	0	0	0	0	0	0	0	0	0	0	0	0	0	0	0	0	0	0	0	0	0	0	0	0	0	0	0	0	0	0	0	0	0	0	0	0	0	0	0	0	0	4020	-2724	2798	22992	-7741	-295	-52	970	217	-1	-1	0	-51	955	213	1606974646
-45	-44	-34	-65	-62	0	-70	0	-73	-75	-72	-72	-74	-69	0	-82	0	-82	-84	-84	0	0	-84	-84	0	0	-86	-88	-90	0	-88	-89	-89	-63	0	0	0	0	-86	0	0	-88	0	0	0	0	0	-87	0	-83	0	0	-85	-81	0	-89	0	0	0	0	0	0	0	0	0	0	0	0	0	0	0	0	0	0	0	0	0	0	0	0	0	-50	0	0	0	0	0	0	0	0	0	0	0	0	0	0	0	0	0	0	0	0	0	0	0	0	0	0	0	0	0	0	0	0	0	0	0	0	0	0	0	0	0	0	0	0	4005	-2724	2783	22991	-7741	-296	-52	970	217	0	-1	-1	-51	955	213	1606974648
-49	-45	-34	-66	-62	0	0	0	-63	0	-63	-62	-70	0	0	-81	0	-85	-86	-87	0	-80	-85	-86	0	0	-88	0	0	0	0	0	0	-54	0	0	0	0	-90	0	0	-87	0	-88	0	0	0	0	0	-82	0	0	-84	-84	0	0	0	0	0	0	0	0	0	0	0	0	0	0	0	0	0	0	0	0	0	0	0	0	0	0	0	-59	0	0	0	0	0	0	0	0	0	0	0	0	0	0	0	0	0	0	0	0	0	0	0	0	0	0	0	0	0	0	0	0	0	0	0	0	0	0	0	0	0	0	0	0	3975	-2694	2776	22990	-7737	-296	-51	970	216	0	-1	-1	-51	955	214	1606974649
-48	-45	-34	-64	0	0	-73	-68	-71	-74	-72	-70	-74	-69	0	-83	0	-82	-82	-83	0	0	-83	-82	0	0	-88	-91	-88	0	-89	-90	-89	-63	0	0	0	0	-85	0	0	0	0	0	0	0	0	-88	0	0	-90	0	0	0	0	-85	0	0	0	0	0	0	0	0	0	0	0	0	0	0	0	0	0	0	0	0	0	0	0	0	0	0	0	0	0	0	0	0	0	0	0	0	0	0	0	0	0	0	0	0	0	0	0	0	0	0	0	0	0	0	0	0	0	0	0	0	0	0	0	0	0	0	0	0	0	0	4005	-2694	2738	22992	-7744	-296	-51	970	215	0	-1	0	-51	955	213	1606974651
-48	0	-34	-65	0	0	0	0	-70	-76	-70	-72	-76	0	0	0	0	-82	-83	-83	-80	0	-83	-83	-79	0	-88	-88	-90	0	-89	-91	-89	-62	0	0	0	0	-86	0	0	-88	0	0	0	0	0	0	0	-83	0	0	0	0	0	0	0	0	0	0	0	0	0	0	0	0	0	0	0	0	0	0	0	0	0	0	0	0	0	0	0	-50	0	0	0	0	0	0	0	0	0	0	0	0	0	0	0	0	0	0	0	0	0	0	0	0	0	0	0	0	0	0	0	0	0	0	0	0	0	0	0	0	0	0	0	0	4020	-2724	2813	22991	-7738	-296	-52	969	216	-1	0	0	-51	955	214	1606974653
-47	-42	-35	-65	-64	0	-76	-69	-63	-76	-64	-62	-70	-70	0	0	0	-87	-87	-87	0	-80	-87	-86	0	0	-87	-89	-88	0	-88	-89	-89	-55	0	0	0	0	-89	0	0	0	0	0	0	0	0	0	0	-82	0	0	-83	-82	0	0	0	0	0	0	0	0	0	0	0	0	0	0	0	0	0	0	0	0	0	0	0	0	0	0	0	-48	0	0	0	0	0	0	0	0	0	0	0	0	0	0	0	0	0	0	0	0	0	0	0	0	0	0	0	0	0	0	0	0	0	0	0	0	0	0	0	0	0	0	0	0	4012	-2679	2761	22991	-7739	-296	-52	970	216	0	-1	0	-51	955	213	1606974654
-47	-42	-34	-64	-62	0	-73	-68	-62	0	-63	-63	-70	-69	0	0	0	-84	-85	-86	0	-80	-85	-85	0	0	-87	-88	-90	0	-90	-91	-90	-55	0	0	0	0	-88	0	0	0	0	0	0	0	0	0	0	-83	0	0	-83	-84	0	0	0	0	0	0	0	0	0	0	0	0	0	0	-94	0	0	0	0	0	0	0	0	0	0	0	0	-50	0	0	0	0	0	0	0	0	0	0	0	0	0	0	0	0	0	0	0	0	0	0	0	0	0	0	0	0	0	0	0	0	0	0	0	0	0	0	0	0	0	0	0	0	4005	-2739	2783	22992	-7741	-296	-52	969	216	0	-1	-1	-51	955	213	1606974656
-48	-43	-34	-62	-62	0	-69	-67	-72	0	-70	-70	-75	-68	0	0	0	-84	-84	-84	0	-80	-83	-83	0	0	-87	-89	-89	0	-89	-89	-90	-62	0	0	0	0	-86	0	0	-87	0	0	0	0	0	0	0	-86	0	0	-85	-82	0	0	0	0	0	0	0	0	0	0	0	0	0	0	0	0	0	0	0	0	0	0	0	0	0	0	0	-49	0	0	0	0	0	0	0	0	0	0	0	0	0	0	0	0	0	0	0	0	0	0	0	0	0	0	0	0	0	0	0	0	0	0	0	0	0	0	0	0	0	0	0	0	4005	-2754	2768	22991	-7741	-296	-51	969	216	-1	-1	-1	-51	955	213	1606974658
-47	-43	-35	-63	-63	0	-74	-67	-70	0	-70	-72	-75	-69	0	0	-80	-83	-84	-84	-82	-80	-84	-84	-81	-80	-88	-89	-89	0	-89	-89	-90	-61	-63	0	0	0	-86	0	0	0	0	0	0	-90	-90	0	0	-83	-91	0	0	0	0	0	0	0	0	0	0	0	0	0	0	0	0	0	0	0	0	0	0	0	0	0	0	0	0	0	0	-60	0	0	0	0	0	0	0	0	0	0	0	0	0	0	0	0	0	0	0	0	0	0	0	0	0	0	0	0	0	0	0	0	0	0	0	0	0	0	0	0	0	0	0	0	4065	-2679	2746	22991	-7738	-296	-52	969	216	0	0	-1	-51	955	214	1606974659
-47	-41	-34	-66	0	0	-72	-72	-72	0	-71	-73	-75	-73	0	0	-79	-85	-84	-84	-80	-79	-85	-84	-79	-81	-87	-87	-89	0	-89	-88	-89	-61	0	0	0	0	-86	0	0	0	0	0	0	0	0	0	0	-85	0	0	0	0	0	0	0	0	0	0	0	0	0	0	0	0	0	0	0	0	0	0	0	0	0	0	0	0	0	0	0	-54	0	0	0	0	0	0	0	0	0	0	0	0	0	0	0	0	0	0	0	0	0	0	0	0	0	0	0	0	0	0	0	0	0	0	0	0	0	0	0	0	0	0	0	0	4043	-2679	2768	22992	-7741	-295	-52	970	216	0	-1	0	-51	955	213	1606974661
-47	-42	-35	-65	-62	0	0	0	-63	0	-62	-62	-69	-71	0	-81	0	-87	-87	-86	-77	-79	-89	-87	-77	-78	-87	-88	-88	0	-89	-88	-88	-53	0	0	0	0	-88	0	0	0	0	0	0	0	0	0	0	-84	0	0	0	0	0	0	0	0	0	0	0	0	0	0	0	0	0	0	-92	0	0	0	0	0	0	0	0	0	0	0	0	-59	0	0	0	0	0	0	0	0	0	0	0	0	0	0	0	0	0	0	0	0	0	0	0	0	0	0	0	0	0	0	0	0	0	0	0	0	0	0	0	0	0	0	0	0	4005	-2739	2783	22991	-7740	-296	-52	970	216	-1	0	-1	-51	955	213	1606974663
-47	-43	0	-64	-63	0	-62	0	-72	0	-71	-71	-75	-70	0	-80	0	-83	-83	-84	0	-78	-83	-84	0	0	-88	-89	-88	0	-88	-88	-90	-62	0	0	0	0	-84	0	0	0	0	0	0	0	-89	0	0	-85	-89	0	-84	-86	0	-88	0	0	0	0	0	0	0	0	0	0	0	0	0	0	0	0	0	0	0	0	0	0	0	0	0	-49	0	0	0	0	0	0	0	0	0	0	0	0	0	0	0	0	0	0	0	0	0	0	0	0	0	0	0	0	0	0	0	0	0	0	0	0	0	0	0	0	0	0	0	0	4020	-2694	2783	22991	-7739	-296	-52	970	217	-1	0	0	-51	955	213	1606974664
-48	-42	-35	-64	0	0	-69	0	-70	-77	-72	-71	-76	-66	0	-82	0	-83	-84	-83	0	-79	-84	-84	0	0	-88	-89	-89	0	-90	-89	-90	-61	0	0	0	0	-86	0	0	0	0	0	0	0	0	0	0	0	0	0	0	0	0	0	0	0	0	0	0	0	0	0	0	0	0	0	0	0	0	0	0	0	0	0	0	0	0	0	0	-50	0	0	0	0	0	0	0	0	0	0	0	0	0	0	0	0	0	0	0	0	0	0	0	0	0	0	0	0	0	0	0	0	0	0	0	0	0	0	0	0	0	0	0	0	4005	-2694	2708	22993	-7746	-296	-51	969	215	-1	-1	-1	-51	955	212	1606974666
-47	-42	-34	-66	0	0	-73	-69	-61	-75	-63	-62	-70	-71	0	0	0	-85	-86	-85	0	-80	-85	-85	0	0	-88	-89	-89	0	-90	-90	-88	-55	0	0	0	0	-90	0	0	0	0	0	0	0	0	0	0	0	0	0	0	0	0	0	0	0	0	0	0	0	0	0	0	0	0	0	-94	0	0	0	0	0	0	0	0	0	0	0	0	-50	0	0	0	0	0	0	0	0	0	0	0	0	0	0	0	0	0	0	0	0	0	0	0	0	0	0	0	0	0	0	0	0	0	0	0	0	0	0	0	0	0	0	0	0	3990	-2724	2753	22991	-7738	-295	-52	969	217	-1	-1	-1	-51	955	214	1606974667
0	-42	-35	-64	0	0	-73	-63	-70	0	-72	-71	-75	-67	0	-77	0	-84	-84	-84	0	0	-83	-83	0	0	-88	-89	-88	0	-90	-89	-90	-61	-65	0	0	0	-86	0	0	0	0	0	0	-90	-89	0	-89	0	0	0	0	0	0	0	0	0	0	0	0	0	0	0	0	0	0	0	0	0	0	0	0	0	0	0	0	0	0	0	0	-48	0	0	0	0	0	0	0	0	0	0	0	0	0	0	0	0	0	0	0	0	0	0	0	0	0	0	0	0	0	0	0	0	0	0	0	0	0	0	0	0	0	0	0	0	4005	-2679	2820	22992	-7741	-295	-53	969	216	-1	0	-1	-51	955	213	1606974669
-48	-41	-34	0	0	0	0	0	-72	-75	-70	-71	-75	0	0	-82	0	-83	-84	-84	0	0	-84	-84	0	0	-88	-89	-88	0	-88	-88	-89	-59	0	0	0	0	-85	0	0	0	0	0	0	0	0	0	0	-86	0	0	-86	-84	0	0	0	0	0	0	0	0	0	0	0	0	0	0	0	0	0	0	0	0	0	0	0	0	0	0	0	-60	0	0	0	0	0	0	0	0	0	0	0	0	0	0	0	0	0	0	0	0	0	0	0	0	0	0	0	0	0	0	0	0	0	0	0	0	0	0	0	0	0	0	0	0	4005	-2732	2723	22992	-7741	-296	-52	969	215	-1	-1	-1	-51	955	213	1606974671
0	-40	-35	-66	-63	0	-67	-73	-63	-75	-63	-61	-70	-72	0	-82	0	-86	-86	-86	0	-79	-86	-86	0	0	-87	-89	-90	0	-89	-89	-90	-53	0	0	0	0	-88	0	0	0	0	0	0	0	0	0	0	0	0	0	0	0	0	0	0	0	0	-94	0	0	0	0	0	0	0	0	-94	0	0	0	0	0	0	0	0	0	0	0	0	-49	0	0	0	0	0	0	0	0	0	0	0	0	0	0	0	0	0	0	0	0	0	0	0	0	0	0	0	0	0	0	0	0	0	0	0	0	0	0	0	0	0	0	0	0	4005	-2739	2753	22991	-7740	-296	-52	969	216	0	0	-1	-51	955	213	1606974672
-47	-42	-35	-66	0	-60	-72	-66	-62	0	-62	-63	-70	-65	0	-88	0	-87	-87	-86	0	0	-87	-87	0	0	-87	-89	-89	0	-90	-89	-89	-53	0	0	0	0	-89	0	0	-90	0	0	0	0	0	0	0	0	0	0	0	0	0	0	0	-91	0	0	0	0	0	0	0	0	0	0	-95	0	0	0	0	0	0	0	0	0	0	0	0	-59	0	0	0	0	0	0	0	0	0	0	0	0	0	0	0	0	0	0	0	0	0	0	0	0	0	0	0	0	0	0	0	0	0	0	0	0	0	0	0	0	0	0	0	0	4005	-2724	2753	22991	-7738	-295	-52	969	216	-1	-1	-1	-51	955	214	1606974674
-47	0	-34	-67	0	-61	0	0	-73	-75	-72	-70	-77	0	0	0	0	-84	-84	-83	0	0	-84	-84	0	0	-86	-89	-88	0	-90	-88	-90	-60	0	0	0	0	-86	0	0	0	0	0	0	0	0	0	0	-86	0	0	-85	0	0	0	0	0	0	0	0	0	0	0	0	0	0	0	0	0	0	0	0	0	0	0	0	0	0	0	0	-59	0	0	0	0	0	0	0	0	0	0	0	0	0	0	0	0	0	0	0	0	0	0	0	0	0	0	0	0	0	0	0	0	0	0	0	0	0	0	0	0	0	0	0	0	4005	-2724	2738	22993	-7744	-295	-52	970	217	0	-1	0	-51	955	213	1606974676
-47	0	-34	-66	0	-61	-64	0	-71	-75	-72	-72	-75	-73	0	0	-79	-84	-83	-83	-80	-78	-84	-83	-80	-79	0	-90	-88	0	-88	-89	-89	-62	0	0	0	0	-86	0	0	-88	0	0	0	-90	-88	0	0	-84	-90	0	-81	-85	0	0	0	0	0	0	0	0	0	0	0	0	0	0	0	0	0	0	0	0	0	0	0	0	0	0	0	-59	0	0	0	0	0	0	0	0	0	0	0	0	0	0	0	0	0	0	0	0	0	0	0	0	0	0	0	0	0	0	0	0	0	0	0	0	0	0	0	0	0	0	0	0	4050	-2679	2768	22992	-7741	-296	-52	970	216	-1	-1	-1	-51	955	213	1606974677
-48	-42	-35	-67	-63	-61	0	-72	-72	0	-71	-72	-75	0	0	-83	-80	-82	-83	-83	-79	-80	-84	-84	-79	-80	-88	-89	-88	0	-88	-89	-89	-61	0	0	0	0	-84	0	0	0	0	0	0	0	0	-85	0	-83	0	0	-84	-85	0	0	0	0	0	0	0	0	0	0	0	0	0	0	0	0	0	0	0	0	0	0	0	0	0	0	0	-60	0	0	0	0	0	0	0	0	0	0	0	0	0	0	0	0	0	0	0	0	0	0	0	0	0	0	0	0	0	0	0	0	0	0	0	0	0	0	0	0	0	0	0	0	4050	-2739	2761	22991	-7739	-295	-51	970	217	0	-1	-1	-51	955	213	1606974679
0	-43	-34	0	0	-61	0	0	-71	-75	-71	-71	-75	0	0	0	-82	-83	-84	-84	-81	-79	-84	-82	-80	-79	-87	-90	-89	0	-89	-88	-90	-61	0	0	0	0	-85	0	0	-87	0	0	0	0	0	0	0	-83	-91	0	-85	-81	0	0	0	0	0	0	0	0	0	0	0	0	0	0	0	0	0	0	0	0	0	0	0	0	0	0	0	-49	0	0	0	0	0	0	0	0	0	0	0	0	0	0	0	0	0	0	0	0	0	0	0	0	0	0	0	0	0	0	0	0	0	0	0	0	0	0	0	0	0	0	0	0	4020	-2679	2813	22993	-7745	-295	-51	970	216	-1	0	0	-51	955	212	1606974680
-47	-42	-35	-63	-64	-60	-67	-74	-72	0	-71	-72	-75	-67	0	0	0	-83	-83	-83	0	-81	-83	-84	0	0	-87	-89	-90	0	-90	-90	-90	-62	0	0	0	0	-85	0	0	0	0	0	0	0	-87	0	0	-84	-89	0	-84	-83	0	0	0	0	0	0	0	0	0	0	0	0	0	0	0	0	0	0	0	0	0	0	0	0	0	0	0	-60	0	0	0	0	0	0	0	0	0	0	0	0	0	0	0	0	0	0	0	0	0	0	0	0	0	0	0	0	0	0	0	0	0	0	0	0	0	0	0	0	0	0	0	0	4035	-2687	2768	22991	-7740	-296	-51	969	216	0	0	0	-51	955	213	1606974682
-48	-42	-34	-65	0	-60	-67	0	-70	0	-70	-70	-74	-67	0	-85	0	-83	-83	-84	-80	-79	-83	-83	0	-80	-88	-90	-89	0	-89	-90	-89	-60	0	0	0	0	-85	0	0	0	0	0	0	0	0	-85	0	-83	0	0	-82	-85	0	0	0	0	0	0	0	0	0	0	0	0	0	0	0	0	0	0	0	0	0	0	0	0	0	0	0	-49	0	0	0	0	0	0	0	0	0	0	0	0	0	0	0	0	0	0	0	0	0	0	0	0	0	0	0	0	0	0	0	0	0	0	0	0	0	0	0	0	0	0	0	0	4005	-2754	2768	22992	-7741	-295	-52	969	216	-1	-1	0	-51	955	213	1606974683
-47	-43	0	-66	-64	-61	-73	0	-72	-76	-72	-71	-75	0	0	0	0	-83	-84	-84	0	0	-84	-84	0	0	-82	-89	-89	0	-87	-88	-89	-60	0	0	0	0	-85	0	0	-87	0	0	0	0	0	0	0	-85	0	0	-84	-86	0	0	0	0	0	0	0	0	0	0	0	0	0	0	0	0	0	0	0	0	0	0	0	0	0	0	0	-58	0	0	0	0	0	0	0	0	0	0	0	0	0	0	0	0	0	0	0	0	0	0	0	0	0	0	0	0	0	0	0	0	0	0	0	0	0	0	0	0	0	0	0	0	4005	-2739	2768	22992	-7744	-295	-51	970	216	0	0	-1	-51	955	213	1606974685
-48	-41	-35	-61	-63	-61	-73	-73	-71	-77	-72	-72	-75	-69	0	0	0	-83	-83	-84	-79	-81	-84	-84	-81	-79	-89	-90	-89	0	-89	-89	-90	-62	0	0	0	0	-84	0	0	0	0	0	0	0	0	0	0	0	0	0	0	0	0	0	0	0	0	0	0	0	0	0	0	0	0	0	0	0	0	0	0	0	0	0	0	0	0	0	0	-50	0	0	0	0	0	0	0	0	0	0	0	0	0	0	0	0	0	0	0	0	0	0	0	0	0	0	0	0	0	0	0	0	0	0	0	0	0	0	0	0	0	0	0	0	4020	-2694	2828	22992	-7742	-295	-51	972	217	0	-1	0	-51	955	213	1606974687
0	-43	-34	-65	-63	-61	-66	-72	-70	-77	-73	-71	-75	-72	0	0	0	-83	-83	-83	0	-81	-84	-84	0	0	0	-89	-89	0	-89	-89	-88	-61	-62	0	0	0	-85	0	0	0	0	0	0	0	0	0	0	0	0	0	0	0	0	0	0	0	0	0	0	0	0	0	0	0	0	0	0	0	0	0	0	0	0	0	0	0	0	0	0	-50	0	0	0	0	0	0	0	0	0	0	0	0	0	0	0	0	0	0	0	0	0	0	0	0	0	0	0	0	0	0	0	0	0	0	0	0	0	0	0	0	0	0	0	0	4035	-2694	2813	22991	-7739	-296	-51	970	216	-1	-1	0	-51	955	213	1606974688
-47	-42	0	-64	-60	0	-74	-67	-61	-76	-62	-62	-71	-73	0	0	0	-84	-85	-86	0	-81	-85	-85	0	0	0	-89	-89	0	-89	-89	-89	-53	0	0	0	0	-89	0	0	0	0	0	0	0	0	0	0	-84	0	0	-86	-83	0	0	0	0	0	0	-95	0	0	0	0	0	0	0	-95	0	0	0	0	0	0	0	0	0	0	0	0	-58	0	0	0	0	0	0	0	0	0	0	0	0	0	0	0	0	0	0	0	0	0	0	0	0	0	0	0	0	0	0	0	0	0	0	0	0	0	0	0	0	0	0	0	0	4050	-2724	2798	22993	-7746	-296	-51	970	216	-1	-1	-1	-51	955	212	1606974690
-48	0	-34	-63	-65	0	-73	-75	-70	0	-71	-72	-74	-73	0	0	-80	-83	-83	-83	-80	-80	-83	-83	-80	0	-88	-90	-89	0	-89	-89	-88	-60	0	0	0	0	-84	0	0	0	-93	0	0	0	0	0	0	-85	0	0	0	0	0	0	0	0	0	0	0	0	0	0	0	0	0	0	0	0	0	0	0	0	0	0	0	0	0	0	0	-59	0	0	0	0	0	0	0	0	0	0	0	0	0	0	0	0	0	0	0	0	0	0	0	0	0	0	0	0	0	0	0	0	0	0	0	0	0	0	0	0	0	0	0	0	4050	-2724	2768	22991	-7738	-296	-52	970	216	-1	-1	-1	-51	955	213	1606974691
-46	0	-34	-63	-65	0	-74	-70	-71	0	-72	-72	-75	0	0	0	0	-85	-83	-84	-81	-78	-85	-84	-81	0	-90	-88	-89	0	-88	-88	-89	-60	0	0	0	0	-85	0	0	0	0	0	-86	0	0	0	0	-85	0	0	-85	-82	0	0	0	0	0	0	0	0	0	0	0	0	0	0	0	0	0	0	0	0	0	0	0	0	0	0	0	-59	0	0	0	0	0	0	0	0	0	0	0	0	0	0	0	0	0	0	0	0	0	0	0	0	0	0	0	0	-94	0	0	0	0	0	0	0	0	0	0	0	0	0	0	0	4020	-2724	2828	22991	-7739	-296	-52	970	216	-1	-1	-1	-51	955	213	1606974693
-48	-42	-34	-64	-64	0	0	0	-70	-78	-71	-71	-76	0	0	-84	0	-83	-84	-83	0	-79	-83	-83	0	0	-86	-88	-90	0	-89	-89	-90	-62	0	0	0	0	-84	0	0	0	0	0	0	-90	0	0	0	0	0	0	0	0	0	0	0	0	0	0	0	0	0	0	0	0	0	0	0	0	0	0	0	0	0	0	0	0	0	0	0	-49	0	0	0	0	0	0	0	0	0	0	0	0	0	0	0	0	0	0	0	0	0	0	0	0	0	0	0	0	0	0	0	0	0	0	0	0	0	0	0	0	0	0	0	0	3975	-2739	2753	22992	-7742	-296	-52	970	215	-1	-1	-1	-51	955	213	1606974695
-48	-41	-35	-65	-61	0	0	-73	-72	-71	-70	-71	-75	0	0	-83	0	-82	-83	-83	0	-78	-83	-84	0	0	-88	-90	-88	0	-91	-89	-90	-62	0	0	0	0	-85	0	0	0	0	0	-88	0	0	0	0	0	0	0	0	0	0	0	0	0	0	0	0	0	0	0	0	0	0	0	0	0	0	0	0	0	0	0	0	0	0	0	0	0	0	0	0	0	0	0	0	0	0	0	0	0	0	0	0	0	0	0	0	0	0	0	0	0	0	0	0	0	0	0	0	0	0	0	0	0	0	0	0	0	0	0	0	0	4005	-2694	2753	22991	-7740	-296	-52	970	216	-1	-1	-1	-51	955	213	1606974696
-47	-42	0	-66	0	0	-70	-74	-69	-76	-72	-69	-74	-70	0	0	0	-85	-84	-83	0	0	-85	-84	0	0	-78	-90	-91	0	-88	-89	-89	-61	0	0	0	0	-86	0	0	0	0	0	0	0	0	0	0	-84	0	0	-84	-81	0	-88	0	0	0	0	0	0	0	0	0	0	0	0	0	0	0	0	0	0	0	0	0	0	0	0	0	-50	0	0	0	0	0	0	0	0	0	0	0	0	0	0	0	0	0	0	0	0	0	0	0	0	0	0	0	0	0	0	0	0	0	0	0	0	0	0	0	0	0	0	0	0	4035	-2739	2783	22991	-7740	-296	-52	970	217	-1	-1	-1	-51	955	213	1606974698
-48	-43	-34	-63	-65	0	-69	-70	-61	-76	-63	-63	0	-73	0	0	0	-85	-86	-86	0	0	-85	-85	0	0	0	-89	-90	0	-89	-90	-89	-55	0	0	0	0	-90	0	0	-88	0	0	0	0	0	0	0	-85	0	0	-82	-82	0	0	0	0	0	0	-96	0	0	0	0	0	0	0	-95	0	0	0	0	0	0	0	0	0	0	0	0	-60	0	0	0	0	0	0	0	0	0	0	0	0	0	0	0	0	0	0	0	0	0	0	0	0	0	0	0	0	0	0	0	0	0	0	0	0	0	0	0	0	0	0	0	0	4080	-2747	2783	22991	-7738	-295	-52	969	215	-1	-1	-1	-51	955	213	1606974699
-48	-42	-35	-65	-66	0	-74	-66	-72	-76	-70	-72	-75	-67	0	0	0	-82	-83	-83	0	-80	-84	-83	0	0	-86	-88	-89	0	-89	-90	-89	-60	0	0	0	0	-86	0	0	0	0	0	0	0	0	-86	0	-84	0	0	-87	-83	0	0	0	0	0	0	0	0	0	0	0	0	0	0	0	0	0	0	0	0	0	0	0	0	0	0	0	-60	0	0	0	0	0	0	0	0	0	0	0	0	0	0	0	0	0	0	0	0	0	0	0	0	0	0	0	0	0	0	0	0	0	0	0	0	0	0	0	0	0	0	-84	0	3975	-2739	2768	22992	-7742	-295	-52	971	217	-1	-1	-1	-51	955	213	1606974701
0	-39	-34	-66	-65	0	-70	-69	-71	0	-72	-71	-74	-69	0	-83	0	-83	-83	-83	-80	-79	-82	-83	-79	0	-76	-88	-89	0	-89	-89	-90	-61	0	0	0	0	-85	0	0	0	0	0	-89	0	0	0	0	0	0	0	0	0	0	0	0	0	0	0	0	0	0	0	0	0	0	0	0	0	0	0	0	0	0	0	0	0	0	0	0	-50	0	0	0	0	0	0	0	0	0	0	0	0	0	0	0	0	0	0	0	0	0	0	0	0	0	0	0	0	0	0	0	0	0	0	0	0	0	0	0	0	0	0	0	0	4020	-2664	2738	22991	-7739	-296	-52	970	215	-1	0	-1	-51	955	213	1606974703
-48	-42	-34	-67	-65	0	0	0	-70	0	-72	-71	-76	0	0	-86	0	-82	-83	-83	-78	-79	-83	-83	-80	-80	-88	-89	-90	0	-89	-89	-89	-61	-64	0	0	0	-86	0	0	0	0	0	-88	0	-88	0	0	0	-90	0	0	0	0	0	0	0	0	0	0	0	0	0	0	0	0	0	0	0	0	0	0	0	0	0	0	0	0	0	0	-55	0	0	0	0	0	0	0	0	0	0	0	0	0	0	0	0	0	0	0	0	0	0	0	0	0	0	0	0	0	0	0	0	0	0	0	0	0	0	0	0	0	0	0	0	3794	-2738	2783	22992	-7744	-296	-53	969	216	0	-1	-1	-51	955	213	1606974704
-48	-42	-34	-66	0	0	-75	0	-69	-76	0	-70	-75	-70	0	-84	0	-83	-83	-83	0	-80	-83	-84	0	0	-88	-88	-89	0	-90	-91	-89	-61	0	0	0	0	0	0	0	-86	0	0	0	0	0	0	0	-82	0	0	-82	-81	0	0	0	0	0	0	0	0	0	0	0	0	0	0	0	0	0	0	0	0	0	0	0	0	0	0	0	-50	0	0	0	0	0	0	0	0	0	0	0	0	0	0	0	0	0	0	0	0	0	0	0	0	0	0	0	0	0	0	0	0	0	0	0	0	0	0	0	0	0	0	0	0	3960	-2709	2828	22991	-7739	-295	-51	970	216	-1	-1	0	-51	955	213	1606974706
-48	-42	-34	-66	0	0	-74	-73	-70	-77	-73	-72	-75	-74	0	-86	0	-83	-84	-84	-79	-79	-84	-83	0	-79	-87	-88	-89	0	-91	-89	-90	-62	0	0	0	0	-85	0	0	-85	0	0	0	0	-90	0	-88	0	-87	0	0	0	0	0	0	0	0	0	0	0	0	0	0	0	0	0	0	0	0	0	0	0	0	0	0	0	0	0	0	0	0	0	0	0	0	0	0	0	0	0	0	0	0	0	0	0	0	0	0	0	0	0	0	0	0	0	0	0	0	0	0	0	0	0	0	0	0	0	0	0	0	0	0	0	4020	-2739	2768	22991	-7740	-297	-52	970	216	0	0	-1	-51	955	213	1606974707
-48	-42	-34	-62	-61	0	-73	0	-72	0	-70	-71	-76	-73	0	-85	-80	-84	-83	-83	-78	-79	-83	-83	-79	-79	-89	-88	-88	0	-88	-88	-88	-61	0	0	0	0	-85	0	0	0	0	0	0	0	0	0	0	-82	0	0	-84	-84	0	0	0	0	0	0	0	0	0	0	0	0	0	0	0	0	0	0	0	0	0	0	0	0	0	0	0	-60	0	0	0	0	0	0	0	0	0	0	0	0	0	0	0	0	0	0	0	0	0	0	0	0	0	0	0	0	0	0	0	0	0	0	0	0	0	0	0	0	0	0	0	0	4028	-2739	2768	22992	-7742	-296	-53	970	214	-1	-1	-1	-51	955	213	1606974709
-48	-42	-34	-62	-63	0	-68	-67	-72	-77	-70	-70	-74	-68	-82	-85	-80	-82	-83	-83	-82	-80	-83	-82	-80	-80	-86	-89	-88	0	-88	-89	-89	-62	0	0	0	0	-84	0	0	0	0	0	0	0	0	0	0	-85	0	0	0	0	0	0	0	0	0	0	0	0	0	0	0	0	0	0	0	0	0	0	0	0	0	0	0	0	0	0	0	-61	0	0	0	0	0	0	0	0	0	0	0	0	0	0	0	0	0	0	0	0	0	0	0	0	0	0	0	0	0	0	0	0	0	0	0	0	0	0	0	0	0	0	0	0	4012	-2679	2753	22991	-7741	-296	-52	969	216	-1	-1	-1	-51	955	213	1606974711
0	-43	0	-64	-65	0	-72	-67	-71	-77	-73	-71	-74	-72	0	0	0	-82	-83	-83	0	-79	-83	-83	0	0	-88	-89	-90	0	-90	-88	-89	-61	0	0	0	0	-84	0	0	0	0	0	0	0	0	0	0	0	0	0	0	0	0	0	0	0	0	0	0	0	0	0	0	0	0	0	0	0	0	0	0	0	0	0	0	0	0	0	0	-49	0	0	0	0	0	0	0	0	0	0	0	0	0	0	0	0	0	0	0	0	0	0	0	0	0	0	0	0	0	0	0	0	0	0	0	0	0	0	0	0	0	0	0	0	3975	-2709	2783	22991	-7740	-296	-52	969	216	-1	-1	-1	-51	955	213	1606974712
-47	-42	-34	-64	-65	0	0	-67	-72	-72	-73	-72	-74	-65	0	0	-80	-83	-82	-83	0	0	-83	-84	-82	-83	-88	-90	-90	0	-89	-89	-90	-62	0	0	0	0	-85	0	0	0	0	0	0	0	0	-89	0	0	0	0	0	0	0	0	0	0	0	0	0	0	0	0	0	0	0	0	0	0	0	0	0	0	0	0	0	0	0	0	0	-61	0	0	0	0	0	0	0	0	0	0	0	0	0	0	0	0	0	0	0	0	0	0	0	0	0	0	0	0	0	0	0	0	0	0	0	0	0	0	0	0	0	0	0	0	4005	-2679	2783	22991	-7739	-296	-52	970	215	0	0	0	-51	955	213	1606974714
-47	-44	-34	-62	0	0	-72	-72	-71	-73	-72	-72	-75	0	0	0	0	-84	-83	-83	0	-80	-84	-83	0	0	-84	-88	-89	0	-89	-89	-90	-62	0	0	0	0	-84	0	0	0	0	0	0	0	0	0	0	-84	0	0	-82	-82	0	0	0	0	0	0	0	0	0	0	0	0	0	0	0	0	0	0	0	0	0	0	0	0	0	0	0	-49	0	0	0	0	0	0	0	0	0	0	0	0	0	0	0	0	0	0	0	0	0	0	0	0	0	0	0	0	0	0	0	0	0	0	0	0	0	0	0	0	0	0	0	0	4005	-2724	2753	22992	-7744	-296	-51	970	216	0	-1	-1	-51	955	213	1606974716
0	0	-34	-61	0	0	0	-72	-71	0	-70	-70	-75	0	0	0	0	-82	-84	-84	0	-81	-83	-83	0	0	-87	-89	-90	0	-90	-90	-89	-63	0	0	0	0	-84	0	0	0	0	0	0	0	-88	0	-90	-84	0	0	-83	-84	0	0	0	0	0	0	0	0	0	0	0	0	0	0	0	0	0	0	0	0	0	0	0	0	0	0	0	-50	0	0	0	0	0	0	0	0	0	0	0	0	0	0	0	0	0	0	0	0	0	0	0	0	0	0	0	0	0	0	0	0	0	0	0	0	0	0	0	0	0	0	0	0	3960	-2724	2813	22991	-7739	-295	-52	970	216	-1	-1	0	-51	955	213	1606974717
-48	0	-34	-61	-64	0	0	0	-71	0	-71	-72	-75	0	0	-85	0	-83	-82	-84	0	0	-83	-83	0	0	-87	-89	-90	0	-89	-88	-90	-61	0	0	0	0	-83	0	0	0	0	0	0	0	-90	0	0	-84	-89	0	0	0	0	0	0	-90	0	0	0	0	0	0	0	0	0	0	0	0	0	0	0	0	0	0	0	0	0	0	0	-49	0	0	0	0	0	0	0	0	0	0	0	0	0	0	0	0	0	0	0	0	0	0	0	0	0	0	0	0	0	0	0	0	0	0	0	0	0	0	0	0	0	0	0	0	3967	-2739	2776	22991	-7740	-296	-52	970	216	-1	-1	0	-51	955	213	1606974719
-47	-42	-34	0	0	0	0	0	-71	-72	-72	-72	-75	0	0	0	0	-82	-84	-82	0	0	-82	-82	0	0	-87	-88	-89	0	-89	-90	-89	-60	0	0	0	0	-84	0	0	-87	0	0	0	0	-90	0	0	-80	-87	0	-84	-84	0	0	0	0	0	0	0	0	0	0	0	0	0	0	0	0	0	0	0	0	0	0	0	0	0	0	0	-49	0	0	0	0	0	0	0	0	0	0	0	0	0	0	0	0	0	0	0	0	0	0	0	0	0	0	0	0	0	0	0	0	0	0	0	0	0	0	0	0	0	0	0	0	4020	-2679	2768	22992	-7744	-296	-52	969	216	-1	0	-1	-51	955	212	1606974720
-47	-44	-34	-64	-62	-61	-74	0	-72	-76	-71	-72	-76	-73	0	0	0	-82	-83	-83	0	0	-82	-83	0	0	-86	-88	-88	0	-90	-89	-90	-62	0	0	0	0	-86	0	0	0	0	0	0	0	0	0	0	-83	0	0	-83	-81	0	-86	0	0	0	0	0	0	0	0	0	0	0	0	0	0	0	0	0	0	0	0	0	0	0	0	0	0	0	0	0	0	0	0	0	0	0	0	0	0	0	0	0	0	0	0	0	0	0	0	0	0	0	0	0	0	0	0	0	0	0	0	0	0	0	0	0	0	0	0	0	0	4050	-2724	2768	22991	-7741	-296	-52	970	217	0	-1	0	-51	955	213	1606974722
-47	-40	-35	-62	0	0	-68	0	-70	0	-73	-73	-75	0	0	0	0	-83	-83	-83	0	-80	-83	-83	0	0	-87	-89	-90	0	-90	-89	-90	-62	0	0	0	0	-85	0	0	0	0	0	0	0	-88	0	-88	0	-87	0	0	-84	0	0	0	0	-74	0	0	0	0	0	0	0	0	0	0	0	0	0	0	0	0	0	0	0	0	0	0	-50	0	0	0	0	0	0	0	0	0	0	0	0	0	0	0	0	0	0	0	0	0	0	0	0	0	0	0	0	0	0	0	0	0	0	0	0	0	0	0	0	0	0	0	0	4020	-2724	2768	22990	-7738	-297	-52	970	215	-1	-1	0	-51	955	214	1606974724
-48	-44	-35	-63	-60	0	-69	-72	-71	0	-69	-71	-74	-69	0	0	0	-82	-82	-82	0	-80	-82	-83	0	0	-88	-89	-90	0	0	-89	-89	-62	0	0	0	0	-84	0	0	-86	0	0	0	0	0	0	0	-84	0	0	-84	-85	0	0	0	0	0	0	0	0	0	0	0	0	0	0	0	0	0	0	0	0	0	0	0	0	0	0	0	-49	0	0	0	0	0	0	0	0	0	0	0	0	0	0	0	0	0	0	0	0	0	0	0	0	0	0	0	0	0	0	0	0	0	0	0	0	0	0	0	0	0	0	0	0	4005	-2739	2783	22991	-7741	-296	-52	969	216	0	-1	0	-51	955	213	1606974725
-47	-41	-34	0	-64	-61	0	0	-72	-76	-71	-70	-75	0	0	0	0	-82	-83	-82	0	-81	-83	-82	0	0	-87	-90	-88	0	-89	-89	-89	-61	-67	0	0	0	-83	0	0	0	0	0	0	0	0	0	0	-86	0	0	-83	-82	0	0	0	0	0	0	0	0	0	0	0	0	0	0	0	0	0	0	0	0	0	0	0	0	0	0	0	-49	0	0	0	0	0	0	0	0	0	0	0	0	0	0	0	0	0	0	0	0	0	0	0	0	0	0	0	0	0	0	0	0	0	0	0	0	0	0	0	0	0	0	0	0	4005	-2769	2753	22991	-7739	-296	-51	970	215	0	0	0	-51	955	213	1606974727
-47	-43	-35	-63	0	-60	-69	-69	-70	0	-71	-70	-75	-70	0	-85	0	-83	-83	-83	0	0	-83	-82	0	0	-86	-89	-90	0	-90	-89	-90	-62	0	0	0	0	-84	0	0	-87	0	0	-87	0	0	0	0	-84	0	0	0	0	0	0	0	0	0	0	0	0	0	0	0	0	0	0	0	0	0	0	0	0	0	0	0	0	0	0	0	-60	0	0	0	0	0	0	0	0	0	0	0	0	0	0	0	0	0	0	0	0	0	0	0	0	0	0	0	0	0	0	0	0	0	0	0	0	0	0	0	0	0	0	0	0	4020	-2671	2753	22991	-7739	-296	-53	969	215	0	0	0	-51	955	213	1606974728
-47	-42	-35	-62	-62	-61	-76	-70	-72	-77	-70	-70	-75	-68	0	0	-81	-82	-83	-82	-80	-79	-81	-82	-81	0	-87	-89	-89	0	-90	-90	-89	-62	0	0	0	0	-83	0	0	0	0	0	0	0	0	0	0	0	0	0	0	0	0	0	0	0	0	0	0	0	0	0	0	0	0	0	0	0	0	0	0	0	0	0	0	0	0	0	0	-50	0	0	0	0	0	0	0	0	0	0	0	0	0	0	0	0	0	0	0	0	0	0	0	0	0	0	0	0	0	0	0	0	0	0	0	0	0	0	0	0	0	0	0	0	3975	-2739	2753	22992	-7743	-297	-51	970	216	0	0	0	-51	955	213	1606974730
-47	-44	-35	-63	-66	-61	0	0	-61	-75	-63	-62	-69	0	0	0	0	-85	-85	-84	0	0	-85	-85	0	0	-87	-90	-90	0	-91	-89	-90	-54	0	0	0	0	-90	0	0	0	0	0	0	0	-90	0	0	0	0	0	0	0	0	-86	0	0	0	0	-94	0	0	0	0	0	0	0	-95	0	0	0	0	0	0	0	0	0	0	0	0	-49	0	0	0	0	0	0	0	0	0	0	0	0	0	0	0	0	0	0	0	0	0	0	0	0	0	0	0	0	0	0	0	0	0	0	0	0	0	0	0	0	0	0	0	0	3990	-2694	2768	22991	-7738	-296	-52	970	216	0	-1	-1	-51	955	214	1606974732
-48	-43	-34	0	0	0	0	0	-62	0	-63	-63	-69	0	0	0	0	-84	-86	-85	0	-82	-86	-86	0	0	-85	-90	-90	0	-90	-89	-91	-54	0	0	0	0	-90	0	0	-87	0	0	0	0	0	-85	0	-83	0	0	-69	-84	0	0	0	0	0	0	0	0	0	0	0	0	0	0	-95	0	0	0	0	0	0	0	0	0	0	0	0	-59	0	0	0	0	0	0	0	0	0	0	0	0	0	0	0	0	0	0	0	0	0	0	0	0	0	0	0	0	0	0	0	0	0	0	0	0	0	0	0	0	0	0	0	0	4005	-2724	2768	22991	-7741	-296	-52	969	216	0	-1	-1	-51	955	213	1606974733
-47	-44	-34	0	-63	0	-69	-68	-70	0	-71	-72	-75	-67	0	0	0	-82	-83	-83	0	-79	-82	-84	0	0	-86	-90	-89	0	-91	-89	-90	-62	0	0	0	0	-83	0	0	0	0	0	0	0	0	-86	0	0	0	0	-81	-83	0	0	0	0	0	0	0	0	0	0	0	0	0	0	0	0	0	0	0	0	0	0	0	0	0	0	0	-60	0	0	0	0	0	0	0	0	0	0	0	0	0	0	0	0	0	0	0	0	0	0	0	0	0	0	0	0	0	0	0	0	0	0	0	0	0	0	0	0	0	0	0	0	3960	-2664	2783	22992	-7743	-296	-52	970	215	0	-1	-1	-51	955	213	1606974735
-48	-43	-35	0	-61	0	0	0	-71	-76	-71	-72	-75	0	0	0	0	-82	-83	-83	0	-80	-83	-83	0	0	-87	-90	-89	0	-90	-90	-90	-62	0	0	0	0	-84	0	0	-88	0	0	0	0	0	0	0	0	0	0	0	0	0	0	0	0	0	0	0	0	0	0	0	0	0	0	0	0	0	0	0	0	0	0	0	0	0	0	0	-59	0	0	0	0	0	0	0	0	0	0	0	0	0	0	0	0	0	0	0	0	0	0	0	0	0	0	0	0	0	0	0	0	0	0	0	0	0	0	0	0	0	0	0	0	4058	-2755	2798	22991	-7740	-296	-51	968	215	-1	-1	0	-51	955	213	1606974736
-47	-42	-35	-62	-63	0	-68	0	-61	-76	0	-63	-69	0	0	-84	0	-85	-86	-85	0	0	-85	-86	0	0	-86	-90	-89	0	-89	-90	-89	-54	0	0	0	0	-89	0	0	0	0	0	0	0	0	0	0	0	0	0	0	0	0	0	0	0	0	0	-95	0	0	0	0	0	0	0	0	0	0	0	0	0	0	0	0	0	0	0	0	-50	0	0	0	0	0	0	0	0	0	0	0	0	0	0	0	0	0	0	0	0	0	0	0	0	0	0	0	0	0	0	0	0	0	0	0	0	0	0	0	0	0	0	0	-91	4005	-2724	2783	22991	-7739	-296	-52	969	215	-1	0	0	-51	955	213	1606974738
-49	-42	-35	-62	0	0	-69	0	-71	-75	-70	-71	-75	-74	0	-87	0	-82	-83	-84	0	0	-83	-83	0	0	-88	-89	-90	0	-89	-90	-89	-61	0	0	0	0	-83	0	0	0	0	0	0	0	0	0	0	-84	0	0	-86	-82	0	0	0	0	0	0	0	0	0	0	0	0	0	0	0	0	0	0	0	0	0	0	0	0	0	0	0	-49	0	0	0	0	0	0	0	0	0	0	0	0	0	0	0	0	0	0	0	0	0	0	0	0	0	0	0	0	0	0	0	0	0	0	0	0	0	0	0	0	0	0	0	0	4058	-2679	2783	22992	-7742	-297	-52	970	216	-1	-1	-1	-51	955	213	1606974740
0	-42	-35	-62	-64	0	-73	-67	-72	0	-72	-72	-74	-69	0	-83	-78	-84	-83	-83	-76	-78	-84	-83	-77	-79	-88	-90	-89	0	-89	-89	-90	-62	0	0	0	0	-85	0	0	0	0	0	0	0	0	0	0	0	0	0	0	0	0	0	0	0	0	0	0	0	0	0	0	0	0	0	0	0	0	0	0	0	0	0	0	0	0	0	0	-60	0	0	0	0	0	0	0	0	0	0	0	0	0	0	0	0	0	0	0	0	0	0	0	0	0	0	0	0	0	0	0	0	0	0	0	0	0	0	0	0	0	0	0	0	4005	-2694	2753	22992	-7742	-296	-53	969	216	0	-1	-1	-51	955	213	1606974741
-47	-44	-35	-64	-63	0	-68	-72	-70	0	-72	-70	-76	-68	0	-85	0	-83	-83	-84	0	0	-83	-83	0	0	-85	-89	-89	0	-88	-90	-90	-62	0	0	0	0	-84	0	0	0	0	0	0	0	0	0	0	-84	0	0	-83	-84	0	-85	0	0	0	0	0	0	0	0	0	0	0	0	0	0	0	0	0	0	0	0	0	0	0	0	0	-49	0	0	0	0	0	0	0	0	0	0	0	0	0	0	0	0	0	0	0	0	0	0	0	0	0	0	0	0	0	0	0	0	0	0	0	0	0	0	0	0	0	0	0	0	4035	-2694	2783	22991	-7739	-297	-51	969	215	-1	0	0	-51	955	213	1606974743
-48	-42	-34	-65	-62	0	0	0	-72	-75	-70	-70	-73	0	0	-83	0	-84	-84	-84	0	-76	-84	-84	0	0	-89	-89	-90	0	-89	-88	-90	-61	0	0	0	0	-85	0	0	0	0	0	0	0	0	0	0	-83	-92	0	-84	-85	0	0	0	0	0	0	0	0	0	0	0	0	0	0	0	0	0	0	0	0	0	0	0	0	0	0	0	-50	0	0	0	0	0	0	0	0	0	0	0	0	0	0	0	0	0	0	0	0	0	0	0	0	0	0	0	0	0	0	0	0	0	0	0	0	0	0	0	0	0	0	0	-93	3975	-2724	2768	22993	-7745	-297	-52	969	215	-1	0	-1	-51	955	212	1606974745
-47	-43	-35	-64	-61	0	-74	-73	-70	-76	-70	-71	-75	-67	0	-84	0	-83	-84	-84	0	0	-83	-84	0	0	-86	-90	-90	0	-89	-89	-90	-62	0	0	0	0	-82	0	0	0	0	0	0	0	0	0	0	-84	0	0	-84	-84	0	0	0	0	0	0	0	0	0	0	0	0	0	0	0	0	0	0	0	0	0	0	0	0	0	0	0	-49	0	0	0	0	0	0	0	0	0	0	0	0	0	0	0	0	0	0	0	0	0	0	0	0	0	0	0	0	0	0	0	0	0	0	0	0	0	0	0	0	0	0	0	0	4050	-2739	2768	22991	-7739	-296	-52	969	215	0	-1	-1	-51	955	213	1606974746
-48	-41	-34	-63	-62	0	0	-67	-63	0	-62	-63	-70	0	0	0	0	-84	-84	-84	0	-78	-85	-84	0	0	-86	-89	-91	0	-90	-90	-89	-53	0	0	0	0	-90	0	0	0	0	0	0	0	0	0	0	-82	0	0	-84	-84	0	0	0	0	0	0	0	0	0	0	0	0	0	0	-94	0	0	0	0	0	0	0	0	0	0	0	0	-61	0	0	0	0	0	0	0	0	0	0	0	0	0	0	0	0	0	0	0	0	0	0	0	0	0	0	0	0	0	0	0	0	0	0	0	0	0	0	0	0	0	0	0	0	4050	-2657	2753	22991	-7740	-296	-52	969	215	0	-1	-1	-51	955	213	1606974748
-47	-43	0	-62	-58	0	0	-73	-62	0	-62	-62	-69	0	0	0	0	-85	-85	-85	0	-77	-86	-86	0	0	-88	-91	-90	0	-89	-88	-89	-55	0	0	0	0	-88	0	0	0	0	0	0	0	0	0	0	-85	0	0	-83	-82	0	-86	0	0	0	0	0	0	0	0	0	0	0	0	-94	0	-82	0	0	0	0	0	0	0	0	0	0	-58	0	0	0	0	0	0	0	0	0	0	0	0	0	0	0	0	0	0	0	0	0	0	0	0	0	0	0	0	0	0	0	0	0	0	0	0	0	0	0	0	0	0	0	0	3975	-2694	2783	22992	-7743	-295	-52	970	215	0	-1	0	-51	955	213	1606974749
-47	0	-34	-63	0	0	0	-70	-62	-78	-62	-62	-70	0	0	0	0	-84	-85	-85	0	0	-84	-85	0	0	0	-90	-90	0	-90	-89	-89	-54	0	0	0	0	-87	0	0	0	0	0	0	0	-87	0	0	-85	0	0	-84	-82	0	-86	0	0	0	0	0	0	0	0	0	0	0	0	0	0	0	0	0	0	0	0	0	0	0	0	0	-60	0	0	0	0	0	0	0	0	0	0	0	0	0	0	0	0	0	0	0	0	0	0	0	0	0	0	0	0	0	0	0	0	0	0	0	0	0	0	0	0	0	0	0	0	4050	-2739	2768	22991	-7739	-296	-52	969	216	-1	0	0	-51	955	213	1606974751
-48	-43	-34	-63	-62	0	0	-61	-70	-77	-70	-70	-74	-72	0	0	0	-83	-84	-82	-78	-79	-83	-83	-78	-77	-88	-90	-90	0	-88	-90	-90	-62	0	0	0	0	-85	0	0	0	0	0	0	0	0	0	0	-85	0	0	0	0	0	0	0	0	0	0	0	0	0	0	0	0	0	0	0	0	0	0	0	0	0	0	0	0	0	0	0	-50	0	0	0	0	0	0	0	0	0	0	0	0	0	0	0	0	0	0	0	0	0	0	0	0	0	0	0	0	0	0	0	0	0	0	0	0	0	0	0	0	0	0	0	0	4065	-2694	2783	22991	-7740	-296	-52	969	216	0	0	-1	-51	955	213	1606974752
-48	-43	-35	-63	-62	0	-68	0	-71	-77	-69	-70	-74	-73	0	0	0	-84	-83	-82	0	0	-83	-83	0	0	-88	-89	-91	0	-89	-89	-89	-63	0	0	0	0	-85	0	0	-90	0	0	0	0	0	0	0	-82	0	0	-84	-81	0	0	0	0	0	0	0	0	0	0	0	0	0	0	0	0	0	0	0	0	0	0	0	0	0	0	0	-61	0	0	0	0	0	0	0	0	0	0	0	0	0	0	0	0	0	0	0	0	0	0	0	0	0	0	0	0	0	0	0	0	0	0	0	0	0	0	0	0	0	0	0	0	4020	-2732	2746	22992	-7743	-296	-52	970	216	0	-1	-1	-51	955	213	1606974754
-47	-43	-35	-62	-59	0	-71	0	-69	-76	-71	-70	-74	0	0	0	0	-84	-82	-83	0	-80	-83	-84	0	0	-86	-90	-90	0	-90	-89	-88	-62	0	0	0	0	0	0	0	0	0	0	0	0	0	0	0	0	0	0	0	0	0	0	0	0	0	0	0	0	0	0	0	0	0	0	0	0	0	0	0	0	0	0	0	0	0	0	0	-49	0	0	0	0	0	0	0	0	0	0	0	0	0	0	0	0	0	0	0	0	0	0	0	0	0	0	0	0	0	0	0	0	0	0	0	0	0	0	0	0	0	0	0	0	4005	-2664	2783	22991	-7740	-297	-52	970	215	-1	0	0	-51	955	213	1606974755
-47	-44	-34	-63	-62	0	0	0	-61	-76	-63	-62	-70	0	0	-85	0	-84	-85	-84	0	-80	-84	-84	0	0	-88	-89	-89	0	-90	-89	-89	-54	0	0	0	0	-90	0	0	0	0	0	0	0	0	0	0	-85	0	0	0	0	0	-89	0	0	0	0	0	0	0	0	0	0	0	0	-94	0	0	0	0	0	0	0	0	0	0	0	0	-50	0	0	0	0	0	0	0	0	0	0	0	0	0	0	0	0	0	0	0	0	0	0	0	0	0	0	0	0	0	0	0	0	0	0	0	0	0	0	0	0	0	0	0	0	4020	-2747	2753	22990	-7737	-297	-52	970	216	0	0	0	-51	955	214	1606974757
-48	-43	-35	0	-63	0	0	0	-70	0	-70	-71	-74	0	0	-85	0	-83	-83	-83	0	0	-83	-82	0	0	-89	-90	-89	0	-89	-90	-90	-61	0	0	0	0	-85	0	0	0	0	0	0	0	-90	0	0	-84	-90	0	-84	-82	0	0	0	0	0	0	0	0	0	0	0	0	0	0	0	0	0	0	0	0	0	0	0	0	0	0	0	-49	0	0	0	0	0	0	0	0	0	0	0	0	0	0	0	0	0	0	0	0	0	0	0	0	0	0	0	0	0	0	0	0	0	0	0	0	0	0	0	0	0	0	0	0	4005	-2694	2820	22992	-7745	-296	-52	970	215	0	0	-1	-51	955	212	1606974758
-49	-44	-34	-60	-62	0	-69	-74	-72	-74	-72	-72	-75	-74	0	-84	-79	-83	-83	-82	-77	-78	-83	-83	-78	-78	-88	-87	-89	0	-88	-89	-88	-62	0	0	0	0	-85	0	0	0	0	0	0	0	0	-84	0	0	0	0	0	0	0	0	0	0	0	0	0	0	0	0	0	0	0	0	0	0	0	0	0	0	0	0	0	0	0	0	0	-50	0	0	0	0	0	0	0	0	0	0	0	0	0	0	0	0	0	0	0	0	0	0	0	0	0	0	0	0	0	0	0	0	0	0	0	0	0	0	0	0	0	0	0	0	4020	-2664	2768	22991	-7739	-296	-52	969	215	0	-1	0	-51	955	213	1606974760
0	-42	-34	-61	0	0	0	0	-70	0	-71	-72	-75	0	0	-84	-78	-83	-82	-83	-77	-79	-83	-83	-78	-79	-87	-90	-89	0	-90	-89	-89	-62	-66	0	0	0	-84	0	0	0	0	0	0	0	-89	0	0	-82	-90	0	0	0	0	0	0	0	0	0	0	0	0	0	0	0	0	0	0	0	0	0	0	0	0	0	0	0	0	0	0	-50	0	0	0	0	0	0	0	0	0	0	0	0	0	0	0	0	0	0	0	0	0	0	0	0	0	0	0	0	0	0	0	0	0	0	0	0	0	0	0	0	0	0	0	0	4020	-2724	2768	22991	-7740	-296	-52	969	216	0	-1	0	-51	955	213	1606974762
-48	-43	-35	-60	-60	0	-67	-68	-70	-75	-70	-72	-74	-73	0	0	0	-83	-82	-82	-78	-77	-83	-83	-78	-78	-88	-88	-89	0	-89	-90	-88	-62	0	0	0	0	-85	0	0	-88	0	0	0	0	0	0	0	0	0	0	0	0	0	0	0	0	0	0	0	0	0	0	0	0	0	0	0	0	0	0	0	0	0	0	0	0	0	0	0	-60	0	0	0	0	0	0	0	0	0	0	0	0	0	0	0	0	0	0	0	0	0	0	0	0	0	0	0	0	0	0	0	0	0	0	0	0	0	0	0	0	0	0	0	0	3990	-2754	2813	22992	-7743	-296	-52	970	214	0	-1	0	-51	955	213	1606974763
-48	-43	-34	0	-62	0	-68	0	-72	0	-72	-70	-74	0	0	0	-79	-82	-82	-83	-77	-78	-83	-82	-78	-75	-88	-89	-91	0	-90	-89	-90	-62	0	0	0	0	-83	0	0	0	0	0	0	0	-88	0	0	-84	-90	0	-82	-85	0	0	0	0	0	0	0	0	0	0	0	0	0	0	0	0	0	0	0	0	0	0	0	0	0	0	0	-50	0	0	0	0	0	0	0	0	0	0	0	0	0	0	0	0	0	0	0	0	0	0	0	0	0	0	0	0	0	0	0	0	0	0	0	0	0	0	0	0	0	0	0	0	4005	-2694	2783	22991	-7740	-296	-51	969	216	0	-1	-1	-51	955	213	1606974765
-48	-43	-34	-63	-62	0	-68	0	-61	0	-62	-61	-70	0	0	0	0	-84	-85	-85	0	-78	-84	-85	0	0	-87	-90	-90	0	-88	-90	-90	-53	0	0	0	0	-88	0	0	-88	0	0	0	0	0	0	0	-84	0	0	-85	-84	0	-88	0	0	0	0	0	0	0	0	0	0	0	0	0	0	0	0	0	0	0	0	0	0	0	0	0	-51	0	0	0	0	0	0	0	0	0	0	0	0	0	0	0	0	0	0	0	0	0	0	0	0	0	0	0	0	0	0	0	0	0	0	0	0	0	0	0	0	0	0	0	0	3930	-2694	2768	22991	-7739	-297	-52	969	216	0	0	0	-51	955	213	1606974767
-46	-43	-34	-62	-61	0	-69	-69	-71	-75	-70	-70	-75	-73	0	0	-78	-83	-83	-83	-78	-78	-83	-83	-78	-78	-87	-91	-89	0	-89	-89	-90	-62	0	0	0	0	-83	0	0	0	0	0	0	0	0	0	0	-84	0	0	0	0	0	0	0	0	0	0	0	0	0	0	0	0	0	0	0	0	0	0	0	0	0	0	0	0	0	0	0	-48	0	0	0	0	0	0	0	0	0	0	0	0	0	0	0	0	0	0	0	0	0	0	0	0	0	0	0	0	0	0	0	0	0	0	0	0	0	0	0	0	0	0	0	0	4005	-2679	2761	22992	-7743	-297	-52	970	215	-1	0	-1	-51	955	213	1606974768
-48	-42	-35	-63	-63	0	-61	-69	-70	0	-72	-70	-75	-72	0	-86	-77	-83	-83	-84	-78	-80	-84	-83	-78	-80	-87	-88	-88	0	-90	-90	-90	-63	0	0	0	0	-83	0	0	0	0	0	0	0	0	-86	0	-82	0	0	-83	-85	0	0	0	0	0	0	0	0	0	0	0	0	0	0	0	0	0	0	0	0	0	0	0	0	0	0	0	-51	0	0	0	0	0	0	0	0	0	0	0	0	0	0	0	0	0	0	0	0	0	0	0	0	0	0	0	0	0	0	0	0	0	0	0	0	0	0	0	0	0	0	0	0	4020	-2724	2783	22991	-7741	-296	-52	970	216	-1	-1	0	-51	955	213	1606974770
-48	-44	-34	-60	0	0	-74	-74	-69	-74	-72	-70	-74	-74	0	-84	0	-83	-83	-83	0	0	-83	-83	0	0	-88	-89	-91	0	-89	-89	-90	-62	0	0	0	0	-83	0	0	0	0	0	0	0	0	0	0	-82	0	0	0	0	0	0	0	0	0	0	0	0	0	0	0	0	0	0	0	0	0	0	0	0	0	0	0	0	0	0	0	-61	0	0	0	0	0	0	0	0	0	0	0	0	0	0	0	0	0	0	0	0	0	0	0	0	0	0	0	0	0	0	0	0	0	0	0	0	0	0	0	0	0	0	0	0	3990	-2724	2783	22991	-7740	-296	-52	969	215	0	0	0	-51	955	213	1606974771
-48	-43	-34	-59	-63	0	0	0	-70	-75	-72	-70	-75	-68	-82	0	0	-83	-83	-83	0	0	-83	-83	0	0	-86	-88	-89	0	0	-90	-89	-62	0	0	0	0	-85	0	0	-90	0	-90	0	0	0	0	0	-83	0	0	-83	-80	0	0	0	0	0	0	0	0	0	0	0	0	0	0	0	0	-79	0	0	0	0	0	0	0	0	0	0	-50	0	0	0	0	0	0	0	0	0	0	0	0	0	0	0	0	0	0	0	0	0	0	0	0	0	0	0	0	0	0	0	0	0	0	0	0	0	0	0	0	0	0	0	0	4043	-2724	2768	22992	-7745	-297	-53	969	216	0	0	0	-51	955	212	1606974773
-47	-41	-34	-62	-65	0	-75	-75	-69	-76	-70	-70	-74	-68	0	0	0	-82	-82	-83	0	0	-84	-84	0	0	-86	0	0	0	0	0	0	-61	0	0	0	0	-85	0	0	0	0	0	0	0	0	0	0	0	0	0	0	0	0	0	0	0	0	0	0	0	0	0	0	0	0	0	0	0	0	0	0	0	0	0	0	0	0	0	0	-58	0	0	0	0	0	0	0	0	0	0	0	0	0	0	0	0	0	0	0	0	0	0	0	0	0	0	0	0	0	0	0	0	0	0	0	0	0	0	0	0	0	0	0	0	4013	-2724	2768	22991	-7739	-297	-52	970	216	0	0	-1	-51	955	213	1606974775
-48	-42	-34	-61	0	0	-73	-68	-70	0	-70	-70	-74	-73	0	0	-79	-82	-83	-83	-78	-78	-83	-83	-78	-78	-87	-91	-91	0	-89	-90	-90	-62	0	0	0	0	-84	0	0	0	0	0	0	0	0	0	0	-83	0	0	-85	-85	0	0	0	0	0	0	0	0	0	0	0	0	0	0	0	0	0	0	0	0	0	0	0	0	0	0	0	-50	0	0	0	0	0	0	0	0	0	0	0	0	0	0	0	0	0	0	0	0	0	0	0	0	0	0	0	0	0	0	0	0	0	0	0	0	0	0	0	0	0	0	0	0	4020	-2724	2716	22991	-7739	-296	-52	970	216	-1	-1	0	-51	955	213	1606974776
-46	-42	0	-63	-60	-61	0	-70	-61	-75	-63	-61	-70	0	0	-86	-80	-86	-85	-85	-77	-77	-86	-86	-77	-78	-89	-88	-90	0	-89	-89	-90	-57	0	0	0	0	-89	0	0	0	0	0	0	0	0	0	0	0	0	0	0	0	0	0	0	0	0	0	0	0	0	0	0	0	0	0	-94	0	0	0	0	0	0	0	0	0	0	0	0	-50	0	0	0	0	0	0	0	0	0	0	0	0	0	0	0	0	0	0	0	0	0	0	0	0	0	0	0	0	0	0	0	0	0	0	0	0	0	0	0	0	0	0	0	0	4005	-2724	2768	22991	-7739	-297	-52	970	215	-1	-1	-1	-51	955	213	1606974778
-47	-43	0	-53	-65	-60	0	0	-71	0	-71	-71	-74	0	0	-85	-78	-83	-83	-83	-77	-79	-83	-83	-77	-77	-87	-89	-90	0	-90	-89	-90	-61	0	0	0	0	-85	0	0	0	0	0	0	0	0	0	0	-84	0	0	0	0	0	0	0	0	0	0	0	0	0	0	0	0	0	0	0	0	0	0	0	0	0	0	0	0	0	0	0	-60	0	0	0	0	0	0	0	0	0	0	0	0	0	0	0	0	0	0	0	0	0	0	0	0	0	0	0	0	0	0	0	0	0	0	0	0	0	0	0	0	0	0	0	0	4020	-2724	2813	22991	-7740	-297	-51	970	216	0	-1	-1	-51	955	213	1606974779
-43	-43	-33	-59	-62	-60	0	0	-69	-75	-70	-69	-74	-69	0	-77	0	-83	-84	-83	0	0	-84	-83	0	0	-87	-89	-89	0	-89	-89	-89	-63	0	0	0	0	-84	0	0	-88	0	0	0	0	0	0	0	0	0	0	0	0	0	0	0	0	0	0	0	0	0	0	0	0	0	0	0	0	0	0	0	0	0	0	0	0	0	0	0	-61	0	0	0	0	0	0	0	0	0	0	0	0	0	0	0	0	0	0	0	0	0	0	0	0	0	0	0	0	0	0	0	0	0	0	0	0	0	0	0	0	0	0	0	0	4028	-2694	2783	22991	-7741	-296	-52	969	214	0	-1	0	-51	955	213	1606974781
-47	-42	0	-60	0	-61	0	0	-71	0	-71	-71	-75	0	0	0	-76	-83	-83	-83	-78	-76	-83	-83	-78	-78	-87	-90	-89	0	-89	-88	-89	-62	0	0	0	0	-85	0	0	0	0	0	0	0	0	0	0	-83	0	0	-84	-84	0	0	0	0	0	0	0	0	0	0	0	0	0	0	0	0	0	0	0	0	0	0	0	0	0	0	0	-51	0	0	0	0	0	0	0	0	0	0	0	0	0	0	0	0	0	0	0	0	0	0	0	0	0	0	0	0	0	0	0	0	0	0	0	0	0	0	0	0	0	0	0	0	4020	-2724	2783	22991	-7741	-296	-52	970	215	0	0	0	-51	955	213	1606974783
-47	-41	-34	-56	-62	-61	-68	-68	-72	-75	-71	-71	-75	-71	0	-86	-78	-83	-83	-84	-77	-77	-84	-84	-76	-77	-89	-90	-90	0	-88	-89	-89	-62	0	0	0	0	-86	0	0	0	0	0	0	0	0	0	0	0	0	0	0	0	0	0	0	0	0	0	0	0	0	0	0	0	0	0	0	0	0	0	0	0	0	0	0	0	0	0	0	-53	0	0	0	0	0	0	0	0	0	0	0	0	0	0	0	0	0	0	0	0	0	0	0	0	0	0	0	0	0	0	0	0	0	0	0	0	0	0	0	0	0	0	0	0	3975	-2679	2783	22992	-7744	-297	-51	970	215	-1	-1	-1	-51	955	212	1606974784
-47	-42	-34	-61	0	-61	-71	-72	-70	-75	-71	-71	-74	-70	0	0	0	-83	-83	-83	0	-80	-83	-84	0	0	-86	-90	-91	0	-89	-89	-90	-61	0	0	0	0	0	0	0	0	0	0	0	0	0	0	0	-84	0	0	0	0	0	0	0	0	0	0	0	0	0	0	0	0	0	0	0	0	0	0	0	0	0	0	0	0	0	0	0	-49	0	0	0	0	0	0	0	0	0	0	0	0	0	0	0	0	0	0	0	0	0	0	0	0	0	0	0	0	0	0	0	0	0	0	0	0	0	0	0	0	0	0	0	0	4006	-2822	2754	22991	-7740	-296	-52	969	216	0	-1	-1	-51	955	213	1606974786
-48	-42	-34	-62	-66	0	-70	-72	-62	0	-62	-62	-70	-70	0	0	0	-85	-85	-84	0	-80	-85	-84	0	0	-85	-89	-90	0	-89	-88	-89	-54	0	0	0	0	-89	0	0	0	0	0	0	0	0	0	0	0	0	0	0	0	0	0	0	0	0	0	0	0	0	0	0	0	0	0	0	0	0	0	0	0	0	0	0	0	0	0	0	-60	0	0	0	0	0	0	0	0	0	0	0	0	0	0	0	0	0	0	0	0	0	0	0	0	0	0	0	0	0	0	0	0	0	0	0	0	0	0	0	0	0	0	0	0	4058	-2762	2769	22993	-7745	-296	-52	969	215	0	-1	-1	-51	955	212	1606974787
0	-41	-33	-62	-64	0	-69	-69	-72	-76	-71	-72	-75	-72	0	-84	0	-83	-83	-83	0	-81	-83	-83	0	0	-87	-89	-89	0	-90	-89	-89	-61	0	0	0	0	-86	0	0	-87	0	0	0	0	0	0	0	0	0	0	0	0	0	0	0	0	0	0	0	0	0	0	0	0	0	0	0	0	-79	0	0	0	0	0	0	0	0	0	0	-51	0	0	0	0	0	0	0	0	0	0	0	0	0	0	0	0	0	0	0	0	0	0	0	0	0	0	0	0	0	0	0	0	0	0	0	0	0	0	0	0	0	0	0	0	3960	-2694	2768	22991	-7739	-296	-52	970	216	-1	-1	0	-51	955	213	1606974789
-48	-43	0	-63	-61	0	0	0	-63	-76	-62	-62	-69	0	0	0	0	-87	-87	-86	0	-80	-86	-85	0	0	0	-89	-88	0	-89	-90	-89	-53	0	0	0	0	-90	0	0	0	0	-90	0	0	0	0	0	-85	0	0	-86	-84	0	0	0	0	0	0	0	0	0	0	0	0	0	0	-94	0	0	0	0	0	0	0	0	0	0	0	0	-59	0	0	0	0	0	0	0	0	0	0	0	0	0	0	0	0	0	0	0	0	0	0	0	0	0	0	0	0	0	0	0	0	0	0	0	0	0	0	0	0	0	0	0	0	4005	-2724	2768	22991	-7740	-297	-52	968	216	-1	-1	0	-51	955	213	1606974791
-47	-42	-35	-62	-65	0	0	0	-70	-77	-71	-70	-76	0	0	0	-81	-83	-83	-83	-80	-80	-83	-83	-81	-81	-89	-89	-88	0	-89	-91	-91	-62	0	0	0	0	-84	0	0	0	0	0	0	0	0	0	0	0	0	0	0	0	0	0	0	0	0	0	0	0	0	0	0	0	0	0	0	0	0	0	0	0	0	0	0	0	0	0	0	-50	0	0	0	0	0	0	0	0	0	0	0	0	0	0	0	0	0	0	0	0	0	0	0	0	0	0	0	0	-93	0	0	0	0	0	0	0	0	0	0	0	0	0	0	0	4005	-2739	2753	22990	-7739	-298	-52	970	215	-1	-1	-1	-51	955	213	1606974792
-48	-43	-34	-62	-64	0	-69	-74	-61	-76	-62	-61	-69	-74	0	0	0	-87	-86	-87	0	-82	-87	-87	0	0	-87	-90	-90	0	-89	-88	-88	-53	0	0	0	0	-89	0	0	-84	0	0	0	0	0	0	0	0	0	0	0	0	0	-88	0	0	0	0	0	0	0	0	0	0	0	0	0	0	0	0	0	0	0	0	0	0	0	0	0	0	0	0	0	0	0	0	0	0	0	0	0	0	0	0	0	0	0	0	0	0	0	0	0	0	0	0	0	0	0	0	0	0	0	0	0	0	0	0	0	0	0	0	0	0	4058	-2664	2768	22991	-7742	-297	-52	970	216	-1	-1	-1	-51	955	213	1606974794
-48	-41	0	-62	-65	0	0	0	-70	0	-71	-69	-75	-75	0	-85	-79	-83	-83	-82	0	0	-83	-82	-81	0	0	-88	-88	0	-88	-89	-88	-60	-62	0	0	0	-83	0	0	0	0	0	0	0	-89	0	0	-85	-88	0	0	0	0	0	-86	0	0	0	0	-85	0	-87	-89	0	0	0	0	0	0	0	0	0	0	0	0	0	0	0	0	-55	0	0	0	0	0	0	0	0	0	0	0	0	0	0	0	0	0	0	0	0	0	0	0	0	0	0	0	0	0	0	0	0	0	0	0	0	0	0	0	0	0	0	0	0	4050	-2709	2761	22991	-7740	-297	-52	970	216	0	-1	-1	-51	955	213	1606974795
-47	-41	-35	-64	-66	0	0	0	-72	0	-70	-71	-74	0	0	0	0	-81	-83	-82	0	-77	-83	-83	0	0	0	-88	-89	0	-90	-90	-89	-61	0	0	0	0	-84	0	0	0	0	0	0	0	0	0	0	-84	0	0	0	0	0	0	0	0	0	0	0	0	0	0	0	0	0	0	0	0	0	0	0	0	0	0	0	0	0	0	0	0	0	0	0	0	0	0	0	0	0	0	0	0	0	0	0	0	0	0	0	0	0	0	0	0	0	0	0	0	0	0	0	0	0	0	0	0	0	0	0	0	0	0	0	0	4050	-2724	2768	22991	-7740	-296	-51	970	216	0	-1	-1	-51	955	213	1606974797
-48	-41	-35	-64	-61	0	0	0	-71	-77	-72	-72	-74	0	0	0	0	-82	-83	-82	0	-77	-82	-83	0	0	-88	-90	-91	0	-90	-88	-90	-62	0	0	0	0	-82	0	0	-88	0	0	0	0	-90	0	0	0	-88	0	0	0	0	0	0	0	0	0	0	0	0	0	0	0	0	0	0	0	0	0	0	0	0	0	0	0	0	0	0	-51	0	0	0	0	0	0	0	0	0	0	0	0	0	0	0	0	0	0	0	0	0	0	0	0	0	0	0	0	0	0	0	0	0	0	0	0	0	0	0	0	0	0	0	0	4020	-2732	2768	22992	-7742	-296	-52	969	216	-1	-1	-1	-51	955	213	1606974799
-47	-42	-34	-65	0	0	-70	-72	-61	-76	-63	-63	-71	-70	0	0	0	-84	-83	-83	0	-76	-84	-85	0	0	-87	-89	0	0	-88	-89	-89	-53	0	0	0	0	-89	0	0	-91	0	0	0	0	0	0	0	-86	0	0	-82	-82	0	-88	0	0	0	0	0	0	0	0	0	0	0	0	-94	0	0	0	0	0	0	0	0	0	0	0	0	-61	0	0	0	0	0	0	0	0	0	0	0	0	0	0	0	0	0	0	0	0	0	0	0	0	0	0	0	0	0	0	0	0	0	0	0	0	0	0	0	0	0	0	0	0	4005	-2739	2723	22991	-7738	-296	-52	969	216	-1	-1	-1	-51	955	214	1606974800
-47	-42	0	-63	-60	0	-74	-75	-71	-78	-70	-72	-74	-74	0	0	0	-82	-82	-82	0	-78	-82	-82	0	0	-88	-89	-90	0	-90	-88	-89	-61	0	0	0	0	-85	0	0	0	0	0	0	0	0	0	0	0	0	0	0	0	0	0	0	0	0	0	0	0	0	0	0	0	0	0	0	0	0	0	0	0	0	0	0	0	0	0	0	-61	0	0	0	0	0	0	0	0	0	0	0	0	0	0	0	0	0	0	0	0	0	0	0	0	0	0	0	0	0	0	0	0	0	0	0	0	0	0	0	0	0	0	0	0	4005	-2754	2783	22992	-7741	-296	-52	970	215	-1	0	0	-51	955	213	1606974802
-47	-42	0	-64	-62	0	0	-75	-70	-78	-70	-69	-74	0	0	0	0	-82	-82	-82	0	-78	-83	-83	0	0	-87	-88	-90	0	-89	-89	-90	-62	0	0	0	0	-84	0	0	0	0	0	0	0	0	0	0	0	0	0	0	0	0	0	0	0	0	0	0	0	0	0	0	0	0	0	0	0	0	0	0	0	0	0	0	0	0	0	0	0	0	0	0	0	0	0	0	0	0	0	0	0	0	0	0	0	0	0	0	0	0	0	0	0	0	0	0	0	0	0	0	0	0	0	0	0	0	0	0	0	0	0	0	0	4020	-2672	2768	22991	-7740	-296	-52	970	216	-1	-1	0	-51	955	213	1606974804
-46	-42	-34	-63	-61	0	-70	-68	-70	0	-71	-72	-75	-70	0	-84	-80	-81	-82	-83	-81	-81	-82	-83	-81	-81	-89	-89	-89	0	-90	-89	-90	-62	0	0	0	0	-86	0	0	0	0	0	0	0	0	0	0	0	-88	0	0	0	0	0	0	0	0	0	0	0	0	0	0	0	0	0	0	0	0	0	0	0	0	0	0	0	0	0	0	-50	0	0	0	0	0	0	0	0	0	0	0	0	0	0	0	0	0	0	0	0	0	0	0	0	0	0	0	0	0	0	0	0	0	0	0	0	0	0	0	0	0	0	0	0	3907	-2739	2768	22991	-7740	-296	-52	969	216	0	-1	0	-51	955	213	1606974805
-48	-42	-34	0	-61	0	0	-71	-71	0	-69	-70	-75	-74	0	0	-80	-82	-82	-83	-80	-82	-83	-83	-82	-82	-88	-90	-89	0	-89	-90	-90	-62	0	0	0	0	-85	0	0	0	0	0	0	0	0	0	0	-85	0	0	0	0	0	0	0	0	0	0	0	0	0	0	0	0	0	0	0	0	0	0	0	0	0	0	0	0	0	0	0	-55	0	0	0	0	0	0	0	0	0	0	0	0	0	0	0	0	0	0	0	0	0	0	0	0	0	0	0	0	0	0	0	0	0	0	0	0	0	0	0	0	0	0	0	0	4020	-2694	2768	22991	-7739	-296	-52	970	216	-1	-1	-1	-51	955	213	1606974807
-47	-42	-35	0	-59	0	0	0	-62	-69	-62	-62	-69	0	0	-86	0	-84	-84	-84	0	-81	-84	-84	0	0	-88	-90	-89	0	-89	-89	-90	-55	0	0	0	0	-87	0	0	0	0	0	-88	0	-88	0	0	0	-91	0	0	0	0	0	0	0	0	0	0	0	0	0	0	0	0	0	-94	0	0	0	0	0	0	0	0	0	0	0	0	-60	0	0	0	0	0	0	0	0	0	0	0	0	0	0	0	0	0	0	0	0	0	0	0	0	0	0	0	0	0	0	0	0	0	0	0	0	0	0	0	0	0	0	0	0	4050	-2694	2776	22992	-7743	-297	-52	970	216	0	-1	-1	-51	955	213	1606974808
0	-41	-35	0	-58	0	-68	-73	-71	-78	-70	-70	-74	-68	0	-86	0	-82	-83	-84	0	-82	-83	-83	0	0	-91	-89	-89	0	-89	-89	-89	-62	0	0	0	0	-84	0	0	0	0	-86	0	0	0	0	0	0	0	0	0	0	0	0	0	0	0	0	0	0	0	0	0	0	0	0	0	0	0	0	0	0	0	0	0	0	0	0	0	0	0	0	0	0	0	0	0	0	0	0	0	0	0	0	0	0	0	0	0	0	0	0	0	0	0	0	0	0	0	0	0	0	0	0	0	0	0	0	0	0	0	0	0	0	4020	-2724	2783	22991	-7739	-297	-52	969	216	0	-1	-1	-51	955	213	1606974810
0	-41	-34	-62	-61	0	0	-75	-62	-77	0	-61	0	-73	0	-84	0	-84	-84	-85	0	-81	-85	-84	0	0	-87	-89	-89	0	-88	-90	-88	-53	0	0	0	0	-88	0	0	0	0	0	0	0	0	0	0	0	0	0	0	0	0	0	0	0	0	0	0	0	0	0	0	0	0	0	-93	0	0	0	0	0	0	0	0	0	0	0	0	-59	0	0	0	0	0	0	0	0	0	0	0	0	0	0	0	0	0	0	0	0	0	0	0	0	0	0	0	0	0	0	0	0	0	0	0	0	0	0	0	0	0	0	0	0	4020	-2754	2739	22991	-7739	-297	-53	969	215	0	0	-1	-51	955	213	1606974811
-48	-42	-34	-62	-62	0	-70	-70	-71	0	-72	-70	-75	-75	0	0	-81	-82	-82	-83	-82	-81	-82	-83	-81	-81	-90	-88	-88	0	-88	-89	-88	-62	0	0	0	0	-84	0	0	0	0	0	0	0	-91	0	0	-81	-90	0	0	0	0	0	0	0	0	0	0	0	0	0	0	0	0	0	0	0	0	0	0	0	0	0	0	0	0	0	0	-50	0	0	0	0	0	0	0	0	0	0	0	0	0	0	0	0	0	0	0	0	0	0	0	0	0	0	0	0	0	0	0	0	0	0	0	0	0	0	0	0	0	0	0	0	4020	-2724	2813	22992	-7744	-297	-51	970	216	0	0	-1	-51	955	213	1606974813
-47	-41	-34	-62	-61	0	-70	0	-62	0	-62	-61	-71	-74	0	0	0	-84	-85	-85	0	-80	-84	-83	0	0	-87	-88	-88	0	-88	-89	-89	-53	0	0	0	0	-90	0	0	0	0	-91	0	0	0	0	0	-82	0	0	-83	-84	0	-89	0	0	0	0	-95	0	0	0	0	0	0	0	-93	0	0	0	0	0	0	0	0	0	0	0	0	-50	0	0	0	0	0	0	0	0	0	0	0	0	0	0	0	0	0	0	0	0	0	0	0	0	0	0	0	0	0	0	0	0	0	0	0	0	0	0	0	0	0	0	0	0	3960	-2694	2776	22991	-7739	-296	-52	969	216	0	-1	-1	-51	955	213	1606974814
-48	-42	-35	-62	0	0	-74	0	-71	0	-72	-69	-75	-74	0	0	-81	-83	-82	-83	-82	-80	-83	-83	-81	-81	-86	-88	-88	0	-89	-89	-89	-61	-65	0	0	0	-85	0	0	-87	0	0	0	0	0	0	0	-86	0	0	-84	-82	0	0	0	0	0	0	0	0	0	0	0	0	0	0	0	0	0	0	0	0	0	0	0	0	0	0	0	-55	0	0	0	0	0	0	0	0	0	0	0	0	0	0	0	0	0	0	0	0	0	0	0	0	0	0	0	0	0	0	0	0	0	0	0	0	0	0	0	0	0	0	0	0	4005	-2694	2776	22991	-7740	-297	-52	969	215	0	-1	-1	-51	955	213	1606974816
0	-41	0	-63	0	0	-73	-74	-71	0	-70	-70	-74	-69	0	0	0	-82	-83	-83	0	-81	-83	-83	0	0	-89	-88	-89	0	-88	-88	-89	-60	0	0	0	0	0	0	0	0	0	0	0	0	0	0	0	-86	0	0	-82	-85	0	-86	0	0	0	0	0	0	0	0	0	0	0	0	0	0	0	0	0	0	0	0	0	0	0	0	0	-59	0	0	0	0	0	0	0	0	0	0	0	0	0	0	0	0	0	0	0	0	0	0	0	0	0	0	0	0	0	0	0	0	0	0	0	0	0	0	0	0	0	0	0	0	4050	-2679	2723	22991	-7741	-297	-52	970	216	0	-1	0	-51	955	213	1606974818
-47	-41	0	-63	-61	0	-68	-62	-71	-77	-71	-70	-74	-71	0	0	0	-82	-83	-83	0	-81	-82	-82	0	0	-88	-89	-88	0	-88	-89	-89	-60	0	0	0	0	-85	0	0	0	0	0	0	0	0	0	0	-85	0	0	-84	0	0	-87	0	0	0	0	0	0	0	0	0	0	0	0	0	0	-80	0	0	0	0	0	0	0	0	0	0	0	0	0	0	0	0	0	0	0	0	0	0	0	0	0	0	0	0	0	0	0	0	0	0	0	0	0	0	0	0	0	0	0	0	0	0	0	0	0	0	0	0	0	0	0	3945	-2694	2768	22991	-7741	-296	-52	969	215	0	-1	0	-51	955	213	1606974819
-50	-42	-35	-64	0	0	-71	-74	-70	0	-71	-72	-74	-75	0	0	-81	-83	-82	-83	-82	-82	-84	-84	0	-80	-88	-89	0	0	-88	-89	-89	-60	0	0	0	0	-83	0	0	0	0	0	0	0	-89	0	0	0	0	0	0	0	0	0	0	0	0	0	0	0	0	0	0	0	0	0	0	0	0	0	0	0	0	0	0	0	0	0	0	-60	0	0	0	0	0	0	0	0	0	0	0	0	0	0	0	0	0	0	0	0	0	0	0	0	0	0	0	0	0	0	0	0	0	0	0	0	0	0	0	0	0	0	0	0	4005	-2694	2738	22990	-7737	-297	-52	970	216	0	-1	-1	-51	955	214	1606974821
-49	-42	-35	-62	-61	0	-70	-70	-70	0	-70	-71	-75	-69	0	0	0	-82	-84	-83	0	0	-83	-83	0	0	-86	-88	-90	0	-90	-90	-89	-59	0	0	0	0	-83	0	0	0	0	0	0	0	0	0	0	0	0	0	0	0	0	-86	0	0	0	0	0	0	0	0	0	0	0	0	0	0	0	0	0	0	0	0	0	0	0	0	0	-49	0	0	0	0	0	0	0	0	0	0	0	0	0	0	0	0	0	0	0	0	0	0	0	0	0	0	0	0	0	0	0	0	0	0	0	0	0	0	0	0	0	0	0	0	4020	-2739	2783	22991	-7740	-297	-52	970	217	-1	-1	-1	-51	955	213	1606974822
-50	-42	-35	-60	-59	0	-73	-73	-72	-78	-70	-73	-74	-67	0	0	-82	-82	-83	-83	-82	-81	-84	-83	-81	-79	0	-89	-88	0	-90	-92	-90	-60	0	0	0	0	-83	0	0	0	0	0	0	0	-86	0	-90	-87	-90	0	-85	0	0	0	0	0	0	0	0	0	0	0	0	0	0	0	0	0	0	0	0	0	0	0	0	0	0	0	0	-49	0	0	0	0	0	0	0	0	0	0	0	0	0	0	0	0	0	0	0	0	0	0	0	0	0	0	0	0	0	0	0	0	0	0	0	0	0	0	0	0	0	0	0	0	4020	-2724	2835	22990	-7737	-297	-52	970	216	-1	0	0	-51	955	214	1606974824
0	-44	-36	0	-59	-59	0	0	-62	-71	-62	-63	-70	0	0	-83	-81	-83	-83	-83	-81	-80	-83	-82	-81	-80	-88	-89	-89	0	-90	-90	-90	-52	0	0	0	0	-91	0	0	-88	0	0	0	0	0	0	0	-85	0	0	-83	-83	0	0	0	0	0	0	0	0	0	0	0	0	0	0	-93	0	0	0	0	0	0	0	0	0	0	0	0	-49	0	0	0	0	0	0	0	0	0	0	0	0	0	0	0	0	0	0	0	0	0	0	0	0	0	0	0	0	0	0	0	0	0	0	0	0	0	0	0	0	0	0	0	0	3975	-2694	2783	22991	-7740	-298	-52	970	217	0	0	-1	-51	955	213	1606974826
-56	-43	0	-60	-61	-64	-70	-75	-70	0	-70	-71	-74	-70	0	0	0	-83	-83	-83	0	-81	-83	-82	0	0	-89	-89	-89	0	-90	-88	-89	-60	0	0	0	0	0	0	0	0	0	0	0	0	0	0	0	0	0	0	0	0	0	0	0	0	0	0	0	0	0	0	0	0	0	0	0	0	0	0	0	0	0	0	0	0	0	0	0	-51	0	0	0	0	0	0	0	0	0	0	0	0	0	0	0	0	0	0	0	0	0	0	0	0	0	0	0	0	0	0	0	0	0	0	0	0	0	0	0	0	0	0	0	0	3990	-2694	2768	22992	-7743	-296	-51	971	216	-1	-1	0	-51	955	213	1606974827
-56	-43	-35	-60	-59	-61	-72	-69	-72	-68	-71	-70	-74	-72	0	0	0	-82	-82	-82	0	-80	-83	-82	0	0	-85	-90	-88	0	-91	-90	-90	-60	0	0	0	0	-84	0	0	-88	0	0	0	0	0	-89	0	-85	0	0	-84	0	0	0	0	0	0	0	0	0	0	0	0	0	0	0	0	0	0	0	0	0	0	0	0	0	0	0	0	-60	0	0	0	0	0	0	0	0	0	0	0	0	0	0	0	0	0	0	0	0	0	0	0	0	0	0	0	0	0	0	0	0	0	0	0	0	0	0	0	0	0	0	0	0	4020	-2739	2768	22991	-7739	-297	-52	969	216	0	0	0	-51	955	213	1606974829
-50	-45	-39	-58	-59	-62	0	-73	-72	0	-71	-71	-75	-77	0	-84	0	-83	-83	-83	0	-81	-83	-83	0	0	-92	-90	-89	0	-89	-89	-89	-59	0	0	0	0	-83	0	0	0	0	0	0	0	0	0	0	-88	0	0	-86	-87	0	0	0	0	0	0	0	0	0	0	0	0	0	0	0	0	0	0	0	0	0	0	0	0	0	0	0	-67	0	0	0	0	0	0	0	0	0	0	0	0	0	0	0	0	0	0	0	0	0	0	0	0	0	0	0	0	0	0	0	0	0	0	0	0	0	0	0	0	0	0	0	0	4005	-2687	2753	22991	-7740	-297	-52	970	216	0	-1	-1	-51	955	213	1606974830
-50	-46	-35	-62	-64	-62	-73	0	-72	-74	-70	-72	-75	0	0	-84	-79	-82	-82	-83	-80	-79	-82	-83	-80	-79	-86	-88	-89	0	-89	-89	-90	-62	0	0	0	0	-83	0	0	0	0	0	0	0	0	0	0	0	0	0	0	0	0	0	0	0	0	0	0	0	0	0	0	0	0	0	0	0	0	0	0	0	0	0	0	0	0	0	0	-61	0	0	0	0	0	0	0	0	0	0	0	0	0	0	0	0	0	0	0	0	0	0	0	0	0	0	0	0	0	0	0	0	0	0	0	0	0	0	0	0	0	0	0	0	4020	-2732	2738	22992	-7744	-297	-52	970	215	0	0	-1	-51	955	213	1606974832
-50	-43	-44	-59	-58	-61	-70	0	-62	-80	0	-61	-70	-70	0	0	0	-84	-85	-85	0	0	-84	-85	0	0	-90	-90	-90	0	-92	-91	-91	-52	0	0	0	0	-87	0	0	0	0	0	0	0	0	0	0	-83	0	0	-82	-82	0	0	0	-90	0	0	-94	0	0	0	0	0	0	0	-92	0	0	0	0	0	0	0	0	0	0	0	0	-66	0	0	0	0	0	0	0	0	0	0	0	0	0	0	0	0	0	0	0	0	0	0	0	0	0	0	0	0	0	0	0	0	0	0	0	0	0	0	0	0	0	0	0	0	4020	-2694	2768	22991	-7740	-296	-52	968	215	0	-1	-1	-51	955	213	1606974834
-54	-45	-40	-60	-61	-65	-76	-77	-72	0	-70	-72	-74	-73	0	-86	0	-82	-83	-82	0	-82	-82	-83	0	0	-85	-90	-90	0	-90	-91	-90	-58	0	0	0	0	-85	0	0	0	0	0	0	0	0	0	0	0	0	0	0	0	0	-87	0	0	0	0	0	0	0	0	0	0	0	0	0	0	0	0	0	0	0	0	0	0	0	0	0	-68	0	0	0	0	0	0	0	0	0	0	0	0	0	0	0	0	0	0	0	0	0	0	0	0	0	0	0	0	0	0	0	0	0	0	0	0	0	0	0	0	0	0	0	0	4013	-2724	2768	22991	-7738	-296	-52	969	216	-1	-1	-1	-51	955	213	1606974835
-57	0	-40	0	-63	0	-68	-67	-63	0	-63	-63	-70	-67	0	0	0	-83	-83	-83	0	0	-84	-83	0	0	-89	-89	-89	0	-90	-89	-89	-53	0	0	0	0	-88	0	0	0	0	0	0	0	0	0	0	0	0	0	0	0	0	0	0	0	0	0	0	0	0	0	0	0	0	0	-93	0	0	0	0	0	0	0	0	0	0	0	0	-66	0	0	0	0	0	0	0	0	0	0	0	0	0	0	0	0	0	0	0	0	0	0	0	0	0	0	0	0	0	0	0	0	0	0	0	0	0	0	0	0	0	0	0	0	3975	-2679	2768	22993	-7746	-297	-52	969	215	0	0	0	-51	955	212	1606974837
0	-46	-40	-55	0	0	-71	-70	-71	0	-70	-72	-75	-71	0	0	-83	-83	-84	-83	-82	-81	-83	-83	-82	-83	-88	-88	-88	0	-89	-88	-89	-58	0	0	0	0	-83	0	0	0	0	0	0	0	0	0	0	-88	0	0	-87	-87	0	-85	0	0	0	0	0	0	0	0	0	0	0	0	0	0	0	0	0	0	0	0	0	0	0	0	0	-65	0	0	0	0	0	0	0	0	0	0	0	0	0	0	0	0	0	0	0	0	0	0	0	0	0	0	0	0	0	0	0	0	0	0	0	0	0	0	0	0	0	0	0	0	4020	-2724	2768	22991	-7738	-297	-53	969	215	-1	-1	-1	-51	955	213	1606974838
-53	-46	0	-56	-61	0	-69	-68	-72	-78	-72	-70	-74	-68	0	-85	0	-82	-81	-83	0	0	-82	-82	0	0	-89	-89	0	0	0	-88	-86	-60	0	0	0	0	-83	0	0	0	0	0	0	0	0	0	0	0	0	0	0	0	0	0	0	0	0	0	0	0	0	0	0	0	0	0	0	0	0	0	0	0	0	0	0	0	0	0	0	-66	0	0	0	0	0	0	0	0	0	0	0	0	0	0	0	0	0	0	0	0	0	0	0	0	0	0	0	0	0	0	0	0	0	0	0	0	0	0	0	0	0	0	0	0	4020	-2709	2820	22991	-7740	-296	-52	970	216	0	0	-1	-51	955	213	1606974840
-53	-50	-41	-63	-63	0	0	-75	-62	-78	-62	-63	-69	-68	0	0	0	-83	-83	-84	0	0	-85	-84	0	0	-89	-90	-89	0	-89	-88	-88	-55	0	0	0	0	-89	0	0	0	0	0	0	0	0	0	0	0	0	0	0	0	0	0	0	0	0	0	0	0	0	0	0	0	0	0	0	0	0	0	0	0	0	0	0	0	0	0	0	-62	0	0	0	0	0	0	0	0	0	0	0	0	0	0	0	0	0	0	0	0	0	0	0	0	0	0	0	0	0	0	0	0	0	0	0	0	0	0	0	0	0	0	0	0	4005	-2694	2768	22991	-7742	-298	-51	972	216	0	0	0	-51	955	213	1606974842
-49	-48	-45	-60	-57	-63	-73	-72	-62	0	-63	-63	-70	-69	0	0	0	-83	-83	-83	0	0	-82	-82	0	0	0	-91	-90	0	-91	-91	-91	-54	0	0	0	0	-86	0	0	0	0	0	0	0	0	0	0	0	0	0	0	0	0	0	0	0	0	0	0	0	0	0	0	0	0	0	0	0	0	0	0	0	0	0	0	0	0	0	0	-62	0	0	0	0	0	0	0	0	0	0	0	0	0	0	0	0	0	0	0	0	0	0	0	0	0	0	0	0	0	0	0	0	0	0	0	0	0	0	0	0	0	0	0	0	4020	-2724	2783	22991	-7741	-297	-52	968	215	-1	-1	0	-51	955	213	1606974843
-54	-51	-40	-63	-59	-65	-74	-73	-70	0	-71	-70	-75	-73	0	0	0	-83	-83	-84	0	-82	-84	-84	0	0	0	-88	-91	0	-89	-89	-89	-63	-65	0	0	0	-84	0	0	0	0	0	0	0	0	0	0	0	0	0	0	0	0	0	0	0	0	0	0	0	0	0	0	0	0	0	0	0	-81	0	0	0	0	0	0	0	0	0	0	-64	0	0	0	0	0	0	0	0	0	0	0	0	0	0	0	0	0	0	0	0	0	0	0	0	0	0	0	0	0	0	0	0	0	0	0	0	0	0	0	0	0	0	0	0	3975	-2708	2679	22991	-7741	-297	-52	969	215	-1	-1	0	-51	955	213	1606974845
0	-42	-36	-64	-58	-67	-73	-73	-62	0	-63	-61	-70	-74	0	0	0	-82	-83	-84	0	-80	-83	-83	0	0	-89	-90	-91	0	-88	-90	-90	-60	0	0	0	0	-89	0	0	0	0	0	0	0	0	0	0	0	0	0	0	0	0	0	0	0	0	0	0	0	0	0	0	0	0	0	-93	0	0	0	0	0	0	0	0	0	0	0	0	-48	0	0	0	0	0	0	0	0	0	0	0	0	0	0	0	0	0	0	0	0	0	0	0	0	0	0	0	0	0	0	0	0	0	0	0	0	0	0	0	0	0	0	0	0	4065	-2724	2753	22991	-7740	-296	-52	970	215	-1	-1	0	-51	955	213	1606974846
0	-41	0	-57	-60	-61	-67	0	-71	-74	-71	-72	-76	-67	0	-85	-81	-82	-83	-81	-78	-79	-83	-83	-77	-78	-87	-91	-90	0	-90	-90	-90	-61	0	0	0	0	-85	0	0	0	0	0	0	0	-90	0	0	0	-88	0	0	0	0	0	0	0	0	0	0	0	0	0	0	0	0	0	0	0	0	0	0	0	0	0	0	0	0	0	0	0	0	0	0	0	0	0	0	0	0	0	0	0	0	0	0	0	0	0	0	0	0	0	0	0	0	0	0	0	0	0	0	0	0	0	0	0	0	0	0	0	0	0	0	0	4020	-2724	2753	22992	-7743	-296	-51	969	216	-1	-1	-1	-51	955	213	1606974848
-52	-42	-36	-65	-65	-61	-78	-78	-70	0	-72	-71	-74	-72	0	0	0	-83	-82	-83	0	-77	-83	-83	0	0	-86	-92	-91	0	-91	-91	-91	-59	0	0	0	0	-84	0	0	0	0	0	0	0	0	0	0	0	-87	0	0	0	0	-93	0	0	0	0	0	0	0	0	0	0	0	0	0	0	0	0	0	0	0	0	0	0	0	0	0	-61	0	0	0	0	0	0	0	0	0	0	0	0	0	0	0	0	0	0	0	0	0	0	0	0	0	0	0	0	0	0	0	0	0	0	0	0	0	0	0	0	0	0	0	0	4028	-2664	2753	22991	-7740	-297	-52	969	215	-1	0	0	-51	955	213	1606974850
-56	0	-36	0	-53	-58	-71	-73	-62	-80	-63	-62	-70	-70	0	0	-77	-82	-82	-82	-76	-77	-82	-83	-77	-77	-87	-90	-90	0	-90	-89	-89	-54	0	0	0	0	-88	0	0	0	0	0	0	0	0	0	0	0	0	0	0	0	0	0	0	0	0	0	0	0	0	0	0	0	0	0	-95	0	0	0	0	0	0	0	0	0	0	0	0	-50	0	0	0	0	0	0	0	0	0	0	0	0	0	0	0	0	0	0	0	0	0	0	0	0	0	0	0	0	0	0	0	0	0	0	0	0	0	0	0	0	0	0	0	0	4013	-2739	2828	22992	-7744	-297	-52	969	214	0	-1	-1	-51	955	213	1606974851
-54	-43	-37	-67	-60	-61	-72	-75	-70	0	-72	-70	-74	-76	0	0	0	-83	-83	-82	0	-82	-82	-82	0	0	-89	-91	-90	0	-90	-90	-90	-61	0	0	0	0	-85	0	0	-90	0	0	0	0	0	0	0	-86	0	0	-85	-84	0	0	0	0	0	0	0	0	0	0	0	0	0	0	0	0	0	0	0	0	0	0	0	0	0	0	0	-49	0	0	0	0	0	0	0	0	0	0	0	0	0	0	0	0	0	0	0	0	0	0	0	0	0	0	0	0	0	0	0	0	0	0	0	0	0	0	0	0	0	0	0	0	4005	-2739	2761	22992	-7742	-296	-51	969	216	-1	-1	-1	-51	955	213	1606974853
-52	-40	-36	-60	-59	-62	-70	0	-72	0	-69	-71	-73	-77	0	-85	0	-84	-83	-83	-80	-79	-83	-83	-80	-80	-90	-90	-90	0	0	-88	-90	-63	0	0	0	0	-84	0	0	0	0	0	0	0	0	-86	0	0	0	0	0	0	0	0	0	0	0	0	0	0	0	0	0	0	0	0	0	0	0	0	0	0	0	0	0	0	0	0	0	-58	0	0	0	0	0	0	0	0	0	0	0	0	0	0	0	0	0	0	0	0	0	0	0	0	0	0	0	0	0	0	0	0	0	0	0	0	0	0	0	0	0	0	0	0	4005	-2679	2768	22991	-7741	-297	-53	970	215	-1	-1	-1	-51	955	213	1606974854
-55	-41	-35	-61	-60	0	-70	-74	-62	0	-62	-62	-69	-69	0	0	0	-83	-83	-84	0	-80	-84	-84	0	0	-89	-90	-92	0	-91	-89	-89	-54	0	0	0	0	-89	0	0	0	0	0	0	0	0	0	0	0	0	0	-85	0	0	0	0	0	0	0	0	0	0	0	0	0	0	0	-92	0	-80	0	0	0	0	0	0	0	0	0	0	-55	0	0	0	0	0	0	0	0	0	0	0	0	0	0	0	0	0	0	0	0	0	0	0	0	0	0	0	0	0	0	0	0	0	0	0	0	0	0	0	0	0	0	0	0	4080	-2679	2783	22991	-7740	-296	-52	969	216	-1	-1	0	-51	955	213	1606974856
-50	-42	0	-60	-58	0	-67	-72	-70	-76	-70	-69	-74	-68	0	-85	0	-82	-82	-83	0	-81	-83	-84	0	0	-89	-88	-89	0	-88	-89	-89	-60	0	0	0	0	-85	0	0	0	0	0	0	0	0	0	0	-86	0	0	0	0	0	0	0	0	0	0	0	0	0	0	0	0	0	0	0	0	0	0	0	0	0	0	0	0	0	0	0	-50	0	0	0	0	0	0	0	0	0	0	0	0	0	0	0	0	0	0	0	0	0	0	0	0	0	0	0	0	0	0	0	0	0	0	0	0	0	0	0	0	0	0	0	0	3975	-2739	2768	22993	-7745	-296	-52	969	215	-1	-1	-1	-51	955	212	1606974857
-54	-43	0	-60	-57	0	-71	-74	-71	0	-70	-72	-75	-71	0	-84	0	-83	-84	-83	0	-81	-83	-83	0	0	-85	-90	-88	0	-88	-89	-91	-61	0	0	0	0	-85	0	0	0	0	0	0	0	0	0	0	0	0	0	0	0	0	0	0	0	0	0	0	0	0	0	0	0	0	0	0	0	0	0	0	0	0	0	0	0	0	0	0	-49	0	0	0	0	0	0	0	0	0	0	0	0	0	0	0	0	0	0	0	0	0	0	0	0	0	0	0	0	0	0	0	0	0	0	0	0	0	0	0	0	0	0	0	0	4050	-2694	2768	22991	-7739	-297	-52	969	215	0	-1	-1	-51	955	213	1606974859
-52	-42	0	0	-59	0	0	0	-71	0	-69	-70	-76	0	0	0	0	-82	-81	-83	0	-79	-82	-82	0	0	-88	-89	-90	0	0	-89	-89	-59	0	0	0	0	-85	0	0	0	0	0	0	0	0	0	0	-82	0	0	-83	-85	0	0	0	-90	0	0	0	0	0	0	0	0	0	0	0	0	0	0	0	0	0	0	0	0	0	0	0	-57	0	0	0	0	0	0	0	0	0	0	0	0	0	0	0	0	0	0	0	0	0	0	0	0	0	0	0	0	0	0	0	0	0	0	0	0	0	0	0	0	0	0	0	0	4028	-2702	2753	22991	-7741	-297	-52	971	216	-1	-1	-1	-51	955	213	1606974861
-54	-43	-36	-63	0	0	-76	-75	0	-71	-61	-62	-70	-70	0	0	0	-83	-83	-83	0	-81	-83	-83	0	0	0	-92	-90	0	-89	-90	-90	-54	0	0	0	0	-88	0	0	0	0	0	0	0	0	0	0	-85	0	0	0	0	0	0	0	0	0	0	0	0	0	0	0	0	0	0	-94	0	0	0	0	0	0	0	0	0	0	0	0	-58	0	0	0	0	0	0	0	0	0	0	0	0	0	0	0	0	0	0	0	0	0	0	0	0	0	0	0	0	0	0	0	0	0	0	0	0	0	0	0	0	0	0	0	0	4050	-2694	2768	22992	-7743	-296	-53	970	215	0	-1	-1	-51	955	213	1606974862
-54	-44	-37	0	0	0	-78	-71	-71	0	-72	-72	-74	-78	0	0	0	-82	-82	-83	0	0	-82	-83	0	0	0	-89	-90	0	-90	-89	-90	-61	0	0	0	0	-84	0	0	0	0	0	0	0	0	0	0	-86	0	0	-85	-86	0	0	0	0	0	0	0	0	0	0	0	0	0	0	0	0	0	0	0	0	0	0	0	0	0	0	0	-57	0	0	0	0	0	0	0	0	0	0	0	0	0	0	0	0	0	0	0	0	0	0	0	0	0	0	0	0	0	0	0	0	0	0	0	0	0	0	0	0	0	0	0	0	4005	-2807	2776	22992	-7741	-296	-53	970	216	0	0	0	-51	955	213	1606974864
-57	-42	-35	-62	0	-58	-78	-72	-63	0	-63	-61	-69	-71	0	0	0	-82	-82	-83	0	-79	-83	-84	0	0	0	-89	-89	0	-89	-89	-89	-54	0	0	0	0	-88	0	0	0	0	0	0	0	-90	0	0	0	0	0	0	0	0	0	0	0	0	0	0	0	0	0	0	0	0	0	-94	0	0	0	0	0	0	0	0	0	0	0	0	0	0	0	0	0	0	0	0	0	0	0	0	0	0	0	0	0	0	0	0	0	0	0	0	0	0	0	0	0	0	0	0	0	0	0	0	0	0	0	0	0	0	0	0	0	4050	-2664	2768	22992	-7744	-297	-51	969	215	0	0	-1	-51	955	213	1606974865
-51	-43	-37	-62	-59	-62	-70	-76	-69	-78	-70	-72	-73	-71	0	0	0	-81	-82	-83	0	-80	-82	-82	0	0	-87	-89	-89	0	-89	-90	-90	-60	0	0	0	0	-84	0	0	0	0	0	0	0	0	0	0	-85	0	0	-84	-85	0	0	0	0	0	0	0	0	0	0	0	0	0	0	0	0	0	0	0	0	0	0	0	0	0	0	0	-59	0	0	0	0	0	0	0	0	0	0	0	0	0	0	0	0	0	0	0	0	0	0	0	0	0	0	0	0	0	0	0	0	0	0	0	0	0	0	0	0	0	0	0	0	4006	-2814	2783	22993	-7745	-296	-52	970	215	-1	-1	-1	-51	955	212	1606974867
-45	-43	-36	0	-58	0	0	0	-63	0	-63	-63	-70	0	0	0	0	-83	-84	-84	0	0	-83	-84	0	0	-85	-89	-90	0	-90	-90	-92	-55	0	0	0	0	-87	0	0	0	0	0	0	0	0	0	0	-85	0	0	-85	-86	0	0	0	0	0	0	0	0	0	0	0	0	0	0	-95	0	0	0	0	0	0	0	0	0	0	0	0	-59	0	0	0	0	0	0	0	0	0	0	0	0	0	0	0	0	0	0	0	0	0	0	0	0	0	0	0	0	0	0	0	0	0	0	0	0	0	0	0	0	0	0	0	0	4005	-2694	2753	22992	-7743	-296	-52	969	214	-1	-1	-1	-51	955	213	1606974868
-49	-46	-36	-58	-59	0	-70	-74	-70	0	-70	-71	-76	-69	0	0	-81	-82	-83	-82	-80	-81	-84	-83	-80	-81	-73	-89	-90	0	-91	-90	-89	-60	0	0	0	0	-83	0	0	0	0	0	0	0	0	0	0	0	0	0	0	0	0	0	0	0	0	0	0	0	0	0	0	0	0	0	0	0	0	0	0	0	0	0	0	0	0	0	0	0	0	0	0	0	0	0	0	0	0	0	0	0	0	0	0	0	0	0	0	0	0	0	0	0	0	0	0	0	0	0	0	0	0	0	0	0	0	0	0	0	0	0	0	0	4020	-2694	2813	22991	-7740	-295	-52	971	216	-1	-1	-1	-51	955	213	1606974870
-50	-44	-37	-58	-52	-58	-69	-73	-63	0	-62	-63	-70	-69	0	0	0	-85	-85	-86	0	-80	-86	-84	0	0	0	-90	-91	0	0	-89	-91	-55	0	0	0	0	-88	0	0	0	0	0	0	-91	-87	0	-90	0	-89	0	0	0	0	0	0	0	0	0	0	0	0	0	0	0	0	0	-94	0	0	0	0	0	0	0	0	0	0	0	0	-60	0	0	0	0	0	0	0	0	0	0	0	0	0	0	0	0	0	0	0	0	0	0	0	0	0	0	0	0	0	0	0	0	0	0	0	0	0	0	0	0	0	0	0	0	3975	-2724	2783	22993	-7746	-296	-52	970	215	-1	-1	-1	-51	955	212	1606974871
-50	-44	-36	0	-58	-59	0	0	-63	0	-63	-63	-69	0	0	-84	-81	-85	-86	-85	-80	-79	-85	-85	0	-80	-86	-89	-90	0	-91	-90	-89	-53	0	0	0	0	-88	0	0	-89	0	0	0	0	0	0	0	-85	0	0	-87	-86	0	-88	0	0	0	0	0	0	0	0	0	0	0	0	-94	0	0	0	0	0	0	0	0	0	0	0	0	-59	0	0	0	0	0	0	0	0	0	0	0	0	0	0	0	0	0	0	0	0	0	0	0	0	0	0	0	0	0	0	0	0	0	0	0	0	0	0	0	0	0	0	0	0	3975	-2664	2768	22991	-7740	-296	-52	969	216	0	-1	-1	-51	955	213	1606974873
-48	-44	-37	-59	-59	-61	0	-70	-71	0	-71	-71	-76	0	0	0	-80	-82	-82	-83	-81	-80	-83	-83	-79	-79	-88	-91	-90	0	-90	-90	-91	-59	0	0	0	0	-83	0	0	-90	0	0	0	0	0	0	0	-86	0	0	0	0	0	0	0	0	0	0	0	0	0	0	0	0	0	0	0	0	0	0	0	0	0	0	0	0	0	0	0	-49	0	0	0	0	0	0	0	0	0	0	0	0	0	0	0	0	0	0	0	0	0	0	0	0	0	0	0	0	0	0	0	0	0	0	0	0	0	0	0	0	0	0	0	0	4005	-2694	2813	22992	-7742	-297	-52	969	215	0	-1	-1	-51	955	213	1606974874
-49	-47	-35	-57	0	-62	-73	-73	-70	-79	-70	-70	-76	-73	0	-83	0	-83	-83	-84	0	-81	-83	-84	0	0	-87	-88	-88	0	-90	-91	-90	-59	0	0	0	0	0	0	0	0	0	0	0	0	-89	0	0	0	0	0	0	0	0	0	0	0	0	0	0	0	0	0	0	0	0	0	0	0	0	0	0	0	0	0	0	0	0	0	0	-51	0	0	0	-96	0	0	0	0	0	0	0	0	0	0	0	0	0	0	0	0	0	0	0	0	0	0	0	0	0	0	0	0	0	0	0	0	0	0	0	0	0	0	0	0	4020	-2694	2783	22992	-7744	-296	-51	970	214	-1	-1	-1	-51	955	213	1606974876
-48	-44	0	0	-58	-62	0	0	-71	-79	-72	-70	-75	0	0	0	0	-83	-82	-82	0	-79	-83	-83	0	0	-84	-90	-87	0	-89	-88	-90	-59	0	0	0	0	-84	0	0	0	0	0	0	0	0	0	0	0	0	0	0	0	0	0	0	0	0	0	0	0	0	0	0	0	0	0	0	0	0	0	0	0	0	0	0	0	0	0	0	-51	0	0	0	-94	0	0	0	0	0	0	0	0	0	0	0	0	0	0	0	0	0	0	0	0	0	0	0	0	0	0	0	0	0	0	0	0	0	0	0	0	0	0	0	0	4013	-2732	2813	22991	-7741	-296	-52	970	216	-1	-1	-1	-51	955	213	1606974878
-48	-49	-35	-58	-57	-60	0	0	-61	0	-64	-63	-70	-69	0	-85	0	-83	-83	-83	0	0	-83	-84	0	0	-89	-91	-88	0	-90	-89	-89	-53	0	0	0	0	-89	0	0	-89	0	0	0	0	0	0	0	-86	0	0	-87	-87	0	0	0	0	0	0	0	0	0	0	0	0	0	0	-93	0	0	0	0	0	0	0	0	0	0	0	0	-59	0	0	0	0	0	0	0	0	0	0	0	0	0	0	0	0	0	0	0	0	0	0	0	0	0	0	0	0	0	0	0	0	0	0	0	0	0	0	0	0	0	0	0	0	4058	-2724	2783	22992	-7741	-296	-51	969	215	-1	-1	-1	-51	955	213	1606974879
-49	-43	-35	-57	-58	-62	-72	0	-71	-76	-72	-71	-75	0	0	0	0	-83	-84	-84	0	-79	-83	-83	0	0	-87	-90	-90	0	-89	-90	-90	-59	0	0	0	0	-84	0	0	0	0	0	0	0	0	0	0	-85	0	0	0	0	0	0	0	0	0	0	0	0	0	0	0	0	0	0	0	0	0	0	0	0	0	0	0	0	0	0	0	-48	0	0	0	0	0	0	0	0	0	0	0	0	0	0	0	0	0	0	0	0	0	0	0	0	0	0	0	0	0	0	0	0	0	0	0	0	0	0	0	0	0	0	0	0	4005	-2724	2768	22993	-7746	-296	-52	970	216	-1	-1	-1	-51	955	212	1606974881
-48	-44	-37	-57	-57	-58	0	-70	-62	-75	-62	-63	-69	-61	0	-85	0	-84	-84	-85	0	-79	-85	-84	0	0	-85	-89	-91	0	-89	-89	-89	-53	0	0	0	0	-88	0	0	-90	0	0	0	0	0	0	0	0	0	0	0	0	0	0	0	0	0	0	0	0	0	0	0	0	0	0	0	0	0	0	0	0	0	0	0	0	0	0	0	-61	0	0	0	0	0	0	0	0	0	0	0	0	0	0	0	0	0	0	0	0	0	0	0	0	0	0	0	0	0	0	0	0	0	0	0	0	0	0	0	0	0	0	0	0	4050	-2717	2813	22992	-7742	-295	-51	970	216	-1	-1	-1	-51	955	213	1606974882
-52	-47	-36	-61	-58	-65	-71	-69	-62	0	-62	-62	-69	-73	0	0	0	-85	-85	-85	0	-81	-86	-86	0	0	-85	-91	-89	0	-90	-88	-90	-53	0	0	0	0	-90	0	0	0	0	0	0	0	-89	0	0	-86	0	0	-86	-86	0	-89	0	0	0	0	0	0	0	0	0	0	0	0	0	0	0	0	0	0	0	0	0	0	0	0	0	-61	0	0	0	0	0	0	0	0	0	0	0	0	0	0	0	0	0	0	0	0	0	0	0	0	0	0	0	0	0	0	0	0	0	0	0	0	0	0	0	0	0	0	0	0	3945	-2739	2768	22991	-7739	-296	-51	969	216	0	0	-1	-51	955	213	1606974884
0	0	-36	0	0	0	0	0	-62	0	0	-61	-69	0	0	0	-80	-83	-83	-83	0	-80	-84	-83	-80	-80	-86	-92	-89	0	-89	-90	-90	-53	-67	0	0	0	-88	0	0	-88	0	0	0	0	0	0	0	-87	0	0	-87	-86	0	0	0	0	0	0	-95	0	0	0	0	0	0	0	0	0	-84	0	0	0	0	0	0	0	0	0	0	-55	0	0	0	0	0	0	0	0	0	0	0	0	0	0	0	0	0	0	0	0	0	0	0	0	0	0	0	0	0	0	0	0	0	0	0	0	0	0	0	0	0	0	0	0	4020	-2664	2783	22993	-7747	-296	-52	969	214	-1	-1	-1	-51	956	212	1606974886
-48	-45	-37	-59	-58	0	-71	-71	-70	-75	-71	-71	-75	-71	0	0	0	-83	-83	-83	0	-81	-84	-84	0	0	-85	-89	-91	0	-90	-89	-89	-59	0	0	0	0	-85	0	0	0	0	0	0	0	-89	0	0	-87	-90	0	0	0	0	0	0	0	0	0	0	0	0	0	0	0	0	0	0	0	0	0	0	0	0	0	0	0	0	0	0	-60	0	0	0	0	0	0	0	0	0	0	0	0	0	0	0	0	0	0	0	0	0	0	0	0	0	0	0	0	0	0	0	0	0	0	0	0	0	0	0	0	0	0	0	0	4065	-2694	2783	22991	-7740	-297	-52	970	216	-1	-1	-1	-51	955	213	1606974887
-49	-45	0	-58	-59	0	0	0	-61	0	-62	-62	-71	-75	0	0	0	-84	-84	-84	0	-80	-84	-84	0	0	-88	-89	-89	0	-89	-89	-90	-53	0	0	0	0	-89	0	0	0	0	0	0	0	-92	0	0	0	-93	0	0	-84	0	0	0	0	0	0	-94	0	0	0	0	0	0	0	0	0	0	0	0	0	0	0	0	0	0	0	0	-56	0	0	0	0	0	0	0	0	0	0	0	0	0	0	0	0	0	0	0	0	0	0	0	0	0	0	0	0	0	0	0	0	0	0	0	0	0	0	0	0	0	0	0	0	4020	-2724	2768	22991	-7741	-296	-52	970	215	-1	0	0	-51	955	213	1606974889
-50	-45	-36	0	-60	0	-76	-73	-72	0	-70	-72	-75	-62	0	-84	0	-82	-83	-83	0	0	-84	-84	0	0	-85	-90	-89	0	-88	-89	-89	-60	0	0	0	0	-85	0	0	-89	0	0	0	0	0	0	0	-87	0	0	-88	-85	0	0	0	0	0	0	0	0	0	0	0	0	0	0	0	0	0	0	0	0	0	0	0	0	0	0	0	-50	0	0	0	0	0	0	0	0	0	0	0	0	0	0	0	0	0	0	0	0	0	0	0	0	0	0	0	0	0	0	0	0	0	0	0	0	0	0	0	0	0	0	0	0	4020	-2724	2783	22992	-7744	-296	-52	970	214	0	-1	-1	-51	955	213	1606974890
-48	-43	-36	-59	-59	0	-70	-75	-71	-74	-72	-70	-75	-70	0	-83	0	-83	-83	-83	0	-81	-83	-83	0	0	-86	-89	-90	0	-89	-90	-90	-60	0	0	0	0	0	0	0	0	0	0	0	0	0	0	0	0	0	0	0	0	0	0	0	0	0	0	0	0	0	0	0	0	0	0	0	0	0	0	0	0	0	0	0	0	0	0	0	-61	0	0	0	0	0	0	0	0	0	0	0	0	0	0	0	0	0	0	0	0	0	0	0	0	0	0	0	0	0	0	0	0	0	0	0	0	0	0	0	0	0	0	0	0	4020	-2724	2768	22992	-7742	-296	-53	969	216	-1	-1	-1	-51	955	213	1606974892
0	-45	-36	-61	-57	0	-76	-72	-71	0	-72	-72	-76	0	0	0	-79	-83	-82	-84	-79	-80	-83	-84	0	-81	-88	-91	-90	0	-92	-90	-90	-60	0	0	0	0	-84	0	0	0	0	0	0	0	-90	0	0	0	0	0	0	0	0	0	0	0	0	0	0	0	0	0	0	0	0	0	0	0	-85	0	0	0	0	0	0	0	0	0	0	0	0	0	0	0	0	0	0	0	0	0	0	0	0	0	0	0	0	0	0	0	0	0	0	0	0	0	0	0	0	0	0	0	0	0	0	0	0	0	0	0	0	0	0	0	4005	-2724	2783	22991	-7741	-296	-51	970	215	-1	-1	-1	-51	955	213	1606974893
-49	-45	-36	-59	-57	0	-76	-73	-71	0	-70	-69	-74	-73	0	0	0	-83	-83	-83	0	-80	-83	-83	0	0	-86	-91	-89	0	-91	-89	-90	-60	0	0	0	0	-84	0	0	0	0	0	0	0	0	0	0	0	0	0	0	0	0	0	0	0	0	0	0	0	0	0	0	0	0	0	0	0	0	0	0	0	0	0	0	0	0	0	0	0	0	0	0	0	0	0	0	0	0	0	0	0	0	0	0	0	0	0	0	0	0	0	0	0	0	0	0	0	0	0	0	0	0	0	0	0	0	0	0	0	0	0	0	0	4020	-2694	2768	22992	-7744	-296	-52	969	214	-1	-1	-1	-51	955	213	1606974895
-49	-46	-35	-60	-57	0	-71	-73	-71	0	-71	-70	-75	-72	0	0	0	-82	-83	-84	0	-79	-83	-83	0	0	-86	-90	-90	0	-89	-89	-90	-61	0	0	0	0	-83	0	0	0	0	0	0	0	0	0	0	-89	0	0	0	0	0	0	0	0	0	0	0	0	0	0	0	0	0	0	0	0	0	0	0	0	0	0	0	0	0	0	0	0	0	0	0	0	0	0	0	0	0	0	0	0	0	0	0	0	0	0	0	0	0	0	0	0	0	0	0	0	0	0	0	0	0	0	0	0	0	0	0	0	0	0	0	0	4035	-2739	2768	22992	-7744	-296	-51	970	215	0	0	-1	-51	955	213	1606974897
-49	-46	-35	-60	-57	0	0	0	-71	0	-71	-69	-77	0	0	0	0	-82	-83	-82	0	-80	-83	-83	0	0	0	-89	-90	0	-90	-90	-91	-60	0	0	0	0	-84	0	0	-90	0	0	0	0	-91	0	0	0	0	0	0	0	0	0	0	0	0	0	0	0	0	0	0	0	0	0	0	0	0	0	0	0	0	0	0	0	0	0	0	0	0	0	0	0	0	0	0	0	0	0	0	0	0	0	0	0	0	0	0	0	0	0	0	0	0	0	0	0	0	0	0	0	0	0	0	0	0	0	0	0	0	0	0	0	4020	-2717	2783	22992	-7742	-297	-52	970	216	-1	-1	-1	-51	955	213	1606974898
-46	-46	-36	0	-57	0	-72	-72	-62	-77	-62	-62	-70	-73	0	0	0	-84	-85	-83	0	-80	-83	-83	0	0	-69	-90	0	0	0	0	-89	-54	0	0	0	0	-89	0	0	0	0	0	0	0	0	0	0	0	0	0	0	0	0	0	0	0	0	0	0	0	0	0	0	0	0	0	-92	0	0	0	0	0	0	0	0	0	0	0	0	-50	0	0	0	-93	0	0	0	0	0	0	0	0	0	0	0	0	0	0	0	0	0	0	0	0	0	0	0	0	0	0	0	0	0	0	0	0	0	0	0	0	0	0	0	0	4073	-2724	2768	22993	-7745	-295	-52	970	214	-1	0	0	-51	955	212	1606974900
-46	-44	-36	-60	-57	0	-72	-72	-71	0	-71	-71	-76	-73	0	0	0	-83	-82	-84	0	-75	-83	-83	0	0	-86	-89	-90	0	-90	-90	-89	-60	0	0	0	0	-83	0	0	-91	0	0	0	0	0	0	0	-85	0	0	-84	-84	0	0	0	0	0	0	0	0	0	0	0	0	0	0	0	0	0	0	0	0	0	0	0	0	0	0	0	-50	0	0	0	0	0	0	0	0	0	0	0	0	0	0	0	0	0	0	0	0	0	0	0	0	0	0	0	0	0	0	0	0	0	0	0	0	0	0	0	0	0	0	0	0	3960	-2732	2783	22992	-7743	-295	-52	969	216	-1	-1	0	-51	955	213	1606974902
-50	-45	-35	-60	-51	0	-74	0	-63	-77	-63	-63	-69	-73	0	-84	0	-85	-84	-84	0	-80	-84	-84	0	0	-88	-90	-91	0	0	-91	-90	-54	0	0	0	0	-88	0	0	0	0	0	0	0	0	0	0	0	0	0	0	0	0	0	0	0	-72	0	-94	0	0	0	0	0	0	0	-93	0	0	0	0	0	0	0	0	0	0	0	0	-60	0	0	0	0	0	0	0	0	0	0	0	0	0	0	0	0	0	0	0	0	0	0	0	0	0	0	0	0	0	0	0	0	0	0	0	0	0	0	0	0	0	0	0	0	4005	-2739	2768	22992	-7741	-296	-52	969	215	-1	0	0	-51	955	213	1606974903
-50	-46	-58	-63	-60	0	-72	-73	-70	0	-70	-72	-75	-75	0	-85	0	-82	-82	-83	0	-79	-83	-83	0	0	-86	-91	-89	0	-90	-89	-89	-62	0	0	0	0	-86	0	0	0	0	0	0	0	0	0	0	0	0	0	0	0	0	0	0	0	0	0	0	0	0	0	0	0	0	0	0	0	0	0	0	0	0	0	0	0	0	0	0	-56	0	0	0	0	0	0	0	0	0	0	0	0	0	0	0	0	0	0	0	0	0	0	0	0	0	0	0	0	0	0	0	0	0	0	0	0	0	0	0	0	0	0	0	0	4005	-2679	2776	22993	-7747	-296	-52	970	214	0	0	0	-51	956	212	1606974905
-48	-45	-35	-61	0	0	-75	-75	-63	-76	-63	-64	-70	-73	0	-84	0	-84	-84	-84	0	0	-84	-84	0	0	-87	-91	-91	0	-91	-90	-90	-55	0	0	0	0	-88	0	0	0	0	0	0	0	0	0	0	0	0	0	0	0	0	0	0	0	0	0	0	0	0	0	0	0	0	0	-93	0	0	0	0	0	0	0	0	0	0	0	0	-56	0	0	0	0	0	0	0	0	0	0	0	0	0	0	0	0	0	0	0	0	0	0	0	0	0	0	0	0	0	0	0	0	0	0	0	0	0	0	0	0	0	0	0	0	4050	-2679	2820	22992	-7743	-296	-52	969	215	0	0	-1	-51	955	213	1606974906
-51	-44	0	-61	-61	0	0	0	-70	0	-71	-70	-76	-73	0	0	0	-82	-83	-82	0	-77	-83	-82	0	0	-88	-91	-91	0	-90	-91	-90	-60	0	0	0	0	-84	0	0	0	0	0	-90	0	-91	0	0	0	0	0	0	0	0	0	0	0	0	0	0	0	0	0	0	0	0	0	0	0	0	0	0	0	0	0	0	0	0	0	0	-48	0	0	0	0	0	0	0	0	0	0	0	0	0	0	0	0	0	0	0	0	0	0	0	0	0	0	0	0	0	0	0	0	0	0	0	0	0	0	0	0	0	0	0	0	4050	-2687	2813	22992	-7742	-296	-51	970	216	-1	0	-1	-51	955	213	1606974908
-49	-44	-36	-60	-59	0	-73	-69	-72	0	-72	-74	-75	-70	0	-81	-79	-83	-83	-84	-79	-80	-83	-83	-79	-80	-85	-90	-90	0	-91	-90	-90	-60	0	0	0	0	-86	0	0	0	0	0	0	0	0	0	0	0	0	0	0	0	0	0	0	0	0	0	0	0	0	0	0	0	0	0	0	0	0	0	0	0	0	0	0	0	0	0	0	-49	0	0	0	0	0	0	0	0	0	0	0	0	0	0	0	0	0	0	0	0	0	0	0	0	0	0	0	0	0	0	0	0	0	0	0	0	0	0	0	0	0	0	0	0	3983	-2694	2753	22993	-7745	-295	-51	969	215	-1	-1	0	-51	955	212	1606974910
-50	-45	-41	-61	-58	0	-73	-71	-70	0	-72	-69	-76	-73	0	0	0	-83	-83	-82	0	0	-83	-83	0	0	-84	-92	-91	0	0	-91	0	-59	0	0	0	0	-87	0	0	-86	0	0	0	0	0	0	0	-86	0	0	0	0	0	-90	0	0	0	0	0	0	0	0	0	0	0	0	0	0	0	0	0	0	0	0	0	0	0	0	0	-58	0	0	0	0	0	0	0	0	0	0	0	0	0	0	0	0	0	0	0	0	0	0	0	0	0	0	0	0	0	0	0	0	0	0	0	0	0	0	0	0	0	0	0	0	4050	-2709	2738	22993	-7746	-296	-51	970	216	0	-1	-1	-51	955	212	1606974911
0	0	-37	0	0	0	-69	-69	-70	0	-71	-71	-76	-70	0	0	-78	-83	-83	-83	-79	-79	-83	-84	-78	-78	-83	-90	-90	0	-89	-91	-89	-60	0	0	0	0	-86	0	0	-88	0	0	0	0	0	0	0	-83	0	0	-83	-83	0	-91	0	0	0	0	0	0	0	0	0	0	0	0	0	0	0	0	0	0	0	0	0	0	0	0	0	-59	0	0	0	0	0	0	0	0	0	0	0	0	0	0	0	0	0	0	0	0	0	0	0	0	0	0	0	0	0	0	0	0	0	0	0	0	0	0	0	0	0	0	0	0	4020	-2724	2798	22993	-7745	-295	-53	970	215	0	0	0	-51	955	212	1606974913
-53	0	-38	-62	0	0	0	0	-68	0	-68	-70	-74	0	0	0	-78	-83	-83	-84	-78	-78	-83	-83	-78	-79	-84	-88	-89	0	-90	-89	-90	-60	0	0	0	0	-85	0	0	0	0	0	0	0	0	0	0	0	-88	0	0	0	0	0	0	0	0	0	0	0	0	0	0	0	0	0	0	0	0	0	0	0	0	0	0	0	0	0	0	-51	0	0	0	0	0	0	0	0	0	0	0	0	0	0	0	0	0	0	0	0	0	0	0	0	0	0	0	0	0	0	0	0	0	0	0	0	0	0	0	0	0	0	0	0	4050	-2679	2753	22992	-7744	-296	-52	970	214	-1	-1	-1	-51	955	213	1606974914
-51	-43	0	-61	-59	-62	-70	-69	-64	0	-64	-64	-69	-72	0	-84	-77	-84	-84	-84	-76	-78	-85	-84	-79	0	-84	-89	-89	0	-90	-89	-89	-55	0	0	0	0	-89	0	0	0	0	0	0	0	0	0	0	0	0	0	0	0	0	0	0	0	0	0	-94	0	0	0	0	0	0	0	-94	0	0	0	0	0	0	0	0	0	0	0	0	-52	0	0	0	0	0	0	0	0	0	0	0	0	0	0	0	0	0	0	0	0	0	0	0	0	0	0	0	0	0	0	0	0	0	0	0	0	0	0	0	0	0	0	0	0	4035	-2679	2753	22992	-7743	-296	-52	969	216	-1	-1	-1	-51	955	213	1606974916
-52	-43	-38	-59	-61	-60	-70	-69	-69	-77	-69	-71	-75	-68	0	0	0	-83	-83	-82	0	-77	-83	-84	0	0	-86	-88	-89	0	-89	-89	-91	-61	0	0	0	0	-85	0	0	0	0	0	0	0	0	0	0	0	0	0	0	0	0	0	0	0	0	0	0	0	0	0	0	0	0	0	0	0	0	0	0	0	0	0	0	0	0	0	0	-49	0	0	0	0	0	0	0	0	0	0	0	0	0	0	0	0	0	0	0	0	0	0	0	0	0	0	0	0	0	0	0	0	0	0	0	0	0	0	0	0	0	0	0	0	4012	-2679	2753	22992	-7742	-295	-51	969	216	-1	-1	0	-51	955	213	1606974917
-50	-42	-38	-59	-60	-59	-70	-71	-61	0	-63	-62	-70	-71	0	0	0	-84	-84	-84	0	0	-85	-84	0	0	-85	-89	-89	0	-90	-90	-89	-52	0	0	0	0	-89	0	0	-86	0	0	0	0	0	0	0	-87	0	0	-84	-86	0	0	0	0	0	0	0	0	0	0	0	0	0	0	-95	0	0	0	0	0	0	0	0	0	0	0	0	0	0	0	0	0	0	0	0	0	0	0	0	0	0	0	0	0	0	0	0	0	0	0	0	0	0	0	0	0	0	0	0	0	0	0	0	0	0	0	0	0	0	0	0	0	4065	-2739	2753	22992	-7743	-295	-52	969	214	-1	-1	0	-51	955	213	1606974919
-48	-44	-38	-59	-57	0	-73	-73	-71	0	-70	-70	-74	-72	0	-84	0	-82	-82	-83	0	-77	-83	-82	0	0	-87	-89	-88	0	-90	-89	-90	-59	0	0	0	0	-85	0	0	-89	0	0	0	0	0	0	0	-82	0	0	-90	-87	0	0	0	0	0	0	0	0	0	0	0	0	0	0	0	0	0	0	0	0	0	0	0	0	0	0	0	-59	0	0	0	0	0	0	0	0	0	0	0	0	0	0	0	0	0	0	0	0	0	0	0	0	0	0	0	0	0	0	0	0	0	0	0	0	0	0	0	0	0	0	0	0	3960	-2679	2753	22992	-7743	-296	-52	969	215	0	-1	-1	-51	955	213	1606974920
0	-45	-39	-60	0	0	-71	-71	-69	-76	-69	-71	-74	-71	0	0	-77	-83	-82	-83	-78	-78	-82	-83	-78	-78	-84	-88	-91	0	-90	-89	-89	-61	0	0	0	0	-85	0	0	0	-92	0	0	0	0	0	0	-89	0	0	-85	-87	0	-82	0	0	0	0	0	0	0	0	0	0	0	0	0	0	0	0	0	0	0	0	0	0	0	0	0	-57	0	0	0	0	0	0	0	0	0	0	0	0	0	0	0	0	0	0	0	0	0	0	0	0	0	0	0	0	0	0	0	0	0	0	0	0	0	0	0	0	0	0	0	0	4020	-2694	2753	22992	-7742	-296	-52	970	215	-1	-1	-1	-51	955	213	1606974922
-51	-44	-37	-62	-58	-61	-71	-70	-63	-71	-64	-63	-71	-73	0	-85	0	-83	-83	-83	0	-79	-83	-83	0	0	-87	-90	-89	0	-89	-90	-91	-54	0	0	0	0	-89	0	0	-88	0	0	0	0	0	0	0	-85	0	0	0	0	0	0	0	0	0	-95	0	0	0	0	0	0	0	0	-93	0	0	0	0	0	0	0	0	0	0	0	0	0	0	0	0	0	0	0	0	0	0	0	0	0	0	0	0	0	0	0	0	0	0	0	0	0	0	0	0	0	0	0	0	0	0	0	0	0	0	0	0	0	0	0	0	0	4020	-2709	2768	22992	-7742	-295	-51	969	215	-1	-1	-1	-51	955	213	1606974923
-51	-44	-38	-62	-60	-61	0	0	-72	0	-73	-74	-75	0	-83	0	-78	-83	-83	-83	-79	-78	-83	-83	-78	0	-71	-91	-90	0	-92	-91	-91	-62	0	0	0	0	0	0	0	0	0	0	0	0	0	0	0	0	-92	0	0	0	0	0	0	0	0	0	0	0	0	0	0	0	0	0	0	0	0	0	0	0	0	0	0	0	0	0	0	-49	0	0	0	0	0	0	0	0	0	0	0	0	0	0	0	0	0	0	0	0	0	0	0	0	0	0	0	0	0	0	0	0	0	0	0	0	0	0	0	0	0	0	0	0	3990	-2747	2783	22993	-7745	-295	-52	970	216	-1	-1	0	-51	955	212	1606974925
-49	-43	-38	-60	0	-59	-75	-74	-62	-76	-62	-62	-70	-74	0	-84	0	-82	-82	-82	0	-79	-82	-83	0	0	-85	-89	-90	0	-90	-92	-92	-55	0	0	0	0	-89	0	0	0	0	0	0	0	0	0	0	0	0	0	0	0	0	0	0	0	0	0	0	0	0	0	0	0	0	0	-92	0	0	0	0	0	0	0	0	0	0	0	0	-49	0	0	0	0	0	0	0	0	0	0	0	0	0	0	0	0	0	0	0	0	0	0	0	0	0	0	0	0	-94	0	0	0	0	0	0	0	0	0	0	0	0	0	0	0	4050	-2649	2768	22992	-7741	-295	-52	969	215	-1	-1	-1	-51	955	213	1606974927
-50	-43	-38	-62	-58	-61	-71	-67	-72	0	-72	-70	-74	-68	0	-85	-77	-83	-83	-83	-77	-76	-83	-83	-77	-77	-87	-91	-90	0	-90	-89	-89	-60	0	0	0	0	-84	0	0	0	0	0	0	0	0	0	0	0	0	0	0	0	0	0	0	0	0	0	0	0	0	0	0	0	0	0	0	0	0	0	0	0	0	0	0	0	0	0	0	-56	0	0	0	0	0	0	0	0	0	0	0	0	0	0	0	0	0	0	0	0	0	0	0	0	0	0	0	0	0	0	0	0	0	0	0	0	0	0	0	0	0	0	0	0	4035	-2679	2753	22993	-7744	-295	-52	969	215	-1	-1	-1	-51	955	213	1606974928
-50	-44	-37	-62	-59	-61	-71	0	-60	0	-61	-60	-70	-72	0	0	0	-84	-84	-84	0	-79	-83	-83	0	0	-87	-88	0	0	0	-89	-89	-55	0	0	0	0	-88	0	0	-86	0	0	0	0	0	0	0	0	0	0	0	0	0	-92	0	-88	0	0	0	0	0	0	0	0	0	0	-94	0	0	0	0	0	0	0	0	0	0	0	0	-49	0	0	0	0	0	0	0	0	0	0	0	0	0	0	0	0	0	0	0	0	0	0	0	0	0	0	0	0	0	0	0	0	0	0	0	0	0	0	0	0	0	0	0	0	3975	-2724	2783	22992	-7743	-296	-52	969	216	-1	-1	-1	-51	955	213	1606974930
-51	-43	-37	-62	-58	-63	-74	-73	-70	-75	-70	-70	-75	-74	0	0	0	-84	-83	-83	0	-79	-84	-82	0	0	-86	-89	-89	0	-90	-89	-90	-58	0	0	0	0	-85	0	0	-86	0	0	0	0	0	0	0	-90	0	0	0	0	0	0	0	0	0	0	0	0	0	0	0	0	0	0	0	0	0	0	0	0	0	0	0	0	0	0	0	-59	0	0	0	0	0	0	0	0	0	0	0	0	0	0	0	0	0	0	0	0	0	0	0	0	0	0	0	0	0	0	0	0	0	0	0	0	0	0	0	0	0	0	0	0	4005	-2724	2761	22993	-7744	-295	-53	970	215	0	-1	0	-51	955	213	1606974931
-52	-43	-37	-62	-59	-60	-73	-71	-70	-76	-70	-72	-75	-74	0	0	0	-82	-82	-82	0	-78	-83	-83	0	0	-72	-88	0	0	-89	-90	-89	-60	0	0	0	0	-84	0	0	0	0	0	0	0	-88	0	0	0	-90	0	0	0	0	0	0	0	0	0	0	0	0	0	0	0	0	0	0	0	0	0	0	0	0	0	0	0	0	0	0	-48	0	0	0	0	0	0	0	0	0	0	0	0	0	0	0	0	0	0	0	0	0	0	0	0	0	0	0	0	0	0	0	0	0	0	0	0	0	0	0	0	0	0	0	0	4005	-2687	2753	22991	-7740	-295	-51	970	216	-1	-1	-1	-51	955	213	1606974933
-49	-43	0	-58	-63	-61	-71	0	-61	0	-60	-62	-69	0	0	-85	0	-83	-85	-85	0	0	-84	-84	0	0	-85	-90	-91	0	-90	-91	-89	-51	0	0	0	0	-89	0	0	0	0	0	0	0	0	0	0	0	0	0	0	0	0	0	0	0	0	0	0	0	0	0	0	0	0	0	-93	0	0	0	0	0	0	0	0	0	0	0	0	-61	0	0	0	0	0	0	0	0	0	0	0	0	0	0	0	0	0	0	0	0	0	0	0	0	0	0	0	0	0	0	0	0	0	0	0	0	0	0	0	0	0	0	0	0	4012	-2694	2738	22993	-7745	-294	-51	969	215	-1	0	0	-51	955	212	1606974934
0	-42	-37	0	0	-59	0	0	-68	-77	-69	-69	-75	0	0	-82	0	-82	-83	-83	0	-75	-82	-83	0	0	-85	-89	-90	0	-90	-91	-90	-61	0	0	0	0	-85	0	0	0	0	0	0	0	0	-83	0	0	0	0	0	0	0	-84	0	0	0	0	0	0	0	0	0	0	0	0	0	0	0	0	0	0	0	0	0	0	0	0	0	-48	0	0	0	0	0	0	0	0	0	0	0	0	0	0	0	0	0	0	0	0	0	0	0	0	0	0	0	0	0	0	0	0	0	0	0	0	0	0	0	0	0	0	0	0	4020	-2724	2791	22992	-7743	-296	-52	970	215	-1	0	-1	-51	955	213	1606974936
-50	-42	-38	-59	-59	-62	-73	-73	-70	-76	-69	-69	-75	-73	0	0	0	-82	-83	-83	0	-73	-83	-83	0	0	-84	-90	-90	0	-90	-91	-90	-63	0	0	0	0	-85	0	0	0	0	0	0	0	0	0	0	0	0	0	0	0	0	-87	0	0	0	0	0	0	0	0	0	0	0	0	0	0	0	0	0	0	0	0	0	0	0	0	0	-59	0	0	0	0	0	0	0	0	0	0	0	0	0	0	0	0	0	0	0	0	0	0	0	0	0	0	0	0	0	0	0	0	0	0	0	0	0	0	0	0	0	0	0	0	3975	-2739	2828	22992	-7744	-295	-52	969	216	0	-1	-1	-51	955	213	1606974938
-50	-42	0	-61	0	-61	-73	0	-62	0	-63	-61	-70	-76	0	0	0	-82	-82	-82	0	-75	-84	-83	0	0	-87	-91	-91	0	-91	-91	-90	-52	0	0	0	0	-88	0	0	0	0	0	0	0	0	0	0	-90	0	0	0	0	0	0	0	0	0	0	0	0	0	0	0	0	0	0	-93	0	0	0	0	0	0	0	0	0	0	0	0	-57	0	0	0	0	0	0	0	0	0	0	0	0	0	0	0	0	0	0	0	0	0	0	0	0	0	0	0	0	0	0	0	0	0	0	0	0	0	0	0	0	0	0	0	0	4020	-2724	2738	22993	-7746	-295	-52	970	215	-1	0	0	-51	955	212	1606974939
-49	-43	-38	-61	0	-62	-67	-71	-72	-70	-72	-71	-75	-68	0	0	-75	-82	-83	-82	-76	-76	-83	-82	-74	-74	-83	-90	-91	0	-91	-92	-91	-59	0	0	0	0	-84	0	0	0	0	0	0	0	0	0	0	0	0	0	0	0	0	0	0	0	0	0	0	0	0	0	0	0	0	0	0	0	0	0	0	0	0	0	0	0	0	0	0	-56	0	0	0	0	0	0	0	0	0	0	0	0	0	0	0	0	0	0	0	0	0	0	0	0	0	0	0	0	0	0	0	0	0	0	0	0	0	0	0	0	0	0	0	0	4020	-2739	2753	22992	-7744	-296	-52	970	216	0	-1	0	-51	955	213	1606974941
-52	-40	-38	-60	-58	-62	-70	-72	-70	0	-70	-72	-73	-70	0	0	-76	-82	-83	-83	-77	-76	-82	-83	-75	-76	0	-91	-90	0	-91	-89	-91	-59	0	0	0	0	-85	0	0	0	0	0	0	0	0	-86	0	0	0	0	0	0	0	0	0	0	0	0	0	0	0	0	0	0	0	0	0	0	0	0	0	0	0	0	0	0	0	0	0	-50	0	0	0	0	0	0	0	0	0	0	0	0	0	0	0	0	0	0	0	0	0	0	0	0	0	0	0	0	0	0	0	0	0	0	0	0	0	0	0	0	0	0	0	0	4005	-2724	2768	22992	-7744	-296	-52	970	215	0	-1	-1	-51	955	212	1606974942
-51	-42	-37	-61	0	-62	-69	-73	-69	0	-69	-71	-75	0	0	-84	0	-81	-83	-83	0	0	-82	-82	0	0	-85	-89	-89	0	-89	-88	-90	-58	0	0	0	0	-85	0	0	-87	0	0	0	0	0	0	0	-87	0	0	0	0	0	0	0	0	0	0	0	0	0	0	0	0	0	0	0	0	0	0	0	0	0	0	0	0	0	0	0	-48	0	0	0	0	0	0	0	0	0	0	0	0	0	0	0	0	0	0	0	0	0	0	0	0	0	0	0	0	0	0	0	0	0	0	0	0	0	0	0	0	0	0	0	0	4005	-2694	2753	22992	-7743	-295	-52	969	216	-1	-1	0	-51	955	213	1606974944
0	-43	-36	-63	0	-62	-80	-72	-69	-80	-71	-70	-76	-71	0	-81	0	-82	-82	-83	-78	-77	-83	-82	-79	-78	-83	-89	-90	0	-91	-89	-90	-60	0	0	0	0	-85	0	0	0	0	0	0	0	0	0	0	0	0	0	0	0	0	0	0	0	0	0	0	0	0	0	0	0	0	0	0	0	0	0	0	0	0	0	0	0	0	0	0	-53	0	0	0	0	0	0	0	0	0	0	0	0	0	0	0	0	0	0	0	0	0	0	0	0	0	0	0	0	0	0	0	0	0	0	0	0	0	0	0	0	0	0	0	0	4020	-2694	2783	22992	-7743	-295	-52	969	216	-1	-1	0	-51	955	213	1606974945
0	-48	0	-56	0	-66	-69	-73	-68	-81	-71	-71	-74	0	0	0	-83	-83	-83	-84	-82	-82	-83	-83	-83	-82	-85	-89	0	0	-89	-88	-89	-65	0	0	0	0	-90	0	0	0	0	0	0	0	0	0	0	0	0	0	0	0	0	0	0	0	0	0	0	0	0	0	0	0	0	0	0	0	0	0	0	0	0	0	0	0	0	0	0	-60	0	0	0	0	0	0	0	0	0	0	0	0	0	0	0	0	0	0	0	0	0	0	0	0	0	0	0	0	0	0	0	0	0	0	0	0	0	0	0	0	0	0	0	0	4020	-2694	2768	22991	-7740	-296	-51	971	217	-1	-1	-1	-51	955	213	1606974947
0	-43	-36	0	-62	-62	0	0	-71	0	-69	-70	-76	0	0	0	-77	-83	-83	-84	-77	-75	-84	-83	-78	-76	0	-90	-90	0	-90	-90	-91	-61	0	0	0	0	-86	0	0	0	0	0	0	0	-90	0	0	-83	0	0	-83	-89	0	0	0	0	0	0	0	0	0	0	0	0	0	0	0	0	0	0	0	0	0	0	0	0	0	0	0	-51	0	0	0	0	0	0	0	0	0	0	0	0	0	0	0	0	0	0	0	0	0	0	0	0	0	0	0	0	0	0	0	0	0	0	0	0	0	0	0	0	0	0	0	0	4020	-2747	2783	22994	-7749	-295	-51	970	214	-1	-1	-1	-51	956	212	1606974949
-51	0	-36	-62	-61	-60	-72	-75	-60	0	-62	-61	-72	-70	0	-84	0	-81	-83	-83	0	-78	-83	-83	0	0	-86	-88	-90	0	-89	-88	-88	-55	0	0	0	0	-88	0	0	0	0	0	0	0	-87	0	0	0	0	0	0	0	0	0	0	0	0	0	0	0	0	0	0	0	0	0	-92	0	0	0	0	0	0	0	0	0	0	0	0	0	0	0	0	0	0	0	0	0	0	0	0	0	0	0	0	0	0	0	0	0	0	0	0	0	0	0	0	0	0	0	0	0	0	0	0	0	0	0	0	0	0	0	0	0	4020	-2694	2746	22992	-7741	-295	-52	969	216	-1	0	-1	-51	955	213	1606974950
-49	-43	-36	-62	-62	-63	-73	-73	-70	0	-71	-68	-73	-67	0	-85	0	-83	-84	-84	0	-77	-83	-84	0	0	-85	-89	-90	0	-89	-89	-88	-61	0	0	0	0	-85	0	0	0	0	0	0	0	0	0	0	-84	0	0	-86	-87	0	0	0	0	0	0	0	0	0	0	0	0	0	0	0	0	0	0	0	0	0	0	0	0	0	0	0	-61	0	0	0	0	0	0	0	0	0	0	0	0	0	0	0	0	0	0	0	0	0	0	0	0	0	0	0	0	0	0	0	0	0	0	0	0	0	0	0	0	0	0	0	0	3960	-2694	2753	22992	-7743	-295	-52	970	215	-1	-1	-1	-51	955	213	1606974952
-49	-43	-36	0	-66	-60	0	0	-71	-80	-71	-71	-77	0	0	-82	-77	-83	-83	-82	-76	-78	-83	-83	-77	-76	-86	-88	-89	0	-90	-90	-89	-65	0	0	0	0	-86	0	0	0	0	0	0	0	0	0	0	0	0	0	0	0	0	0	0	0	0	0	0	0	0	0	0	0	0	0	0	0	0	0	0	0	0	0	0	0	0	0	0	0	0	0	0	0	0	0	0	0	0	0	0	0	0	0	0	0	0	0	0	0	0	0	0	0	0	0	0	0	0	0	0	0	0	0	0	0	0	0	0	0	0	0	0	0	3975	-2724	2768	22994	-7748	-295	-52	969	216	-1	-1	-1	-51	956	212	1606974953
-55	-43	-35	-63	-61	0	-73	-72	-69	-79	-70	-69	-77	-71	0	0	0	-84	-84	-83	0	-79	-83	-83	0	0	-86	-90	-88	0	-88	-89	-89	-61	0	0	0	0	-85	0	0	-89	0	0	0	0	0	0	0	0	0	0	0	0	0	0	0	0	0	0	0	0	0	0	0	0	0	0	0	0	0	0	0	0	0	0	0	0	0	0	0	-51	0	0	0	0	0	0	0	0	0	0	0	0	0	0	0	0	0	0	0	0	0	0	0	0	0	0	0	0	0	0	0	0	0	0	0	0	0	0	0	0	0	0	0	0	3967	-2739	2768	22992	-7742	-294	-52	969	215	0	-1	0	-51	955	213	1606974955
-47	-43	-36	0	0	0	-70	-71	-70	-80	-71	-71	-75	-71	0	0	0	-83	-83	-83	0	-78	-83	-83	0	0	-86	-90	-89	0	-89	-89	-90	-62	0	0	0	0	0	0	0	-89	0	0	0	0	0	0	0	-86	0	0	-85	-86	0	0	0	-88	0	0	0	0	0	0	0	0	0	0	0	0	0	0	0	0	0	0	0	0	0	0	0	-60	0	0	0	0	0	0	0	0	0	0	0	0	0	0	0	0	0	0	0	0	0	0	0	0	0	0	0	0	0	0	0	0	0	0	0	0	0	0	0	0	0	0	0	0	4065	-2724	2768	22993	-7745	-295	-52	969	215	0	-1	0	-51	955	212	1606974987
0	-41	-36	-60	0	0	-74	-75	-71	-80	-71	-70	-77	-73	0	0	-79	-81	-83	-82	-79	-80	-82	-83	-79	-79	0	-90	-90	0	-88	-89	-90	-66	0	0	0	0	-86	0	0	-88	0	0	-89	0	0	0	0	-85	0	0	-83	-86	0	0	0	0	0	0	0	0	0	0	0	0	0	0	0	0	0	0	0	0	0	0	0	0	0	0	0	-50	0	0	0	0	0	0	0	0	0	0	0	0	0	0	0	0	0	0	0	0	0	0	0	0	0	0	0	0	0	0	0	0	0	0	0	0	0	0	0	0	0	0	0	0	4005	-2679	2776	22993	-7746	-295	-52	969	215	-1	-1	0	-51	956	212	1606974988
-53	-42	0	-59	-61	-63	0	-71	-71	-73	-70	-70	-75	0	0	0	0	-84	-84	-85	0	0	-84	-84	0	0	-84	-90	-88	0	-88	-89	-90	-65	0	0	0	0	-87	0	0	0	0	0	0	0	0	0	0	0	0	0	0	0	0	0	0	0	0	0	0	0	0	0	0	0	0	0	0	0	0	0	0	0	0	0	0	0	0	0	0	-49	0	0	0	-96	0	0	0	0	0	0	0	0	0	0	0	0	0	0	0	0	0	0	0	0	0	0	0	0	0	0	0	0	0	0	0	0	0	0	0	0	0	0	0	0	4050	-2717	2739	22992	-7743	-295	-52	969	216	0	0	-1	-51	955	213	1606974990
-61	0	-36	-63	-59	-62	-72	0	-70	-72	-71	-69	-77	0	0	0	-80	-83	-82	-83	-79	-80	-82	-82	-79	-79	-86	-89	-89	0	-89	-88	-89	-62	0	0	0	0	-86	0	0	0	0	0	0	0	-91	0	0	-88	0	0	0	0	0	0	0	0	0	0	0	0	0	0	0	0	0	0	0	0	0	0	0	0	0	0	0	0	0	0	0	-60	0	0	0	0	0	0	0	0	0	0	0	0	0	0	0	0	0	0	0	0	0	0	0	0	0	0	0	0	0	0	0	0	0	0	0	0	0	0	0	0	0	0	0	0	4050	-2694	2768	22991	-7741	-296	-51	968	215	0	0	-1	-51	955	213	1606974991
-48	-52	-44	-59	-58	-61	-71	-66	-73	0	-72	-70	-74	-71	0	0	-84	-82	-82	-83	0	-85	-82	-83	0	0	0	-89	-88	0	-90	-89	-89	-61	0	0	0	0	-84	0	0	0	0	0	0	0	0	0	0	-84	0	0	0	-87	0	0	0	0	0	0	0	0	0	0	0	0	0	0	0	0	0	0	0	0	0	0	0	0	0	0	0	-57	0	0	0	0	0	0	0	0	0	0	0	0	0	0	0	0	0	0	0	0	0	0	0	0	0	0	0	0	0	0	0	0	0	0	0	0	0	0	0	0	0	0	0	0	4005	-2709	2768	22993	-7746	-295	-52	969	213	-1	0	0	-51	955	212	1606974993
