-59	-50	0	-62	-57	0	-72	0	-70	0	-72	-70	-74	-77	0	-83	0	-89	-88	-87	0	0	-87	-86	0	0	-88	-88	-87	0	-88	-87	-87	-54	-69	0	0	0	0	0	0	0	0	0	0	0	0	0	0	-87	0	0	-86	-87	0	0	-84	0	-71	0	0	-84	0	-85	-84	0	0	0	0	0	0	0	0	0	0	0	0	0	0	0	0	-54	0	0	0	0	0	0	3700	-3504	2786	22595	-7771	-233	-40	969	212	0	0	0	-40	957	208	1606974583
-56	-49	0	-60	-63	-67	-74	0	-71	-81	-69	-70	-74	-72	0	0	-84	-87	-88	-87	-84	0	-87	-88	0	-85	0	-89	-89	0	-88	-88	-88	-54	0	0	0	0	0	0	0	0	0	0	0	0	0	0	0	0	0	0	0	0	0	0	0	0	0	0	0	0	0	0	0	0	0	0	0	0	0	0	0	0	0	0	0	0	0	0	0	-59	0	0	0	0	0	0	3647	-3534	2756	22598	-7777	-231	-40	969	210	0	0	0	-40	957	207	1606974585
-62	0	-54	-58	-57	0	0	0	-69	0	-69	-69	-73	0	0	-83	-75	-90	-88	-87	-74	-76	-88	-88	-75	-75	-88	-89	-89	0	-88	-88	-87	-58	0	0	0	0	0	0	0	0	0	0	0	0	0	0	0	-86	0	0	-86	-87	0	0	0	0	0	0	0	0	0	0	0	0	0	0	0	0	0	0	0	0	0	0	0	0	0	0	0	-58	0	0	0	0	0	0	3700	-3504	2711	22593	-7763	-232	-40	969	213	0	0	0	-40	957	209	1606974586
-58	-50	-54	-63	-62	0	-69	-69	-75	-73	-75	-76	-78	-70	0	-84	0	-90	-92	-91	0	0	-90	-91	0	0	-78	-88	-87	0	-88	-88	-88	-64	0	0	0	0	-89	0	0	0	0	0	0	0	0	0	0	0	0	0	0	-85	0	0	0	0	0	0	0	0	0	0	0	0	0	0	0	0	0	0	0	0	0	0	0	0	0	0	0	-58	0	0	0	0	0	0	3693	-3504	2741	22590	-7755	-231	-40	969	214	0	0	0	-40	956	211	1606974588
-57	-49	-49	0	-57	0	0	0	-75	0	-74	-75	-79	0	0	-83	0	-94	-93	0	0	-77	0	-92	0	0	-87	-88	-88	0	-87	-88	-88	-59	0	0	0	0	-91	0	0	0	0	0	0	0	0	-84	0	0	0	-91	0	0	0	0	-82	0	0	0	0	-83	0	-84	-83	0	0	0	0	0	0	0	0	0	0	0	0	0	0	0	0	-59	0	0	0	-92	0	0	3693	-3549	2741	22587	-7749	-231	-40	968	215	0	0	0	-40	956	212	1606974589
-58	-49	-53	0	-64	0	0	0	-75	0	-77	-75	-79	0	0	-84	0	-90	-91	-92	0	0	0	-91	0	0	-89	-88	-89	0	-87	-90	-88	-58	-70	0	0	0	-89	0	0	0	0	0	0	0	0	0	0	-84	0	0	0	-84	0	0	-82	0	0	0	0	-86	0	-83	-83	0	0	0	0	0	0	0	0	0	0	0	0	0	0	0	0	-60	0	0	0	0	0	0	3707	-3436	2696	22587	-7748	-231	-40	969	215	0	0	0	-40	956	212	1606974591
-60	-56	-56	-60	0	0	-70	-70	-69	-79	-69	-70	-75	0	0	-84	0	-89	-89	-88	0	-77	-89	-87	0	0	-88	-88	-88	0	-88	-88	-89	-53	-61	0	0	0	0	0	0	0	0	0	0	0	0	0	0	0	0	-91	0	0	0	0	-84	0	0	0	0	-84	0	-85	-84	0	0	0	0	0	0	0	0	0	0	0	0	0	0	0	0	-59	0	0	0	0	0	0	3707	-3496	2733	22588	-7749	-230	-40	968	214	-1	-1	-1	-40	956	212	1606974592
-58	-49	-57	-63	-67	-67	-69	-75	-70	0	-69	-69	-74	-76	0	-86	0	-88	-89	-88	0	0	-88	-88	0	0	-90	-88	-87	0	-88	-87	-88	-52	0	0	0	0	-93	0	0	0	0	0	0	0	0	-87	0	0	0	0	0	0	0	0	-84	0	0	0	0	-83	0	-84	-82	0	0	0	0	0	0	0	0	0	0	0	0	0	0	0	0	-62	0	0	0	0	0	0	3693	-3519	2756	22587	-7746	-230	-40	968	215	-1	-1	0	-40	956	212	1606974594
0	-56	-54	0	-67	0	-68	-69	-69	0	-70	-70	-74	-66	0	-80	-77	-88	-87	-88	-76	-77	-88	-87	-79	-77	0	-86	-88	0	-87	-88	-88	-53	0	0	0	0	-93	0	0	0	0	0	0	0	0	-86	0	0	0	0	0	-85	0	0	0	0	0	0	0	0	0	0	0	0	0	0	0	0	0	0	0	0	0	0	0	0	0	0	0	-57	0	0	0	0	0	0	3693	-3519	2741	22587	-7746	-230	-40	969	214	-1	-1	-1	-40	956	212	1606974596
-60	-54	-54	-61	0	0	-77	-70	-71	-75	-70	-71	-74	0	0	-84	0	-88	-88	-88	0	-77	-87	-88	0	0	0	-88	-87	0	-88	-89	-88	-52	0	0	0	0	0	0	0	0	0	0	0	0	0	-86	0	-84	0	0	-85	-88	0	0	0	0	0	0	0	0	0	0	0	0	0	0	-94	0	0	0	0	0	0	0	0	0	0	0	0	-60	0	0	0	0	0	0	3692	-3489	2726	22588	-7749	-230	-40	968	214	-1	-1	-1	-40	956	212	1606974597
-55	-49	0	0	-63	-66	-64	-70	-70	0	-71	-70	-74	-69	0	0	0	-90	-88	-89	0	-80	-90	-87	0	0	-89	-87	-88	0	-86	-87	-87	-52	-65	0	0	0	-93	0	0	0	0	0	0	0	0	0	0	0	0	0	0	0	0	0	0	0	0	0	0	0	0	0	0	0	0	0	0	0	0	0	0	0	0	0	0	0	0	0	0	-58	0	0	0	0	0	0	3737	-3526	2726	22587	-7746	-231	-40	969	215	-1	-1	-1	-40	956	212	1606974599
-52	-49	-51	-60	-60	-72	-69	-70	-74	0	-73	-72	-78	-66	0	-83	0	-92	-90	-91	0	0	-89	-89	0	0	-88	-89	-87	0	-88	-88	-89	-58	0	0	0	0	-88	0	0	0	0	0	0	0	0	0	0	0	0	0	0	0	0	0	-84	0	0	0	0	-84	0	-85	-85	0	0	0	0	0	0	0	0	0	0	0	0	0	0	0	0	-60	0	0	0	0	0	0	3752	-3496	2711	22586	-7745	-230	-41	969	215	-1	-1	-1	-40	956	213	1606974600
-58	-50	-51	0	-60	-73	-70	-70	-74	0	-75	-74	-78	-70	0	-86	0	-91	-89	0	0	0	0	-91	0	0	-87	-88	-87	0	-86	-87	-87	-58	-64	0	0	0	-87	0	0	0	-88	0	0	0	0	0	0	0	0	0	-85	-85	0	0	-72	0	0	0	0	-85	0	-85	-84	0	0	0	0	0	0	0	0	0	0	0	0	0	0	0	0	-68	0	0	0	0	0	0	3723	-3594	2726	22588	-7749	-230	-40	969	214	-1	-1	0	-40	956	212	1606974602
0	-50	-46	-62	-59	-70	0	-71	-75	-79	-76	-75	-79	-72	0	-85	-78	-90	-90	-90	-77	-77	-91	-89	-77	-80	-89	-86	-87	0	-87	-87	-88	-58	0	0	0	0	-88	0	0	0	-89	0	0	0	0	0	0	-83	0	0	-88	-78	0	0	-83	0	0	0	0	-85	0	-84	-84	0	0	0	0	0	0	0	0	0	0	0	0	0	0	0	0	-62	0	0	0	0	0	0	3700	-3526	2756	22587	-7745	-229	-40	969	215	-1	-1	0	-40	956	213	1606974603
0	0	0	0	0	0	-70	-70	-70	0	-71	-70	-74	-70	0	-85	0	-89	-90	-89	0	-77	-90	-90	0	0	-85	-87	-87	0	-88	-87	-88	-52	0	0	0	0	-93	0	0	-90	-89	0	0	0	0	-87	0	0	0	0	0	0	0	0	-85	0	0	0	0	0	0	-85	-84	0	0	0	0	0	0	0	0	0	0	0	0	0	0	0	0	-56	0	0	0	0	0	0	3647	-3481	2756	22587	-7746	-230	-40	968	214	-1	-1	0	-40	956	212	1606974605
-58	-50	-52	0	-63	-66	-71	-79	-70	0	-70	-70	-75	-71	0	-83	0	-87	-89	-89	0	-77	-88	-88	0	0	-90	-88	-89	0	-86	-87	-88	-53	0	0	0	0	-93	0	0	0	0	0	0	0	0	0	0	0	0	0	0	0	0	0	0	0	0	0	0	0	0	0	0	0	0	0	-95	0	0	0	0	0	0	0	0	0	0	0	0	-63	0	0	0	0	0	0	3737	-3459	2711	22587	-7746	-230	-40	968	215	-1	-1	0	-40	956	212	1606974606
0	-48	-53	-63	-62	-72	-74	0	-74	0	-76	-76	-79	-79	0	-84	0	-88	-88	-89	0	0	-90	-89	0	0	-89	-87	-87	0	-88	-88	-87	-59	0	0	0	0	-89	0	0	0	0	0	0	0	0	0	0	-84	0	0	-89	-83	0	0	0	0	0	0	0	0	0	0	0	0	0	0	0	0	0	0	0	0	0	0	0	0	0	0	0	-69	0	0	0	0	0	0	3692	-3489	2756	22586	-7745	-231	-41	968	215	-1	-1	0	-40	956	213	1606974608
0	0	-51	-61	-61	-73	0	-72	-75	0	-75	-77	-79	-78	0	0	0	-89	-88	-90	0	0	-90	-90	0	0	-89	-87	-88	0	-87	-88	-88	-58	0	0	0	0	-89	0	0	0	0	0	0	0	0	-87	0	0	0	0	0	-87	0	0	0	0	0	0	0	0	0	0	0	0	-89	0	0	0	0	0	0	0	0	0	0	0	0	0	0	-58	0	0	0	0	0	0	3753	-3474	2733	22586	-7743	-230	-40	969	215	-1	-1	0	-40	956	213	1606974610
-59	-49	-51	-63	-61	-72	0	-79	-74	0	-74	-75	-79	-78	0	-86	-78	-89	-90	-90	-80	-76	-89	-90	-76	-77	-88	-87	-87	0	-88	-88	-87	-59	0	0	0	0	0	0	0	0	0	0	0	0	0	0	0	0	0	0	0	0	0	0	0	0	0	0	0	0	0	0	0	0	0	0	0	0	0	0	0	0	0	0	0	0	0	0	0	-65	0	0	0	0	-87	0	3647	-3556	2726	22588	-7750	-230	-40	969	213	-1	-1	0	-40	956	212	1606974611
0	0	-50	-61	-62	0	-72	-72	-71	0	-72	-71	-74	-71	0	-84	0	-88	-88	-88	0	-79	-88	-89	0	0	-89	-87	-87	0	-87	-87	-88	-53	0	0	0	0	0	0	0	0	-87	0	0	0	0	-87	0	-84	0	0	-88	-87	0	0	0	0	0	0	0	0	0	0	0	0	0	0	0	0	0	0	0	0	0	0	0	0	0	0	0	-58	0	0	0	0	0	0	3692	-3496	2726	22587	-7746	-231	-41	968	215	-1	-1	0	-40	956	212	1606974613
-58	0	0	0	-62	-66	0	0	-70	-78	-71	-71	-75	0	0	0	-78	-90	-88	-88	-77	0	-88	-89	-77	-76	0	-87	-88	0	-88	-87	-87	-53	0	0	0	0	-93	0	0	0	-88	0	0	0	0	-89	0	0	0	0	0	0	0	0	0	0	0	0	0	0	0	0	0	0	0	0	-95	0	0	0	0	0	0	0	0	0	0	0	0	-69	0	0	0	0	0	0	3662	-3473	2711	22586	-7745	-231	-41	969	215	-1	-1	0	-40	956	213	1606974614
-59	-52	-57	-62	-62	-72	-75	-71	-75	0	-77	-76	-79	-78	0	-83	0	-89	-89	-89	-78	-76	-90	-90	0	0	-88	-88	-88	0	-87	-87	-86	-59	0	0	0	0	-88	0	0	-87	0	0	0	0	0	0	0	0	-89	0	0	-87	0	0	0	0	0	0	0	0	0	0	0	0	0	0	0	0	0	0	0	-93	0	0	0	0	0	0	0	-63	0	0	0	0	0	0	3677	-3518	2726	22587	-7747	-230	-40	969	214	-1	-1	0	-40	956	212	1606974616
-60	0	-56	-63	-61	-73	-78	-72	-76	0	-76	-76	-79	-71	0	-85	0	-88	-89	-89	0	-78	-90	-90	0	0	-89	-87	-87	0	-88	-88	-88	-59	0	0	0	0	-90	0	0	0	0	0	0	0	0	0	0	0	0	0	0	0	0	0	-85	0	0	0	0	-84	0	-84	0	0	0	0	0	0	0	0	0	0	0	0	0	0	0	0	0	-66	0	0	0	0	0	0	3738	-3564	2726	22586	-7743	-230	-40	968	215	-1	-1	0	-40	956	213	1606974618
-58	-50	-55	-62	-63	-72	-72	-70	-75	-76	-75	-75	-79	-71	0	-83	0	-90	-89	-89	0	-78	-90	-89	0	0	-89	-88	-87	0	-87	-88	-88	-59	0	0	0	0	-90	0	0	0	0	-89	0	0	0	-88	0	0	0	0	0	0	0	0	-83	0	0	0	0	-83	0	-83	-84	0	0	0	0	0	0	0	0	0	0	0	0	0	0	0	0	-75	0	0	0	0	0	0	3692	-3504	2726	22586	-7744	-230	-41	969	215	-1	-1	0	-40	956	213	1606974619
-57	-50	-53	0	-61	0	0	0	-70	-78	-70	-69	-74	0	0	-83	0	-91	-91	-91	0	0	-92	-89	0	0	-86	-87	-87	0	-87	-87	-88	-52	-65	0	0	0	0	0	0	0	0	-85	0	0	0	0	0	0	0	0	0	0	0	0	-83	0	0	0	0	-82	0	-82	-82	0	0	0	0	0	0	0	0	0	0	0	0	0	0	0	0	-75	0	0	0	0	0	0	3692	-3503	2674	22587	-7746	-231	-41	968	215	-1	-1	0	-40	956	212	1606974621
0	-50	0	-60	0	0	-71	-71	-75	0	-75	-75	-78	-71	0	-85	0	-89	-89	-88	0	-77	-90	-88	0	0	-87	-87	-88	0	-88	-87	-88	-57	0	0	0	0	-88	0	0	0	0	0	0	0	0	0	0	-85	0	0	-83	-86	0	-85	-85	0	0	0	0	-86	0	-85	-85	0	0	0	0	0	0	0	0	0	0	0	0	0	0	0	0	-75	0	0	0	0	0	0	3737	-3489	2726	22588	-7748	-230	-40	969	214	-1	-1	0	-40	956	212	1606974623
0	-49	-54	-63	0	-76	0	-81	-77	0	-75	-77	-80	-80	0	0	0	-88	-89	-91	0	0	-89	-89	0	0	0	-87	-88	0	-87	-87	-87	-60	0	0	0	0	-90	0	0	0	0	0	0	0	0	0	0	0	0	0	0	0	0	0	0	0	0	0	0	0	0	0	0	0	0	0	0	0	0	0	0	-91	0	0	0	0	0	0	0	0	0	0	0	0	0	0	3693	-3504	2771	22587	-7747	-231	-41	968	214	-1	-1	0	-40	956	212	1606974624
-53	-54	-57	-65	-61	-79	-77	-69	-75	-74	-74	-75	-79	-70	0	0	0	-91	-89	-91	0	-79	-91	-91	0	0	-87	-87	-87	0	-87	-87	-89	-66	0	0	0	0	-89	0	0	0	0	0	0	0	0	0	0	-83	0	0	-88	-85	0	0	0	0	0	0	0	0	0	0	0	0	0	0	0	0	0	0	0	0	0	0	0	0	0	0	0	-63	0	0	0	0	0	0	3738	-3489	2830	22586	-7744	-231	-40	969	214	-1	-1	-1	-40	956	213	1606974626
-56	-50	-53	-69	-63	-78	0	0	-76	0	-76	-76	-80	0	0	0	0	-91	-91	-91	0	-77	-91	-90	0	0	-87	-88	-87	0	-87	-88	-88	-66	0	0	0	0	-89	0	0	0	0	-88	0	0	0	0	0	0	0	-89	0	0	0	-87	-84	0	0	0	0	-83	0	0	-83	0	0	0	0	0	0	0	0	0	0	0	0	0	0	0	0	-67	0	0	0	0	0	0	3693	-3526	2741	22587	-7744	-230	-40	968	215	-1	-1	-1	-40	956	213	1606974627
0	-52	-54	-68	0	0	-77	-69	-72	-75	-70	-70	-74	0	0	0	-78	-88	-88	-88	-77	-78	-88	-87	-77	-77	0	-87	-89	0	-88	-88	-89	-57	0	0	0	0	-92	0	0	0	0	0	0	0	0	-85	0	0	0	0	0	-88	0	0	0	0	0	0	0	0	0	0	0	0	0	0	0	0	0	0	0	0	0	0	0	0	0	0	0	-70	0	0	0	0	0	0	3760	-3504	2726	22586	-7744	-230	-40	969	215	-1	-1	0	-40	956	213	1606974629
-52	-51	-52	-67	-64	0	-77	-69	-76	0	-75	-75	-80	-69	0	-83	0	-89	-90	-90	0	-77	-89	-88	0	0	-89	-88	-87	0	-88	-88	-87	-65	0	0	0	0	0	0	0	0	0	0	0	0	0	-83	0	0	0	0	-84	0	0	0	-84	0	0	0	0	-84	0	-83	-83	0	0	0	0	0	0	0	0	0	0	0	0	0	0	0	0	-63	0	0	0	0	0	0	3692	-3511	2726	22587	-7746	-231	-41	968	215	-1	-1	0	-40	956	213	1606974630
-55	-51	-52	-69	-64	0	-77	-75	-75	0	-75	-75	-79	-70	0	0	0	-90	-91	-90	0	-78	-89	-90	0	0	-88	-88	-88	0	-87	-89	-88	-64	-63	0	0	0	-89	0	0	0	0	0	0	0	0	-86	0	-88	0	-93	-88	-84	0	0	0	0	0	0	0	0	0	0	0	0	0	0	0	0	0	0	0	0	0	0	0	0	0	0	0	-63	0	0	0	0	0	0	3692	-3481	2770	22589	-7750	-230	-41	968	214	-1	-1	0	-40	956	212	1606974632
-56	-49	-53	0	-60	0	0	0	-75	-75	-73	-75	-80	0	0	-84	0	-90	-89	-89	0	-78	-90	-89	0	0	-88	-89	-88	0	-87	-89	-87	-67	0	0	0	0	-89	0	0	0	0	0	0	0	0	-86	0	0	-89	0	0	-85	0	0	0	0	0	0	0	0	0	0	0	0	0	0	0	0	0	0	0	0	0	0	0	0	0	0	0	-62	0	0	0	0	0	0	3707	-3489	2748	22586	-7743	-229	-40	969	215	-1	-1	0	-40	956	213	1606974633
-58	-54	-53	0	0	0	0	0	-76	-77	-76	-76	-77	0	0	-84	0	-91	-88	-90	0	-77	-90	-90	0	0	-89	-88	-88	0	-88	-88	-88	-63	0	0	0	0	-88	0	0	0	0	-88	0	0	0	0	0	0	0	-90	0	0	0	0	-84	0	0	0	0	-86	0	-84	-83	0	0	0	0	0	0	0	0	0	0	0	0	0	0	0	0	-63	0	0	0	0	0	0	3677	-3503	2689	22586	-7744	-230	-41	968	215	-1	-1	0	-40	956	213	1606974635
-55	-48	-50	-63	-61	0	-69	-70	-74	-76	-74	-75	-79	-70	0	0	0	-91	-90	-89	0	0	-89	-89	0	0	0	-88	-88	0	-87	-88	-88	-63	0	0	0	0	0	0	0	0	0	0	0	0	0	0	0	0	0	0	0	0	0	0	0	0	0	0	0	0	0	0	0	0	0	0	0	0	0	0	0	0	0	0	0	0	0	0	0	-62	0	0	0	0	0	0	3753	-3504	2734	22588	-7748	-230	-40	968	214	-1	-1	0	-40	956	212	1606974637
-55	0	-52	0	-62	0	-74	-72	-75	-75	-74	-74	-79	-70	0	0	0	-90	-89	0	0	-79	-90	-90	0	0	-88	-89	-88	0	-87	-87	-89	-58	0	0	0	0	-88	0	0	-93	0	0	0	0	0	0	0	0	0	-90	0	0	0	0	0	0	0	0	0	0	0	0	0	0	0	0	0	0	0	0	0	0	0	0	0	0	0	0	-90	-65	0	0	0	0	0	0	3737	-3489	2726	22586	-7745	-230	-41	968	215	-1	-1	0	-40	956	213	1606974638
-57	-50	-52	-61	-61	-67	-72	-70	-69	0	-70	-69	-75	-75	0	-82	-78	-90	-89	-89	0	-76	-88	-89	-76	0	-89	-89	-87	0	-88	-87	-88	-55	0	0	0	0	0	0	0	0	0	0	0	0	0	-89	0	0	0	0	0	-87	0	0	0	0	0	0	0	0	0	0	0	0	0	0	0	0	0	0	0	0	0	0	0	0	0	0	0	0	0	0	0	0	0	0	3677	-3489	2696	22587	-7745	-230	-40	969	214	-1	-1	0	-40	956	213	1606974640
-57	0	-55	-60	-62	-73	-78	0	-75	-76	-75	-74	-79	0	0	0	-76	-89	-89	-89	-78	-77	-89	-90	-76	-76	0	-88	-88	0	-88	-89	-89	-60	0	0	0	0	-90	0	0	0	0	0	0	0	0	-87	0	0	0	0	0	0	0	0	0	0	0	0	0	0	0	0	0	0	0	0	0	0	0	0	0	0	0	0	0	0	0	0	0	-64	0	0	0	0	0	0	3715	-3489	2756	22588	-7748	-229	-40	969	214	-1	-1	0	-40	956	212	1606974641
0	-51	-55	-61	0	-72	0	-73	-76	-74	-76	-75	-78	-72	0	0	0	-91	-90	-90	0	-76	-88	-89	0	0	-87	-88	-88	0	-87	-87	-88	-60	0	0	0	0	-90	0	0	0	0	0	0	0	0	-86	0	0	0	-91	0	0	0	-85	0	0	0	0	0	0	0	0	0	0	0	0	0	0	0	0	0	0	0	0	0	0	0	0	0	0	0	0	0	0	0	0	3662	-3489	2733	22586	-7743	-230	-41	968	215	-1	-1	-1	-40	956	213	1606974643
-59	-49	0	-61	-61	-73	0	0	-74	-77	-74	-75	-79	-71	0	-84	0	-91	-88	0	0	-77	-89	-89	0	0	-88	-87	-87	0	-87	-88	-87	-59	0	0	0	0	-88	0	0	0	0	0	0	0	0	0	0	-84	0	0	-88	-86	0	0	0	0	0	0	0	0	0	0	0	0	0	0	0	0	0	0	0	0	0	0	0	0	0	0	0	-65	0	0	0	0	0	0	3707	-3489	2733	22586	-7743	-230	-40	969	215	-1	-1	0	-40	956	213	1606974645
0	-50	-50	-61	-62	-74	0	-69	-75	0	-75	-75	-79	-70	0	-83	0	-90	-88	-89	0	-76	-88	-88	0	0	-87	-88	-88	0	-88	-88	-88	-64	0	0	0	0	-89	0	0	0	0	0	0	0	0	0	0	0	0	0	0	0	0	0	-85	0	0	0	0	-85	0	-84	-84	0	0	0	0	0	0	0	0	0	0	0	0	0	0	0	0	-60	0	0	0	0	0	0	3692	-3474	2726	22588	-7748	-229	-40	969	214	-1	-1	0	-40	956	212	1606974646
-55	-50	-50	-61	-61	-75	0	-69	-75	0	-78	-75	-79	-70	0	0	0	-90	-89	-88	0	-78	-89	-89	0	0	-90	-88	-88	0	-87	-88	-89	-63	0	0	0	0	0	0	0	0	0	0	0	0	0	-86	0	0	0	0	-84	-88	0	0	0	0	0	0	0	0	0	0	0	0	0	0	0	0	0	0	0	0	0	0	0	0	0	0	0	0	0	0	0	0	0	0	3737	-3504	2696	22588	-7747	-230	-40	968	214	-1	-1	0	-40	956	212	1606974648
-57	-51	-51	0	-63	-72	0	0	-69	-76	-70	0	-74	0	0	-83	-77	-88	-89	-90	-76	-78	-90	-90	-77	-78	-89	-87	-87	0	-87	-88	-88	-60	0	0	0	0	-94	0	0	-89	-88	0	0	0	0	-86	0	-85	0	0	-84	-85	0	0	-84	0	-70	0	0	-84	0	-83	-77	0	0	0	0	0	0	0	0	0	0	0	0	0	0	0	0	-61	0	0	0	0	0	0	3662	-3474	2793	22587	-7745	-230	-40	968	215	-1	-1	0	-40	956	212	1606974649
-55	-50	-51	0	-62	-74	0	-75	-76	0	-75	-75	-80	-77	0	0	0	-89	-89	-88	0	-79	-90	-89	0	0	-89	-88	-89	0	-89	-88	-87	-64	0	0	0	0	-89	0	0	0	0	0	0	0	0	0	0	0	0	0	-87	-85	0	0	0	0	0	0	0	0	0	0	0	0	0	0	0	0	0	0	0	0	0	0	0	0	0	0	0	-63	0	0	0	0	0	0	3722	-3474	2696	22589	-7751	-229	-40	969	214	-1	-1	0	-40	956	212	1606974651
-57	-51	-51	-62	-64	-74	-70	0	-74	-77	-76	-76	-79	0	0	0	0	-89	-90	0	0	-77	-89	-90	0	0	-87	-86	-88	0	-88	-88	-89	-64	0	0	0	0	-91	0	0	0	0	0	0	0	0	0	0	0	0	0	0	0	0	0	0	0	0	0	0	0	0	0	0	0	0	0	0	0	0	0	0	0	0	0	0	0	0	0	0	-61	0	0	0	0	0	0	3737	-3474	2741	22586	-7745	-230	-40	968	215	-1	-1	0	-40	956	213	1606974653
-56	-51	-52	-62	-65	0	-70	-77	-75	0	-76	-77	-79	-78	0	-85	-78	-90	-89	-88	-77	-78	-90	-89	-76	-77	-87	-88	-88	0	-88	-88	-88	-64	0	0	0	0	-90	0	0	0	0	0	0	0	0	0	0	-86	0	0	-84	-85	0	0	-83	0	-70	0	0	-85	0	-86	-84	0	0	0	0	0	0	0	0	0	0	0	0	0	0	0	0	-65	0	0	0	0	0	0	3737	-3519	2696	22587	-7746	-230	-40	969	215	-1	0	0	-40	956	212	1606974654
-56	-51	-51	-61	0	0	0	-71	-76	0	-75	-75	-79	-78	0	-83	0	-91	-89	-87	0	0	-89	-90	0	0	-87	-88	-88	0	-88	-87	-89	-63	0	0	0	0	-91	0	0	0	0	0	0	0	0	0	0	0	0	-94	0	0	0	0	-84	0	0	0	0	-84	0	-83	-83	0	0	0	0	0	-81	0	0	0	0	0	0	0	0	0	0	0	0	0	0	-94	0	0	3692	-3504	2696	22589	-7752	-231	-41	969	214	0	0	-1	-40	956	211	1606974656
-56	-51	-54	0	-63	-73	-70	-70	-70	0	-70	-70	-74	-78	0	-81	0	-88	-88	-88	0	0	-90	-89	0	0	-89	0	0	0	0	0	-89	-59	0	0	0	0	0	0	0	0	0	0	0	0	0	-88	0	-84	0	-91	-87	-87	0	0	-84	0	0	0	0	-82	0	-84	-84	0	0	0	0	0	0	0	0	0	0	0	0	0	0	0	0	-65	0	0	0	0	0	0	3677	-3503	2681	22587	-7747	-231	-40	968	214	-1	0	0	-40	956	212	1606974658
-56	-50	-50	-62	-64	-72	0	-77	-76	0	-76	-77	-80	-69	0	-84	0	-89	-89	-88	0	-80	-88	-89	0	0	-88	-88	-87	0	-88	-88	-88	-58	-64	0	0	0	-91	0	0	0	0	0	0	0	0	0	0	0	-80	0	0	0	0	0	-83	0	0	0	0	-85	0	-83	-86	0	0	0	0	0	0	0	0	0	0	0	0	0	0	0	0	-64	0	0	0	0	0	0	3707	-3519	2726	22587	-7746	-230	-40	968	215	-1	0	0	-40	956	212	1606974659
-56	0	-51	-60	-61	-72	0	0	-76	0	-75	-76	-80	0	0	0	-78	-90	-89	-88	-76	-77	-89	-89	0	-79	-91	-88	-88	0	-87	-88	-88	-59	0	0	0	0	-90	0	0	0	0	0	0	0	0	-85	0	0	0	0	0	-88	0	0	0	0	0	0	0	0	0	0	0	0	0	0	0	0	0	0	0	0	0	0	0	0	0	0	0	0	0	0	0	0	0	0	3737	-3496	2741	22587	-7747	-230	-40	969	213	-1	-1	0	-40	956	212	1606974661
-57	0	-49	0	-61	-72	-70	0	-75	-76	-76	-77	-80	-70	0	-84	0	-89	-88	0	0	0	-89	-89	0	0	-87	-88	-88	0	-88	-87	-88	-58	-63	0	0	0	-89	0	0	0	0	0	0	0	0	0	0	-84	0	0	-87	0	0	-90	-83	0	0	0	0	-83	0	-82	-82	0	0	0	0	0	0	0	0	0	0	0	0	0	0	0	0	0	0	0	0	0	0	0	3737	-3489	2719	22587	-7748	-231	-41	969	215	-1	0	0	-40	956	212	1606974663
-56	-50	-49	-62	-61	-71	0	0	-75	0	-77	-77	-80	-78	0	-84	0	-90	-90	-89	0	-76	-88	-90	0	0	-88	-87	-88	0	-88	-88	-89	-60	-61	0	0	0	-90	0	0	0	0	-87	0	0	0	0	0	0	0	0	0	0	0	-87	0	0	0	0	0	-83	0	-84	-83	0	0	0	0	0	0	0	0	0	0	0	0	0	0	0	0	-63	0	0	0	-91	0	0	3647	-3503	2726	22587	-7746	-230	-40	968	215	0	0	0	-40	956	212	1606974664
-56	0	-49	-60	-61	0	0	-70	-70	0	-71	-69	-75	-71	0	-82	0	-89	-88	-88	0	-79	-89	-89	0	0	-79	-88	-88	0	-87	-88	-88	-53	0	0	0	0	-93	0	0	0	0	0	0	0	0	0	0	0	0	-92	0	0	0	0	-84	0	0	0	0	-83	0	-83	-84	0	0	0	-94	0	0	0	0	0	0	0	0	0	0	0	0	-64	0	0	0	0	0	0	3753	-3519	2741	22589	-7752	-230	-40	969	213	-1	0	0	-40	956	211	1606974666
0	-50	-49	-60	-62	0	0	0	-75	0	-76	-75	-79	0	0	-85	0	-90	-90	-89	0	0	-90	-89	0	0	0	-88	-87	0	-89	-88	-88	-59	0	0	0	0	-87	0	0	-89	0	0	0	0	0	0	0	-86	0	0	-86	-87	0	0	0	0	0	0	0	0	0	0	0	0	0	0	0	0	0	0	0	0	0	0	0	0	0	0	0	-63	0	0	0	0	0	0	3692	-3534	2666	22587	-7747	-230	-40	969	215	-1	0	0	-40	956	212	1606974667
0	-51	-49	-59	0	0	0	-71	-76	0	-76	-76	-78	-71	0	-84	-80	-89	-89	-90	-76	-78	-90	-88	-76	-77	-89	-88	-88	0	-88	-88	-89	-59	0	0	0	0	-89	0	0	-90	0	0	0	0	0	0	0	0	0	0	0	0	0	0	-83	0	0	0	0	-81	0	-85	-81	0	0	0	0	0	0	0	0	0	0	0	0	0	0	0	0	0	0	0	0	0	0	0	3707	-3474	2741	22586	-7746	-231	-40	968	215	-1	0	0	-40	956	212	1606974669
-57	-50	-49	-60	-62	0	-77	-78	-76	0	-76	-76	-78	-70	0	0	-77	-90	-89	0	-78	-78	-90	-89	-77	-77	-91	-89	-88	0	-90	-87	-89	-59	0	0	0	0	0	0	0	0	0	0	0	0	0	-88	0	0	0	0	0	0	0	0	0	0	0	0	0	0	0	0	0	0	0	0	0	0	0	0	0	0	0	0	0	0	0	0	0	-63	0	0	0	0	0	0	3707	-3519	2726	22588	-7751	-231	-40	969	214	-1	0	0	-40	956	212	1606974671
0	-50	-48	-61	-62	0	-69	-71	-74	0	-74	-74	-78	-71	0	-84	-76	-88	-89	-89	-78	-77	-89	-89	-78	-79	-87	-87	-87	0	-88	-88	-87	-58	0	0	0	0	-90	0	0	0	-87	0	0	0	0	-88	0	-85	0	0	0	-88	0	0	-83	0	0	0	0	-83	0	-83	-84	0	0	0	0	0	0	0	0	0	0	0	0	0	0	0	0	-64	0	0	0	0	0	0	3707	-3504	2696	22588	-7748	-231	-40	969	215	-1	0	0	-40	956	212	1606974672
-58	0	-50	-60	-61	0	-71	-70	-76	0	-75	-76	-79	-71	0	-85	-78	-89	-89	-88	-77	-78	-90	-89	-77	-77	-88	-88	-87	0	-87	-88	-89	-59	0	0	0	0	-90	0	0	0	0	0	0	0	0	0	0	-87	0	0	-85	-84	0	0	0	0	0	0	0	0	0	0	0	0	0	0	0	0	-80	0	0	0	0	0	0	0	0	0	0	-61	0	0	0	0	0	0	3707	-3459	2741	22587	-7748	-231	-41	969	215	-1	0	0	-40	956	212	1606974674
-58	-52	0	0	-61	0	-77	-74	-74	0	-75	-75	-79	-71	0	-83	0	-89	-89	-90	0	0	-88	-88	0	0	-88	-89	-89	0	-87	-88	-87	-62	0	0	0	0	-90	0	0	0	-90	-92	0	0	0	0	0	0	0	0	0	0	0	0	0	0	0	0	0	0	0	0	0	0	0	0	0	0	0	0	0	0	0	0	0	0	0	0	0	-65	0	0	0	0	0	0	3753	-3474	2741	22588	-7748	-231	-40	968	214	-1	0	-1	-40	956	212	1606974676
0	0	-54	0	-61	0	0	0	-71	0	-70	-72	-74	0	0	-85	0	-88	-88	-88	0	-77	-88	-90	0	0	-88	-89	-88	0	-87	-88	-87	-63	0	0	0	0	-94	0	0	0	0	0	0	0	-92	0	0	-88	0	0	-84	-84	0	0	-85	0	-71	0	0	0	0	0	-85	0	0	0	0	0	0	0	0	0	0	0	0	0	0	0	0	-74	0	0	0	0	0	0	3693	-3504	2748	22587	-7749	-232	-40	969	214	-1	0	0	-40	956	212	1606974677
-56	-53	0	-67	-63	0	-69	-68	-75	0	-76	-76	-79	-69	0	-85	-79	-89	-90	-89	-77	-78	-88	-90	-77	-77	-88	-88	-88	0	-87	-89	-89	-63	-62	0	0	0	-88	0	0	0	0	0	0	0	0	0	0	-86	0	-92	0	-87	0	-87	-85	0	0	0	0	-82	0	-82	-83	0	0	0	0	0	0	0	0	0	0	0	0	0	0	0	0	-72	0	0	0	0	0	0	3693	-3504	2763	22587	-7747	-231	-41	969	215	-1	0	0	-40	956	212	1606974679
0	-51	-51	-68	-63	0	0	0	-76	-77	-75	-75	-79	0	0	0	0	-89	-89	-89	0	-76	-90	-89	0	0	0	-88	-88	0	-88	-88	-88	-64	0	0	0	0	-87	0	0	0	0	0	0	0	0	0	0	0	0	0	0	0	0	0	0	0	0	0	0	0	0	0	0	0	0	0	0	0	0	0	0	0	0	0	0	0	0	0	0	-64	0	0	0	0	0	0	3707	-3504	2726	22589	-7752	-231	-40	969	213	0	-1	0	-40	956	211	1606974680
-57	0	-52	-66	-62	0	-68	-76	-72	-76	-72	-71	-73	0	0	-83	0	-90	-90	-88	0	-77	-88	-88	0	0	0	-86	-87	0	-87	-87	-88	-60	-64	0	0	0	-95	0	0	0	0	0	0	0	0	0	0	-84	0	0	-85	-84	0	0	-85	0	-70	0	0	-83	0	-85	-83	0	0	0	0	0	0	0	0	0	0	0	0	0	0	0	0	-65	0	0	0	0	0	0	3692	-3519	2696	22587	-7748	-232	-40	968	215	-1	0	0	-40	956	212	1606974682
0	-51	-52	-70	0	0	-77	-68	-76	-76	-76	-75	-79	-68	0	0	-77	-91	-89	-88	-76	-77	-90	-90	-77	-77	0	-87	-87	0	-88	-87	-88	-64	-63	0	0	0	-89	0	0	0	0	0	0	0	0	-87	0	0	0	0	0	0	0	0	0	0	0	0	0	0	0	0	0	0	0	0	0	0	0	0	0	0	0	0	0	0	0	0	0	-70	0	0	0	0	0	0	3692	-3504	2726	22587	-7748	-232	-41	968	215	-1	0	0	-40	956	212	1606974683
-55	-51	0	-68	-62	0	-76	-76	-74	0	-75	-75	-78	-76	0	-85	0	-88	-89	-89	0	-80	-89	-89	0	0	-90	-87	-88	0	-87	-88	-88	-64	-63	0	0	0	-87	0	0	0	0	0	0	0	0	0	0	-85	0	-92	-89	-85	0	0	-82	0	0	0	0	-82	0	-83	-85	0	0	0	0	0	0	0	0	0	0	0	0	0	0	0	0	-70	0	0	0	0	0	0	3738	-3519	2741	22588	-7751	-231	-40	968	213	-1	0	0	-40	956	212	1606974685
-55	-51	-52	0	-62	0	-69	-69	-73	0	-72	-72	-74	-67	0	-85	0	-90	-90	-89	0	-77	-88	-90	0	0	0	-88	-87	0	-87	-87	-88	-59	-62	0	0	0	0	0	0	0	0	0	0	0	0	0	0	-85	0	0	-84	-87	0	0	-84	0	0	0	0	-85	0	-84	-84	0	0	0	0	0	0	0	0	0	0	0	0	0	0	0	0	-67	0	0	0	0	0	0	3693	-3504	2733	22587	-7748	-232	-41	968	215	-1	0	0	-40	956	212	1606974687
-55	-50	-52	-70	-63	0	-68	-68	-75	0	-74	-74	-78	-76	0	-84	0	-90	-90	-88	0	-76	-89	-90	0	0	0	-88	-88	0	-88	-87	-88	-64	0	0	0	0	-89	0	0	0	0	0	0	0	0	-87	0	-88	0	0	-85	-85	0	0	0	0	0	0	0	0	0	0	0	0	0	0	0	0	0	0	0	0	0	0	0	0	0	0	0	0	0	0	0	0	0	0	3692	-3503	2681	22587	-7748	-231	-40	968	214	-1	0	0	-40	956	212	1606974688
-56	-51	-49	-69	-64	-75	-76	-74	-74	0	-74	-74	-79	-76	0	-82	0	-90	-88	-89	0	0	-90	-87	0	0	-89	0	0	0	0	0	0	-62	0	0	0	0	-89	0	0	0	0	0	0	0	0	0	0	-84	0	0	-84	-89	0	0	-83	0	0	0	0	-84	0	-85	-82	0	0	0	0	0	0	0	0	0	0	0	0	0	0	0	0	-65	0	0	0	0	0	0	3662	-3503	2726	22587	-7747	-232	-40	968	215	-1	0	0	-40	956	212	1606974690
-49	-50	-50	-63	-62	-71	0	0	-71	-77	-71	0	-74	0	0	0	0	-91	-90	0	0	0	-89	-90	0	0	-89	-87	-88	0	-87	-87	-88	-58	0	0	0	0	0	0	0	0	0	0	0	0	0	-74	0	0	0	0	0	0	0	0	0	0	0	0	0	0	0	0	0	0	0	0	0	0	0	0	0	0	0	0	0	0	0	0	0	-70	0	0	0	0	0	0	3707	-3474	2763	22588	-7749	-231	-41	969	214	-1	0	0	-40	956	212	1606974691
-56	-51	0	-63	-62	-75	-74	0	-75	0	-74	-75	-78	-73	0	-84	0	-89	-89	-88	0	-77	-89	-88	0	0	-87	-88	-88	0	-88	-87	-88	-61	-63	0	0	0	-90	0	0	0	0	0	0	0	0	0	0	0	0	0	0	0	0	0	-85	0	0	0	0	-83	0	-84	-84	0	0	0	0	0	0	0	0	0	0	0	0	0	0	0	0	-67	0	0	0	0	0	0	3707	-3489	2741	22587	-7748	-231	-40	969	214	-1	0	0	-40	956	212	1606974693
-56	-52	-50	-63	0	-75	0	-70	-74	0	-74	-75	-78	-74	0	-85	-79	-89	-88	-88	-77	-78	-88	-89	-76	-79	-90	-88	-89	0	-88	-90	-89	-61	-64	0	0	0	-88	0	0	0	0	0	0	0	0	-84	0	-84	0	-88	0	0	0	0	-87	0	0	0	0	-86	0	-84	-85	0	0	0	0	0	0	0	0	0	0	0	0	0	0	0	0	-64	0	0	0	0	0	0	3708	-3511	2741	22587	-7748	-231	-41	968	214	-1	0	-1	-40	956	212	1606974695
-56	-52	0	0	-61	-70	0	0	-75	0	-76	-74	-80	0	0	-86	0	-91	-91	-90	0	-77	-90	-92	0	0	-88	-87	-88	0	-88	-87	-89	-60	-63	0	0	0	-89	0	0	0	0	-89	0	0	0	0	0	0	0	-91	0	0	0	0	-85	0	0	0	0	-83	0	-86	-86	0	-89	0	0	0	0	0	0	0	0	0	0	0	0	0	0	-67	0	0	0	0	0	0	3723	-3504	2741	22588	-7750	-231	-41	968	214	-1	0	0	-40	956	212	1606974696
-58	-50	0	-64	-61	-71	-77	0	-73	0	-74	-75	-79	-70	0	-84	0	-90	-88	-88	0	-77	-90	-89	0	0	-81	-88	-88	0	-88	-87	-87	-60	-58	0	0	0	-92	0	0	0	0	0	0	0	0	0	0	0	0	0	0	0	0	-88	-84	0	0	0	0	-82	0	-84	-84	0	0	0	0	0	0	0	0	0	0	0	0	0	0	0	0	-63	0	0	0	0	0	0	3647	-3519	2733	22587	-7748	-231	-40	968	214	-1	0	0	-40	956	212	1606974698
-60	-48	-49	-64	-60	-71	0	0	-75	0	-73	-74	-80	0	0	-83	0	-90	-89	-88	0	-78	-89	-90	0	0	-88	-88	-88	0	-87	-87	-88	-59	0	0	0	0	-90	0	0	0	0	0	0	0	0	-86	0	-88	0	-91	-84	-89	0	0	-85	0	0	0	0	-83	0	-84	-82	0	0	0	0	0	0	0	0	0	0	0	0	0	0	0	0	-62	0	0	0	0	0	0	3715	-3519	2726	22587	-7748	-232	-41	968	214	-1	0	0	-40	956	212	1606974699
-55	-49	-44	-57	-61	-73	-71	0	-74	0	-73	-72	-79	-72	0	-85	0	-89	-89	-88	0	-79	-89	-88	0	0	-88	-88	-89	0	-87	-88	-88	-60	-62	0	0	0	-89	0	0	0	-88	0	0	0	0	-90	0	-85	0	0	-85	-84	0	-90	-82	0	0	0	0	-82	0	-82	-84	0	0	0	0	0	0	0	0	0	0	0	0	0	0	0	0	-61	0	0	0	0	0	0	3693	-3549	2726	22588	-7751	-232	-41	968	214	-1	-1	0	-40	956	211	1606974701
0	-50	-52	-59	0	-70	-70	0	-75	-76	-75	-75	-78	-69	0	-85	0	-91	-92	-89	0	-78	-90	-89	0	0	-87	-87	-87	0	-87	-88	-88	-61	0	0	0	0	-90	0	0	0	0	0	0	0	-89	0	0	0	0	0	0	0	0	0	0	0	0	0	0	0	0	0	0	0	0	0	0	0	-84	0	0	0	0	0	0	0	0	0	0	-63	0	0	0	0	0	0	3722	-3504	2711	22587	-7746	-231	-40	968	214	-1	0	0	-40	956	212	1606974703
-59	-48	-49	-54	0	-67	0	-69	-69	-77	-69	-68	-73	-70	0	-85	0	-90	-90	-89	0	-78	-88	-88	0	-78	-89	-88	-88	0	-87	-87	-89	-53	0	0	0	0	-94	0	0	0	0	0	0	0	0	0	0	-89	0	-91	-88	-88	0	0	-83	0	0	0	0	-84	0	-84	-82	0	0	0	0	0	0	0	0	0	0	0	0	0	0	0	0	-69	0	0	0	0	0	0	3708	-3519	2786	22586	-7746	-232	-40	968	214	-1	0	0	-40	956	212	1606974704
-59	-47	-46	-57	-60	-74	0	0	-73	0	-73	-74	-78	0	0	-84	0	-91	-88	-90	0	-77	-89	-88	0	0	-90	-88	-88	0	-88	-88	-87	-59	0	0	0	0	-90	0	0	0	0	0	0	0	0	0	0	-85	0	0	0	-85	0	0	0	0	0	0	0	0	0	0	0	0	0	0	0	0	0	0	0	0	0	0	0	0	0	0	0	-63	0	0	0	0	0	0	3700	-3534	2711	22589	-7752	-231	-40	968	214	-1	0	0	-40	956	211	1606974706
-58	-51	-51	-59	-61	-72	-69	-69	-73	-75	-73	-74	-79	-69	0	0	0	-89	-89	-88	0	0	-90	-88	0	0	-87	-87	-88	0	-88	-87	-88	-59	-64	0	0	0	-89	0	0	0	0	0	0	0	0	0	0	-86	0	0	-88	-84	0	0	0	0	0	0	0	0	0	0	0	0	0	0	0	0	0	0	0	0	0	0	0	0	0	0	0	-66	0	0	0	0	0	0	3654	-3458	2726	22587	-7747	-231	-40	968	215	-1	0	0	-40	956	212	1606974707
-59	-49	-53	-58	-61	-67	-70	-69	-69	0	-69	-69	-74	-69	0	-77	0	-88	-89	-88	0	-77	-89	-88	0	0	-88	-86	-88	0	-87	-88	-87	-54	-61	0	0	0	0	0	0	0	-88	0	0	0	0	0	0	-87	0	0	-83	-84	0	0	-85	0	0	0	0	-86	0	-83	-84	0	0	0	0	0	0	0	0	0	0	0	0	0	0	0	0	-73	0	0	0	0	0	0	3708	-3504	2756	22587	-7747	-231	-40	968	214	-1	0	0	-40	956	212	1606974709
0	-48	-55	0	0	0	0	0	-68	0	-68	-68	-73	0	0	-84	0	-91	-89	-89	0	-79	-90	-88	0	0	-86	-88	-89	0	-88	-88	-87	-55	0	0	0	0	0	0	0	0	-88	0	0	0	0	0	0	0	0	0	0	0	0	0	0	0	0	0	0	0	0	0	0	0	0	0	0	0	0	0	0	0	0	0	0	0	0	0	0	-68	0	0	0	0	0	0	3662	-3504	2741	22589	-7752	-231	-40	969	214	-1	0	0	-40	956	211	1606974711
-57	-48	-49	-56	-63	0	-69	-69	-75	0	-74	-73	-77	0	0	0	0	-90	-90	-89	0	0	-90	-90	0	0	-91	-88	-88	0	-88	-88	-88	-60	-64	0	0	0	-90	0	0	0	0	0	0	0	-92	0	0	0	0	0	0	0	0	0	0	0	0	0	0	0	0	0	0	0	0	0	0	0	0	0	0	-92	0	0	0	0	0	0	0	-72	0	0	0	0	0	0	3692	-3496	2719	22587	-7748	-231	-40	968	214	-1	0	0	-40	956	212	1606974712
0	-47	0	-58	-63	0	-71	0	-73	0	-74	-73	-78	0	0	-84	0	-88	-89	-90	0	-78	-89	-90	0	0	-87	-88	-89	0	-89	-87	-88	-60	0	0	0	0	-91	0	0	0	0	0	0	0	0	0	0	-85	0	0	-89	-83	0	0	-84	0	0	0	0	-87	0	-84	0	0	0	0	0	0	0	0	0	0	0	0	0	0	0	0	0	-69	0	0	0	-91	0	0	3708	-3504	2741	22586	-7747	-232	-41	968	215	-1	0	0	-40	956	212	1606974714
0	-46	0	-58	0	-67	-69	-70	-68	-76	-69	-69	-73	0	0	-85	0	-89	-89	-88	0	-78	-89	-88	0	0	-90	-87	-88	0	-87	-88	-89	-54	-65	0	0	0	0	0	0	0	-87	0	0	0	0	0	0	-88	0	0	-88	-85	0	0	0	0	0	0	0	0	0	0	0	0	0	0	0	0	0	0	0	0	0	0	0	0	0	0	0	-78	0	0	0	0	0	0	3655	-3511	2771	22590	-7754	-231	-41	969	213	0	0	0	-40	956	211	1606974716
-58	0	0	-59	-65	-74	-77	-70	-73	-73	-73	-74	-78	-76	0	-87	0	-91	-90	-88	0	-77	-89	-89	0	0	-88	-88	-88	0	-86	-88	-88	-57	0	0	0	0	-91	0	0	0	0	0	0	0	0	0	0	0	0	0	0	0	0	0	-87	0	0	0	0	-85	0	-86	-85	0	0	0	0	0	-81	0	0	0	0	0	0	0	0	0	0	0	0	0	0	0	0	0	3692	-3474	2741	22587	-7747	-231	-40	968	215	0	-1	0	-40	956	212	1606974717
-58	-47	-48	-57	-64	-72	-70	-69	-74	-76	-74	-74	-78	-69	0	-84	0	-90	-89	-89	0	0	-90	-89	0	0	-88	-88	-89	0	-88	-88	-88	-59	0	0	0	0	-91	0	0	0	0	0	0	0	-90	0	0	0	0	-90	-85	0	0	0	-85	0	0	0	0	-84	0	0	-83	0	0	0	0	0	0	0	0	0	0	0	0	0	0	0	0	-71	0	0	0	0	0	0	3708	-3519	2741	22587	-7746	-231	-40	968	215	0	0	0	-40	956	212	1606974719
0	0	-45	0	-64	-72	-68	-70	-73	-77	-73	-73	-77	-70	0	0	0	-90	-90	-89	0	0	-89	-90	0	0	-90	-87	-88	0	-88	-89	-88	-60	0	0	0	0	-90	0	0	0	0	0	0	0	0	0	0	-86	0	0	-85	-86	0	0	-85	0	0	0	0	-87	0	-84	-84	0	0	0	0	0	0	0	0	0	0	0	0	0	0	0	0	-72	0	0	0	0	0	0	3745	-3489	2681	22589	-7750	-230	-40	969	214	0	-1	0	-40	956	212	1606974720
-57	-47	0	-57	-65	0	0	0	-68	-77	-68	-68	-73	0	0	0	0	-88	-89	-88	0	-78	-89	-89	0	0	-88	-88	-87	0	-87	-87	-87	-53	-64	0	0	0	0	0	0	0	0	-87	0	0	0	0	0	0	0	0	0	0	0	0	-85	0	0	0	0	-84	0	0	0	0	-90	0	0	0	0	0	0	0	0	0	0	0	0	0	0	-65	0	0	0	0	0	0	3647	-3488	2689	22587	-7747	-231	-40	969	214	0	0	0	-40	956	212	1606974722
-57	-46	-46	-57	-63	0	0	0	-74	0	-74	-73	-78	0	0	-84	0	-89	-90	-90	0	-78	-89	-88	0	0	-88	-87	-89	0	-87	-87	-88	-59	0	0	0	0	0	0	0	0	0	0	0	0	0	0	0	0	0	-91	0	0	0	0	-85	0	0	0	0	-83	0	-85	-83	0	0	0	0	0	0	0	0	0	0	0	0	0	0	0	0	0	0	0	0	0	0	0	3647	-3504	2763	22587	-7747	-230	-40	969	215	0	0	0	-40	956	212	1606974724
-58	-45	0	-58	-60	0	-69	-69	-73	-77	-74	-73	-79	0	0	-84	0	-91	-90	-89	0	0	-89	-90	0	0	-89	-86	-88	0	-86	-88	-87	-59	-65	0	0	0	-91	0	0	0	0	-87	0	0	0	0	0	0	0	-94	0	0	0	0	-85	0	0	0	0	0	0	-83	-85	0	0	0	0	0	0	0	0	0	0	0	0	0	0	0	0	-69	0	0	0	0	0	0	3723	-3549	2726	22589	-7752	-230	-40	969	214	0	0	0	-40	956	211	1606974725
-57	-46	-46	-57	-63	0	-69	-69	-73	0	-73	-73	-78	0	0	0	0	-91	-91	-90	0	0	-89	-88	0	0	0	-88	-89	0	-88	-86	-89	-58	0	0	0	0	-91	0	0	0	0	0	0	0	0	0	0	-84	0	0	-84	-88	0	0	0	0	0	0	0	0	0	0	0	0	0	0	0	0	-79	0	0	0	0	0	0	0	0	0	0	-65	0	0	0	0	0	0	3768	-3481	2681	22587	-7746	-231	-40	969	214	0	-1	-1	-40	956	212	1606974727
-58	0	0	-57	-63	0	-70	-71	-68	0	-68	-68	-73	-70	0	0	-77	-88	-89	-87	-77	-78	-89	-88	-77	-78	-86	-87	-88	0	-89	-87	-88	-53	0	0	0	0	0	0	0	0	0	0	0	0	0	0	0	0	0	0	0	-84	0	0	-82	0	-70	0	0	-83	0	-84	-83	0	0	0	0	0	0	0	0	0	0	0	0	0	0	0	0	-64	0	0	0	0	0	0	3707	-3519	2696	22587	-7746	-230	-40	969	214	0	-1	0	-40	956	212	1606974728
0	-47	-45	-59	-63	0	-70	0	-73	0	-73	-73	-78	-70	0	-85	0	-90	-89	-90	0	-78	-88	-89	0	0	-87	-86	-89	0	-88	-87	-87	-59	0	0	0	0	-89	0	0	0	0	0	0	0	0	0	0	0	0	0	0	0	0	0	-85	0	0	0	0	-84	0	-83	-85	0	0	0	0	0	0	0	0	0	0	0	0	0	0	0	0	-76	0	0	0	0	0	0	3737	-3497	2763	22590	-7753	-230	-40	969	214	0	0	0	-40	956	211	1606974730
-59	0	0	-58	-63	-67	-70	-70	-69	0	-70	-70	-73	-69	0	-83	-77	-88	-89	-89	-77	-79	-88	-87	-77	-77	-88	-89	-88	0	-88	-86	-89	-53	0	0	0	0	-94	0	0	0	0	0	0	0	0	0	0	0	0	0	0	0	0	0	0	0	0	0	0	0	0	0	0	0	0	0	-95	0	0	0	0	0	0	0	0	0	0	0	0	-71	0	0	0	0	0	0	3707	-3489	2681	22587	-7747	-231	-40	968	215	0	0	-1	-40	956	212	1606974732
-56	-45	-45	-59	-61	-72	-70	-70	-74	-75	-73	-73	-78	-70	0	-83	0	-91	-90	0	0	-77	-89	-90	0	0	-88	-88	-89	0	-88	-88	-88	-59	0	0	0	0	-90	0	0	0	0	0	0	0	0	-88	0	0	0	0	0	0	0	0	0	0	0	0	0	0	0	0	0	0	0	0	0	0	0	0	0	0	0	0	0	0	0	0	0	-68	0	0	0	0	0	0	3752	-3474	2681	22587	-7747	-230	-40	968	215	0	0	0	-40	956	212	1606974733
-56	0	-45	-58	-62	-72	-69	-69	-74	-75	-74	-73	-79	-69	-87	-84	0	-89	0	-89	0	0	-89	-88	0	0	-87	-86	-87	0	-87	-87	-88	-59	0	0	0	0	-90	0	0	0	0	0	0	0	0	0	0	0	0	0	-89	-84	0	-88	-84	0	0	0	0	-84	0	-86	-83	0	0	0	0	0	0	0	0	0	0	0	0	0	0	0	0	-72	0	0	0	0	0	0	3662	-3481	2770	22588	-7749	-230	-40	969	213	0	0	0	-40	956	212	1606974735
-56	-46	-43	0	-63	-66	0	0	-70	0	-70	-70	-73	0	0	-83	0	-88	-88	-88	0	-77	-89	-89	0	0	-87	-88	-88	0	-88	-88	-87	-54	0	0	0	0	0	0	0	0	0	0	0	0	0	0	0	0	0	0	0	0	0	0	-85	0	0	0	0	-83	0	-85	-84	0	0	0	0	0	0	0	0	0	0	0	0	0	0	0	0	-67	0	0	0	0	0	0	3738	-3549	2771	22588	-7747	-230	-40	969	214	0	0	0	-40	956	212	1606974736
-57	-46	-43	-60	-61	-72	-71	-70	-73	-75	-74	-74	-79	-70	0	-83	0	-91	-89	-90	0	0	-89	-89	0	0	-89	-87	-87	0	-87	-86	-89	-59	0	0	0	0	-89	0	0	0	0	0	0	0	0	0	0	0	0	-90	0	0	0	0	-85	0	0	0	0	-84	0	-85	-84	0	0	0	0	0	0	0	0	0	0	0	0	0	0	0	0	-67	0	0	0	0	0	0	3722	-3504	2696	22587	-7748	-232	-40	968	215	0	0	-1	-40	956	212	1606974738
-57	0	-42	-58	-62	0	-77	0	-71	-75	-71	-69	-73	0	0	-83	0	-90	-91	-89	0	0	-89	-89	0	0	-87	-88	-88	0	-86	-86	-87	-54	0	0	0	0	-94	0	0	0	0	0	0	0	-90	-86	0	0	0	0	0	0	0	0	-73	0	0	0	0	-84	0	-84	-81	0	0	0	0	0	0	0	0	0	0	0	0	0	0	0	0	0	0	0	0	0	0	0	3692	-3489	2726	22589	-7751	-231	-41	969	213	0	-1	0	-40	956	211	1606974740
-55	0	-41	0	0	0	0	0	-74	-75	-73	-75	-78	0	0	-82	0	-90	-88	-89	0	-78	-89	-89	0	0	-87	-88	-86	0	-87	-88	-88	-59	0	0	0	0	-89	0	0	0	0	0	0	0	0	0	0	-85	0	-94	-84	-89	0	0	0	0	0	0	0	-84	0	-83	-82	0	0	0	0	0	0	0	0	0	0	0	0	0	0	0	0	-72	0	0	0	0	0	0	3693	-3519	2733	22587	-7747	-231	-41	968	215	0	0	0	-40	956	212	1606974741
-56	0	-40	-57	-62	0	-69	-69	-75	-75	-75	-74	0	-70	0	-82	0	-89	-90	-89	0	0	-90	-89	0	0	-89	-88	-88	0	-88	-89	-88	-60	0	0	0	0	-91	0	0	0	0	0	0	0	0	-89	0	0	0	-93	0	0	0	0	-84	0	0	0	0	-83	0	-85	-83	0	0	0	0	0	0	0	0	0	0	0	0	0	0	0	0	-66	0	0	0	0	0	0	3692	-3518	2666	22587	-7746	-230	-41	968	215	0	0	0	-40	956	212	1606974743
-59	-47	-40	-58	0	0	-70	-69	-70	-76	-70	-70	-74	-68	0	-82	-78	-90	-87	-88	-78	-78	-88	-89	-75	-78	-90	-87	-88	0	-88	-87	-88	-55	0	0	0	0	0	0	0	0	0	0	0	0	0	0	0	-83	0	-91	-88	-88	0	0	-84	0	0	0	0	-72	0	-83	-84	0	0	0	0	0	0	0	0	0	0	0	0	0	0	0	0	-75	0	0	0	0	0	0	3693	-3504	2748	22587	-7750	-233	-40	968	213	0	0	-1	-40	956	212	1606974745
-59	-49	-40	0	-63	0	-78	-69	-75	0	-75	-73	-78	-78	0	-83	0	-89	-89	-89	0	-77	-89	-88	-77	0	-88	-88	-87	0	-88	-87	-89	-60	0	0	0	0	-91	0	0	0	0	-87	0	0	0	0	0	-88	0	0	-88	-85	0	0	-83	0	0	0	0	-84	0	-83	-81	0	0	0	0	0	0	0	0	0	0	0	0	0	0	0	0	-67	0	0	0	0	0	0	3707	-3504	2726	22588	-7749	-231	-40	968	215	0	0	0	-40	956	212	1606974746
-57	-48	0	-57	0	0	-70	-70	-75	-76	-74	-75	-80	0	0	-83	-77	-90	-89	-89	-77	-77	-90	-88	-77	-77	-86	-87	-89	0	-87	-88	-87	-61	0	0	0	0	-90	0	0	0	0	0	0	0	0	0	0	0	0	0	-84	-84	0	0	-84	0	0	0	0	-85	0	-84	-85	0	0	0	0	0	0	0	0	0	0	0	0	0	0	0	0	-67	0	0	0	0	0	0	3693	-3549	2756	22587	-7747	-231	-41	968	214	0	0	0	-40	956	212	1606974748
-57	-47	-41	-57	-58	0	-70	0	-74	0	-74	-74	-78	-77	-83	0	0	-90	-89	-90	0	-77	-90	-89	0	0	-88	-88	-87	0	-86	-90	-88	-59	0	0	0	0	-90	0	0	0	0	0	0	0	0	0	0	-90	0	0	-88	-84	0	0	-85	0	0	0	0	0	0	0	0	0	0	0	0	0	0	0	0	0	0	0	0	0	0	0	0	-77	0	0	0	0	0	0	3677	-3518	2726	22588	-7749	-231	-41	968	214	0	0	0	-40	956	212	1606974749
-59	-47	-41	-57	-60	0	-72	-71	-70	-76	-70	-70	-74	-71	0	-85	-77	-89	-88	-89	-76	-76	-89	-89	-77	-77	-90	-88	-88	0	-87	-88	-88	-53	0	0	0	0	-93	0	0	0	0	0	0	0	0	0	0	-88	0	0	-85	-84	0	0	-84	0	0	0	0	-83	0	-83	-83	0	0	0	0	0	0	0	0	0	0	0	0	0	0	0	0	-77	0	0	0	0	0	0	3662	-3519	2741	22588	-7749	-231	-40	968	214	0	0	0	-40	956	212	1606974751
0	-48	-40	-56	0	0	0	-79	-73	-75	-74	-73	-78	0	0	0	-78	-90	-89	-90	0	-78	-90	-89	-77	-76	-87	-87	-88	0	-88	-89	-89	-60	0	0	0	0	-89	0	0	0	0	0	0	0	0	0	0	-85	0	0	-87	-84	0	0	0	0	0	0	0	0	0	0	0	0	0	0	0	0	0	0	0	0	0	0	0	0	0	0	0	-77	0	0	0	0	0	0	3753	-3556	2726	22588	-7750	-232	-41	969	214	0	0	0	-40	956	212	1606974752
-59	-47	-41	-56	-61	0	-79	-71	-74	-76	-73	-74	-79	-79	0	-83	0	-90	-89	-89	0	0	-89	-88	0	0	-88	-87	-88	0	-87	-87	-88	-59	0	0	0	0	-88	0	0	0	0	0	0	0	0	0	0	0	0	0	0	0	0	0	-85	0	0	0	0	-85	0	-83	-84	0	0	0	0	0	0	0	0	0	0	0	0	0	0	0	0	-75	0	0	0	0	0	0	3707	-3489	2726	22588	-7749	-231	-41	968	214	0	-1	0	-40	956	212	1606974754
-59	-48	-40	-57	-63	0	-70	-69	-70	0	-70	-71	-74	-69	0	-84	0	-88	-87	-87	0	0	-88	-88	0	0	-87	-88	-89	0	-87	-88	-88	-53	0	0	0	0	0	0	0	-88	0	0	0	0	-90	0	0	0	0	0	0	0	0	0	-84	0	0	0	0	-85	0	-85	-82	0	0	0	0	0	0	0	0	0	0	0	0	0	0	0	0	0	0	0	0	0	0	0	3707	-3474	2741	22588	-7750	-230	-41	968	214	0	-1	0	-40	956	212	1606974755
0	-47	0	0	-61	-69	0	0	-74	0	-74	-73	-78	0	0	-84	0	-89	-89	-89	0	-77	-89	-88	0	0	-88	-87	-88	0	-87	-88	-88	-59	0	0	0	0	-89	0	0	0	0	0	0	0	0	0	0	0	0	0	0	0	0	0	0	0	0	0	0	0	0	0	0	0	0	0	0	0	0	0	0	0	0	0	0	0	0	0	0	0	0	0	0	0	0	0	3707	-3519	2726	22588	-7749	-230	-40	968	214	0	-1	0	-40	956	212	1606974757
-58	-48	-41	-59	-61	-65	0	-76	-70	0	-70	-70	-73	-71	0	-84	-79	-89	-86	-88	-77	-77	-89	-88	-77	-78	-87	-87	-89	0	-87	-87	-88	-54	0	0	0	0	0	0	0	0	0	0	0	0	0	-87	0	-90	-90	-93	-89	-83	0	-87	-82	0	0	0	0	-83	0	-85	-84	0	0	0	0	0	0	0	0	0	0	0	0	0	0	0	0	-64	0	0	0	0	0	0	3753	-3541	2666	22587	-7747	-231	-41	968	215	0	0	-1	-40	956	212	1606974758
-59	0	0	-59	-62	-66	-71	0	-71	0	-71	-72	-74	0	0	-84	-76	-88	-88	-88	0	-78	-89	-87	-77	0	-88	-88	-88	0	-87	-87	-88	-54	-64	0	0	0	0	0	0	0	0	-89	0	0	0	0	0	0	0	0	0	0	0	0	-84	0	-71	0	0	-86	0	-85	-84	0	0	0	0	0	0	0	0	0	0	0	0	0	0	0	0	-65	0	0	0	0	0	0	3692	-3489	2726	22588	-7750	-231	-41	969	214	0	-1	0	-40	956	212	1606974760
0	0	-42	0	0	-71	-77	-70	-74	0	-74	-74	-78	-71	0	-83	-77	-90	-91	-90	0	-76	-90	-89	-78	-77	-88	-88	-88	0	-89	-87	-89	-60	0	0	0	0	-88	0	0	0	0	0	0	0	0	0	0	0	0	0	0	0	0	0	0	0	0	0	0	0	0	0	0	0	0	0	0	0	0	0	0	-93	0	0	0	0	0	0	0	-65	0	0	0	0	0	0	3692	-3481	2659	22587	-7748	-231	-41	968	215	0	-1	0	-40	956	212	1606974762
-58	0	-41	0	0	-70	-69	-77	-74	-76	-75	-74	-78	-76	0	-85	0	-90	-88	-89	0	0	-89	-89	0	0	-91	-87	-88	0	-88	-87	-88	-60	0	0	0	0	-90	0	0	0	0	0	0	0	0	0	0	0	0	0	0	0	0	-87	-83	0	0	0	0	-84	0	-85	-84	0	0	0	0	0	0	0	0	0	0	0	0	0	0	0	0	-65	0	0	0	-93	0	0	3662	-3504	2771	22587	-7747	-231	-40	968	214	0	-1	0	-40	956	212	1606974763
-58	0	-41	0	0	-70	0	0	-74	-76	-74	-72	-77	-70	0	-84	0	-91	-89	-88	0	-77	-89	-90	0	0	-91	-87	-87	0	-87	-87	-88	-59	0	0	0	0	-90	0	0	-90	0	0	0	0	0	0	0	-83	0	0	-85	-88	0	-87	-85	0	0	0	0	-83	0	-84	-83	0	0	-93	0	0	0	0	0	0	0	0	0	0	0	0	0	-66	0	0	0	0	0	0	3745	-3519	2749	22589	-7752	-231	-40	968	214	0	-1	0	-40	956	211	1606974765
0	-46	-47	-59	0	-72	-70	-70	-74	0	-74	-74	-77	-70	0	-83	-77	-89	-90	-89	-76	-76	-88	-89	-78	-77	-90	-87	-87	0	-87	-87	-87	-59	0	0	0	0	-91	0	0	0	0	0	0	0	0	0	0	-89	0	0	-85	-89	0	0	-84	0	0	0	0	-85	0	-85	-85	0	0	0	0	0	0	0	0	0	0	0	0	0	0	0	0	-63	0	0	0	0	0	0	3640	-3488	2688	22588	-7749	-231	-41	968	215	0	0	0	-40	956	212	1606974767
-57	0	-48	-60	-62	-71	-75	-70	-73	0	-73	-73	-78	-71	0	0	0	-90	-89	-89	0	-78	-89	-89	0	0	-88	-87	-87	0	-87	-87	-87	-60	0	0	0	0	-90	0	0	0	0	0	0	0	0	0	0	-90	0	0	-85	-84	0	0	-85	0	0	0	0	-83	0	-84	-82	0	0	0	0	0	0	0	0	0	0	0	0	0	0	0	0	-62	0	0	0	0	0	0	3692	-3474	2726	22587	-7748	-230	-40	969	214	0	-1	0	-40	956	212	1606974768
0	-48	-45	-61	-62	-72	0	-76	-75	0	-73	-74	-78	0	0	0	0	-89	0	-89	0	0	-90	-91	0	0	-88	-87	-88	0	-88	-87	-88	-59	0	0	0	0	-90	0	0	0	0	0	0	0	0	0	0	-89	0	-93	-84	-86	0	0	0	0	0	0	0	0	0	0	0	0	0	0	0	0	0	0	0	0	0	0	0	0	0	0	0	0	0	0	0	0	0	0	3708	-3549	2756	22589	-7751	-231	-40	969	214	0	0	-1	-40	956	211	1606974770
0	-49	-43	-60	-63	-71	0	0	-73	0	-73	-73	-77	0	0	-85	0	-91	-89	-88	0	-78	-90	-88	0	0	-89	-86	-86	0	-86	-87	-86	-60	0	0	0	0	-89	0	0	0	0	0	0	0	0	-88	0	-85	0	-91	-86	-86	0	0	-84	0	0	0	0	-86	0	-84	-84	0	0	0	0	0	0	0	0	0	0	0	0	0	0	0	0	-64	0	0	0	0	0	0	3707	-3474	2696	22588	-7748	-231	-41	968	214	0	0	-1	-40	956	212	1606974771
-59	-48	-44	-60	-62	-71	-70	-70	-73	0	-73	-73	-77	-71	0	-84	0	-89	-89	-88	0	0	-89	-91	0	0	-87	-87	-87	0	-86	-87	-88	-60	-64	0	0	0	-88	0	0	0	0	0	0	0	0	0	0	0	0	0	0	0	0	0	-87	0	0	0	0	-83	0	-84	-84	0	-87	0	0	0	0	0	0	0	0	0	0	0	0	0	0	-68	0	0	0	0	0	0	3708	-3504	2741	22588	-7749	-231	-41	968	214	0	0	0	-40	956	212	1606974773
-57	-49	-44	-60	0	0	-72	-70	-72	-76	-73	-73	-77	-72	0	-80	0	-90	-89	-90	0	0	-90	-90	0	0	-87	-87	-87	0	-87	-87	-88	-60	0	0	0	0	-91	0	0	0	0	0	0	0	0	0	0	0	0	0	0	0	0	0	0	0	0	0	0	0	0	0	0	0	0	0	0	0	0	0	0	0	0	0	0	0	0	0	0	0	0	0	0	0	0	0	3692	-3429	2725	22590	-7753	-230	-40	969	213	0	-1	-1	-40	956	211	1606974775
0	-47	-44	-58	0	0	-71	-70	-73	-77	-73	0	-78	-70	0	-83	0	-90	-90	-90	0	-77	-89	-90	0	0	-88	-88	-89	0	-89	-87	-88	-59	-64	0	0	0	-91	0	0	0	-87	0	0	0	0	0	0	-86	0	0	0	-84	0	0	-82	0	0	0	0	-83	0	-84	-83	0	0	0	0	0	0	0	0	0	0	0	0	0	0	0	0	-64	0	0	0	-92	0	0	3662	-3548	2651	22588	-7749	-231	-41	969	214	0	0	0	-40	956	212	1606974776
-58	-45	-44	-62	-62	0	-69	0	-73	0	-73	-73	-78	-70	0	-85	0	-91	-91	-91	0	-76	0	-89	0	0	-89	-88	-88	0	-87	-88	-88	-60	-64	0	0	0	-89	0	0	0	-88	0	0	0	0	0	0	0	0	0	-84	-87	0	0	-85	0	0	0	0	-83	0	-83	-83	0	0	0	0	0	0	0	0	0	0	0	0	0	0	0	0	-64	0	0	0	0	0	0	3708	-3504	2741	22588	-7749	-230	-40	969	214	0	-1	0	-40	956	212	1606974778
-58	0	-56	-62	-59	-67	-69	-69	-70	0	-69	-70	-73	-69	0	-84	-77	-89	-89	-89	-76	-77	-88	-92	-77	-77	-90	-87	-87	0	-86	-87	-88	-52	0	0	0	0	-94	0	0	0	-87	0	0	0	0	0	0	0	0	0	0	0	0	0	-84	0	0	0	0	-84	0	-84	-84	0	0	0	0	0	0	0	0	0	0	0	0	0	0	0	0	-63	0	0	0	0	0	0	3707	-3489	2711	22590	-7754	-230	-40	968	214	0	0	0	-40	956	211	1606974779
-57	-53	-49	-57	-60	-76	0	0	-73	0	-75	-75	-78	0	0	-83	0	-87	0	0	0	0	-87	0	0	0	-90	-87	-87	0	-88	-88	-87	-62	0	0	0	0	-89	0	0	0	0	0	0	0	0	-85	0	0	0	-90	0	-86	0	0	0	0	0	0	0	-85	0	-85	-84	0	0	0	0	0	0	0	0	0	0	0	0	0	0	0	0	-71	0	0	0	0	0	0	3707	-3466	2696	22588	-7749	-231	-40	968	214	0	0	0	-40	956	212	1606974781
-56	0	0	-59	-63	0	-78	0	-70	0	-70	-69	-74	0	0	-86	-77	-89	-88	-88	-77	-78	-88	-89	-77	-76	-87	0	0	0	0	0	0	-54	0	0	0	0	-93	0	0	0	0	0	0	0	0	0	0	0	0	0	0	0	0	0	-83	0	0	0	0	-84	0	-84	-84	0	0	0	0	0	0	0	0	0	0	0	0	0	0	0	0	-67	0	0	0	0	0	0	3707	-3443	2696	22588	-7749	-230	-40	968	214	0	-1	0	-40	956	212	1606974783
-57	0	-51	0	-62	-67	0	0	-70	0	-70	-70	-74	0	0	-84	0	-90	-86	-89	0	-79	-88	-88	0	0	-87	-88	-88	0	-89	-87	-88	-53	0	0	0	0	0	0	0	-88	0	0	0	0	0	-85	0	0	0	0	0	0	0	0	0	0	0	0	0	0	0	0	0	0	0	0	0	0	0	0	0	0	0	0	0	0	0	0	0	-64	0	0	0	0	0	0	3707	-3519	2696	22588	-7750	-231	-40	968	214	0	0	0	-40	956	212	1606974784
-57	0	-52	-58	-60	-70	-70	-69	-75	-76	-75	-76	-79	-70	0	0	-78	-90	-88	-88	-80	-77	-89	-89	-78	-78	-85	-87	-87	0	-88	-86	-88	-58	0	0	0	0	-89	0	0	0	0	0	0	0	0	0	0	0	0	0	0	0	0	0	0	0	0	0	0	0	0	0	0	0	0	0	0	0	0	0	0	0	0	0	0	0	0	0	0	-63	0	0	0	0	0	0	3708	-3504	2748	22588	-7750	-231	-41	968	214	0	-1	0	-40	956	212	1606974786
0	-47	0	0	-62	-67	-69	-70	-70	0	-69	-69	-74	-77	0	-86	0	-89	-87	-87	0	-78	-88	-88	0	0	-90	-87	-87	0	-88	-89	-87	-53	0	0	0	0	-92	0	0	0	0	0	0	0	0	0	0	0	0	0	0	0	0	0	-85	0	0	0	0	-83	0	-85	-84	0	0	0	0	0	0	0	0	0	0	0	0	0	0	0	0	-60	0	0	0	0	0	0	3700	-3489	2756	22588	-7749	-231	-41	969	214	0	0	0	-40	956	212	1606974787
-58	-50	0	-60	-61	-71	0	-74	-75	0	-74	-75	-78	-70	0	-84	-79	-92	-89	-89	-77	-79	-90	-91	-76	-76	-90	-88	-90	0	-89	-89	-89	-58	0	0	0	0	-90	0	0	0	0	0	0	0	0	0	0	0	0	0	0	0	0	0	0	0	0	0	0	0	0	0	0	0	0	0	0	0	0	0	0	0	0	0	0	0	0	0	0	-60	0	0	0	0	0	0	3692	-3489	2696	22588	-7750	-231	-40	969	214	0	0	0	-40	956	212	1606974789
-58	-50	-53	-59	-61	-71	0	-78	-75	0	-75	-75	-78	-71	0	-84	0	-90	-92	-90	0	-77	0	-91	0	0	-90	-88	-88	0	-89	-88	-87	-58	0	0	0	0	0	0	0	0	0	0	0	0	-90	-87	0	0	0	-92	0	0	0	0	-82	0	0	0	0	-81	0	-82	-83	0	0	0	0	0	0	0	0	0	0	0	0	0	0	0	0	-60	0	0	0	0	0	0	3707	-3474	2756	22588	-7750	-230	-40	969	214	0	0	0	-40	956	212	1606974791
-58	-50	-53	-57	-62	0	-77	-69	-70	0	-70	-70	-74	-76	0	-82	0	-87	-88	-87	0	-77	-86	-87	0	0	-87	-88	0	0	-88	-89	-87	-53	0	0	0	0	-94	0	0	0	0	0	0	0	0	0	0	0	0	0	0	0	0	0	-84	0	0	0	0	-82	0	-84	-82	0	0	0	0	0	-83	0	0	0	0	0	0	0	0	0	0	-60	0	0	0	0	0	0	3692	-3518	2674	22589	-7752	-230	-40	969	213	0	0	0	-40	956	211	1606974792
0	-47	-54	0	0	0	-71	-70	-75	-76	-76	-75	-78	-77	0	-83	0	0	-91	0	0	-77	0	-88	0	0	-89	-88	-90	0	-90	-89	-88	-57	0	0	0	0	-90	0	0	0	0	0	0	0	0	0	0	0	0	0	0	0	0	-88	-83	0	0	0	0	-85	0	-85	-81	0	0	0	0	0	0	0	0	0	0	0	0	0	0	0	0	-60	0	0	0	0	0	0	3692	-3519	2719	22591	-7756	-230	-40	969	213	0	0	0	-40	956	211	1606974794
-58	-47	-52	-58	-61	0	0	-69	-75	0	-75	-74	-78	-70	0	-83	0	-89	-90	-90	0	0	-90	-90	0	0	-90	-88	-89	0	-88	-88	-89	-57	0	0	0	0	-89	0	0	0	0	0	0	0	0	0	0	-89	0	-91	-84	-87	0	0	-83	0	0	0	0	-84	0	-84	-82	0	0	0	0	0	0	0	0	0	0	0	0	0	0	0	0	0	0	0	0	0	0	0	3662	-3489	2770	22588	-7750	-231	-41	969	214	0	0	0	-40	956	212	1606974795
-58	-47	0	-58	-61	0	0	0	-76	-75	-74	-76	-78	0	0	-84	0	-92	-90	-90	0	-79	-90	-91	0	0	-88	-88	-88	0	-88	-89	-88	-58	0	0	0	0	-90	0	0	0	0	0	0	0	0	0	0	0	0	0	0	0	0	0	-85	0	0	0	0	-83	0	-82	-84	0	0	0	0	0	0	0	0	0	0	0	0	0	0	0	0	-60	0	0	0	0	0	0	3738	-3504	2756	22588	-7748	-230	-40	968	214	0	0	0	-40	956	212	1606974797
-58	-48	-52	-59	-62	0	0	-70	-74	-75	-76	-75	-78	-69	0	-85	-77	-91	-91	-91	-77	-77	0	-90	-78	-77	0	-89	-88	0	-88	-87	-88	-58	0	0	0	0	-92	0	0	0	0	0	0	0	0	0	0	-84	0	-91	0	-85	0	0	0	0	0	0	0	0	0	-84	0	0	0	0	0	0	0	0	0	0	0	0	0	0	0	0	0	-60	0	0	0	0	0	0	3708	-3556	2696	22589	-7753	-231	-41	968	213	0	0	0	-40	956	211	1606974799
-58	-47	-52	-59	-61	0	-75	-69	-75	-75	-76	-75	-79	-75	0	-85	0	-91	-90	-90	0	0	-89	-89	0	0	-88	-89	-90	0	-87	-89	-87	-57	-63	0	0	0	-92	0	0	0	-87	0	0	0	0	0	0	0	0	0	0	0	0	0	-84	0	0	0	0	-85	0	-85	-82	0	0	0	0	0	0	0	0	0	0	0	0	0	0	0	0	-59	0	0	0	0	0	0	3707	-3489	2696	22588	-7750	-231	-40	969	214	0	0	0	-40	956	212	1606974800
-58	-50	0	-59	-61	0	-76	-75	-75	0	-75	-76	-78	-76	0	-82	0	-90	-89	-90	0	-78	-91	-90	0	0	-90	-89	-88	0	-87	-89	-88	-57	0	0	0	0	-91	0	0	0	0	0	0	0	0	0	0	-87	0	0	-85	-86	0	0	-84	0	0	0	0	-82	0	-84	-82	0	0	0	0	0	0	0	0	0	0	0	0	0	0	0	0	-61	0	0	0	0	0	0	3723	-3504	2771	22587	-7748	-231	-41	968	214	0	-1	0	-40	956	212	1606974802
-59	-48	-52	-59	-62	0	-76	-76	-74	0	-75	-75	-79	-69	0	-83	0	-90	-90	-89	0	0	0	-91	0	0	-89	-89	-88	0	-88	-88	-88	-58	0	0	0	0	-89	0	0	0	0	0	0	0	0	0	0	0	0	0	0	0	0	0	-82	0	0	0	0	-83	0	-85	-83	0	0	0	0	0	0	0	0	0	0	0	0	0	0	0	0	-63	0	0	0	0	0	0	3707	-3503	2681	22588	-7749	-231	-41	969	214	0	-1	0	-40	956	212	1606974804
-57	-50	-51	-57	-62	-71	-75	-69	-75	-76	-77	-76	-79	-76	0	-84	-77	-93	-89	-89	0	0	-90	-92	-77	0	-88	-88	-89	0	-88	-88	-90	-58	0	0	0	0	-90	0	0	0	0	0	0	0	0	0	0	-90	0	0	-84	-87	0	0	-82	0	0	0	0	-83	0	-83	-82	0	0	0	0	0	0	0	0	0	0	0	0	0	0	0	0	-64	0	0	0	0	0	0	3708	-3519	2733	22588	-7751	-232	-41	968	214	0	0	0	-40	956	212	1606974805
-56	-49	-59	-57	-63	-70	-68	-70	-70	-76	-71	-70	-74	-68	0	-85	0	-90	-89	-89	0	-80	-88	-88	0	0	-90	-88	-89	0	-89	-88	-89	-54	0	0	0	0	-94	0	0	0	0	0	0	0	0	0	0	0	0	-93	0	0	0	0	0	0	0	0	0	0	0	-85	0	0	0	0	0	0	0	0	0	0	0	0	0	0	0	0	0	-61	0	-92	0	0	0	0	3692	-3503	2681	22587	-7749	-232	-41	969	214	0	-1	0	-40	956	212	1606974807
-57	-51	-50	-59	-61	0	-73	-68	-70	0	-69	-69	-75	-68	0	0	0	-89	-87	-88	0	0	-87	-88	0	0	-88	-88	-87	0	-88	-89	-88	-54	0	0	0	0	0	0	0	0	0	0	0	0	0	-85	0	-83	0	0	-84	-84	0	0	0	0	0	0	0	0	0	0	0	0	0	0	0	0	0	0	0	0	0	0	0	0	0	0	0	-65	0	0	0	0	0	0	3692	-3473	2681	22589	-7752	-232	-41	968	214	0	0	0	-40	956	211	1606974808
0	-50	0	-59	-63	0	-69	-70	-75	-75	-74	-76	-79	0	0	-84	-78	-91	-90	-91	-77	-78	-90	-90	0	-79	0	-88	-88	0	-88	-88	-88	-58	-60	0	0	0	-90	0	0	0	0	0	0	0	0	0	0	-88	0	-93	-84	-85	0	0	0	0	0	0	0	0	0	0	0	0	0	0	0	0	0	0	0	0	0	0	0	0	0	0	0	-62	0	0	0	0	0	0	3662	-3503	2726	22589	-7752	-230	-40	968	214	0	0	0	-40	956	211	1606974810
0	0	-53	-58	-63	0	0	-69	-74	-76	-76	-75	-79	-69	0	0	0	-92	-91	-90	0	-79	-89	-90	0	0	0	-89	-87	0	-88	-88	-88	-59	0	0	0	0	-90	0	0	0	0	0	0	0	0	0	0	0	0	0	0	0	0	0	0	0	0	0	0	0	0	0	0	0	0	0	0	0	0	0	0	0	0	0	0	0	0	0	0	-64	0	0	0	0	0	0	3692	-3519	2696	22588	-7749	-230	-40	968	214	0	-1	0	-40	956	212	1606974811
-58	-50	0	-60	-62	0	0	-75	-75	0	-75	-74	-79	-69	0	-83	0	-91	-90	-91	0	-78	-89	-90	0	0	-89	-88	-89	0	-87	-87	-90	-58	-62	0	0	0	-90	0	0	0	0	0	0	0	0	0	0	0	0	0	0	0	0	-86	-82	0	0	0	0	-86	0	-84	-84	0	-88	0	0	0	0	0	0	0	0	0	0	0	0	0	0	-64	0	0	0	-91	0	0	3768	-3549	2756	22588	-7749	-230	-40	968	214	0	-1	0	-40	956	212	1606974813
-57	-50	-53	-59	0	0	-75	-74	-69	0	-69	-69	-74	-70	0	-83	0	-88	-90	-88	0	-78	-88	-89	0	0	-89	-87	-88	0	-89	-89	-88	-53	0	0	0	0	-94	0	0	0	0	0	0	0	0	0	0	0	-90	0	0	0	0	0	-85	0	-70	0	0	-81	0	-85	-84	0	0	0	0	0	0	0	0	0	0	0	0	0	0	0	0	-60	0	0	0	0	0	0	3692	-3519	2696	22588	-7750	-230	-40	969	214	0	0	0	-40	956	212	1606974814
0	-50	-52	-58	0	0	-69	-70	-69	-75	-70	-69	-74	-69	0	-83	0	-88	-88	-88	0	0	-89	-88	0	0	-88	-87	-89	0	-88	-89	-88	-53	-64	0	0	0	0	0	0	0	0	0	0	0	0	0	0	-89	0	-93	-83	-89	0	-87	-86	0	0	0	0	-85	0	-84	-84	0	0	0	0	0	0	0	0	0	0	0	0	0	0	0	0	-63	0	0	0	0	0	0	3745	-3504	2696	22588	-7748	-230	-40	969	214	0	-1	0	-40	956	212	1606974816
-56	-50	-52	0	-63	0	-70	-70	-76	0	-76	-75	-78	-75	0	-83	0	-91	-90	-91	0	0	-90	-91	0	0	-89	-88	-88	0	-87	-87	-88	-59	0	0	0	0	-88	0	0	0	0	0	0	0	0	0	0	-85	0	-91	-85	-83	0	0	-84	0	0	0	0	-82	0	-83	-83	0	0	0	0	0	0	0	0	0	0	0	0	0	0	0	0	-63	0	0	0	0	0	0	3707	-3489	2763	22589	-7752	-231	-40	969	213	0	-1	0	-40	956	211	1606974818
-57	-50	-51	-59	-63	-67	-68	-69	-72	-76	-71	-70	-75	-69	0	-84	0	-89	-89	-88	0	-79	-88	-87	0	0	-88	-89	-88	0	-87	-88	-88	-53	0	0	0	0	-94	0	0	0	-90	0	0	0	0	-88	0	0	0	-92	0	0	0	0	-84	0	0	0	0	-85	0	-83	-84	0	0	0	0	0	0	0	0	0	0	0	0	0	0	0	0	-60	0	0	0	0	0	0	3708	-3519	2733	22589	-7750	-230	-40	969	214	0	-1	0	-40	956	212	1606974819
0	0	-51	-57	0	0	-70	-69	-70	0	-71	-71	-74	-74	0	0	0	-89	-89	-89	0	0	-88	-89	0	0	-89	-88	-88	0	-88	-89	-88	-56	0	0	0	0	-93	0	0	0	0	0	0	0	0	-86	0	0	0	-94	0	0	0	0	0	0	0	0	0	0	0	0	0	0	0	0	0	0	0	0	0	0	0	0	0	0	0	0	0	-64	0	0	0	0	0	0	3708	-3519	2741	22588	-7749	-230	-40	968	214	0	-1	0	-40	956	212	1606974821
-55	0	0	-57	-61	0	-74	-69	-76	-75	-75	-75	-79	-76	0	0	0	-91	-90	-90	0	-80	-89	-90	0	0	-87	-89	-88	0	-89	-88	-88	-60	0	0	0	0	-90	0	0	0	0	0	0	0	0	0	0	0	0	0	0	0	0	0	0	0	0	0	0	0	0	0	0	0	0	0	0	0	0	0	0	0	0	0	0	0	0	0	0	-63	0	0	0	0	0	0	3662	-3481	2756	22588	-7749	-230	-40	968	214	0	0	0	-40	956	212	1606974822
-57	-50	-52	-58	-61	-72	-70	-70	-75	-76	-75	-76	-78	-68	0	-86	0	-91	-89	-91	0	-78	-91	-90	0	0	-88	-88	-88	0	-88	-88	-88	-61	0	0	0	0	-89	0	0	0	0	0	0	0	0	0	0	-85	0	0	-88	0	0	0	-87	0	0	0	0	-84	0	-85	-85	0	0	0	0	0	0	0	0	0	0	0	0	0	0	0	0	-60	0	0	0	-92	0	0	3707	-3474	2696	22588	-7750	-231	-40	969	214	0	0	0	-40	956	212	1606974824
-57	-48	-51	-56	-61	-72	-70	-71	-72	-74	-73	-72	-74	-69	0	-88	0	-88	-89	-89	0	-78	-88	-87	0	0	-88	-89	-88	0	-89	-88	-89	-55	-65	0	0	0	-95	0	0	0	0	0	0	0	0	0	0	0	0	0	0	0	0	-85	-85	0	0	0	0	-85	0	-86	-84	0	0	0	0	0	0	0	0	0	0	0	0	0	0	0	0	-63	0	0	0	0	0	0	3708	-3534	2756	22587	-7747	-231	-40	968	215	0	0	0	-40	956	212	1606974826
-55	-48	-49	-58	-60	0	-71	0	-76	-77	-76	-75	-79	0	0	-86	0	-88	-89	-88	0	0	-89	-89	0	0	-89	-86	-88	0	-87	-87	-89	-61	0	0	0	0	-89	0	0	0	-87	0	0	0	0	-85	0	-90	0	0	-86	-87	0	0	-84	0	-70	0	0	-85	0	-76	-83	0	0	0	0	0	0	0	0	0	0	0	0	0	0	0	0	-58	0	0	0	0	0	0	3708	-3519	2756	22587	-7747	-231	-40	968	215	0	0	0	-40	956	212	1606974827
-55	-50	-50	-57	-61	0	0	-70	-72	-77	-73	-72	-74	-70	0	-84	-78	-91	-91	-91	0	-77	-88	-91	-76	0	0	-88	-88	0	-87	-87	-88	-56	0	0	0	0	-92	0	0	0	-89	0	0	0	0	-87	0	0	0	0	-88	0	0	0	-84	0	0	0	0	-85	0	-84	-84	0	0	0	0	0	0	0	0	0	0	0	0	0	0	0	0	-64	0	0	0	0	0	0	3707	-3519	2726	22589	-7752	-231	-40	968	214	0	-1	0	-40	956	211	1606974829
-57	-49	-50	-57	-61	0	-70	0	-75	0	-76	-74	-78	-70	0	-86	-78	-92	-89	-89	-77	-78	-89	-89	0	0	-88	-87	-86	0	-87	-87	-88	-60	0	0	0	0	-90	0	0	0	0	0	0	0	0	0	0	0	0	0	0	0	0	0	0	0	0	0	0	0	0	0	0	0	0	0	0	0	0	0	0	0	0	0	0	0	0	0	0	-60	0	0	0	0	0	0	3707	-3519	2696	22587	-7747	-231	-40	968	215	0	0	0	-40	956	212	1606974830
0	-50	0	-58	0	0	-75	-71	-76	0	-76	-75	-78	-70	0	-86	0	-91	-90	0	0	-77	-91	-89	0	0	-89	-88	-87	0	-88	-88	-88	-56	0	0	0	0	-92	0	0	0	0	0	0	0	0	-86	0	-86	0	0	-84	-87	0	0	-83	0	0	0	0	-84	0	-84	-85	0	0	0	0	0	0	0	0	0	0	0	0	0	0	0	0	-64	0	0	0	0	0	0	3708	-3504	2741	22587	-7747	-231	-40	968	215	0	0	0	-40	956	212	1606974832
-57	-48	-53	-57	-64	-70	0	-75	-76	0	-74	-77	-79	-70	0	-84	-78	-92	-91	-90	-76	-77	-91	-91	-77	-77	-92	-88	-89	0	-87	-88	-89	-57	0	0	0	0	-90	0	0	0	0	0	0	0	0	-86	0	-90	0	0	-84	-85	0	0	-83	0	0	0	0	-85	0	-82	-84	0	0	0	0	0	0	0	0	0	0	0	0	0	0	0	0	0	0	0	0	0	0	0	3707	-3489	2726	22588	-7750	-231	-40	969	214	0	0	-1	-40	956	212	1606974834
-58	-51	0	-56	-62	-71	0	0	-76	-75	-76	-74	-79	0	0	0	0	-90	-90	-90	0	0	-90	-90	0	0	0	-88	-88	0	-87	-88	-88	-56	-62	0	0	0	-91	0	0	0	0	0	0	0	0	0	0	-87	0	0	-85	-84	0	0	0	0	0	0	0	0	0	0	0	0	0	0	0	0	0	0	0	0	0	0	0	0	0	0	0	-62	0	0	0	0	0	0	3677	-3518	2681	22587	-7748	-231	-40	968	214	0	0	0	-40	956	212	1606974835
-57	-51	-51	-57	-63	-70	-71	-71	-75	-71	-75	-76	-78	-70	0	0	0	-93	-90	-90	0	0	-89	-90	0	0	0	-88	-88	0	-88	-88	-88	-56	-61	0	0	0	-91	0	0	0	-87	0	0	0	0	0	0	-88	0	0	-85	-85	0	0	0	0	0	0	0	0	0	0	0	0	0	0	0	0	0	0	0	0	0	0	0	0	0	0	0	-63	0	0	0	0	0	0	3662	-3518	2696	22587	-7748	-231	-40	969	215	0	0	0	-40	956	212	1606974837
-56	-50	-52	0	-63	-70	-70	-71	-76	-76	-75	-76	-78	-71	0	0	0	-92	-90	-90	0	0	-90	-91	0	0	0	-88	-87	0	-88	-87	-87	-57	0	0	0	0	-90	0	0	0	-87	-87	0	0	0	0	0	-85	0	0	-87	-85	0	0	0	0	0	0	0	0	0	0	0	0	0	0	0	0	0	0	0	0	0	0	0	0	0	0	0	0	0	0	0	-92	0	0	3662	-3459	2741	22589	-7751	-231	-40	968	214	0	-1	0	-40	956	211	1606974838
-57	-48	0	0	-63	-66	0	0	-71	-75	-70	-70	-74	0	0	-83	-78	-87	-87	-86	-77	-76	-86	-87	-77	-77	0	-88	-87	0	-88	-87	-88	-51	0	0	0	0	-93	0	0	0	0	0	0	0	0	0	0	0	0	0	-85	-85	0	-88	-84	0	-70	0	0	-84	0	-85	-83	0	0	0	0	0	0	0	0	0	0	0	0	0	0	0	0	-60	0	0	0	0	0	0	3715	-3504	2741	22587	-7747	-232	-40	968	214	0	-1	0	-40	956	212	1606974840
-56	-49	-53	-57	-62	-73	-70	-70	-76	0	-75	-74	-77	0	0	0	-76	-90	-90	-89	-79	-78	-90	-89	-77	-77	-92	-88	-88	0	-88	-88	-88	-58	0	0	0	0	-91	0	0	0	0	0	0	0	0	0	0	0	0	0	0	0	0	0	0	0	0	0	0	0	0	0	0	0	0	0	0	0	0	0	0	0	0	0	0	0	0	0	0	-58	0	0	0	0	-91	0	3693	-3519	2733	22587	-7749	-232	-40	968	214	0	0	0	-40	956	212	1606974842
0	-48	-50	0	-63	-77	0	0	-75	0	-75	-76	-77	0	0	-84	0	-88	-90	-90	0	-81	-91	-88	-78	0	-88	-88	-87	0	-87	-88	-89	-63	0	0	0	0	-91	0	0	0	0	0	0	0	0	0	0	-89	0	0	-92	-88	0	0	-83	0	0	0	0	-83	0	-83	-84	0	0	0	0	0	0	0	0	0	0	0	0	0	0	0	0	0	0	0	0	0	0	0	3655	-3503	2711	22588	-7748	-230	-40	968	215	0	-1	0	-40	956	212	1606974843
-57	-48	-50	-60	-63	-71	-75	-69	-71	-75	-72	-71	-72	-69	0	-85	-78	-86	-86	-87	-77	-77	-87	-87	-77	-77	-87	-88	-88	0	-88	-89	-88	-57	0	0	0	0	-93	0	0	0	0	0	0	0	0	0	0	-86	0	0	-85	-90	0	0	-85	0	0	0	0	-86	0	-85	-89	0	0	0	0	0	0	0	0	0	0	0	0	0	0	0	0	-60	0	0	0	0	0	0	3707	-3489	2666	22586	-7745	-232	-40	969	214	0	0	0	-40	956	212	1606974845
-56	-49	0	0	-66	-75	0	0	-77	0	-76	-77	-77	0	0	-84	0	-88	-88	-89	0	0	-90	-88	0	0	-87	-88	-89	0	-88	-88	-88	-63	0	0	0	0	-89	0	0	0	0	0	0	0	0	0	0	-90	0	0	-86	-89	0	0	-86	0	0	0	0	-85	0	-87	-85	0	0	0	0	0	0	0	0	0	0	0	0	0	0	0	0	-63	0	0	0	0	0	0	3737	-3489	2726	22587	-7748	-231	-40	968	215	0	0	0	-40	956	212	1606974846
0	0	-48	0	-64	-75	0	0	-76	0	-75	-76	-78	0	0	-85	-77	-87	-90	-89	-77	-78	-89	-88	-77	-77	-88	-88	0	0	0	0	-88	-62	0	0	0	0	-91	0	0	0	0	0	0	0	0	-87	0	0	-90	0	0	0	0	0	-85	0	0	0	0	-86	0	-85	-85	0	0	0	0	0	0	0	0	0	0	0	0	0	0	0	0	0	0	0	0	0	0	0	3617	-3563	2733	22588	-7749	-231	-41	968	215	0	-1	0	-40	956	212	1606974848
0	0	0	0	0	0	0	0	-71	0	-72	-71	-74	0	0	-86	-78	-86	-88	-88	0	-78	-90	-89	-77	0	-86	-87	-89	0	-87	-88	-87	-57	0	0	0	0	-94	0	0	0	0	0	0	0	0	0	0	0	0	0	0	0	0	0	-85	0	0	0	0	-84	0	-85	-85	0	0	0	0	0	0	0	0	0	0	0	0	0	0	0	0	-67	0	-92	0	0	0	0	3692	-3519	2704	22587	-7746	-230	-40	969	215	0	0	0	-40	956	212	1606974850
0	-50	-47	-58	-61	-67	-68	-69	-71	0	-69	-69	-74	0	0	0	0	-88	-89	-87	0	-76	-88	-89	0	0	0	-89	-88	0	-87	-89	-88	-53	0	0	0	0	0	0	0	0	0	0	0	0	0	-87	0	-85	0	0	-87	-88	0	0	0	0	0	0	0	0	0	0	0	0	0	0	0	0	0	0	0	0	0	0	0	0	0	0	0	-61	0	0	0	0	0	0	3708	-3519	2741	22587	-7748	-231	-40	968	214	0	0	0	-40	956	212	1606974851
0	-49	0	-59	-61	-71	-69	0	-75	0	-76	-75	-78	-73	0	0	0	-89	-89	-89	0	0	-88	-88	0	0	0	-87	-89	0	-88	-88	-87	-59	0	0	0	0	-89	0	0	0	0	0	0	0	0	0	0	-84	0	0	-88	-88	0	0	0	0	0	0	0	0	0	0	0	0	0	0	0	0	-83	0	0	0	0	0	0	0	0	0	0	-63	0	0	0	0	0	0	3662	-3458	2711	22588	-7749	-231	-40	968	214	0	0	0	-40	956	212	1606974853
-56	0	-50	-58	-63	0	-74	-70	-75	-76	-74	-76	-79	-69	0	-83	0	-89	-88	-90	0	-77	-89	-90	0	0	-88	0	0	0	0	0	0	-56	0	0	0	0	-90	0	0	0	0	0	0	0	0	0	0	-85	0	-93	-84	-84	0	-89	-84	0	0	0	0	-84	0	-85	-83	0	0	0	0	0	0	0	0	0	0	0	0	0	0	0	0	-62	0	0	0	0	0	0	3693	-3549	2726	22587	-7746	-231	-40	969	215	0	-1	0	-40	956	212	1606974854
-59	-48	-48	-58	-64	0	-73	0	-76	-77	-75	-77	-79	-67	0	-85	0	-89	-90	-89	0	-78	-91	-90	0	0	-88	-86	-88	0	-88	-88	-88	-59	-64	0	0	0	-90	0	0	0	0	0	0	0	0	-89	0	-88	0	-90	-87	-86	0	-88	-85	0	0	0	0	-83	0	-84	-84	0	0	0	0	0	0	0	0	0	0	0	0	0	0	0	0	-63	0	0	0	0	0	0	3707	-3519	2726	22587	-7746	-231	-40	969	215	0	0	-1	-40	956	212	1606974856
-58	0	-50	-58	-64	0	-69	0	-76	0	-75	-76	-79	-75	0	0	-79	-88	-90	-89	-78	-78	-89	-89	-77	-78	0	-87	-88	0	-88	-89	-89	-57	0	0	0	0	-89	0	0	0	0	0	0	0	0	0	0	-88	0	0	-87	-89	0	0	0	0	0	0	0	0	0	0	0	0	0	0	0	0	0	0	0	0	0	0	0	0	0	0	0	-63	0	0	0	0	0	0	3647	-3503	2726	22587	-7747	-231	-41	969	214	0	0	0	-40	956	212	1606974857
-56	-49	-50	-57	-63	0	-69	-70	-75	-77	-75	-76	-78	-75	0	-83	0	-91	-89	-90	0	-77	-90	-90	0	0	-91	-88	-89	0	-86	-88	-88	-57	0	0	0	0	-88	0	0	0	0	0	0	0	0	0	0	0	0	0	0	0	0	0	-84	0	0	0	0	-84	0	-82	-82	0	0	0	0	0	0	0	0	0	0	0	0	0	0	0	0	-68	0	0	0	0	0	0	3708	-3519	2756	22587	-7746	-231	-40	968	215	0	0	0	-40	956	212	1606974859
-57	-51	-51	-57	-63	0	-69	-70	-70	0	-70	-70	-75	-69	0	-83	-78	-89	-89	-89	-78	-78	-89	-89	-78	-77	-89	-88	-88	0	-87	-87	-89	-53	0	0	0	0	-94	0	0	0	0	0	0	0	0	0	0	0	0	0	-86	0	0	0	-82	0	0	0	0	-82	0	-82	-84	0	0	0	0	0	0	0	0	0	0	0	0	0	0	0	0	-71	0	0	0	0	0	0	3647	-3474	2741	22586	-7744	-231	-40	968	215	0	0	0	-40	956	213	1606974861
-58	-48	0	-58	-63	0	-69	-70	-75	0	-75	-75	-79	-68	0	-84	-78	-90	-89	-90	-77	-78	-92	-91	-78	-76	-88	-88	-88	0	-87	-88	-87	-58	0	0	0	0	-92	0	0	0	0	0	0	0	0	0	0	-86	0	0	-86	-85	0	0	-83	0	0	0	0	-84	0	-84	-83	0	0	0	0	0	0	0	0	0	0	0	0	0	0	0	0	-70	0	0	0	0	0	0	3677	-3481	2696	22588	-7751	-232	-41	968	214	0	0	-1	-40	956	212	1606974862
-58	-48	-50	-57	-63	-71	0	0	-75	-78	-75	-75	-78	0	0	-82	-79	-90	-91	-89	-77	-77	-90	-90	-78	-79	-88	-87	-87	0	-88	-87	-87	-58	0	0	0	0	-91	0	0	0	-89	0	0	0	0	0	0	-85	0	0	-87	-86	0	0	-84	0	0	0	0	-82	0	-83	-84	0	0	0	0	0	0	0	0	0	0	0	0	0	0	0	0	-65	0	0	0	0	0	0	3692	-3534	2726	22586	-7745	-231	-40	968	215	0	0	0	-40	956	212	1606974864
-57	0	-51	-58	-62	-69	-70	-69	-74	0	-74	-74	-79	-74	0	-85	0	-88	-90	-89	0	-80	-89	-90	0	0	-88	-88	-89	0	-88	-88	-88	-58	0	0	0	0	-90	0	0	0	0	0	0	0	0	0	0	0	0	0	0	0	0	0	-85	0	0	0	0	-82	0	-82	-84	0	0	0	0	0	0	0	0	0	0	0	0	0	0	0	0	-63	0	0	0	0	0	0	3693	-3564	2756	22586	-7745	-232	-41	968	215	0	0	-1	-40	956	212	1606974865
-56	-48	-50	-57	-62	-70	-69	-70	-74	-77	-74	-76	-78	-70	0	-85	0	-89	-89	-90	0	-78	-90	-90	0	0	-90	-87	-90	0	-87	-87	-89	-58	0	0	0	0	-90	0	0	0	-88	0	0	0	0	0	0	0	0	-94	0	-84	0	0	-83	0	0	0	0	-84	0	-84	-83	0	0	0	0	0	0	0	0	0	0	0	0	0	0	0	0	0	0	0	0	0	0	0	3707	-3473	2681	22588	-7751	-232	-41	969	214	0	0	0	-40	956	212	1606974867
0	0	-50	-57	0	0	-75	-75	-70	0	-70	-70	-74	-69	0	-84	-76	-92	-90	-89	-77	-79	-89	-90	-77	-76	-89	-88	-89	0	-88	-87	-89	-53	0	0	0	0	-94	0	0	0	0	0	0	0	0	0	0	0	0	0	0	0	0	0	0	0	0	0	0	0	0	0	0	0	0	0	0	0	0	0	0	0	0	0	0	0	0	0	0	-69	0	0	0	0	0	0	3692	-3504	2726	22587	-7747	-232	-41	969	215	0	0	0	-40	956	212	1606974868
0	0	-51	-57	-62	0	0	-70	-75	0	-76	-76	-79	-71	0	-84	0	-87	-88	-89	0	-78	-89	-89	0	0	-89	-87	-88	0	-88	-88	-87	-57	0	0	0	0	-91	0	0	0	0	0	0	0	0	0	0	0	0	0	0	0	0	0	-85	0	0	0	0	-84	0	-84	-82	0	0	0	0	0	0	0	0	0	0	0	0	0	0	0	0	-70	0	0	0	0	0	0	3692	-3489	2726	22587	-7747	-231	-40	969	214	0	0	0	-40	956	212	1606974870
0	-48	0	-59	-56	-75	0	-69	-70	0	-71	0	-74	-68	0	-85	0	-89	-90	-89	0	-78	-90	-89	0	0	-90	-89	-88	0	-86	-88	-89	-60	0	0	0	0	0	0	0	0	0	0	0	0	0	0	0	-85	0	0	-85	-85	0	0	0	0	0	0	0	0	0	0	0	0	0	0	0	0	0	0	0	0	0	0	0	0	0	0	0	-65	0	0	0	0	0	0	3707	-3474	2756	22589	-7752	-231	-40	969	213	0	0	0	-40	956	211	1606974871
-57	-50	-48	-61	-63	-74	-70	-76	-75	0	-74	-74	-78	-77	0	0	0	-89	-89	-89	0	-79	-89	-89	0	0	0	-87	-88	0	-88	-88	-89	-65	-61	0	0	0	-91	0	0	0	-87	-91	0	0	0	-87	0	-84	0	0	-85	-84	0	0	0	0	0	0	0	0	0	0	0	0	0	0	0	0	0	0	0	0	0	0	0	0	0	0	0	-66	0	0	0	0	0	0	3647	-3489	2726	22587	-7747	-232	-41	968	215	0	0	-1	-40	956	212	1606974873
-55	-50	-48	-58	-64	-72	0	0	-75	-77	-75	-76	-79	0	0	-85	0	-87	-90	-89	0	-78	-89	-89	0	0	-88	-88	-88	0	-87	-88	-88	-60	-63	0	0	0	-90	0	0	0	0	0	0	0	0	0	0	0	0	0	0	0	0	-90	-85	0	0	0	0	-84	0	0	-85	0	0	0	0	0	0	0	0	0	0	0	0	0	0	0	0	-67	0	0	0	0	0	0	3647	-3504	2771	22586	-7747	-232	-41	968	214	0	0	0	-40	956	212	1606974874
-57	0	-50	-57	-65	-69	0	-69	-74	0	-75	-75	-78	-69	0	0	0	-89	-90	-88	0	0	-89	-89	0	0	-91	-87	-88	0	-88	-87	-87	-58	0	0	0	0	-90	0	0	0	0	0	0	0	0	0	0	0	0	0	0	0	0	0	0	0	0	0	0	0	0	0	0	0	0	0	0	0	0	0	0	0	0	0	0	0	0	0	0	-67	0	0	0	0	0	0	3745	-3504	2771	22589	-7751	-231	-40	969	214	0	-1	0	-40	956	211	1606974876
0	-47	-52	-59	-62	-70	-71	-70	-75	0	-74	-75	-79	-70	-82	0	0	-90	-89	-89	0	-78	-89	-89	0	0	-91	-87	-87	0	-88	-87	-87	-60	0	0	0	0	-92	0	0	0	0	0	0	0	0	0	0	0	0	0	0	0	0	0	0	0	0	0	0	0	0	0	0	0	0	0	0	0	0	0	0	0	0	0	0	0	0	0	0	-65	0	-90	0	0	0	0	3692	-3489	2741	22587	-7747	-232	-41	969	215	0	0	-1	-40	956	212	1606974878
0	-49	0	-58	0	-71	0	0	-74	0	-74	-74	-79	-70	0	-83	0	-90	-88	-90	0	-78	-91	-91	0	0	-91	-88	-86	0	-88	-88	-87	-58	-64	0	0	0	-91	0	0	-89	0	0	0	0	0	0	0	0	0	0	-88	-86	0	0	-85	0	0	0	0	-82	0	-84	-84	0	0	-93	0	0	0	0	0	0	0	0	0	0	0	0	0	-65	0	0	0	-93	0	0	3693	-3504	2748	22586	-7747	-232	-40	969	215	0	0	0	-40	956	212	1606974879
0	-50	-49	-60	-62	-69	-71	0	-75	0	-74	-74	-77	0	0	-83	0	-89	-89	-89	0	0	-89	-89	0	0	-89	-88	-87	0	-87	-88	-88	-58	0	0	0	0	-90	0	0	0	0	0	0	0	0	0	0	0	0	-90	0	0	0	0	0	0	0	0	0	-84	0	-82	0	0	0	0	0	0	-81	0	0	0	0	0	0	0	0	0	0	-69	0	0	0	0	0	0	3752	-3474	2726	22588	-7748	-230	-40	969	214	0	0	0	-40	956	212	1606974881
-56	-50	0	-61	-63	-69	-69	-69	-74	-77	-75	-74	-78	-70	0	-83	0	-92	-89	-89	0	0	-89	-89	0	0	-90	-87	-88	0	-88	-89	-88	-58	-64	0	0	0	-92	0	0	0	0	0	0	0	0	0	0	-84	0	-90	-86	-84	0	0	-85	0	0	0	0	-83	0	-83	-82	0	0	0	0	0	0	0	0	0	0	0	0	0	0	0	0	0	0	0	0	0	0	0	3647	-3518	2726	22587	-7747	-230	-40	968	215	0	0	0	-40	956	212	1606974882
-58	-50	0	0	-62	-68	-76	-70	-76	-75	-75	-74	-78	-70	0	-83	0	-89	-90	-90	0	-78	-90	-89	0	0	-90	-87	-88	0	-88	-88	-87	-59	0	0	0	0	0	0	0	0	0	0	0	0	0	0	0	0	0	0	0	0	0	0	-84	0	0	0	0	-82	0	-84	-83	0	0	0	0	0	0	0	0	0	0	0	0	0	0	0	0	-67	0	0	0	0	0	0	3677	-3474	2748	22586	-7746	-232	-40	969	214	0	0	-1	-40	956	212	1606974884
-56	-50	-51	0	-63	0	0	0	-70	0	-70	-70	-76	0	0	-83	-77	-90	-89	-90	-76	-76	-90	-90	-80	-76	-90	-89	-88	0	-86	-88	-88	-53	0	0	0	0	-93	0	0	0	-90	0	0	0	0	0	0	0	0	-92	0	0	0	0	0	0	0	0	0	0	0	0	0	0	0	0	0	0	0	0	0	0	0	0	0	0	0	0	0	-69	0	0	0	0	0	0	3692	-3489	2741	22587	-7746	-230	-40	969	215	0	0	-1	-40	956	212	1606974886
-56	-47	-49	-58	-62	0	0	-76	-74	-76	-74	-74	0	0	0	0	0	-89	-89	-89	0	-78	-90	-90	0	0	-89	-88	-86	0	-88	-87	-88	-60	0	0	0	0	-91	0	0	0	0	0	0	0	0	-86	0	0	0	0	0	0	0	0	0	0	0	0	0	0	0	0	0	0	0	0	0	0	0	0	0	0	0	0	0	0	0	0	0	-68	0	0	0	0	0	0	3768	-3519	2771	22588	-7749	-230	-40	969	214	0	0	0	-40	956	212	1606974887
-55	-47	-48	-58	-62	0	0	0	-69	-75	-71	-70	-72	0	0	-83	0	-85	-87	-87	0	-77	-87	-87	0	0	-89	-88	-87	0	-87	-88	-88	-53	-64	0	0	0	0	0	0	0	0	0	0	0	0	-86	0	0	0	0	0	0	0	0	-85	0	0	0	0	-85	0	-84	-85	0	0	0	0	0	0	0	0	0	0	0	0	0	0	0	0	-64	0	0	0	0	0	0	3707	-3489	2703	22586	-7745	-230	-40	968	215	0	0	-1	-40	956	213	1606974889
-58	0	-48	-60	-62	0	0	0	-71	0	-71	-72	-74	0	0	-87	0	-87	-87	-88	0	-80	-87	-87	0	0	0	-88	-89	0	-87	-87	-89	-52	0	0	0	0	-93	0	0	0	0	0	0	0	0	-88	0	0	0	0	0	0	0	-88	0	0	0	0	0	-85	0	-84	-84	0	0	0	-94	0	0	0	0	0	0	0	0	0	0	0	0	-65	0	0	0	0	0	0	3707	-3489	2741	22586	-7746	-231	-40	968	215	0	0	0	-40	956	212	1606974890
-57	-47	-51	0	0	0	0	-69	-77	0	-75	-77	-78	0	0	0	0	-88	-90	-89	-77	-78	-90	-89	0	0	-89	-88	-89	0	-88	-87	-87	-57	0	0	0	0	-90	0	0	0	0	0	0	0	0	-87	0	-87	0	0	-86	0	0	0	0	0	0	0	0	0	0	0	0	0	0	0	0	0	0	0	0	0	0	0	0	0	0	0	0	-63	0	0	0	0	0	0	3692	-3489	2741	22587	-7748	-231	-40	969	214	0	0	0	-40	956	212	1606974892
-57	0	-50	-59	-63	-67	0	0	-70	0	-70	-70	-73	0	0	0	0	-87	-87	-88	0	-78	-88	-87	0	0	0	-89	-89	0	-89	-89	-87	-54	0	0	0	0	0	0	0	0	0	0	0	0	0	0	0	0	0	0	0	0	0	0	0	0	0	0	0	0	0	0	0	0	0	0	0	0	0	0	0	0	0	0	0	0	0	0	0	-59	0	0	0	0	0	0	3745	-3489	2748	22586	-7746	-231	-41	969	214	0	0	-1	-40	956	212	1606974893
0	-50	-48	-59	-63	-71	-69	-70	-77	0	-76	-75	-77	-68	0	-84	0	-88	-88	-89	0	-77	-88	-88	0	0	-90	-87	-89	0	-86	-89	-88	-58	0	0	0	0	-89	0	0	0	0	0	0	0	0	0	0	0	0	0	0	0	0	0	-83	0	0	0	0	-85	0	-83	-85	0	0	0	0	0	0	0	0	0	0	0	0	0	0	0	0	-67	0	0	0	0	0	0	3692	-3474	2741	22587	-7747	-230	-40	968	214	0	0	0	-40	956	212	1606974895
-56	0	0	-61	-62	-70	-69	-70	-74	0	-75	-74	-79	-70	0	-86	-77	-89	-89	-88	-77	-78	-89	-90	-77	-78	-89	-87	-87	0	-87	-87	-89	-57	0	0	0	0	-88	0	0	0	0	0	0	0	0	-86	0	0	0	-92	0	0	0	0	-85	0	0	0	0	-83	0	-75	-85	0	0	0	0	0	0	0	0	0	0	0	0	0	0	0	0	-66	0	0	0	0	0	0	3707	-3474	2726	22587	-7747	-231	-40	968	215	0	0	-1	-40	956	212	1606974897
-58	-47	-48	-60	-62	-68	-68	-70	-69	0	-69	-69	-73	-72	0	-83	0	-88	-89	-87	0	-77	-89	-89	0	0	-88	-87	-89	0	-88	-88	-88	-55	0	0	0	0	0	0	0	0	0	0	0	0	0	0	0	-87	0	0	-86	-88	0	0	0	0	0	0	0	0	0	0	0	0	0	0	0	0	0	0	0	0	0	0	0	0	0	0	0	-66	0	0	0	0	0	0	3693	-3504	2733	22587	-7746	-230	-40	968	215	0	0	-1	-40	956	212	1606974898
-57	-48	0	-59	-61	-72	-72	-69	-78	-76	-78	-76	-80	-70	0	-82	-79	-88	-88	-89	-78	-77	-90	-89	-78	-79	-86	-88	-87	0	-88	-88	-87	-58	-60	0	0	0	-89	0	0	0	0	0	0	0	0	0	0	-85	0	0	-84	-86	0	0	-83	0	0	0	0	-82	0	-83	-82	0	0	0	0	0	0	0	0	0	0	0	0	0	0	0	0	-63	0	0	0	0	0	0	3670	-3489	2741	22588	-7749	-230	-40	969	214	0	-1	0	-40	956	212	1606974900
0	-52	-50	-59	0	-69	-68	-69	-70	0	-71	-70	-73	-73	0	0	0	-90	-90	-89	0	0	-89	-88	0	0	-89	-88	-89	0	-88	-88	-87	-54	0	0	0	0	-93	0	0	0	-88	0	0	0	0	-86	0	0	0	0	-87	0	0	0	0	0	0	0	0	0	0	0	0	0	0	0	0	0	0	0	0	0	0	0	0	0	0	0	-91	-64	0	0	0	0	0	0	3602	-3488	2741	22587	-7746	-231	-40	969	215	-1	0	-1	-40	956	212	1606974902
-55	-47	-48	-60	-62	-72	-68	-68	-76	-75	-76	-78	-79	-68	0	-84	0	-88	-88	-88	0	-79	-88	-88	0	0	-89	-87	-88	0	-88	-87	-87	-60	0	0	0	0	0	0	0	0	0	0	0	0	0	0	0	0	0	-90	0	0	0	0	0	0	0	0	0	0	0	0	0	0	0	0	0	0	0	0	0	0	0	0	0	0	0	0	0	0	0	0	0	0	0	0	3662	-3473	2696	22587	-7747	-230	-40	969	215	-1	-1	0	-40	956	212	1606974903
-56	-48	0	-58	-62	-72	-68	0	-76	-76	-76	-78	-79	0	0	0	0	-90	-90	-90	0	-78	-88	-90	0	0	-90	-88	-89	0	-88	-87	-88	-59	0	0	0	0	-91	0	0	0	0	0	0	0	0	0	0	-86	0	-90	-90	-90	0	0	0	0	0	0	0	0	0	0	0	0	0	0	0	0	0	0	0	0	0	0	0	0	0	0	0	-65	0	0	0	0	0	0	3647	-3504	2741	22587	-7747	-231	-40	968	214	-1	-1	0	-40	956	212	1606974905
-57	-51	-48	-60	-62	-67	-67	-68	-70	-77	-70	0	-73	-68	0	-84	0	-89	-88	-87	0	-80	-88	-88	0	0	-90	-87	-88	0	-88	-88	-89	-55	0	0	0	0	-92	0	0	0	-88	0	0	0	0	0	0	-85	0	-93	0	-89	0	0	-85	0	0	0	0	-85	0	-84	-73	0	0	0	-95	0	0	0	0	0	0	0	0	0	0	0	0	-67	0	0	0	0	0	0	3693	-3504	2756	22588	-7750	-230	-40	969	214	-1	-1	0	-40	956	212	1606974906
-57	-47	0	0	-61	-73	0	0	-77	0	-77	-77	-78	0	0	-83	0	-89	-89	-90	0	-79	-89	-91	0	0	-89	-88	-87	0	-88	-88	-88	-60	0	0	0	0	-90	0	0	0	0	0	0	0	0	0	0	0	0	0	0	0	0	-86	-84	0	0	0	0	-86	0	-85	-82	0	0	0	0	0	0	0	0	0	0	0	0	0	0	0	0	-61	0	0	0	0	0	0	3632	-3511	2733	22586	-7746	-231	-40	969	215	0	-1	-1	-40	956	212	1606974908
-55	-48	0	-58	-58	0	0	0	-71	0	-70	-70	-72	0	0	-84	0	-92	-90	-89	0	-80	-91	-90	0	0	-88	-88	-88	0	-88	-89	-88	-53	0	0	0	0	-94	0	0	0	0	0	0	0	0	0	0	-83	0	0	-85	-84	0	0	-84	0	0	0	0	-85	0	-85	-84	0	0	0	0	0	0	0	0	0	0	0	0	0	0	0	0	-63	0	0	0	0	0	0	3775	-3504	2666	22587	-7747	-230	-40	969	215	-1	-1	0	-40	956	212	1606974910
-55	-48	0	-59	-63	-67	-69	-69	-70	0	-70	-69	-72	-69	0	0	0	-89	-88	-88	0	0	-88	-87	0	0	0	-87	-90	0	-87	-88	-89	-53	0	0	0	0	-92	0	0	0	0	0	0	0	0	0	0	0	0	-91	0	0	0	0	0	0	0	0	0	0	0	0	0	0	0	0	0	0	0	0	0	0	0	0	0	0	0	0	0	-61	0	0	0	0	0	0	3632	-3504	2845	22589	-7752	-230	-40	969	213	-1	-1	-1	-40	956	211	1606974911
0	-49	-49	-60	0	-70	0	0	-76	-76	-74	-75	-79	0	0	0	0	-89	-90	-90	-78	-78	-89	-88	-77	-78	-87	-88	-88	0	-87	-88	-88	-58	0	0	0	0	-88	0	0	-92	0	0	0	0	0	-89	0	-84	0	0	-87	-86	0	0	0	0	0	0	0	0	0	0	0	0	0	0	0	0	0	0	0	0	0	0	0	0	0	0	0	-62	0	0	0	0	0	0	3745	-3511	2696	22587	-7746	-231	-40	968	215	-1	-1	-1	-40	956	212	1606974913
0	-50	0	0	-61	0	0	0	-72	0	-72	-72	-73	0	0	0	-77	-89	-89	-89	0	-78	-89	-89	-79	0	0	-88	-86	0	-88	-87	-89	-56	0	0	0	0	-95	0	0	0	0	0	0	0	0	0	0	0	0	0	0	0	0	0	0	0	0	0	0	0	0	0	0	0	0	0	0	0	0	0	0	0	0	0	0	0	0	0	0	-63	0	0	0	-92	0	0	3752	-3474	2726	22588	-7748	-230	-40	969	214	-1	0	0	-40	956	212	1606974914
0	-50	0	0	-61	-69	0	0	-73	0	-74	-73	-73	0	0	0	0	-88	-89	-88	0	0	-89	-89	0	0	0	-87	-88	0	-87	-87	-88	-54	0	0	0	0	0	0	0	0	0	0	0	0	0	0	0	-84	0	0	-84	-85	0	0	0	0	0	0	0	0	0	0	0	0	0	0	-93	0	0	0	0	0	0	0	0	0	0	0	0	-67	0	0	0	0	0	0	3662	-3489	2726	22587	-7747	-230	-40	968	213	-1	-1	0	-40	956	212	1606974916
0	0	-49	0	0	0	0	0	-72	-77	-72	-72	-74	0	0	0	0	-90	-88	-90	0	-78	-88	-87	0	0	-90	-87	-87	0	-88	-88	-87	-54	0	0	0	0	-95	0	0	0	0	0	0	0	0	0	0	0	0	0	0	0	0	0	0	0	0	0	0	0	0	0	0	0	0	0	0	0	0	0	0	0	0	0	0	0	0	0	0	-62	0	0	0	0	0	0	3693	-3504	2756	22588	-7748	-230	-40	968	215	-1	-1	0	-40	956	212	1606974917
-55	-47	0	-59	-62	0	-70	0	-76	-72	-76	-76	-78	0	0	0	0	-88	-89	-89	0	-78	-89	-88	0	0	-87	-88	-87	0	-88	-87	-89	-60	0	0	0	0	-92	0	0	0	0	0	0	0	0	-87	0	0	0	0	0	0	0	0	0	0	0	0	0	0	0	0	0	0	0	0	0	0	0	0	0	0	0	0	0	0	0	0	0	-60	0	0	0	0	0	0	3692	-3466	2666	22587	-7747	-230	-40	969	215	-1	-1	0	-40	956	212	1606974919
-55	-48	0	-59	-61	0	0	0	-76	-76	-76	-76	-78	0	0	-85	0	-91	-89	-88	0	-78	-88	-89	0	0	-89	-88	-87	0	-86	-88	-87	-60	0	0	0	0	-91	0	0	0	0	0	0	0	0	0	0	0	0	0	0	0	0	-85	-86	0	0	0	0	-86	0	-85	-85	0	0	0	0	0	0	0	0	0	0	0	0	0	0	0	0	-61	0	0	0	0	0	0	3662	-3519	2741	22589	-7752	-230	-40	968	214	-1	0	0	-40	956	211	1606974920
-56	-45	0	-60	-60	0	-70	0	-74	0	-74	-74	-77	-70	0	0	0	-88	-89	-88	0	-78	-89	-90	0	0	-89	-87	-87	0	-87	-87	-88	-61	-60	0	0	0	-90	0	0	0	0	0	0	0	0	0	0	0	0	0	0	0	0	0	0	0	0	0	0	0	0	0	0	0	0	0	0	0	0	0	0	0	0	0	0	0	0	0	0	-62	0	0	0	0	0	0	3722	-3489	2741	22587	-7746	-229	-40	969	215	-1	-1	0	-40	956	212	1606974922
-56	-49	0	-60	-61	0	-75	-70	-75	-77	-76	-75	-77	-74	0	-85	0	-88	-89	-90	-78	0	-89	-89	-75	-78	-90	-87	-88	0	-87	-88	-87	-60	0	0	0	0	-89	0	0	0	0	0	0	0	0	0	0	-89	0	-91	-84	-85	0	-90	-85	0	0	0	0	-86	0	-86	-87	0	0	0	0	0	0	0	0	0	0	0	0	0	0	0	0	-61	0	0	0	0	0	0	3662	-3504	2733	22588	-7748	-230	-40	969	215	-1	-1	0	-40	956	212	1606974923
-56	-49	-48	-58	-61	0	-70	-70	-71	0	-72	-72	-74	-69	0	-86	0	-90	-90	-90	0	-78	-89	-89	0	0	-88	-88	-87	0	-88	-88	-88	-56	0	0	0	0	-93	0	0	0	0	0	0	0	0	-85	0	0	0	-90	0	0	0	0	0	0	0	0	0	-87	0	-85	-83	0	0	0	0	0	0	0	0	0	0	0	0	0	0	0	0	-62	0	0	0	0	0	0	3640	-3548	2741	22588	-7748	-229	-41	969	214	-1	-1	0	-40	956	212	1606974925
-57	-50	0	-58	-61	0	0	-71	-75	0	-76	-76	-79	-70	0	0	0	-88	-89	-89	0	0	-89	-88	0	0	-85	-87	-88	0	-88	-88	-87	-62	0	0	0	0	-87	0	0	0	0	0	0	0	0	0	0	0	0	0	0	0	0	0	-84	0	0	0	0	-85	0	-85	0	0	0	0	0	0	0	0	0	0	0	0	0	0	0	0	0	-59	0	0	0	0	0	0	3693	-3504	2741	22588	-7748	-229	-40	968	215	-1	0	0	-40	956	212	1606974927
-56	-49	-49	0	-60	0	0	-68	-75	-78	-75	-75	-78	0	0	0	-77	-88	-89	-88	-78	-78	-88	-88	-77	-77	-87	-88	-87	0	-87	-87	-88	-62	0	0	0	0	-89	0	0	0	-91	0	0	0	0	-87	0	0	0	-90	-87	-85	0	0	-83	0	0	0	0	-84	0	0	0	0	0	0	0	0	0	0	0	0	0	0	0	0	0	0	0	-61	0	0	0	0	0	0	3677	-3526	2681	22587	-7747	-230	-40	969	214	-1	-1	0	-40	956	212	1606974928
-56	-50	-49	-58	-61	0	-75	-71	-72	-79	-72	-71	-73	0	0	-85	0	-89	-89	-89	0	-78	-89	-88	0	0	-89	-87	-88	0	-87	-87	-88	-54	0	0	0	0	-95	0	0	0	0	0	0	0	0	-88	0	0	0	-89	0	0	0	0	0	0	0	0	0	0	0	-85	0	0	0	0	0	0	0	0	0	0	0	0	0	0	0	0	0	-64	0	0	0	0	0	0	3707	-3489	2785	22587	-7747	-230	-40	969	214	0	0	0	-40	956	212	1606974930
-56	-48	-51	-59	-60	0	-73	0	-71	0	-71	-71	-73	-69	0	-86	0	-89	-89	-90	0	-78	-89	-89	0	0	-88	-86	-88	0	-87	-86	-88	-56	0	0	0	0	-95	0	0	0	-90	0	0	0	0	0	0	0	0	0	0	0	0	0	-85	0	-70	0	0	-84	0	-84	0	0	0	0	0	0	0	0	0	0	0	0	0	0	0	0	0	-61	0	0	0	0	0	0	3662	-3489	2770	22588	-7749	-231	-40	968	214	-1	0	0	-40	956	212	1606974931
-54	-47	-49	-58	-61	0	-72	-70	-75	0	-75	-75	-77	-70	0	0	0	-88	-88	-88	0	-78	-90	-88	0	0	-88	-87	-88	0	-88	-88	-88	-62	0	0	0	0	-90	0	0	0	0	0	0	0	0	0	0	0	0	0	0	0	0	0	0	0	0	0	0	0	0	0	0	0	0	0	0	0	0	0	0	0	0	0	0	0	0	0	0	-62	0	0	0	0	0	-93	3707	-3504	2726	22587	-7747	-231	-40	969	215	-1	-1	0	-40	956	212	1606974933
-56	-47	0	-59	-62	0	0	0	-74	0	-74	-74	-78	0	0	0	-79	-88	-88	-89	-76	-77	-89	-88	-78	-78	-87	-88	-88	0	-87	-87	-86	-62	0	0	0	0	-90	0	0	0	0	0	0	0	0	0	0	0	0	0	0	0	0	0	0	0	0	0	0	0	0	0	0	0	0	0	0	0	0	0	0	0	0	0	0	0	0	0	0	-60	0	0	0	0	0	0	3692	-3474	2726	22587	-7749	-231	-41	969	213	-1	-1	0	-40	956	212	1606974934
-56	-48	-49	-58	0	0	0	0	-72	0	-73	-74	-79	-70	0	-85	0	-89	-88	-89	0	-79	-88	-87	0	0	-88	-88	-88	0	-87	-88	-88	-62	0	0	0	0	-90	0	0	0	0	0	0	0	0	0	0	0	0	0	0	0	0	0	-87	0	0	0	0	-83	0	-85	-85	0	0	0	0	0	0	0	0	0	0	0	0	0	0	0	0	-61	0	0	0	0	0	0	3722	-3489	2696	22588	-7751	-232	-40	968	214	-1	-1	0	-40	956	212	1606974936
-55	-49	-49	-62	-62	0	0	0	-75	0	-75	-74	-79	0	0	-81	0	-89	-90	-89	0	-77	-90	-88	0	0	-86	-88	-88	0	-87	-88	-87	-62	0	0	0	0	0	0	0	0	0	0	0	0	0	0	0	0	0	0	0	0	0	0	-85	0	0	0	0	-84	0	-84	-83	0	0	0	0	0	0	0	0	0	0	0	0	0	0	0	0	-59	0	0	0	0	0	0	3693	-3549	2756	22587	-7748	-231	-41	969	214	-1	-1	0	-40	956	212	1606974938
-58	-47	0	-60	-63	0	-77	-69	-75	0	-74	-75	-80	-68	0	0	-77	-89	-89	-89	-76	-78	-89	-89	-77	-76	-84	-88	-88	0	-88	-88	-87	-62	0	0	0	0	-91	0	0	0	0	0	0	0	0	0	0	0	0	0	0	0	0	0	0	0	0	0	0	0	0	0	0	0	0	0	0	0	0	0	0	0	0	0	0	0	0	0	0	-60	0	0	0	0	0	0	3692	-3489	2741	22588	-7751	-231	-40	969	213	-1	-1	-1	-40	956	212	1606974939
-58	-47	0	-60	-62	0	-69	-68	-76	0	-76	-77	-80	-69	0	-80	0	-88	-88	-89	0	0	-89	-88	0	0	-85	-86	-87	0	-88	-87	-88	-60	0	0	0	0	-90	0	0	0	0	0	0	0	0	0	0	0	0	-91	0	0	0	0	-84	0	0	0	0	-87	0	-83	-84	0	0	0	0	0	0	0	0	0	0	0	0	0	0	0	0	-60	0	0	0	0	0	0	3707	-3489	2726	22588	-7748	-231	-40	968	214	-1	-1	0	-40	956	212	1606974941
-57	-49	-50	-57	0	-70	-70	-69	-77	0	-77	-76	-79	-69	0	-83	0	-88	-88	-89	0	-78	-89	-89	0	0	-88	0	0	0	0	0	0	-60	0	0	0	0	-89	0	0	0	0	-89	0	0	0	0	0	0	0	0	0	0	0	0	-82	0	0	0	0	-83	0	0	-84	0	0	0	0	0	0	0	0	0	0	0	0	0	0	0	0	-63	0	0	0	0	0	0	3663	-3549	2801	22586	-7746	-231	-40	968	215	-1	-1	0	-40	956	212	1606974942
-57	-49	0	-58	-61	-65	-70	0	-69	0	-70	-70	-75	0	0	-84	0	-87	-87	-88	0	-77	-88	-87	0	0	-88	-87	-88	0	-88	-87	-87	-54	0	0	0	0	0	0	0	0	0	0	0	0	0	0	0	0	0	0	0	0	0	0	-84	0	0	0	0	-82	0	-82	-82	0	0	0	0	0	0	0	0	0	0	0	0	0	0	0	0	-62	0	0	0	0	0	0	3692	-3489	2741	22587	-7748	-231	-41	968	214	-1	-1	0	-40	956	212	1606974944
-59	-48	0	-57	-62	-69	-70	0	-77	-76	-76	-75	-79	0	0	-83	0	-90	-89	-88	0	-76	-89	-88	0	0	-87	-89	-89	0	-88	-87	-87	-59	0	0	0	0	-89	0	0	0	-90	0	0	0	0	0	0	0	0	0	0	0	0	0	-84	0	0	0	0	0	0	0	0	0	0	0	0	0	0	0	0	0	0	0	0	0	0	0	0	-63	0	0	0	0	0	0	3693	-3504	2756	22588	-7750	-231	-40	968	215	-1	0	0	-40	956	212	1606974945
-57	-47	0	-57	0	-63	0	-70	-71	0	-70	-69	-76	0	0	0	-77	-88	-88	-88	0	-78	-89	-89	0	0	-84	0	0	0	0	0	0	-55	0	0	0	0	0	0	0	0	0	0	0	0	0	0	0	0	0	0	0	0	0	0	0	0	0	0	0	0	0	0	0	0	0	0	0	0	0	0	0	0	0	0	0	0	0	0	0	-65	0	0	0	0	0	0	3693	-3504	2756	22587	-7747	-230	-40	969	215	-1	-1	0	-40	956	212	1606974947
-59	-49	-51	-57	-62	-69	-70	0	-76	0	-75	-77	-79	-69	0	-84	0	-87	-87	-88	0	-77	-89	-88	0	0	-89	-87	-87	0	-86	-87	-88	-59	-65	0	0	0	-89	0	0	0	0	0	0	0	0	0	0	-85	0	0	-85	-84	0	-88	0	0	0	0	0	0	0	0	0	0	0	0	0	0	0	0	0	0	0	0	0	0	0	0	0	-63	0	0	0	0	0	0	3692	-3504	2696	22587	-7748	-231	-40	969	215	-1	-1	-1	-40	956	212	1606974949
-58	-48	-52	-57	-61	-64	0	-69	-70	-76	-70	-70	-74	0	0	-83	0	-90	-88	-89	0	-80	-89	-89	0	0	-86	-87	-87	0	-88	-88	-88	-54	-59	0	0	0	-92	0	0	-90	0	0	0	0	0	0	0	0	0	0	0	0	0	0	-82	0	0	0	0	-83	0	-84	-84	0	-89	0	-96	0	0	0	0	0	0	0	0	0	0	0	0	-62	0	0	0	0	0	0	3692	-3504	2726	22588	-7748	-231	-40	968	214	-1	-1	0	-40	956	212	1606974950
-60	-49	0	-59	-61	-63	-70	-69	-70	0	-72	-69	-74	-69	0	-84	-77	-88	-87	-89	0	0	-87	-89	0	0	-88	-87	-88	0	-86	-87	-87	-54	0	0	0	0	0	0	0	0	0	0	0	0	0	0	0	0	0	0	0	0	0	-83	-82	0	-71	0	0	-82	0	-82	-84	0	0	0	0	0	0	0	0	0	0	0	0	0	0	0	0	-62	0	0	0	0	0	0	3737	-3504	2726	22587	-7746	-231	-40	968	215	-1	-1	-1	-40	956	212	1606974952
0	-47	0	-57	-60	-69	-75	-76	-76	-77	-76	-77	-80	-69	0	0	-77	-89	-88	-90	-77	-77	-88	-89	-78	-77	-87	-88	-87	0	-86	-88	-87	-59	0	0	0	0	-89	0	0	0	0	0	0	0	0	0	0	-85	0	0	0	0	0	0	0	0	0	0	0	0	0	0	0	0	0	0	0	0	0	0	0	0	0	0	0	0	0	0	0	-63	0	0	0	0	0	0	3708	-3527	2786	22588	-7748	-231	-40	969	214	-1	-1	0	-40	956	212	1606974953
-60	-49	0	-57	-61	-69	-69	-70	-77	0	-75	-77	-80	-70	0	-84	0	-89	-87	-89	0	-77	-89	-88	0	0	-89	-88	-87	0	-88	-88	-88	-59	0	0	0	0	-90	0	0	0	0	0	0	0	0	0	0	-85	0	-89	-89	-88	0	0	0	0	0	0	0	0	0	0	0	0	0	0	0	0	0	0	0	0	0	0	0	0	0	0	0	-62	0	0	0	0	0	0	3677	-3503	2681	22589	-7752	-231	-40	969	214	-1	-1	0	-40	956	211	1606974955
-58	-49	-52	-57	-60	-68	-75	-69	-76	-77	-77	-76	-80	-70	0	-83	0	-89	-88	-89	0	-76	-88	-89	0	0	-88	-87	-88	0	-87	-87	-89	-59	-60	0	0	0	-89	0	0	0	0	0	0	0	0	0	0	0	0	-92	0	0	0	0	-84	0	0	0	0	-84	0	-83	-82	0	0	0	0	0	0	0	0	0	0	0	0	0	0	0	0	-61	0	0	0	0	0	0	3707	-3489	2696	22587	-7748	-231	-40	969	215	0	-1	0	-40	956	212	1606974987
-58	-49	-52	-58	-61	-70	0	-69	-77	-76	-77	-77	-80	-69	0	0	0	-88	-88	-89	0	-78	-88	-89	0	0	0	-87	-86	0	-88	-87	-88	-59	0	0	0	0	-87	0	0	0	-87	0	0	0	0	0	0	-84	0	-92	-84	-86	0	-87	0	0	0	0	0	0	0	0	0	0	0	0	0	0	0	0	0	0	0	0	0	0	0	0	0	-64	0	0	0	0	0	0	3707	-3474	2726	22587	-7748	-231	-40	969	214	-1	-1	0	-40	956	212	1606974988
-60	-48	-52	0	-62	-69	-70	-69	-76	-76	-75	-74	-80	-69	0	-83	0	-89	-89	-88	0	-78	-88	-88	0	0	-87	-86	-86	0	-87	-88	-89	-59	-60	0	0	0	-89	0	0	0	0	0	0	0	0	0	0	0	0	-91	0	0	0	0	0	0	0	0	0	-83	0	-83	-86	0	0	0	0	0	0	0	0	0	0	0	0	0	0	0	0	-64	0	0	0	0	0	0	3685	-3489	2726	22588	-7749	-231	-41	968	214	-1	-1	0	-40	956	212	1606974990
-58	-47	0	0	-60	-64	0	0	-70	0	-70	-70	-74	0	0	-82	0	-89	-87	-88	0	-78	-87	-88	0	0	-81	-87	-87	0	-88	-87	-88	-53	-63	0	0	0	0	0	0	0	0	0	0	0	0	0	0	0	0	0	0	0	0	-83	-84	0	-70	0	0	-84	0	-83	-83	0	0	0	0	0	0	0	0	0	0	0	0	0	0	0	0	-64	0	0	0	0	0	0	3692	-3519	2696	22587	-7748	-231	-40	968	215	-1	0	0	-40	956	212	1606974991
0	-49	0	-58	-61	-69	-76	0	-77	0	-76	-77	-79	-68	0	0	-78	-89	-89	-90	-77	-80	-89	-88	-76	-77	-90	-88	-89	0	-88	-87	-88	-58	0	0	0	0	-88	0	0	0	0	0	0	0	0	0	0	-85	0	0	-85	-85	0	0	0	0	0	0	0	0	0	0	0	0	0	0	0	0	0	0	0	0	0	0	0	0	0	0	0	0	0	0	0	0	0	0	3662	-3489	2733	22587	-7748	-231	-40	968	214	-1	-1	0	-40	956	212	1606974993
-56	-47	0	-57	-61	-69	0	-70	-76	0	-75	-75	-79	-69	0	-82	0	-88	-89	-88	0	-76	-89	-89	0	0	-87	-86	-87	0	-87	-88	-88	-58	-63	0	0	0	-89	0	0	0	-77	-86	0	0	0	0	0	0	0	0	0	0	0	0	0	0	0	0	0	-84	0	-85	-84	0	0	0	0	0	0	0	0	0	0	0	0	0	0	0	0	-63	0	0	0	0	0	0	3760	-3549	2756	22589	-7753	-231	-40	969	213	-1	0	0	-40	956	211	1606974995
-58	-49	-49	-60	-62	-67	0	0	-69	0	-70	0	-74	0	0	0	0	-89	-89	-88	0	-78	-89	-88	0	0	-89	-88	-88	0	-88	-89	-87	-53	-64	0	0	0	0	0	0	0	0	0	0	0	0	0	0	0	0	0	0	0	0	0	-85	0	0	0	0	-81	0	0	-82	0	0	0	0	0	0	0	0	0	0	0	0	0	0	0	0	-63	0	0	0	0	0	0	3693	-3504	2741	22587	-7747	-231	-40	968	215	-1	0	0	-40	956	212	1606974996
-55	-47	-50	0	-60	-73	0	0	-75	0	-76	-76	-80	0	0	-84	0	-89	-88	-89	0	-78	-89	-91	0	0	-88	-88	-86	0	-88	-87	-87	-57	0	0	0	0	-90	0	0	0	0	0	0	0	0	0	0	-86	0	0	-87	-88	0	0	-85	0	0	0	0	-83	0	-83	-84	0	0	0	0	0	0	0	0	0	0	0	0	0	0	0	0	-62	0	0	0	0	0	0	3693	-3564	2771	22587	-7747	-230	-41	968	215	-1	-1	0	-40	956	212	1606974998
-59	-48	0	0	-61	-74	0	0	-75	0	-77	-76	-79	0	0	-82	0	-89	-89	0	0	-77	-89	-90	0	0	-88	-88	-86	0	-87	-86	-87	-58	0	0	0	0	-90	0	0	0	0	0	0	0	0	0	0	0	0	0	0	0	0	-88	0	0	0	0	0	0	0	0	0	0	0	0	0	0	0	0	0	0	0	0	0	0	0	0	0	-61	0	0	0	0	0	0	3707	-3519	2696	22587	-7749	-231	-40	968	214	-1	-1	0	-40	956	212	1606974999
-57	0	-51	-62	-61	-71	-70	0	-76	0	-75	-74	-79	0	0	-82	0	-90	-89	-88	0	-79	-90	-90	0	0	-88	-88	-89	0	-87	-87	-87	-59	0	0	0	0	-89	0	0	0	0	0	0	0	0	0	0	-88	0	0	-89	-87	0	0	0	0	0	0	0	0	0	0	0	0	0	0	0	0	0	0	0	0	0	0	0	0	0	0	0	-61	0	0	0	0	0	0	3700	-3519	2726	22588	-7749	-231	-40	969	214	-1	-1	0	-40	956	212	1606975001
0	-48	-50	0	0	-71	0	0	-77	-77	-76	-77	-79	0	0	-81	0	-90	-91	-90	0	0	0	-90	0	0	-87	-87	-88	0	-87	-86	-88	-60	0	0	0	0	-90	0	0	0	0	0	0	0	0	0	0	0	0	-90	0	0	0	0	-84	0	0	0	0	-84	0	-84	-83	0	0	0	0	0	0	0	0	0	0	0	0	0	0	0	0	-63	0	0	0	0	0	0	3692	-3474	2763	22588	-7748	-231	-40	968	214	-1	-1	0	-40	956	212	1606975002
-58	-50	0	-60	-61	-71	-73	-68	-77	0	-74	-75	-79	-68	0	-83	0	-90	-89	-90	0	-78	-90	-89	0	0	-88	-86	-88	0	-88	-89	-88	-59	-62	0	0	0	-88	0	0	0	0	0	0	0	0	0	0	0	0	0	-84	0	0	0	-84	0	0	0	0	-83	0	-84	-77	0	0	0	0	0	0	0	0	0	0	0	0	0	0	0	0	-65	0	0	0	0	0	0	3707	-3474	2726	22588	-7751	-231	-41	968	214	-1	0	0	-40	956	212	1606975004
0	-47	-50	0	-60	-65	0	0	-70	-78	-70	-70	-74	0	0	-82	-77	-89	-89	-90	-77	-78	-89	-88	-80	-77	-87	-88	-88	0	-88	-88	-88	-53	0	0	0	0	0	0	0	0	0	0	0	0	0	-88	0	-88	0	0	-84	-89	0	0	-82	0	-69	0	0	-81	0	-83	-84	0	0	0	0	0	0	0	0	0	0	0	0	0	0	0	0	-65	0	0	0	0	0	0	3737	-3511	2726	22587	-7748	-232	-40	968	214	-1	-1	-1	-40	956	212	1606975006
-56	-50	-51	-59	-61	-72	0	-67	-76	-78	-76	-77	-78	-73	0	0	0	-92	-90	-89	0	0	-88	-90	0	0	-87	-86	-88	0	-87	-87	-88	-58	0	0	0	0	-90	0	0	0	0	0	0	0	-90	-88	0	0	-88	-89	0	0	0	0	0	0	0	0	0	0	0	0	0	0	0	0	0	0	0	0	0	-93	0	0	0	0	0	0	0	-64	0	0	0	0	0	0	3707	-3489	2726	22588	-7748	-231	-40	969	214	-1	-1	-1	-40	956	212	1606975007
0	-49	-51	-58	0	0	0	0	-75	-76	-77	-76	-78	0	0	-86	0	-89	-89	-89	0	0	0	-90	0	0	-86	-89	-88	0	-87	-86	-88	-59	-63	0	0	0	-88	0	0	0	0	0	0	0	0	0	0	-84	-89	0	-85	0	0	0	-86	0	-69	0	0	-81	0	-83	-84	0	0	0	0	0	0	0	0	0	0	0	0	0	0	0	0	-65	0	0	0	0	0	0	3677	-3474	2741	22588	-7750	-231	-40	968	214	-1	-1	0	-40	956	212	1606975009
-57	-47	-51	-58	-60	0	-69	0	-75	0	-75	-76	-78	-69	0	-83	0	-89	-90	-90	0	0	-90	-89	0	0	-89	-87	-87	0	-88	-87	-88	-59	0	0	0	0	-90	0	0	0	0	0	0	0	0	0	0	0	0	-91	0	0	0	0	0	0	0	0	0	-82	0	-81	-82	0	0	0	0	0	0	0	0	0	0	0	0	0	0	0	0	-64	0	0	0	0	0	0	3632	-3503	2726	22587	-7748	-231	-41	968	214	-1	-1	-1	-40	956	212	1606975010
-57	-47	0	-59	-61	0	-73	0	-77	0	-75	-75	-79	-74	0	0	0	-89	-89	-89	0	-78	-88	-90	0	0	-86	-87	-88	0	-87	-87	-90	-59	0	0	0	0	-90	0	0	0	0	0	0	0	0	0	0	-85	0	0	-84	-85	0	0	0	0	0	0	0	0	0	0	0	0	0	0	0	0	0	0	0	0	0	0	0	0	0	0	0	-64	0	0	0	0	0	0	3700	-3519	2763	22588	-7749	-231	-41	969	214	-1	-1	0	-40	956	212	1606975012
-59	-48	0	-58	-60	0	-74	-70	-76	-77	-77	-75	-79	-69	0	-76	-79	-89	-89	-89	0	-77	-90	-90	0	0	-89	-87	-86	0	-88	-86	-88	-59	0	0	0	0	-89	0	0	0	0	0	0	0	0	0	0	-85	0	0	-84	-83	0	0	-85	0	0	0	0	-84	0	-83	-84	0	0	0	0	0	0	0	0	0	0	0	0	0	0	0	0	-68	0	0	0	0	0	0	3730	-3549	2696	22589	-7753	-230	-40	968	214	-1	-1	0	-40	956	211	1606975013
-56	-50	0	-59	-61	0	-75	-68	-77	0	-78	-77	-78	-68	0	-75	0	-88	-89	-89	0	0	-89	-89	0	0	-77	-89	-87	0	-87	-88	-89	-59	0	0	0	0	-89	0	0	0	0	0	0	0	0	0	0	-89	0	-90	-84	-88	0	0	0	0	0	0	0	0	0	-75	0	0	0	0	0	0	0	0	0	0	0	0	0	0	0	0	0	-69	0	0	0	0	0	0	3662	-3489	2733	22588	-7749	-230	-40	969	214	-1	-1	0	-40	956	212	1606975015
0	0	-49	-59	0	0	-74	-69	-76	0	-77	-77	-79	-69	0	0	0	-89	-90	-89	0	-79	-89	-90	0	0	-90	-88	-87	0	-88	-88	-88	-59	0	0	0	0	-88	0	0	0	0	0	0	0	0	0	0	0	0	0	0	0	0	0	0	0	0	0	0	0	0	0	0	0	0	0	0	0	0	0	0	0	0	0	0	0	0	0	0	-67	0	0	0	0	0	0	3700	-3526	2756	22588	-7748	-231	-40	969	214	-1	0	0	-40	956	212	1606975017
-56	0	-49	-59	-61	0	-74	-74	-77	0	-77	-78	-79	-69	0	-83	0	-91	-88	-89	0	-77	-90	-90	0	0	-85	-88	-87	0	-88	-87	-87	-58	0	0	0	0	0	0	0	0	0	0	0	0	0	0	0	-84	0	-92	-84	-84	0	0	-83	0	0	0	0	-84	0	-83	-82	0	0	0	0	0	0	0	0	0	0	0	0	0	0	0	0	-67	0	0	0	0	0	0	3693	-3549	2771	22589	-7753	-231	-41	969	213	-1	-1	0	-40	956	211	1606975018
-59	0	-48	-60	-61	0	-69	-73	-77	0	-76	-77	-79	-68	0	-83	0	-90	-89	-89	0	0	-89	-89	0	0	-89	-87	-88	0	-88	-88	-87	-59	0	0	0	0	-88	0	0	0	0	0	0	0	0	0	0	0	0	0	0	0	0	-87	-83	0	0	0	0	0	0	-83	-82	0	0	0	0	0	0	0	0	0	0	0	0	0	0	0	0	-70	0	0	0	0	0	0	3707	-3489	2726	22587	-7748	-231	-40	968	214	-1	-1	0	-40	956	212	1606975020
-56	-50	-49	0	-61	0	0	-69	-76	0	-76	-76	-79	-74	0	-83	0	-88	-87	-89	0	-78	-88	-91	0	0	-86	-87	-88	0	-87	-88	-87	-56	-64	0	0	0	-90	0	0	-91	-90	0	0	0	0	0	0	0	0	0	0	0	0	0	0	0	0	0	0	-84	0	-84	-82	0	0	0	0	0	0	0	0	0	0	0	0	0	0	0	0	-70	0	0	0	0	0	0	3707	-3496	2756	22588	-7748	-230	-41	969	214	-1	-1	0	-40	956	212	1606975021
-56	-51	-47	0	-60	0	0	-67	-75	-77	-75	-75	-80	-67	0	-84	0	-89	-89	-89	0	-79	-90	-89	0	0	-87	-87	-88	0	-88	-88	-88	-62	0	0	0	0	-92	0	0	0	0	0	0	0	0	0	0	0	0	0	0	0	0	0	-83	0	0	0	0	-84	0	-84	0	0	0	0	0	0	0	0	0	0	0	0	0	0	0	0	0	-70	0	0	0	0	0	0	3700	-3511	2726	22589	-7752	-232	-40	969	214	-1	-1	0	-40	956	211	1606975023
-54	0	0	-65	-61	-69	0	-68	-72	-78	-72	-71	-74	-69	0	0	0	-91	-90	-89	-77	-77	-90	-88	-80	0	0	-87	-89	0	-88	-88	-87	-54	0	0	0	0	0	0	0	0	0	0	0	0	0	0	0	0	0	0	0	0	0	0	0	0	0	0	0	0	0	0	0	0	0	0	0	0	0	0	0	0	0	0	0	0	0	0	0	-74	0	0	0	0	0	0	3707	-3473	2681	22588	-7749	-231	-41	968	214	-1	-1	0	-40	956	212	1606975024
0	-50	-48	-63	-61	-72	-68	-68	-77	0	-76	-77	-79	-69	0	-84	0	-91	-89	-90	0	-79	-88	-90	0	0	-88	-88	-86	0	-88	-87	-88	-60	0	0	0	0	-89	0	0	0	0	0	0	0	0	0	0	0	-90	0	0	0	0	0	-85	0	0	0	0	-83	0	-84	-85	0	0	0	0	0	0	0	0	0	0	0	0	0	0	0	0	-70	0	0	0	0	0	0	3692	-3458	2726	22587	-7749	-232	-40	969	214	-1	-1	0	-40	956	212	1606975026
0	0	-51	-59	0	0	0	-70	-70	0	-68	-69	-74	-69	0	-84	0	-91	-89	-89	0	0	-88	-89	0	0	-88	-87	-87	0	-89	-87	-87	-56	0	0	0	0	0	0	0	0	-87	0	0	0	0	0	0	-84	0	-91	-87	-86	0	0	-84	0	0	0	0	-85	0	-83	-83	0	0	0	0	0	0	0	0	0	0	0	0	0	0	0	0	-65	0	0	0	0	0	0	3707	-3489	2741	22588	-7750	-231	-41	968	213	-1	0	0	-40	956	212	1606975028
-57	-49	-51	-60	-60	0	0	-77	-75	-78	-75	-76	0	-69	0	-83	0	-89	-91	-89	0	0	-89	-89	0	0	-88	-87	-87	0	-88	-87	-87	-61	0	0	0	0	-91	0	0	0	0	-90	0	0	0	0	0	0	0	0	0	-84	0	-88	-82	0	0	0	0	-82	0	-82	-82	0	0	0	0	0	0	0	0	0	0	0	0	0	0	0	0	-59	0	0	0	0	0	0	3700	-3489	2726	22588	-7749	-230	-40	968	214	-1	-1	0	-40	956	212	1606975029
-56	-49	-50	-60	-60	0	-69	0	-68	-77	-68	0	-75	-68	0	-84	0	-89	-89	-90	0	-77	-91	-90	0	0	-91	-87	-87	0	-87	-87	-87	-54	0	0	0	0	0	0	0	0	0	0	0	0	0	0	0	0	0	0	0	0	0	-88	-84	0	0	0	0	-83	0	-84	-83	0	0	0	0	0	0	0	0	0	0	0	0	0	0	0	0	-62	0	0	0	0	0	0	3662	-3489	2741	22587	-7748	-231	-40	968	214	-1	-1	0	-40	956	212	1606975031
0	-49	-50	-59	-60	0	-77	-76	-76	0	-75	-76	-79	-69	0	0	-79	-90	-90	-90	-77	0	-89	-88	-73	-76	0	-87	-87	0	-87	-88	-88	-60	0	0	0	0	-88	0	0	0	0	0	0	0	0	0	0	-84	0	0	0	0	0	0	0	0	0	0	0	0	0	0	0	0	0	0	0	0	0	0	0	0	0	0	0	0	0	0	0	-59	0	0	0	0	0	0	3708	-3549	2741	22588	-7750	-231	-41	969	214	-1	-1	0	-40	956	212	1606975032
-56	0	0	-58	-60	0	-69	-77	-75	0	-74	-77	-80	-76	0	-85	0	-89	-90	-88	0	0	-88	-88	0	0	-90	-88	-87	0	-87	-88	-89	-60	0	0	0	0	-89	0	0	0	0	0	0	0	0	0	0	0	0	0	-84	-85	0	0	0	0	0	0	0	-83	0	-82	-83	0	0	0	0	0	0	0	0	0	0	0	0	0	0	0	0	-62	0	0	0	0	0	0	3707	-3518	2666	22588	-7749	-231	-41	968	215	-1	-1	0	-40	956	212	1606975034
-58	-49	-50	-58	-60	0	-69	0	-76	0	-76	-75	-79	0	0	-83	0	-88	-88	-90	-79	-77	-88	-88	-79	-77	-87	-88	-88	0	-88	-88	-88	-59	0	0	0	0	-91	0	0	0	0	0	0	0	0	0	0	0	0	-91	0	0	0	0	-83	0	0	0	0	-84	0	-83	-83	0	0	0	0	0	0	0	0	0	0	0	0	0	0	0	0	-59	0	0	0	0	0	0	3700	-3534	2741	22588	-7748	-231	-41	969	214	-1	-1	0	-40	956	212	1606975036
0	-49	-59	0	-60	0	-69	-75	-73	-73	-73	-75	-80	-69	0	-84	0	-89	-88	-90	0	0	-89	-89	-77	-78	-87	-88	-86	0	-88	-86	-87	-59	0	0	0	0	-91	0	0	0	-89	0	0	0	0	0	0	0	0	0	0	0	0	0	0	0	0	0	0	0	0	0	0	0	0	0	0	0	0	0	0	0	0	0	0	0	0	0	0	-62	0	0	0	0	0	0	3708	-3541	2741	22590	-7753	-230	-40	969	213	-1	-1	-1	-40	956	211	1606975037
0	0	0	0	-59	0	0	0	-76	-76	-76	-74	-77	0	0	-85	0	-88	-89	-90	0	0	-89	-89	0	0	-87	-89	-90	0	-89	-89	-89	-59	0	0	0	0	-89	0	0	0	0	0	0	0	0	0	0	-90	0	0	-88	-86	0	0	-83	0	0	0	0	-86	0	0	-84	0	0	0	0	0	0	0	0	0	0	0	0	0	0	0	0	-73	0	0	0	0	0	0	3662	-3504	2741	22587	-7747	-230	-40	969	215	-1	-1	0	-40	956	212	1606975039
-61	0	-45	-60	-61	0	-70	-76	-72	0	-71	-71	-73	-76	0	-83	-86	-90	-88	-88	0	-90	-89	-89	0	-87	0	0	0	0	0	0	0	-54	0	0	0	0	0	0	0	0	0	0	0	0	0	0	0	0	0	0	0	0	0	0	-84	0	0	0	0	-85	0	-82	-84	0	0	0	0	0	0	0	0	0	0	0	0	0	0	0	0	0	0	0	0	0	0	0	3738	-3519	2771	22587	-7748	-231	-40	969	214	-1	-1	0	-40	956	212	1606975040
-47	0	-57	-58	-59	0	-67	-65	-76	0	-75	-76	-79	-68	0	0	0	-92	-92	-92	0	0	-92	-93	0	0	-89	-92	-93	0	0	-92	0	-62	0	0	0	0	0	0	0	0	0	0	0	0	0	0	0	0	0	0	0	0	0	0	0	0	0	0	0	0	0	0	0	0	0	0	0	0	0	0	0	0	0	0	0	0	0	0	0	-63	0	0	0	0	0	0	3344	-2918	3036	22279	-7842	-117	-20	973	197	-1	0	0	-21	960	196	1606975042
-56	-59	-56	-57	-58	-56	-69	-69	-68	0	-69	-70	-75	-70	0	0	0	-84	-85	-84	0	0	-84	-85	0	0	0	0	0	0	0	0	0	-56	0	0	-94	-95	0	-95	0	0	0	0	0	0	0	0	0	0	0	0	0	0	0	0	0	0	0	0	0	0	0	0	0	0	0	0	0	0	0	0	0	0	0	0	0	0	0	0	0	0	0	0	0	0	0	0	3314	-2932	3036	22280	-7847	-118	-21	973	197	0	0	0	-21	960	196	1606975043
