-44	-52	-47	-49	-58	-58	-71	-71	-76	-72	-74	-76	-76	-67	0	-84	0	-86	-86	-87	0	-85	-86	-87	0	0	-89	-92	0	0	0	-92	0	-56	0	0	0	0	0	0	0	0	0	0	0	0	-88	0	0	-89	-92	0	0	0	0	0	0	0	0	0	0	0	0	0	0	0	0	0	0	0	0	0	0	0	0	0	0	0	0	0	0	-65	0	0	0	0	0	0	0	0	0	0	0	0	0	0	0	0	0	0	0	0	0	0	0	0	0	0	0	0	0	0	0	0	0	0	0	4434	-2057	819	25414	-7767	-178	-31	972	201	-1	0	-1	-31	957	209	1606974583
-44	-51	-40	-53	-61	-64	-69	-71	-78	0	-78	-79	-77	-68	0	-85	0	-84	-84	-85	0	0	-84	-84	0	0	0	0	0	0	0	0	0	-62	0	0	0	0	0	0	0	-87	0	0	0	0	0	0	0	0	0	0	0	0	0	-92	0	0	0	0	0	0	0	0	0	0	0	0	0	0	0	0	0	0	0	0	0	0	0	0	0	0	0	0	0	0	0	0	0	0	0	0	0	0	0	0	0	0	0	0	0	0	0	0	0	0	0	0	0	0	0	0	0	0	0	0	0	4442	-2072	871	25390	-7781	-179	-31	970	212	0	0	0	-31	958	207	1606974585
-42	-46	-43	-53	-56	0	-64	-62	-68	-72	-67	-67	-72	-63	0	0	0	-82	-82	-81	0	0	-82	-82	0	0	-86	-92	-92	0	0	-92	0	-60	0	0	0	0	0	0	0	0	0	0	0	0	-89	-84	0	0	-88	0	0	0	0	0	0	0	-75	0	0	0	0	0	0	0	0	0	0	0	0	0	0	0	0	0	0	0	0	0	0	-60	0	0	0	0	0	0	0	0	0	0	0	0	0	0	0	0	0	0	0	0	0	0	0	0	0	0	0	0	0	0	0	0	0	0	0	4434	-2072	811	25389	-7770	-179	-33	970	212	0	0	-1	-31	957	208	1606974586
-42	-47	-43	0	-59	-54	0	0	-68	-72	-68	-67	-72	0	0	-81	-83	-81	-81	-82	-82	-83	-82	-82	-83	-83	-87	-94	-93	0	0	-90	0	-58	-58	0	0	0	0	0	0	-89	0	0	0	0	0	0	0	0	0	0	0	0	0	0	0	0	0	0	0	0	0	0	0	0	0	0	0	0	0	0	0	0	0	0	0	0	0	0	0	-64	0	0	0	0	0	0	0	0	0	0	0	0	0	0	0	0	0	0	0	0	0	0	0	0	0	0	0	0	0	0	0	0	0	-91	0	4525	-2088	856	25386	-7763	-180	-31	970	213	0	0	-1	-31	957	209	1606974588
-42	-57	-42	-50	0	-67	-65	-64	-74	-71	-75	-75	-75	-64	0	-83	-83	-84	-85	-84	0	-82	-84	-84	-83	-84	-89	-94	-92	0	0	-94	0	-64	0	0	0	0	-93	0	0	0	0	0	0	0	0	-88	0	0	0	0	0	0	0	0	0	0	0	0	0	0	0	0	0	0	0	0	0	0	0	0	0	0	0	0	0	0	0	0	0	0	0	0	0	0	0	0	0	0	0	0	0	0	0	0	0	0	0	0	0	0	0	0	0	0	0	0	0	0	0	0	0	0	0	0	0	4464	-2095	804	25386	-7763	-178	-31	971	213	0	0	0	-31	957	210	1606974589
-42	-47	-43	-51	-61	-67	-63	-65	-75	-70	-76	-76	-74	-63	0	-82	0	-84	-85	-85	0	-84	-84	-84	0	0	-92	-93	-92	0	0	-92	0	-64	-59	0	0	0	-93	0	0	0	0	0	0	0	-89	0	0	0	-90	0	0	0	0	0	0	0	0	0	0	0	0	0	0	0	0	0	0	0	0	0	0	0	0	0	0	0	0	0	0	-63	0	0	0	0	0	0	0	0	0	0	0	0	0	0	0	0	0	0	0	0	0	0	0	0	0	0	0	0	0	0	0	0	0	0	0	4524	-2035	811	25385	-7760	-179	-31	970	213	0	0	-1	-31	957	210	1606974591
-60	-48	-45	-50	-60	-67	-65	-66	-74	-71	-75	-74	-74	-65	0	-84	0	-85	-85	-85	0	-85	-84	-85	0	0	-89	-91	-90	0	0	-90	0	-63	0	0	0	0	-93	0	0	0	0	0	0	0	-88	0	0	0	-87	0	0	0	0	0	0	0	0	0	0	0	0	0	0	0	0	0	0	0	0	0	0	0	0	0	0	0	0	0	0	-59	0	0	0	0	0	0	0	0	0	0	0	0	0	0	0	0	0	0	0	0	0	0	0	0	0	0	0	0	0	0	0	0	0	0	0	4464	-2042	826	25385	-7759	-179	-32	970	213	-1	-1	-1	-31	957	210	1606974592
-52	-61	-43	-51	-58	-68	-65	-67	-74	0	-74	-75	-75	-65	0	-84	0	-84	-84	-85	0	-85	-84	-84	0	0	-90	-91	-90	0	0	0	-93	-64	0	0	0	0	-93	0	0	0	0	0	0	0	0	0	0	0	0	0	0	0	0	-92	0	0	0	0	0	0	0	0	0	0	0	0	0	0	0	0	0	0	0	0	0	0	0	0	0	-63	0	0	0	0	0	0	0	0	0	0	0	0	0	0	0	0	0	0	0	0	0	0	0	0	0	0	0	0	0	0	0	0	0	0	0	4434	-2072	826	25384	-7758	-178	-31	969	212	-1	-1	-1	-31	957	210	1606974594
-42	-50	-42	-52	-58	-55	-67	-64	-67	-71	-68	-68	-73	-67	0	-82	0	-82	-82	-82	0	-85	-82	-82	0	0	-89	-91	-91	0	0	-92	-91	-56	0	0	0	0	0	0	0	0	0	0	0	0	0	0	0	0	0	-90	0	0	0	-91	0	0	0	0	-92	0	0	0	0	0	0	0	0	0	0	0	0	0	0	0	0	0	0	0	0	-63	0	0	0	0	0	0	0	0	0	0	0	0	0	0	0	0	0	0	0	0	0	0	0	0	0	0	0	0	0	0	0	0	0	0	0	4495	-2042	826	25384	-7756	-178	-31	970	213	-1	-1	0	-31	957	211	1606974596
-42	-50	-42	-52	-58	-67	-66	-67	-75	0	-75	-74	-74	-66	0	-84	-85	-85	-84	-84	-85	-84	-85	-84	-85	-84	-91	-91	-91	0	0	-92	-92	-63	-58	0	0	0	-93	0	0	0	0	0	-87	-86	-88	0	-87	0	-88	-92	0	0	0	0	0	0	0	0	0	0	0	0	0	0	0	0	0	0	0	0	0	0	0	0	0	0	0	0	0	-70	0	0	0	0	0	0	0	0	0	0	0	0	0	0	0	0	0	0	0	0	0	0	0	0	0	0	0	0	0	0	0	0	0	0	0	4495	-2110	811	25384	-7756	-177	-31	969	213	-1	-1	-1	-31	957	211	1606974597
-41	-50	0	-52	-58	0	0	-65	-68	0	-69	-68	-73	-63	0	0	-83	-81	-82	-82	0	-84	-82	-82	-84	0	-89	-90	-92	0	0	-92	0	-57	-57	0	0	0	0	0	0	0	0	0	0	0	0	0	0	0	0	0	0	0	0	0	0	0	0	0	0	0	0	0	0	0	0	0	0	0	0	0	0	0	0	0	0	0	0	0	0	-61	0	0	0	0	0	0	0	0	0	0	0	0	0	0	0	0	0	0	0	0	0	0	0	0	0	0	0	0	0	0	0	0	0	0	0	4495	-2087	811	25385	-7760	-178	-31	970	212	-1	-1	-1	-31	957	210	1606974599
-43	-49	0	-51	-58	-54	-65	-65	-68	0	-69	-69	-73	-64	0	-84	0	-82	-82	-81	0	-86	-82	-83	0	0	-88	-92	-92	0	0	-90	-91	-56	-61	0	0	0	0	0	0	0	0	0	0	0	0	0	0	0	0	0	0	-86	0	0	-78	0	0	-95	0	0	0	0	0	0	0	0	-95	0	0	0	0	0	0	0	0	0	0	0	0	-60	0	0	0	0	0	0	0	0	0	-90	-89	0	0	0	0	0	0	0	0	0	0	0	0	0	0	0	0	0	0	0	0	0	0	0	0	4525	-2058	856	25384	-7757	-179	-31	969	213	-1	-1	0	-31	957	211	1606974600
-43	-58	0	-52	-59	-67	-64	-65	-73	-73	-73	-74	-74	-64	0	0	0	-84	-84	-84	0	-83	-85	-84	0	0	0	-91	-92	0	0	-91	-92	-64	-59	0	0	0	-93	0	0	0	0	0	0	0	0	0	0	0	0	0	0	0	0	0	0	0	0	0	0	0	0	0	0	0	0	0	0	0	0	0	0	0	0	0	0	0	0	0	0	-61	0	0	0	0	0	0	0	0	0	0	0	0	0	0	0	0	0	0	0	0	0	0	0	0	0	0	0	0	0	0	0	0	0	0	0	4494	-1982	826	25383	-7754	-178	-32	969	213	-1	-1	-1	-31	957	211	1606974602
-43	-58	-43	-52	0	-68	-66	-64	-73	0	-74	-74	-74	-64	0	0	0	-84	-85	-84	0	-84	-84	-84	0	0	-88	-92	-93	0	0	-91	-91	-64	0	0	0	0	-94	0	0	0	0	0	0	0	0	0	0	-82	0	0	0	0	0	0	0	0	0	0	0	0	0	0	0	0	0	0	0	0	0	0	0	0	0	0	0	0	0	0	0	-60	0	0	0	0	0	0	0	0	0	0	0	0	0	0	0	0	0	0	0	0	0	0	0	0	0	0	0	0	0	0	0	0	0	0	0	4434	-2072	811	25385	-7761	-178	-31	970	212	-1	-1	-1	-31	957	210	1606974603
-42	-51	-45	-51	-58	-67	-68	-64	-74	-70	-73	-74	-74	-69	0	0	0	-85	-85	-84	0	-84	-85	-85	0	0	0	-91	-91	0	0	-91	-91	-64	0	0	0	0	0	0	0	0	0	0	0	-90	-89	-88	-89	-83	0	-92	-82	-82	0	0	0	0	0	0	0	0	0	0	0	0	0	0	0	0	0	0	0	0	0	0	0	0	0	0	0	-63	0	0	0	0	0	0	0	0	0	0	0	0	0	0	0	0	0	0	0	0	0	0	0	0	0	0	0	0	0	0	0	0	0	0	0	4434	-2042	819	25384	-7757	-177	-31	970	212	-1	-1	-1	-31	957	211	1606974605
-42	-52	-44	-51	0	-66	-64	-64	-74	-70	-73	-73	-74	-64	0	-82	0	-83	-84	-84	0	-85	-85	-84	0	0	0	-90	-91	0	-91	-92	0	-64	0	0	0	0	-92	0	0	0	0	0	0	0	0	0	0	-80	0	0	0	0	0	0	0	0	0	0	0	0	0	0	0	0	0	0	0	0	0	0	0	0	0	0	0	0	0	0	0	-60	0	0	0	0	0	0	0	0	0	0	0	0	0	0	0	0	0	0	0	0	0	0	0	0	0	0	0	0	0	0	0	0	0	0	0	4464	-2042	737	25384	-7757	-177	-31	970	213	-1	-1	-1	-31	957	211	1606974606
-42	-49	-42	-51	0	-68	-64	-64	-76	0	-74	-75	-73	-65	0	-82	-84	-83	-85	-85	-85	-85	-84	-84	-83	-84	0	-93	-94	0	0	-92	0	-65	0	0	0	0	0	0	0	0	0	0	0	0	0	0	0	0	0	0	0	0	0	0	0	0	0	0	0	0	0	0	0	0	0	0	0	0	0	0	0	0	0	0	0	0	0	0	0	-73	0	0	0	0	0	0	0	0	0	0	0	0	0	0	0	0	0	0	0	0	0	0	0	0	0	0	0	0	0	0	0	0	0	0	0	4540	-2087	782	25386	-7761	-177	-31	970	212	-1	-1	-1	-31	957	210	1606974608
-42	-50	-41	-51	-58	-67	-64	-64	-76	-70	-76	-76	-74	-64	0	-83	0	-85	-84	-85	0	0	-85	-85	0	0	0	0	-92	0	0	-92	0	-65	0	0	0	0	0	0	0	0	0	0	0	0	0	-87	0	0	0	0	0	0	0	0	0	0	0	0	0	0	0	0	0	0	0	0	0	0	0	0	0	0	0	0	0	0	0	0	0	-63	0	0	0	0	0	0	0	0	0	0	0	0	0	0	0	0	0	0	0	0	0	0	0	0	0	0	0	0	0	0	0	0	0	0	0	4525	-2073	841	25384	-7757	-176	-32	971	213	-1	-1	-1	-31	957	211	1606974610
-42	-59	-41	-50	-59	-68	-64	0	-74	0	-76	-75	-75	-67	0	0	0	-83	-84	-84	0	-83	-84	-85	0	0	0	-93	-92	0	0	-91	0	-64	0	0	0	0	-93	0	0	0	0	0	0	0	0	0	0	0	-89	0	0	0	0	0	0	0	0	0	0	0	0	0	0	0	0	0	0	0	0	0	0	0	0	0	0	0	0	0	0	-60	0	0	0	0	0	0	0	0	0	0	0	0	0	0	0	0	0	0	0	0	0	0	0	0	0	0	0	0	0	0	0	0	0	0	0	4464	-2042	826	25383	-7755	-178	-31	970	214	-1	-1	0	-31	957	211	1606974611
-42	-50	-40	-50	-56	-67	0	0	-75	-70	-76	-74	-75	0	0	-83	-82	-84	-83	-84	-86	-84	-84	-85	-82	-84	-89	-92	-92	0	0	-94	0	-64	0	0	0	0	0	0	0	0	0	0	0	0	0	0	0	0	0	0	0	0	0	0	0	0	0	0	0	0	0	0	0	0	0	0	0	0	0	0	0	0	0	0	0	0	0	0	0	-61	0	0	0	0	0	0	0	0	0	0	0	0	0	0	0	0	0	0	0	0	0	0	0	0	0	0	0	0	0	0	0	0	0	0	0	4525	-2072	811	25385	-7759	-177	-31	970	213	-1	-1	-1	-31	957	210	1606974613
-42	-50	-41	-51	-59	-68	-63	-66	-76	0	-75	-75	-74	-63	0	-82	-87	-84	-84	-84	-84	0	-84	-84	-82	-85	0	0	-94	0	0	-92	0	-64	0	0	0	0	0	0	0	0	0	0	0	0	0	-84	0	0	0	0	0	0	0	0	0	0	0	0	0	0	0	0	0	0	0	0	0	0	0	0	0	0	0	0	0	0	0	0	0	-63	0	0	0	0	0	0	0	0	0	0	0	0	0	0	0	0	0	0	0	0	0	0	0	0	0	0	0	0	0	0	0	0	0	0	0	4494	-2072	811	25384	-7755	-178	-32	970	213	-1	-1	-1	-31	957	211	1606974614
-42	-51	-42	-50	-58	-67	-63	-64	-74	-71	-74	-75	-75	-64	0	0	0	-84	-84	-84	0	-84	-84	-85	0	0	-91	-94	-94	0	0	-93	0	-63	0	0	0	0	-93	0	0	0	0	0	0	0	0	0	-85	0	0	0	0	0	0	0	0	0	0	0	0	0	0	0	0	0	0	0	0	0	0	0	0	0	0	0	0	0	0	0	0	-61	0	0	0	0	0	0	0	0	0	0	0	0	0	0	0	0	0	0	0	0	0	0	0	0	0	0	0	0	0	0	0	0	0	0	0	4464	-2042	834	25384	-7756	-177	-31	970	213	-1	-1	0	-31	957	211	1606974616
-42	-51	-41	-51	-59	-67	-64	-64	-76	-70	-75	-75	-75	-64	0	-84	0	-84	-85	-84	0	0	-84	-84	0	0	0	-93	-92	0	0	-95	0	-64	0	0	0	0	-94	0	0	0	0	0	0	0	0	0	0	-82	0	0	-86	-82	0	0	0	0	0	0	0	0	0	0	0	0	0	0	0	0	0	0	0	0	0	0	0	0	0	0	0	-59	0	0	0	0	0	0	0	0	0	0	0	0	0	0	0	0	0	0	0	0	0	0	0	0	0	0	0	0	0	0	0	0	0	0	0	4494	-2072	811	25386	-7761	-178	-31	970	212	-1	-1	0	-31	957	210	1606974618
-41	-59	-41	-51	-59	-66	-66	-64	-76	0	-76	-75	-74	-64	0	0	0	-84	-85	-85	0	0	-84	-84	0	0	0	-91	-94	0	0	-93	0	-64	0	0	0	0	-92	0	0	0	0	0	0	0	0	0	0	-87	0	0	-86	0	0	0	0	0	0	0	0	0	0	0	0	0	0	0	0	0	0	0	0	0	0	0	0	0	0	0	0	0	0	0	0	0	0	0	0	0	0	0	0	0	0	0	0	0	0	0	0	0	0	0	0	0	0	0	0	0	0	0	0	0	0	0	0	4449	-2035	811	25384	-7756	-177	-31	970	212	-1	-1	0	-31	957	211	1606974619
-42	-49	-41	-50	-59	0	-66	-66	-67	0	-69	-68	-71	-63	0	0	0	-82	-80	-82	0	-85	-81	-82	0	0	-87	0	-93	0	0	-92	0	-55	-60	0	0	0	0	0	0	0	0	0	0	0	0	0	0	0	0	0	0	0	0	0	0	0	0	0	0	0	0	0	0	0	0	0	0	0	0	0	0	0	0	0	0	0	0	0	0	-59	0	0	0	0	0	0	0	0	0	0	0	0	0	0	0	0	0	0	0	0	0	0	0	0	0	0	0	0	0	0	0	0	0	0	0	4570	-2088	782	25384	-7757	-178	-31	970	213	-1	-1	-1	-31	957	211	1606974621
-52	-60	-41	-50	-59	0	-65	-63	-75	-70	-76	-75	-74	-66	0	-82	0	-84	-84	-84	0	0	-86	-84	0	0	-90	-92	-92	0	0	-94	0	-65	0	0	0	0	0	0	0	0	0	0	0	0	0	-87	0	0	-87	0	0	0	0	0	0	0	0	0	0	0	0	0	0	0	0	0	0	0	0	0	0	0	0	0	0	0	0	0	0	-60	0	0	0	0	0	0	0	0	0	0	0	0	0	0	0	0	0	0	0	0	0	0	0	0	0	0	0	0	0	0	0	0	0	0	0	4479	-2072	804	25385	-7760	-178	-31	969	211	-1	-1	0	-31	957	210	1606974623
-43	-63	-42	-51	-60	0	-65	-66	-67	-70	-67	-68	-70	-66	0	0	0	-81	-82	-82	0	-84	-82	-82	0	0	0	0	0	0	0	0	0	-55	0	0	0	0	0	0	0	0	0	0	0	0	0	-86	0	0	0	0	0	0	0	0	0	0	0	0	0	0	0	0	0	0	0	0	0	0	0	0	0	0	0	0	0	0	0	0	0	0	0	0	0	0	0	0	0	0	0	0	0	0	0	0	0	0	0	0	0	0	0	0	0	0	0	0	0	0	0	0	0	0	0	0	0	4510	-2087	782	25384	-7756	-176	-31	970	213	-1	-1	-1	-31	957	211	1606974624
-42	-56	-41	-44	-58	0	-63	-62	-75	-70	-75	-75	-74	-65	0	-83	-84	-84	-85	-85	-85	-84	-85	-86	-86	0	-86	-95	-94	0	0	-92	0	-64	-60	0	0	0	0	0	0	0	0	-86	0	0	0	0	0	0	0	0	0	0	0	0	-76	0	0	0	0	0	0	0	0	0	0	0	0	0	0	0	0	0	0	0	0	0	0	0	0	-61	0	0	0	0	0	0	0	0	0	0	0	0	0	0	0	0	0	0	0	0	0	0	0	0	0	0	0	0	0	0	0	0	0	0	0	4464	-2087	767	25384	-7756	-177	-31	969	213	-1	-1	-1	-31	957	211	1606974626
-52	-52	0	-52	-59	0	-66	-65	-76	-72	-76	-76	-76	-64	0	-81	0	-85	-85	-85	0	-84	-84	-87	0	0	-90	-94	-95	0	0	0	0	-63	0	0	0	0	0	0	0	0	0	0	0	0	0	0	0	-86	0	0	0	0	0	0	0	0	0	0	0	0	0	0	0	0	0	0	0	0	0	0	0	0	0	0	0	0	0	0	0	-60	0	0	0	0	0	0	0	0	0	0	0	0	0	0	0	0	0	0	0	0	0	0	0	0	0	0	0	0	0	0	0	0	0	0	0	4495	-2087	834	25384	-7757	-177	-31	969	211	-1	-1	-1	-31	957	211	1606974627
-42	-55	-42	-52	-60	0	-65	-63	-74	-71	-75	-75	-75	-64	0	-81	0	-85	-85	-85	0	-83	-84	-85	0	0	0	-93	-94	0	0	-93	0	-64	0	0	0	0	-92	0	0	0	0	0	0	0	0	0	0	0	0	0	0	0	0	0	0	0	0	0	0	0	0	0	0	0	0	0	0	0	0	0	0	0	0	0	0	0	0	0	0	-63	0	0	0	0	0	0	0	0	0	0	0	0	0	0	0	0	0	0	0	0	0	0	0	0	0	0	0	0	0	0	0	0	0	0	0	4494	-2027	796	25385	-7759	-177	-31	970	212	-1	-1	0	-31	957	210	1606974629
-42	-50	-43	-53	-56	0	-63	-65	-75	0	-75	-75	-75	-65	0	-84	0	-84	-85	-85	0	0	-85	-85	0	0	-92	-92	-91	0	0	0	0	-64	0	0	0	0	0	0	0	0	0	0	0	0	0	0	0	-83	0	0	-82	-82	0	0	0	0	0	0	0	0	0	0	0	0	0	0	0	0	0	0	0	0	0	0	0	0	0	0	0	-62	0	0	0	0	0	0	0	0	0	0	0	0	0	0	0	0	0	0	0	0	0	0	0	0	0	0	0	0	0	0	0	0	-88	0	0	4412	-2004	826	25384	-7757	-177	-31	970	213	-1	-1	0	-31	957	211	1606974630
-42	-53	-42	-54	-57	0	-65	-66	-76	-72	-76	-76	-75	-62	0	0	0	-84	-84	-85	0	0	-85	-85	0	0	-92	-93	-92	0	0	-92	0	-64	0	0	0	0	-94	0	0	0	0	0	0	0	0	0	0	0	0	0	0	0	0	0	0	0	0	0	0	0	0	0	0	0	0	0	0	0	0	0	0	0	0	0	0	0	0	0	0	-60	0	0	0	0	0	0	0	0	0	0	0	0	0	0	0	0	0	0	0	0	0	0	0	0	0	0	0	0	0	0	0	0	0	0	0	4464	-2027	796	25386	-7763	-177	-31	970	211	-1	-1	0	-31	957	210	1606974632
-52	-50	-45	-54	-60	0	0	-64	-76	-72	-76	-76	-77	-63	0	-84	0	-83	-85	-84	0	0	-84	-84	0	0	-90	-91	-92	0	-91	-91	-90	-65	0	0	0	0	-93	0	0	0	0	0	0	0	0	0	0	0	0	0	0	0	0	0	0	0	0	0	0	0	0	0	0	0	0	0	0	0	0	0	0	0	0	0	0	0	0	0	0	-59	0	0	0	0	0	0	0	0	0	0	0	0	0	0	-88	0	0	0	0	0	0	0	0	0	0	0	0	0	0	0	0	0	0	0	0	4494	-2027	789	25384	-7757	-177	-31	970	213	-1	-1	-1	-31	957	211	1606974633
-41	-52	-43	-53	-55	0	-66	-64	-68	0	-69	-68	-72	-62	0	-83	-84	-81	-81	-81	-86	-82	-82	-81	-82	-84	-87	-93	-91	0	0	-92	0	-55	0	0	0	0	0	0	0	0	0	0	0	0	0	0	0	0	0	0	0	0	0	0	0	0	0	0	0	0	0	0	0	0	0	0	0	0	0	0	0	0	0	0	0	0	0	0	0	-64	0	0	0	0	0	0	0	0	0	0	0	0	0	0	0	0	0	0	0	0	0	0	0	0	0	0	0	0	0	0	0	0	0	0	0	4532	-2027	789	25384	-7756	-177	-31	970	212	-1	-1	-1	-31	957	211	1606974635
-51	-49	-44	-53	-57	0	-64	-64	-76	0	-75	-76	-75	-64	0	0	0	-84	-85	-85	0	-83	-85	-85	0	0	-89	-93	-92	0	-91	-92	0	-65	0	0	0	0	-93	0	0	0	0	0	0	0	0	0	0	0	0	0	0	0	0	0	0	0	0	0	0	0	0	0	0	0	0	0	0	0	0	0	0	0	0	0	0	0	0	0	0	-64	0	0	0	0	0	0	0	0	0	0	0	0	0	0	0	0	0	0	0	0	0	0	0	0	0	0	0	0	0	0	0	0	0	0	0	4487	-2042	811	25386	-7762	-177	-31	969	212	-1	-1	0	-31	957	210	1606974637
-42	-50	-45	-54	-57	-55	-67	-66	-68	0	-68	-69	-72	-63	0	0	-82	-80	-80	-81	0	-83	-81	-80	-82	-82	-89	0	-92	0	-90	-91	-91	-56	-60	0	0	0	0	0	0	0	0	0	0	0	0	0	0	0	0	0	0	0	0	0	0	0	0	0	0	0	0	0	0	0	0	0	-94	0	0	0	0	0	0	0	0	0	0	0	0	-63	0	0	0	0	0	0	0	0	0	0	0	0	0	0	0	0	0	0	0	0	0	0	0	0	0	0	0	0	0	0	0	0	0	0	0	4479	-2042	782	25385	-7758	-177	-31	970	212	-1	-1	-1	-31	957	210	1606974638
-51	-48	-44	0	-58	-67	0	0	-75	0	-75	-76	-76	0	0	-82	0	-85	-84	-85	0	-85	-85	-85	0	0	-88	-90	-90	0	0	-91	-90	-65	0	0	0	0	0	0	0	0	0	0	0	0	0	0	0	-83	0	0	-81	-84	0	0	0	0	0	0	0	0	0	0	0	0	0	0	0	0	0	0	0	0	0	0	0	0	0	0	0	-60	0	0	0	0	0	0	0	0	0	0	0	0	0	0	0	0	0	0	0	0	0	0	0	0	0	0	0	0	0	0	0	0	0	0	0	4480	-2102	797	25384	-7757	-177	-31	970	213	-1	-1	-1	-31	957	210	1606974640
-41	-50	0	0	-58	0	0	-64	-68	-73	-70	-68	-71	-65	0	0	0	-80	-81	-81	0	-84	-80	-81	0	0	0	-92	-90	0	0	-93	0	-55	0	0	0	0	0	0	0	0	0	0	0	0	0	0	0	-82	0	0	-84	0	0	0	0	0	0	-94	0	0	0	0	0	0	0	0	-93	0	0	0	0	0	0	0	0	0	0	0	0	-58	0	0	0	0	0	0	0	0	0	0	0	0	0	0	0	0	0	0	0	0	0	0	0	0	0	0	0	0	0	0	0	0	0	0	0	4434	-2102	797	25384	-7757	-176	-31	970	212	-1	-1	-1	-31	957	211	1606974641
-51	-51	-42	-53	-56	0	-65	-66	-76	-73	-75	-75	-75	-65	0	0	0	-84	-85	-84	0	-85	-85	-85	-84	-83	0	-91	-92	0	0	-93	0	-66	0	0	0	0	0	0	0	0	0	0	0	0	0	0	0	-82	0	-92	0	0	0	0	0	0	0	0	0	0	0	0	0	0	0	0	0	0	0	0	0	0	0	0	0	0	0	0	0	0	0	0	0	0	0	0	0	0	0	0	0	0	0	0	0	0	0	0	0	0	0	0	0	0	0	0	0	0	0	0	0	0	0	0	0	4472	-2042	871	25385	-7759	-176	-31	970	213	-1	-1	0	-31	957	210	1606974643
-42	-50	0	-54	-58	0	-67	-66	-76	-71	-75	-75	-75	-63	0	-82	0	-85	-85	-85	0	0	-85	-85	0	0	-90	-91	-93	0	0	-91	-92	-65	0	0	0	0	-90	0	0	0	0	0	0	0	0	0	-88	0	-88	0	0	0	0	0	0	0	0	0	0	0	0	0	0	0	0	0	0	0	0	0	0	0	0	0	0	0	0	0	0	-63	0	0	0	0	0	0	0	0	0	0	0	0	0	0	0	0	0	0	0	0	0	0	0	0	0	0	0	0	0	0	0	0	-86	0	0	4494	-2042	796	25383	-7753	-176	-31	970	212	-1	-1	0	-31	957	211	1606974645
-41	-52	-44	-54	-58	0	-63	-65	-76	-72	-75	-76	-75	-63	0	-84	0	-84	-85	-85	0	-83	-85	-85	0	0	-89	-92	-92	0	0	-91	-92	-66	0	0	0	0	-91	0	0	0	0	0	0	0	0	0	0	0	0	0	0	0	0	0	0	0	0	0	0	0	0	0	0	0	0	0	0	0	0	0	0	0	0	0	0	0	0	0	0	-57	0	0	0	0	0	0	0	0	0	0	0	0	0	0	0	0	0	0	0	0	0	0	0	0	0	0	0	0	0	0	0	0	0	0	0	4494	-2072	796	25383	-7754	-177	-31	970	213	-1	-1	0	-31	957	211	1606974646
-52	-53	-45	-54	-58	0	0	0	-75	-72	-76	-76	-75	0	0	-81	0	-85	-85	-84	0	0	-85	-85	0	0	0	-92	-91	0	0	-92	0	-65	0	0	0	0	-93	0	0	0	0	0	0	0	0	0	0	0	0	0	0	0	0	0	0	0	0	0	0	0	0	0	0	0	0	0	0	0	0	0	0	0	0	0	0	0	0	0	0	-60	0	0	0	0	0	0	0	0	0	0	0	0	0	0	0	0	0	0	0	0	0	0	0	0	0	0	0	0	0	0	0	0	0	0	0	4495	-2087	811	25384	-7757	-177	-31	970	213	-1	-1	0	-31	957	211	1606974648
-42	-52	-45	-54	-58	-66	-65	-65	-76	-72	-76	-76	-76	-65	0	0	-83	-86	-85	-85	-82	-84	-86	-84	-83	-79	0	-90	-90	0	0	-91	-92	-64	0	0	0	0	-94	0	0	0	0	0	-89	0	-89	0	0	0	-90	0	0	0	0	0	0	0	0	0	0	0	0	0	0	0	0	0	0	0	0	0	0	0	0	0	0	0	0	0	0	0	0	0	0	0	0	0	0	0	0	0	0	0	0	0	0	0	0	0	0	0	0	0	0	0	0	0	0	0	0	0	0	0	0	0	0	4547	-2103	797	25383	-7754	-176	-31	970	213	-1	-1	0	-30	957	211	1606974649
-52	-53	-46	-53	-58	0	-64	-65	-76	0	-76	-76	-75	-65	0	-81	0	-85	-85	-85	0	0	-85	-85	0	0	0	-91	-90	0	0	-91	-91	-65	0	0	0	0	-94	0	0	0	0	0	-89	0	-89	0	0	0	-89	0	0	0	0	0	0	0	0	0	0	0	0	0	0	0	0	0	0	0	0	0	0	0	0	0	0	0	0	0	0	-66	0	0	0	0	0	0	0	0	0	0	0	0	0	0	0	0	0	0	0	0	0	0	0	0	0	0	0	0	0	0	0	0	0	0	-89	4494	-2072	811	25383	-7755	-177	-32	971	212	-1	-1	-1	-31	957	211	1606974651
-43	-52	-46	-54	0	0	0	-67	-75	-71	-75	-76	-75	-66	0	0	0	-84	-85	-85	0	-84	-84	-85	0	0	0	-91	-90	0	0	-91	0	-65	0	0	0	0	0	0	0	0	0	0	0	0	0	0	0	0	0	0	0	0	0	0	0	0	0	0	0	0	0	0	0	0	0	0	0	0	0	0	0	0	0	0	0	0	0	0	0	0	0	0	0	0	0	0	0	0	0	0	0	0	0	0	0	0	0	0	0	0	0	0	0	0	0	0	0	0	0	0	0	0	0	0	0	4449	-2065	841	25384	-7757	-178	-31	970	212	0	0	-1	-31	957	211	1606974653
-52	-49	-45	-54	-58	0	-65	0	-69	-63	-68	-70	-72	0	0	0	0	-81	-80	-82	0	0	-81	-81	0	0	-88	-91	-93	0	-91	-91	0	-56	0	0	0	0	0	0	0	0	0	0	0	0	0	0	0	0	0	0	0	0	0	0	0	0	0	0	0	0	0	0	0	0	0	0	-95	0	0	0	0	0	0	0	0	0	0	0	0	-58	0	0	0	0	0	0	0	0	0	0	0	0	0	0	0	0	0	0	0	0	0	0	0	0	0	0	0	0	0	0	0	0	0	0	0	4495	-2087	789	25384	-7757	-177	-31	970	213	-1	-1	-1	-31	957	211	1606974654
-42	-49	-45	0	-58	0	0	-65	-77	-71	-77	-76	-76	-66	0	0	0	-85	-86	-85	0	0	-85	-84	0	0	0	-90	-92	0	0	-92	-91	-66	0	0	0	0	0	0	0	0	0	0	0	0	0	0	0	0	0	0	0	0	0	0	0	0	0	0	0	0	0	0	0	0	0	0	0	0	0	0	0	0	0	0	0	0	0	0	0	0	0	0	0	0	0	0	0	0	0	0	0	0	0	0	0	0	0	0	0	0	0	0	0	0	0	0	0	0	0	0	0	0	0	0	0	4479	-2072	796	25384	-7757	-178	-31	970	213	-1	-1	0	-31	957	211	1606974656
-43	-53	-46	-55	-58	0	-66	-65	-76	0	-76	-77	-75	-64	0	0	0	-85	-85	-85	0	0	-85	-85	0	0	-88	-90	-90	0	-91	-90	-90	-65	0	0	0	0	-94	0	0	0	0	0	0	0	0	0	0	0	0	0	0	0	0	0	0	0	0	0	0	0	0	0	0	0	0	0	0	0	0	0	0	0	0	0	0	0	0	0	0	-63	0	0	0	0	0	0	0	0	0	0	0	0	0	0	0	0	0	0	0	0	0	0	0	0	0	0	0	0	0	0	0	0	0	0	0	4494	-2042	811	25385	-7760	-178	-31	969	213	0	-1	-1	-31	957	210	1606974658
-43	-52	0	-55	-58	0	-65	0	-77	0	-76	-76	-75	-65	0	0	0	-84	-85	-85	0	0	-85	-85	0	0	-91	0	-93	0	0	-92	-91	-65	0	0	0	0	-92	0	0	0	0	0	0	0	0	0	0	0	0	0	0	0	0	0	0	0	0	0	0	0	0	0	0	0	0	0	0	0	0	0	0	0	0	0	0	0	0	0	0	0	0	0	0	0	0	0	0	0	0	0	0	0	0	0	0	0	0	0	0	0	0	0	0	0	0	0	0	0	0	0	0	0	0	0	0	4495	-2057	826	25384	-7757	-177	-31	970	213	-1	0	0	-31	957	211	1606974659
-42	-52	-46	-54	-59	0	-65	-66	-69	0	-68	-69	-72	-66	0	0	0	-81	-80	-81	0	-85	-82	-80	0	0	0	-91	-91	0	0	-91	-91	-56	0	0	0	0	0	0	0	0	0	0	0	0	0	0	0	0	0	0	0	0	0	0	0	0	0	0	0	0	0	0	0	0	0	0	-94	0	0	0	0	0	0	0	0	0	0	0	0	-63	0	0	0	0	0	0	0	0	0	0	0	0	0	0	0	0	0	0	0	0	0	0	0	0	0	0	0	0	0	0	0	0	0	0	0	4367	-2072	789	25384	-7758	-178	-31	971	211	0	-1	0	-31	957	210	1606974661
-51	-50	0	-54	-59	0	-67	-65	-75	-72	-75	-75	-75	-65	0	-83	0	-85	-86	-85	0	-84	-86	-85	0	0	0	-91	-91	0	0	-93	0	-64	0	0	0	0	-92	0	0	0	0	0	0	0	0	0	0	-84	0	0	-86	-85	0	0	0	0	0	0	0	0	0	0	0	0	0	0	0	0	0	0	0	0	0	0	0	0	0	0	0	-61	0	0	0	0	0	0	0	0	0	0	0	0	0	0	0	0	0	0	0	0	0	0	0	0	0	0	0	0	0	0	0	0	0	0	0	4487	-2042	811	25385	-7758	-177	-31	970	213	-1	-1	-1	-31	957	210	1606974663
-42	-51	-46	-54	-60	-67	-66	-66	-76	-72	-76	-75	-75	-66	0	0	0	-84	-85	-84	0	0	-84	-84	0	0	0	-91	-91	0	-91	-92	-92	-65	0	0	0	0	0	0	0	0	0	0	0	0	0	-90	0	0	0	0	0	0	0	0	0	0	0	0	0	0	0	0	0	0	0	0	0	0	0	0	0	0	0	0	0	0	0	0	0	-60	0	0	0	0	0	0	0	0	0	0	0	0	0	0	0	0	0	0	0	0	0	0	0	0	0	0	0	0	0	0	0	0	0	0	0	4344	-2094	811	25385	-7758	-177	-31	970	213	-1	0	0	-31	957	210	1606974664
-41	-50	-44	-54	-59	0	-64	-64	-76	-71	-76	-77	-75	-65	0	-80	0	-85	-84	-85	0	-85	-86	-85	0	0	0	-92	-91	0	0	0	0	-64	0	0	0	0	-91	0	0	0	0	0	0	0	0	0	0	0	0	0	0	0	0	0	0	0	0	0	0	0	0	0	0	0	0	0	0	0	0	0	0	0	0	0	0	0	0	0	0	0	0	0	0	0	0	0	0	0	0	0	0	0	0	0	0	0	0	0	0	0	0	0	0	0	0	0	0	0	0	0	0	0	0	0	0	4570	-2005	827	25385	-7759	-178	-31	970	213	0	-1	0	-31	957	210	1606974666
-43	-52	-46	-54	-59	0	-65	-65	-75	-71	-75	-76	-75	-65	0	-81	0	-84	-85	-84	0	0	-86	-85	0	0	-90	-92	-92	0	0	-91	-92	-66	0	0	0	0	-93	0	0	0	0	0	0	0	0	0	0	0	0	0	0	0	0	0	0	0	0	0	0	0	0	0	0	0	0	0	0	0	0	0	0	0	0	0	0	0	0	0	0	-66	0	0	0	0	0	0	0	0	0	0	0	0	0	0	0	0	0	0	0	0	0	0	0	0	0	0	0	0	0	0	0	0	0	0	0	4464	-2072	796	25386	-7761	-178	-31	970	212	-1	-1	-1	-31	957	210	1606974667
-43	-53	0	-53	-61	-65	-67	-65	-76	0	-75	-75	-75	-65	0	0	-85	-84	-86	-85	-82	-83	-85	-84	-84	-84	0	-92	-92	0	-91	-91	-91	-66	0	0	0	0	0	0	0	0	0	-87	0	0	0	0	0	0	0	0	0	0	0	0	0	0	0	0	0	0	0	0	0	0	0	0	0	0	0	0	0	0	0	0	0	0	0	0	0	-68	0	0	0	0	0	0	0	0	0	0	0	0	0	0	0	0	0	0	0	0	0	0	0	0	0	0	0	0	0	0	0	0	0	0	0	4464	-2072	796	25384	-7758	-178	-31	970	212	0	0	-1	-31	957	210	1606974669
-43	-49	-47	0	-59	-55	0	0	-68	0	-68	-67	-72	0	0	0	-83	-81	-81	-82	0	0	-81	-81	-83	-85	-86	-92	0	0	0	-90	-91	-56	-60	0	0	0	0	0	0	0	0	0	0	0	-91	0	0	0	0	0	0	0	0	0	0	0	0	-95	0	0	0	0	0	0	0	0	0	0	0	0	0	0	0	0	0	0	0	0	0	-70	0	0	0	0	0	0	0	0	0	0	0	0	0	0	0	0	0	0	0	0	0	0	0	0	0	0	0	0	0	0	0	0	0	0	0	4464	-2072	871	25385	-7759	-177	-31	970	212	-1	-1	-1	-31	957	210	1606974671
-43	-53	-47	-53	-58	-68	-67	-68	-73	-73	-74	-74	-75	-64	0	0	0	-85	-84	-85	0	-82	-85	-85	0	0	-87	-91	-90	0	0	-90	0	-68	0	0	0	0	-92	0	0	0	0	0	0	0	-90	0	0	0	-91	0	0	0	0	0	0	0	0	0	0	0	0	0	0	0	0	0	0	0	0	0	0	0	0	0	0	0	0	0	0	-67	0	0	0	0	0	0	0	0	0	0	0	0	0	0	0	0	0	0	0	0	0	0	0	0	0	0	0	0	0	0	0	0	0	0	0	4465	-2080	894	25385	-7759	-178	-32	970	213	-1	-1	0	-31	957	210	1606974672
-43	-52	-43	-53	-58	-66	-65	0	-74	0	-74	-75	-77	-65	0	0	-84	-85	-84	-85	-85	-81	-85	-84	-84	-84	-88	-91	-91	0	0	-92	0	-68	0	0	-94	0	-94	0	0	0	0	-86	0	0	0	0	0	0	-91	-92	-85	0	0	0	0	0	0	0	0	0	0	0	0	0	0	0	-95	0	0	0	0	0	0	0	0	0	0	0	0	-61	0	0	0	0	0	0	0	0	0	0	0	0	0	0	0	0	0	0	0	0	0	0	0	0	0	0	0	0	0	0	0	0	0	0	0	4419	-2102	826	25385	-7758	-178	-32	970	213	-1	-1	-1	-31	957	210	1606974674
-54	-49	-42	-52	-58	-69	-65	-64	-75	-70	-74	-74	-76	-64	0	-80	0	-84	-84	-83	0	-82	-84	-84	0	0	0	-94	-92	0	0	-93	0	-66	0	0	0	0	-93	0	0	0	0	0	0	0	0	0	0	0	0	0	0	0	0	0	0	0	0	0	0	0	0	0	0	0	0	0	-93	0	0	0	0	0	0	0	0	0	0	0	0	-57	0	0	0	0	0	0	0	0	0	0	0	0	0	0	0	0	0	0	0	0	0	0	0	0	0	0	0	0	0	0	0	0	0	-91	0	4465	-2087	819	25385	-7758	-177	-32	970	214	0	-1	-1	-31	957	210	1606974676
-43	-50	0	-55	-58	-69	-64	0	-75	-73	-75	-75	-75	-64	0	-81	0	-85	-85	-86	0	-86	-86	-86	0	0	0	-94	-92	0	0	-92	-93	-65	-59	0	0	0	-94	0	0	0	0	0	0	0	0	0	0	-87	0	0	0	0	0	0	0	0	0	0	0	0	0	0	0	0	0	0	0	0	0	0	0	0	0	0	0	0	0	0	0	-65	0	0	0	0	0	0	0	0	0	0	0	0	0	0	0	0	0	0	0	0	0	0	0	0	0	0	0	0	0	0	0	0	0	0	0	4464	-2072	796	25386	-7762	-177	-31	970	213	-1	-1	-1	-31	957	210	1606974677
-55	-47	-42	-54	-59	-67	-66	-65	-75	-70	-75	-76	-76	-65	0	-82	0	-85	-85	-85	0	0	-85	-85	0	0	-87	-93	0	0	0	-93	0	-69	0	0	0	0	-94	0	0	0	0	0	0	0	0	0	-87	0	0	0	0	0	0	0	0	0	0	0	0	0	0	0	0	0	0	0	0	0	0	0	0	0	0	0	0	0	0	0	0	-67	0	0	0	0	0	0	0	0	0	0	0	0	0	0	0	0	0	0	0	0	0	0	0	0	0	0	0	0	0	0	0	0	0	0	0	4524	-2027	796	25385	-7758	-178	-31	969	213	0	-1	-1	-31	957	210	1606974679
-44	-47	0	-53	-62	0	-69	-67	-69	-72	-71	-69	-71	-65	0	-82	0	-81	-81	-81	0	0	-81	-80	0	0	-86	0	-93	0	0	0	0	-58	0	0	0	0	0	0	0	0	0	0	0	0	0	0	0	0	0	0	0	0	-93	0	0	0	0	0	0	0	0	0	0	0	0	0	0	0	0	0	0	0	0	0	0	0	0	0	0	-59	0	0	0	0	0	0	0	0	0	0	0	0	0	0	0	0	0	0	0	0	0	0	0	0	0	0	0	0	0	0	0	0	0	0	0	4494	-2012	811	25385	-7758	-177	-31	970	213	-1	-1	-1	-31	957	210	1606974680
0	-49	-42	-54	-58	0	-70	-65	-76	0	-76	-73	-76	-65	0	-82	-82	-84	-84	-84	0	-83	-85	-84	-84	0	-89	-93	-94	0	0	-94	0	-65	-58	0	0	0	-93	0	0	0	0	0	0	0	0	0	0	0	-89	0	0	0	0	0	0	0	0	0	0	0	0	0	0	0	0	0	0	0	0	0	0	0	0	0	0	0	0	0	0	-70	0	0	0	0	0	0	0	0	0	0	0	0	0	0	0	0	0	0	0	0	0	0	0	0	0	0	0	0	0	0	0	0	0	0	0	4464	-2087	782	25386	-7761	-177	-31	970	212	-1	-1	0	-31	957	210	1606974682
-49	-47	-43	-50	-60	0	-68	-68	-75	0	-75	-75	-76	-68	0	0	-83	-84	-86	-85	-85	-83	-85	-84	-82	-83	-88	-94	-93	0	0	-93	0	-65	0	0	0	0	-94	0	0	-87	0	0	-87	-88	-87	0	0	0	-87	0	0	0	0	0	0	0	0	0	0	0	0	0	0	0	0	0	0	0	0	0	0	0	0	0	0	0	0	0	0	-69	0	0	0	0	0	0	0	0	0	0	0	0	0	0	0	0	0	0	0	0	0	0	0	0	0	0	0	0	0	0	0	0	0	0	0	4434	-2072	811	25384	-7758	-178	-31	970	213	-1	-1	-1	-31	957	210	1606974683
-44	-47	-43	-53	-58	0	-66	-66	-75	-74	-74	-74	-74	-67	0	-80	0	-85	-85	-84	0	-85	-86	-86	0	0	-87	-93	-93	0	0	0	0	-68	0	0	0	0	-93	0	0	0	0	0	-88	0	0	0	0	0	0	0	0	0	0	0	0	0	0	0	0	0	0	0	0	0	0	0	0	0	0	0	0	0	0	0	0	0	0	0	0	-59	0	0	0	0	0	0	0	0	0	0	0	0	0	0	0	0	0	0	0	0	0	0	0	0	0	0	0	0	0	0	0	0	0	0	0	4585	-2027	782	25385	-7758	-177	-30	970	213	0	-1	-1	-31	957	210	1606974685
-44	-48	-42	-53	-60	0	-67	-65	-74	-72	-75	-75	-76	-67	0	0	-82	-85	-86	-85	-85	-86	-85	-85	0	-84	-89	-93	-93	0	0	-92	0	-64	0	0	0	0	-94	0	0	0	0	0	-89	-87	-88	0	0	0	-87	0	0	0	0	0	0	0	0	0	0	0	0	0	0	0	0	0	0	0	0	0	0	0	0	0	0	0	0	0	0	-63	0	0	0	0	0	0	0	0	0	0	0	0	0	0	0	0	0	0	0	0	0	0	0	0	0	0	0	0	0	0	0	0	0	0	0	4464	-2042	782	25386	-7762	-177	-31	970	212	-1	-1	-1	-31	957	210	1606974687
-47	-48	-42	-54	-57	0	0	-65	-75	-68	-74	-75	-77	0	0	0	-85	-85	-85	-85	-82	0	-86	-85	0	-83	-90	-93	-93	0	0	-91	0	-67	0	0	0	0	-92	0	0	0	0	0	0	0	0	-90	0	0	0	0	0	0	0	0	0	0	0	0	0	0	0	0	0	0	0	0	0	0	0	0	0	0	0	0	0	0	0	0	0	-58	0	0	0	0	0	0	0	0	0	0	0	0	0	0	0	0	0	0	0	0	0	0	0	0	0	0	0	0	0	0	0	0	0	0	0	4472	-2042	811	25384	-7757	-177	-31	970	213	-1	-1	-1	-31	957	211	1606974688
-44	-48	-43	-54	-62	0	-65	-65	-75	-72	-75	-75	-75	-67	0	0	-85	-84	-84	-84	-83	-85	-84	-84	-85	-83	-89	0	-93	0	0	-92	0	-65	0	0	0	0	-92	0	0	0	0	0	0	0	0	-91	0	0	0	0	0	0	0	0	0	0	0	0	0	0	0	0	0	0	0	0	0	0	0	0	0	0	0	0	0	0	0	0	0	-71	0	0	0	0	0	0	0	0	0	0	0	0	0	0	0	0	0	0	0	0	0	0	0	0	0	0	0	0	0	0	0	0	0	0	0	4479	-2027	811	25385	-7758	-177	-31	970	213	-1	-1	-1	-31	957	210	1606974690
-43	-49	-43	-56	-59	0	-66	-66	-75	-73	-75	-74	-77	-65	0	-83	0	-86	-87	-86	0	0	-86	-86	0	0	-91	0	-93	0	0	-92	0	-65	0	0	0	0	0	0	0	0	0	0	0	-88	-89	0	-88	0	-89	0	0	0	0	0	0	0	0	0	0	0	0	0	0	0	0	0	0	0	0	0	0	0	0	0	0	0	0	0	0	-63	0	0	0	0	0	0	0	0	0	0	0	0	0	0	0	0	0	0	0	0	0	0	0	0	0	0	0	0	0	0	0	0	0	0	0	4464	-2042	796	25386	-7761	-177	-31	970	213	-1	-1	-1	-31	957	210	1606974691
-43	-48	-43	-54	-58	0	-65	-65	-74	-76	-74	-74	-77	-65	0	-82	-85	-86	-86	-86	0	0	-86	-85	-85	-84	-91	-93	-92	0	0	-92	0	-65	0	0	0	0	-94	0	0	-90	0	0	0	0	0	0	0	0	0	0	-84	0	0	0	0	0	0	0	0	0	0	0	0	0	0	0	0	0	0	0	0	0	0	0	0	0	0	0	0	-62	0	0	0	0	0	0	0	0	0	0	0	0	0	0	0	0	0	0	0	0	0	0	0	0	0	0	0	0	0	0	0	0	0	0	0	4464	-2072	796	25384	-7757	-177	-31	970	213	-1	-1	-1	-31	957	211	1606974693
-47	-50	-42	-52	0	0	0	0	-75	0	-76	-75	-76	0	0	-83	-83	-86	-85	-85	-84	-84	-86	-85	-83	-84	0	-94	-93	0	0	-93	0	-64	-57	0	0	0	-92	0	0	0	0	0	0	0	-88	0	0	0	-87	0	0	0	0	0	0	0	0	0	0	0	0	0	0	0	0	0	0	0	0	0	0	0	0	0	0	0	0	0	0	-71	0	0	0	0	0	0	0	0	0	0	0	0	0	0	0	0	0	0	0	0	0	0	0	0	0	0	0	0	0	0	0	0	0	0	0	4465	-2087	849	25384	-7757	-177	-31	971	213	-1	-1	0	-31	957	211	1606974695
-43	-48	0	-55	-58	0	0	-65	-75	-71	-76	-76	-75	0	0	-81	-82	-85	-85	-85	0	0	-85	-85	-83	0	0	-94	0	0	0	-92	0	-65	0	0	0	0	0	0	0	0	0	0	0	0	0	0	0	0	0	0	0	0	0	0	0	0	0	0	0	0	0	0	0	0	0	0	0	0	0	0	0	0	0	0	0	0	0	0	0	-57	0	0	0	0	0	0	0	0	0	0	0	0	0	0	0	0	0	0	0	0	0	0	0	0	0	0	0	0	0	0	0	0	0	0	0	4434	-2072	826	25385	-7759	-177	-31	971	212	-1	-1	0	-31	957	210	1606974696
-44	-48	-42	-55	-58	-67	-67	-67	-75	-73	-77	-78	-75	-67	0	0	0	-85	-85	-85	0	-84	-85	-85	0	0	0	0	0	0	0	0	0	-65	0	0	0	0	-94	0	0	0	0	0	0	0	0	0	0	-84	0	0	0	0	0	0	0	0	0	0	0	0	0	0	0	0	0	0	0	0	0	0	0	0	0	0	0	0	0	0	0	-60	0	0	0	0	0	0	0	0	0	0	0	0	0	0	0	0	0	0	0	0	0	0	0	0	0	0	0	0	0	0	0	0	0	0	0	4434	-2042	737	25384	-7757	-177	-31	970	213	0	-1	-1	-31	957	211	1606974698
-43	-48	-43	-55	-58	-66	-64	-65	-74	0	-74	-75	-74	-65	0	-80	0	-84	-85	-85	0	0	-85	-86	0	0	-88	0	0	0	0	-93	0	-66	-59	0	0	0	0	0	0	-85	0	0	0	0	-88	0	-87	0	0	-90	0	0	0	0	0	0	0	0	0	0	0	0	0	0	0	0	0	0	0	0	0	0	0	0	0	0	0	0	0	-55	0	0	0	0	0	0	0	0	0	0	0	0	0	0	0	0	0	0	0	0	0	0	0	0	0	0	0	0	0	0	0	0	0	0	0	4480	-2102	797	25384	-7757	-177	-31	970	213	0	-1	-1	-31	957	211	1606974699
-52	-49	-42	-54	-57	-67	0	0	-74	-72	-74	-75	0	0	-79	-82	-84	-85	-84	-84	0	0	-85	-85	0	0	0	-92	-91	0	0	0	0	-66	0	0	0	0	0	0	0	0	0	-87	0	0	0	0	0	0	0	0	0	0	0	0	0	0	0	0	0	0	0	0	0	0	0	0	-93	0	0	0	0	0	0	0	0	0	0	0	0	-57	0	0	0	0	0	0	0	0	0	0	0	0	0	0	0	0	0	0	0	0	0	0	0	0	0	0	0	0	0	0	0	0	0	0	0	4434	-2080	804	25386	-7762	-177	-30	971	213	-1	-1	-1	-31	957	210	1606974701
-52	-48	-42	-54	-57	-66	0	-65	-75	-72	-76	-75	-75	-66	0	0	0	-86	-86	-85	-83	-85	-85	-85	0	0	0	-93	-92	0	0	-93	0	-65	0	0	0	0	0	0	0	0	0	0	-89	0	0	-88	0	0	0	0	0	0	0	0	0	0	0	0	0	0	0	0	0	0	0	0	0	-92	0	0	0	0	0	0	0	0	0	0	0	0	0	0	0	0	0	0	0	0	0	0	0	0	0	0	0	0	0	0	0	0	0	0	0	0	0	0	0	0	0	0	0	0	0	0	0	4389	-2072	781	25384	-7758	-177	-31	970	213	-1	-1	-1	-31	957	210	1606974703
-41	-54	-43	-54	-58	-66	-66	-65	-75	0	-75	-75	-75	-66	0	-84	-82	-86	-86	-86	0	-84	-86	-86	0	0	0	-92	-93	0	0	-91	-93	-66	0	0	0	-94	0	0	0	0	0	-88	-88	0	-89	0	-90	0	-88	0	0	0	0	0	0	0	0	0	0	0	0	0	0	0	0	0	0	0	0	0	0	0	0	0	0	0	0	0	0	-60	0	0	0	0	0	0	0	0	0	0	0	0	0	0	0	0	0	0	0	0	0	0	0	0	0	0	0	0	0	0	0	0	0	0	0	4464	-2102	782	25385	-7759	-177	-31	970	213	-1	-1	-1	-31	957	210	1606974704
-44	-47	-41	-55	-57	-66	-65	0	-73	-71	-75	-74	-76	0	0	0	0	-85	-85	-85	0	0	-84	-84	0	0	0	-92	0	0	0	-94	0	-64	0	0	0	0	-93	0	0	0	0	0	0	0	0	0	0	0	0	0	0	0	0	0	0	0	0	0	0	0	0	0	0	0	0	0	0	0	0	0	0	0	0	0	0	0	0	0	0	0	0	0	0	0	0	0	0	0	0	0	0	0	0	0	0	0	0	0	0	0	0	0	0	0	0	0	0	0	0	0	0	0	0	0	0	4487	-2005	796	25387	-7764	-177	-32	970	212	-1	-1	-1	-31	957	209	1606974706
-53	-48	-42	-54	-56	0	-65	-66	-68	-71	-69	-69	-72	-65	0	-81	0	-80	-81	-81	-83	0	-82	-81	-82	-81	0	-92	-94	0	0	-93	0	-54	0	0	0	0	0	0	0	0	0	0	0	-87	-86	0	0	0	-87	0	-84	0	0	0	0	0	0	0	0	0	0	0	0	0	0	0	-94	0	0	0	0	0	0	0	0	0	0	0	0	-57	0	0	0	0	0	0	0	0	0	0	0	0	0	0	0	0	0	0	0	0	0	0	0	0	0	0	0	0	0	0	0	0	0	0	0	4480	-2087	827	25385	-7760	-176	-31	970	212	-1	-1	-1	-31	957	210	1606974707
-42	-49	-42	-55	-60	0	-65	-67	-75	-72	-76	-74	-75	-66	0	-81	0	-85	-86	-86	0	-83	-85	-85	0	0	-90	0	-92	0	0	-93	0	-65	0	0	0	0	-94	0	0	0	0	0	0	0	0	0	0	0	0	0	0	0	0	0	0	0	0	0	0	0	0	0	0	0	0	0	0	0	0	0	0	0	0	0	0	0	0	0	0	-58	0	0	0	0	0	0	0	0	0	0	0	0	0	0	0	0	0	0	0	0	0	0	0	0	0	0	0	0	0	0	0	0	0	-91	0	4434	-2027	826	25386	-7761	-177	-31	970	213	-1	-1	0	-31	957	210	1606974709
-42	-48	0	-55	-57	0	-67	-66	-77	-71	-78	-77	-75	-66	0	-81	0	-87	-85	-86	0	-86	-85	-86	0	0	-89	0	-94	0	0	-93	0	-65	0	0	0	0	-95	0	0	0	0	0	0	0	0	0	0	0	0	0	0	0	0	0	0	0	0	0	0	0	0	0	0	0	0	0	0	0	0	0	0	0	0	0	0	0	0	0	0	-59	0	0	0	0	0	0	0	0	0	0	0	0	0	0	0	0	0	0	0	0	0	0	0	0	0	0	0	0	0	0	0	0	0	0	0	4472	-2027	796	25386	-7762	-177	-32	970	212	-1	-1	-1	-31	957	210	1606974711
-43	-48	-42	-55	-57	0	-67	-68	-69	-71	-69	-68	-73	-67	0	0	-79	-80	-81	-81	-84	-84	-81	-81	-82	-82	-88	0	0	0	0	0	0	-56	-59	0	0	0	0	0	0	0	0	0	0	0	0	0	0	0	0	0	0	0	0	0	-80	0	0	-95	0	-81	0	-81	-80	0	0	0	0	0	0	0	0	0	0	0	0	0	0	0	0	-56	0	0	0	0	0	0	0	0	0	0	0	0	0	0	0	0	0	0	0	0	0	0	0	0	0	0	0	0	0	0	0	0	0	0	0	4487	-2087	811	25386	-7762	-177	-31	971	212	-1	-1	-1	-31	957	210	1606974712
-44	-48	-42	-54	-60	-55	-71	-70	-69	-71	-70	-70	-72	-71	0	-84	0	-81	-81	-81	0	-84	-82	-80	0	0	0	0	0	0	0	-92	0	-58	-60	0	0	0	0	0	0	0	0	0	0	0	0	0	0	0	0	0	0	0	0	-93	0	0	0	0	0	0	0	0	0	0	0	0	0	0	0	0	0	0	0	0	0	0	0	0	0	-58	0	0	0	0	0	0	0	0	0	0	0	0	0	0	0	0	0	0	0	0	0	0	0	0	0	0	0	0	0	0	0	0	0	0	0	4479	-2042	811	25384	-7757	-177	-31	971	213	-1	-1	-1	-31	957	211	1606974714
-50	-49	-43	-55	-58	-71	-70	-68	-75	-72	-75	-76	0	-68	0	-82	0	-85	-86	-85	0	-85	-85	-86	0	-85	-87	0	-93	0	0	-94	0	-61	0	0	0	0	-94	0	0	0	0	0	0	0	0	0	0	0	0	0	0	0	0	0	0	0	0	0	0	0	0	0	0	0	0	0	0	0	0	0	0	0	0	0	0	0	0	0	0	-61	0	0	0	0	0	0	0	0	0	0	0	0	0	0	0	0	0	0	0	0	0	0	0	0	0	0	0	0	0	0	0	0	0	0	0	4479	-2072	811	25386	-7762	-178	-31	970	212	0	0	-1	-31	957	210	1606974716
-43	-48	0	-54	-59	-65	-76	-68	-77	-75	-77	-78	-75	-68	0	-80	0	-92	-93	0	0	-86	-91	-92	0	0	-89	-93	-93	0	0	-93	0	-63	0	0	0	0	-91	0	0	0	0	0	0	0	-89	0	0	0	-90	0	0	0	0	0	0	0	0	0	0	0	0	0	0	0	0	0	0	0	0	0	0	0	0	0	0	0	0	0	0	-61	0	0	0	0	0	0	0	0	0	0	0	0	0	0	0	0	0	0	0	0	0	0	0	0	0	0	0	0	0	0	0	0	0	0	0	4464	-2027	811	25386	-7761	-178	-31	970	213	-1	-1	0	-31	957	210	1606974717
-51	-52	-41	-53	-61	0	-71	-69	-67	0	-69	-68	-78	-72	0	0	-80	-81	-82	-82	0	-85	-81	-81	0	0	0	-93	0	0	0	0	0	-58	0	0	0	0	0	0	0	0	0	0	0	0	0	0	0	0	0	0	0	0	0	0	0	0	0	0	0	0	0	0	0	0	0	0	0	0	0	0	0	0	0	0	0	0	0	0	0	-61	0	0	0	0	0	0	0	0	0	0	0	0	0	0	0	0	0	0	0	0	0	0	0	0	0	0	0	0	0	0	0	0	0	0	0	4480	-2072	826	25386	-7763	-178	-31	970	213	0	0	-1	-31	957	210	1606974719
-41	-51	-46	-53	-60	-57	-66	-66	-67	-72	-69	-69	-72	-68	0	-83	0	-81	-82	-81	0	-86	-81	-81	0	0	0	-87	-89	0	-89	-89	-92	-58	-57	0	0	0	0	0	0	0	0	0	0	0	0	0	0	0	0	0	0	0	0	0	0	0	0	0	0	0	0	0	0	0	0	0	0	0	0	0	0	0	0	0	0	0	0	0	0	-60	0	0	0	0	0	0	0	0	0	0	0	0	0	0	0	0	0	0	0	0	0	0	0	0	0	0	0	0	0	0	0	0	0	0	0	4480	-2042	834	25386	-7761	-177	-31	971	213	-1	-1	-1	-31	957	210	1606974720
-45	-52	-50	-53	-54	-68	-64	0	-75	-72	-75	-74	-74	-64	0	0	0	-85	-84	-84	0	0	-84	-85	0	0	0	-93	-90	0	-91	-90	-91	-64	0	0	0	0	0	0	0	0	0	-89	0	0	0	0	0	0	0	0	0	0	0	0	0	0	0	0	0	0	0	0	0	0	0	0	0	0	0	0	0	0	0	0	0	0	0	0	0	-60	0	0	0	0	0	0	0	0	0	0	0	0	0	0	0	0	0	0	0	0	0	0	0	0	0	0	0	0	0	0	0	0	0	0	0	4480	-2087	782	25387	-7763	-178	-31	969	213	0	0	0	-31	957	210	1606974722
-44	-49	-43	-55	-56	-66	-65	-66	-72	-75	-73	-73	-75	-67	0	0	0	-85	-85	-84	0	0	-84	-85	0	0	0	-89	-91	0	0	-90	-91	-65	0	0	0	0	0	0	0	0	0	0	0	0	0	0	0	0	0	0	0	0	0	0	0	0	0	0	0	0	0	0	0	0	0	0	0	0	0	0	0	0	0	0	0	0	0	0	0	-58	0	0	0	0	0	0	0	0	0	0	0	0	0	0	0	0	0	0	0	0	0	0	0	0	0	0	0	0	0	0	0	0	0	0	0	4480	-2087	827	25385	-7760	-177	-31	970	213	-1	0	-1	-31	957	210	1606974724
-42	-54	-44	-53	-57	-66	-67	-68	-74	-71	-74	-76	-75	-67	0	-80	0	-85	-86	-85	0	-81	-85	-85	0	0	0	-90	-91	0	-89	-90	-92	-68	0	0	0	0	-93	0	0	0	0	0	0	0	0	0	0	0	0	0	0	0	0	0	0	0	0	0	0	0	0	0	0	0	0	0	0	0	0	0	0	0	0	0	0	0	0	0	0	-62	0	0	0	0	0	0	0	0	0	0	0	0	0	0	0	0	0	0	0	0	0	0	0	0	0	0	0	0	0	0	0	0	-90	0	0	4487	-2087	782	25386	-7762	-177	-31	971	213	-1	-1	0	-31	957	210	1606974725
-51	-57	-43	-53	-57	-67	-65	0	-74	-72	-74	-74	-75	-66	0	0	0	-85	-85	-85	0	-81	-85	-85	0	0	0	-91	-91	0	-90	-90	-90	-66	0	0	0	0	0	0	0	0	0	0	0	0	0	-89	0	0	0	0	0	0	0	0	0	0	0	0	0	0	0	0	0	0	0	0	0	0	0	0	0	0	0	0	0	0	0	0	0	-62	0	0	0	0	0	0	0	0	0	0	0	0	0	0	0	0	0	0	0	0	0	0	0	0	0	0	0	0	0	0	0	0	0	0	0	4487	-2087	811	25387	-7765	-177	-31	970	212	0	-1	0	-31	957	209	1606974727
-52	-51	0	-52	-57	-67	-67	-65	-74	-71	-75	-74	-75	-67	0	-81	0	-86	-86	-86	0	0	-85	-86	0	0	-88	-92	-91	0	-91	-94	-92	-66	0	0	0	0	-93	0	0	0	0	0	0	0	0	0	0	-82	0	0	0	0	0	0	0	0	0	0	0	0	0	0	0	0	0	0	0	0	0	0	0	0	0	0	0	0	0	0	0	-62	0	0	0	0	0	0	0	0	0	0	0	0	0	0	0	0	0	0	0	0	0	0	0	0	0	0	0	0	0	0	0	0	0	0	0	4525	-2087	797	25386	-7761	-176	-31	969	213	-1	-1	0	-31	957	210	1606974728
-44	-51	-42	-53	-59	-66	-65	-67	-75	-72	-75	-74	-77	-65	0	0	0	-86	-85	-86	0	-84	-87	-85	0	0	-91	-91	-91	0	-91	-90	-92	-67	-60	0	0	0	0	0	0	0	0	0	0	0	0	-88	0	-84	0	0	0	-85	0	0	0	0	0	0	0	0	0	0	0	0	0	0	0	0	0	0	0	0	0	0	0	0	0	0	0	-61	0	0	0	0	0	0	0	0	0	0	-91	0	0	0	0	0	0	0	0	0	0	0	0	0	0	0	0	0	0	0	0	0	0	0	0	4494	-2057	796	25386	-7762	-177	-30	970	213	-1	-1	-1	-31	957	210	1606974730
-45	-54	-42	-54	-60	-66	-65	-63	-74	-72	-75	-74	-76	-66	0	-81	0	-85	-85	-86	0	0	-86	-86	0	0	-87	-93	-92	0	-92	-90	-94	-67	0	0	0	0	-94	0	0	0	0	0	0	0	0	0	0	0	0	0	0	0	0	0	0	0	0	0	0	0	0	0	0	0	0	0	0	0	0	0	0	0	0	0	0	0	0	0	0	-61	0	0	0	0	0	0	0	0	0	0	0	0	0	0	0	0	0	0	0	0	0	0	0	0	0	0	0	0	0	0	0	0	0	0	0	4494	-2005	766	25386	-7762	-177	-30	970	212	-1	-1	0	-31	957	210	1606974732
-52	0	-42	-53	-59	-66	0	-66	-74	0	-74	-75	-76	-64	0	-80	0	-84	-85	-86	0	-84	-86	-86	0	0	-93	-90	-91	0	-91	-91	-91	-67	0	0	0	0	-90	0	0	0	0	0	0	0	0	0	0	-84	0	0	0	0	0	0	0	0	0	0	0	0	0	0	0	0	0	0	0	0	0	0	0	0	0	0	0	0	0	0	0	-60	0	0	0	0	0	0	0	0	0	0	0	0	0	0	0	0	0	0	0	0	0	0	0	0	0	0	0	0	0	0	0	0	0	0	0	4464	-2027	826	25386	-7761	-177	-31	970	212	-1	-1	-1	-31	957	210	1606974733
-52	-51	-43	-52	-60	0	-64	-66	-74	-70	-74	-74	-75	-64	0	-81	-83	-85	-85	-84	0	0	-85	-85	0	-83	-90	-90	-91	0	-91	-91	-90	-66	0	0	0	0	-93	0	0	0	0	0	0	0	0	0	0	0	0	0	-87	0	0	0	-80	0	0	0	0	-78	0	0	0	0	0	0	0	0	0	0	0	0	0	0	0	0	0	0	0	-71	0	0	0	0	0	0	0	0	0	-88	-91	0	0	0	0	0	0	0	0	0	0	0	0	0	0	0	0	0	0	0	0	0	0	0	0	4472	-2042	796	25386	-7760	-177	-31	969	213	-1	-1	0	-31	957	210	1606974735
-54	-53	-43	-52	0	0	-66	-63	-67	-70	-67	-69	-72	-64	0	-79	0	-81	-82	-81	0	0	-82	-80	0	0	-88	-92	-92	0	-93	-91	-91	-57	0	0	0	0	0	0	0	-91	0	0	0	0	0	0	0	0	0	0	0	0	0	0	-79	0	0	0	0	-77	0	0	0	0	0	0	0	0	0	0	0	0	0	0	0	0	0	0	0	0	0	0	0	0	0	0	0	0	0	0	0	0	0	0	0	0	0	0	0	0	0	0	0	0	0	0	0	0	0	0	0	0	0	0	0	4434	-1997	856	25387	-7763	-177	-31	970	212	-1	-1	-1	-31	957	209	1606974736
-53	-52	-44	-53	-59	0	-64	-64	-75	0	-74	-75	-75	-64	0	0	0	-87	-84	-86	0	0	-85	-86	0	0	0	-91	-90	0	-91	-91	-91	-68	-61	0	0	0	-93	0	0	0	0	0	0	0	-88	0	0	0	-89	0	0	0	0	0	0	0	0	0	0	0	0	0	0	0	0	0	-95	0	0	0	0	0	0	0	0	0	0	0	0	-70	0	0	0	0	0	0	0	0	0	0	0	0	0	0	0	0	0	0	0	0	0	0	0	0	0	0	0	0	0	0	0	0	0	0	0	4495	-2110	797	25386	-7761	-177	-31	970	212	-1	-1	-1	-31	957	210	1606974738
-43	-51	-43	-53	-59	0	-66	-65	-75	-71	-74	-75	-75	-67	0	-81	0	-85	-86	-85	0	0	-86	-85	0	0	-89	-90	-91	0	-88	-88	-90	-67	0	0	0	0	-93	0	0	0	0	0	0	0	0	0	0	0	0	0	0	0	0	0	0	0	0	0	0	0	0	0	0	0	0	0	0	0	0	0	0	0	0	0	0	0	0	0	0	-58	0	0	0	0	0	0	0	0	0	0	0	0	0	0	0	0	0	0	0	0	0	0	0	0	0	0	0	0	0	0	0	0	0	0	0	4487	-2042	796	25385	-7760	-178	-31	969	212	-1	-1	-1	-31	957	210	1606974740
-51	-53	-44	-52	-60	-56	-67	0	-68	-72	-68	-67	-72	-64	0	0	0	-81	-81	-81	0	-84	-82	-82	0	0	-88	-91	-91	0	0	-91	-90	-55	0	0	0	0	0	0	0	0	0	0	0	0	-92	0	0	0	0	0	0	0	0	0	0	0	0	0	0	0	0	0	0	0	0	0	0	0	0	0	0	0	0	0	0	0	0	0	0	-55	0	0	0	0	0	0	0	0	0	0	0	0	0	0	0	0	0	0	0	0	0	0	0	0	0	0	0	0	0	0	0	0	0	0	0	4472	-2072	819	25387	-7763	-177	-31	971	212	-1	-1	-1	-31	957	210	1606974741
-51	-49	-46	-52	0	0	-66	-63	-69	-72	-67	-68	-71	-63	0	-80	0	-81	-81	-82	0	0	-81	-82	0	0	0	-90	-91	0	-91	-91	-91	-57	0	0	0	0	0	0	0	0	0	0	0	0	0	0	0	0	0	0	-88	0	0	0	0	0	0	-94	0	0	0	0	0	0	0	0	0	0	0	0	0	0	0	0	0	0	0	0	0	-56	0	0	0	0	0	0	0	0	0	0	0	0	0	0	0	0	0	0	0	0	0	0	0	0	0	0	0	0	0	0	0	0	0	0	0	4494	-2072	811	25385	-7760	-177	-31	970	212	-1	-1	-1	-31	957	210	1606974743
-52	-48	-44	-53	-57	-66	-66	-63	-75	-72	-74	-75	-75	-64	0	0	0	-86	-86	-86	0	-83	-85	-85	0	0	0	-91	-90	0	0	-90	-92	-66	0	0	0	0	0	0	0	0	0	0	0	0	0	0	0	0	0	0	0	0	0	0	0	0	0	0	0	0	0	0	0	0	0	0	0	0	0	0	0	0	0	0	0	0	0	0	0	-63	0	0	0	0	0	0	0	0	0	0	0	0	0	0	0	0	0	0	0	0	0	0	0	0	0	0	0	0	0	0	0	0	0	0	0	4480	-2080	782	25386	-7762	-177	-32	970	212	-1	-1	0	-31	957	210	1606974745
-51	-49	-44	-52	-56	-55	-66	-64	-69	0	-68	-67	-72	-63	0	-80	0	-80	-81	-81	-79	-80	-80	-81	-83	0	0	-91	-92	0	0	-90	-90	-55	0	0	0	0	0	0	0	0	0	0	0	0	0	0	0	0	0	0	0	0	0	0	0	0	0	-96	0	0	0	0	0	0	0	0	0	0	0	0	0	0	0	0	0	0	0	0	0	0	0	0	0	0	0	0	0	0	0	0	0	0	0	0	0	0	0	0	0	0	0	0	0	0	0	0	0	0	0	0	0	0	0	0	0	4480	-2050	841	25387	-7764	-177	-32	970	213	-1	-1	0	-31	957	209	1606974746
-42	-49	0	-52	-58	-66	-66	-64	-75	-71	-74	-75	-75	-63	0	0	0	-86	-85	-86	0	0	-86	-85	0	0	0	-92	-91	0	0	-92	-91	-65	0	0	0	0	0	0	0	0	0	0	0	0	0	0	0	0	0	0	-88	0	0	0	0	0	0	0	0	0	0	0	0	0	0	0	-97	0	0	0	0	0	0	0	0	0	0	0	0	-63	0	0	0	0	0	0	0	0	0	0	0	0	0	0	0	0	0	0	0	0	0	0	0	0	0	0	0	0	0	0	0	0	0	0	0	4465	-2087	827	25386	-7762	-176	-31	970	212	-1	-1	0	-31	957	210	1606974748
-52	-55	0	-52	-57	-66	-65	-66	-74	-71	-75	-75	-74	-65	0	0	0	-86	-85	-86	0	-80	-85	-86	0	0	0	-92	-92	0	-90	-93	-93	-65	0	0	0	0	0	0	0	0	0	0	0	0	0	0	0	-89	0	0	0	0	0	0	0	-92	0	0	0	0	0	0	0	0	0	0	0	0	0	0	0	0	0	0	0	0	0	0	0	-62	0	0	0	0	0	0	0	0	0	0	0	0	0	0	0	0	0	0	0	0	0	0	0	0	0	0	0	0	0	0	0	0	0	0	0	4479	-2072	811	25385	-7759	-178	-31	970	212	-1	0	0	-31	957	210	1606974749
-44	-50	-47	-53	-58	-67	-64	-66	-74	-72	-73	-74	-76	-67	0	0	-81	-86	-85	-86	-85	-84	-85	-86	-87	-85	0	-91	-90	0	0	-92	-92	-66	-59	0	0	0	-91	0	0	0	0	0	0	0	-88	0	0	0	-90	0	0	0	0	0	0	0	0	0	0	0	0	0	0	0	0	0	0	0	0	0	0	0	0	0	0	0	0	0	0	-68	0	0	0	0	0	0	0	0	0	0	0	0	0	0	0	0	0	0	0	0	0	0	0	0	0	0	0	0	0	0	0	0	0	0	0	4480	-2117	804	25388	-7767	-177	-31	970	213	-1	-1	0	-31	957	209	1606974751
-44	-49	-47	-53	-57	-66	-63	-66	-75	-69	-74	-74	-75	0	0	-84	0	-85	-85	-85	0	-82	-86	-85	0	0	-90	-90	-91	0	-92	-93	-92	-66	0	0	0	0	0	0	0	0	0	0	0	0	0	0	0	0	0	0	0	0	0	0	0	0	0	0	0	0	0	0	0	0	0	0	0	0	0	0	0	0	0	0	0	0	0	0	0	-60	0	0	0	0	0	0	0	0	0	0	0	0	0	0	0	0	0	0	0	0	0	0	0	0	0	0	0	0	0	0	0	0	0	0	0	4480	-2117	797	25386	-7761	-178	-31	969	212	-1	-1	-1	-31	957	210	1606974752
-52	-53	-47	-53	-54	-66	-63	0	-74	0	-74	-74	-74	-63	0	0	-83	-85	-86	-85	0	-84	-85	-85	0	0	0	-91	-91	0	0	-92	-90	-65	0	0	0	0	-94	0	0	0	0	0	0	0	0	0	0	0	0	0	-83	0	0	0	0	0	0	0	0	0	0	0	0	0	0	0	0	0	0	0	0	0	0	0	0	0	0	0	0	-61	0	0	0	0	0	0	0	0	0	0	0	0	0	0	0	0	0	0	0	0	0	0	0	0	0	0	0	0	0	0	0	0	0	0	0	4494	-2072	782	25386	-7761	-177	-30	970	212	-1	-1	0	-31	957	210	1606974754
-41	-54	0	-53	-56	0	-64	-64	-68	-72	-69	-69	-72	-64	0	0	-82	-81	-81	-81	-85	0	-82	-82	-84	-82	-90	-91	-92	0	0	-92	0	-54	0	0	0	0	0	0	0	0	0	0	0	0	0	0	0	0	0	0	0	0	0	0	0	0	0	-95	0	0	0	0	0	0	0	0	0	0	0	0	0	0	0	0	0	0	0	0	0	0	0	0	0	0	0	0	0	0	0	0	0	0	0	0	0	0	0	0	0	0	0	0	0	0	0	0	0	0	0	0	0	0	0	0	0	4464	-2080	811	25388	-7766	-177	-31	969	212	-1	-1	0	-31	957	209	1606974755
-44	-54	-46	-53	-57	0	0	-63	-68	-71	-69	-67	-73	0	0	0	0	-80	-81	-82	0	0	-81	-82	0	0	-88	-92	-91	0	-91	-92	-92	-55	0	0	0	0	0	0	0	0	0	0	0	0	-88	0	0	0	-91	0	0	0	0	0	0	0	0	0	0	0	0	0	0	0	0	0	0	0	0	0	0	0	0	0	0	0	0	0	0	-62	0	0	0	0	0	0	0	0	0	0	0	0	0	0	0	0	0	0	0	0	0	0	0	0	0	0	0	0	0	0	0	0	0	0	0	4480	-2080	782	25385	-7761	-178	-31	970	213	-1	-1	-1	-31	957	210	1606974757
-52	-53	0	-53	-57	0	-65	-64	-75	0	-75	-74	-74	-67	0	0	-83	-86	-85	-85	-87	-85	-86	-85	-83	-83	0	-92	-92	0	-91	-92	-92	-65	0	0	0	0	-93	0	0	0	0	0	0	0	0	0	0	0	0	0	0	0	0	0	0	0	0	-96	0	0	0	0	0	0	0	0	0	0	0	0	0	0	0	0	0	0	0	0	0	-60	0	0	0	0	0	0	0	0	0	0	0	0	0	0	0	0	0	0	0	0	0	0	0	0	0	0	0	0	0	0	0	0	0	0	0	4434	-2072	796	25386	-7762	-177	-32	969	213	-1	-1	0	-31	957	210	1606974758
-44	-54	0	-53	0	0	0	-67	-67	-71	-69	-68	-72	0	0	0	0	-80	-81	-82	0	-83	-82	-81	0	0	-90	-91	-92	0	0	-92	0	-55	0	0	0	0	0	0	0	0	0	0	0	0	0	0	0	0	0	0	0	0	0	0	0	0	0	-93	0	0	0	0	0	0	0	0	0	0	0	0	0	0	0	0	0	0	0	0	0	-61	0	0	0	0	0	0	0	0	0	0	0	0	0	0	0	0	0	0	0	0	0	0	0	0	0	0	0	0	0	0	0	0	0	0	0	4494	-2072	796	25386	-7763	-177	-31	969	212	-1	-1	0	-31	957	210	1606974760
0	-53	-46	0	0	0	0	0	-74	-72	-74	-74	-75	0	0	0	0	-85	-85	-86	-81	-82	-85	-85	0	0	-90	-92	-91	0	-92	-91	-91	-65	0	0	0	0	0	0	0	0	0	0	0	0	0	0	0	0	0	0	0	0	0	0	0	0	0	0	0	0	0	0	0	0	0	0	0	0	0	0	0	0	0	0	0	0	0	0	0	-60	0	0	0	0	0	0	0	0	0	0	0	0	0	0	0	0	0	0	0	0	0	0	0	0	0	0	0	0	0	0	0	0	0	0	0	4472	-2057	826	25386	-7762	-177	-31	970	213	-1	-1	-1	-31	957	210	1606974762
-43	0	-47	-52	-58	0	-64	-67	-67	-72	-67	-68	-72	-67	0	-80	0	-82	-81	-82	0	-82	-81	-81	0	0	-89	-92	-92	0	0	-92	0	-54	0	0	0	0	0	0	0	0	0	0	0	0	0	0	0	0	0	0	0	0	0	0	0	0	0	0	0	0	0	0	0	0	0	0	0	0	0	0	0	0	0	0	0	0	0	0	0	-61	0	0	0	0	0	0	0	0	0	0	0	0	0	0	0	0	0	0	0	0	0	0	0	0	0	0	0	0	0	0	0	0	0	0	0	4479	-2072	804	25385	-7760	-177	-31	970	213	-1	-1	-1	-31	957	210	1606974763
-43	-54	0	-53	-57	-68	-63	-67	-75	-71	-74	-75	-75	-66	0	0	0	-86	-85	-87	0	-82	-85	-86	0	0	0	-91	-92	0	-92	-91	-92	-65	0	0	0	0	0	0	0	0	0	0	0	0	0	0	0	0	0	0	0	0	0	0	0	0	0	0	0	0	0	0	0	0	0	0	0	0	0	0	0	0	0	0	0	0	0	0	0	-62	0	0	0	0	0	0	0	0	0	0	0	0	0	0	0	0	0	0	0	0	0	0	0	0	0	0	0	0	0	0	0	0	0	0	0	4479	-2072	811	25388	-7766	-176	-31	970	212	-1	-1	0	-31	957	209	1606974765
-42	-54	-47	0	-57	0	0	0	-75	-71	-75	-74	-75	0	0	-81	0	-84	-86	-85	0	-84	-85	-85	0	0	0	-90	-91	0	0	-93	0	-66	0	0	0	0	0	-94	0	0	0	0	0	0	0	0	0	0	0	0	0	0	0	0	0	0	0	0	0	0	0	0	0	0	0	0	0	0	0	0	0	0	0	0	0	0	0	0	0	-62	0	0	0	0	0	0	0	0	0	0	0	0	0	0	0	0	0	0	0	0	0	0	0	0	0	0	0	0	0	0	0	0	0	0	0	4480	-2080	797	25385	-7760	-177	-32	970	212	-1	-1	0	-31	957	210	1606974767
-52	-50	-47	-52	-57	0	-64	-65	-74	0	-74	-75	-75	-67	0	-84	-81	-86	-85	-86	-83	-83	-85	-85	-83	-82	-92	-92	-93	0	0	-92	-91	-66	0	0	0	0	0	0	0	0	0	0	0	0	0	0	0	0	-90	0	-84	0	0	0	0	0	0	0	0	0	0	0	0	0	0	0	0	0	0	0	0	0	0	0	0	0	0	0	0	-68	0	0	0	0	0	0	0	0	0	0	0	0	0	0	0	0	0	0	0	0	0	0	0	0	0	0	0	0	0	0	0	0	0	0	0	4419	-2072	841	25386	-7763	-177	-31	970	213	-1	-1	-1	-31	957	210	1606974768
-44	-50	-46	0	-57	0	0	-67	-68	-72	-66	-69	-72	0	0	-79	0	-81	-82	-80	0	-81	-82	-81	0	0	0	-92	0	0	-94	-92	-92	-56	0	0	0	0	0	0	0	0	0	0	0	0	0	0	0	0	0	0	0	0	0	0	-82	0	0	0	0	-78	0	0	-79	0	0	0	0	0	0	0	0	0	0	0	0	0	0	0	0	0	0	0	0	0	0	0	0	0	0	0	0	0	0	0	0	0	0	0	0	0	0	0	0	0	0	0	0	0	0	0	0	0	0	0	0	4464	-2072	804	25387	-7765	-176	-31	970	211	-1	-1	-1	-31	957	209	1606974770
-53	-49	0	-53	-53	0	0	-64	-75	-71	-74	-74	-75	0	0	-81	-81	-84	-86	-85	-85	-82	-85	-85	-82	0	-89	-91	-92	0	0	-91	0	-66	0	0	0	0	-91	0	0	-88	0	0	0	0	0	0	0	0	0	0	0	0	0	0	0	0	0	0	0	0	0	0	0	0	0	0	0	0	0	0	0	0	0	0	0	0	0	0	0	0	0	0	0	0	0	0	0	0	0	0	0	0	0	0	0	0	0	0	0	0	0	0	0	0	0	0	0	0	0	0	0	0	0	0	0	4419	-2072	796	25386	-7762	-177	-32	969	212	-1	-1	-1	-31	957	210	1606974771
-52	-49	0	-53	-57	0	0	-67	-74	0	-75	-75	-76	0	0	-83	0	-84	-85	-85	0	0	-85	-86	0	0	-89	-91	-92	0	0	0	-92	-66	0	0	0	0	-92	0	0	0	0	0	0	0	0	0	0	0	0	0	0	0	0	0	0	0	0	0	0	0	0	0	0	0	0	0	0	0	0	0	0	0	0	0	0	0	0	0	0	-60	0	0	0	0	0	0	0	0	0	0	0	0	0	0	0	0	0	0	0	0	0	0	0	0	0	0	0	0	0	0	0	0	0	0	0	4397	-2027	826	25386	-7761	-176	-31	970	212	-1	-1	-1	-31	957	210	1606974773
-43	-54	-46	-52	-57	0	-65	-67	-74	-72	-74	-74	-75	-64	0	-82	0	-85	-85	-85	0	0	-86	-86	0	0	0	-91	-92	0	0	-92	0	-65	0	0	0	0	0	0	0	0	0	0	0	0	0	0	0	-84	0	0	0	0	0	0	0	0	0	0	0	0	0	0	0	0	0	0	0	0	0	0	0	0	0	0	0	0	0	0	0	-62	0	0	0	0	0	0	0	0	0	0	0	0	0	0	0	0	0	0	0	0	0	0	0	0	0	0	0	0	0	0	0	0	0	0	0	4570	-2035	797	25388	-7765	-176	-31	970	212	-1	-1	-1	-31	957	210	1606974775
-43	-53	0	0	-58	0	0	0	-74	0	-74	-74	-75	0	0	-82	-81	-85	-85	-86	-81	-82	-86	-85	-84	-83	-90	-92	-91	0	-91	-92	0	-66	0	0	0	0	-91	0	0	0	0	0	0	0	0	0	0	0	0	0	0	0	0	0	0	0	0	0	0	0	0	0	0	0	0	0	0	0	0	0	0	0	0	0	0	0	0	0	0	-59	0	0	0	0	0	0	0	0	0	0	0	0	0	0	0	0	0	0	0	0	0	0	0	0	0	0	0	0	0	0	0	0	0	0	0	4464	-2012	811	25387	-7764	-177	-31	970	213	0	-1	-1	-31	957	209	1606974776
-53	-49	-48	-53	-57	0	-66	-64	-75	0	-74	-75	-75	-67	0	-81	0	-86	-85	-85	0	-83	-86	-86	0	0	-90	-93	-93	0	0	-93	0	-66	0	0	0	0	0	0	0	0	0	0	0	0	0	0	0	0	0	0	0	0	0	0	0	0	0	0	0	0	0	0	0	0	0	0	0	0	-88	0	0	0	0	0	0	0	0	0	0	-61	0	0	0	0	0	0	0	0	0	0	0	0	0	0	0	0	0	0	0	0	0	0	0	0	0	0	0	0	0	0	0	0	0	0	0	4464	-2072	819	25386	-7761	-177	-31	970	213	-1	0	-1	-31	957	210	1606974778
-43	-49	-44	-54	-58	0	-63	-62	-75	-71	-74	-74	-75	-64	0	0	0	-85	-85	-86	0	-85	-86	-85	0	0	0	-91	-90	0	0	-91	-91	-66	0	0	0	0	-93	0	0	0	0	0	0	0	0	0	0	0	0	0	0	0	0	0	0	0	0	0	0	0	0	0	0	0	0	0	0	0	0	0	0	0	0	0	0	0	0	0	0	0	0	0	0	0	0	0	0	0	0	0	0	0	0	0	0	0	0	0	0	0	0	0	0	0	0	0	0	0	0	0	0	0	0	0	0	4480	-2072	841	25388	-7767	-177	-31	970	211	-1	-1	0	-31	957	209	1606974779
-52	-49	-45	-53	-54	0	-64	-63	-69	-71	-68	-68	-72	-67	0	-81	0	-81	-82	-82	0	-82	-81	-82	0	0	0	-91	0	0	0	-90	-90	-55	0	0	0	0	0	0	0	-92	0	0	0	0	0	0	0	0	0	0	0	0	0	0	0	0	0	0	0	0	0	0	0	0	0	0	0	0	0	0	0	0	0	0	0	0	0	0	0	0	0	0	0	0	0	0	0	0	0	0	0	0	0	0	0	0	0	0	0	0	0	0	0	0	0	0	0	0	0	0	0	0	0	0	0	4464	-2012	811	25386	-7762	-177	-31	970	212	-1	-1	-1	-31	957	210	1606974781
-43	-55	-48	-53	-59	0	-68	-67	-68	-72	-68	-68	-72	-68	0	-81	0	-81	-81	-81	0	-83	-81	-81	0	0	0	-91	-91	0	-90	-90	-91	-56	-60	0	0	0	0	0	0	0	0	0	0	0	0	0	0	0	0	0	-87	-84	0	0	0	0	0	0	0	0	0	0	0	0	0	0	0	0	0	0	0	0	0	0	0	0	0	0	0	0	0	0	0	0	0	0	0	0	0	0	0	0	0	0	0	0	0	0	0	0	0	0	0	0	0	0	0	0	0	0	0	0	0	0	0	4419	-2072	796	25387	-7763	-177	-31	969	212	0	0	-1	-31	957	210	1606974783
0	-50	-45	-53	-58	-54	-64	-68	-69	0	-69	-69	-73	-63	0	0	0	-80	-81	-81	0	0	-80	-82	0	0	0	-90	-89	0	-90	-92	-90	-56	-60	0	0	0	0	0	0	-89	0	0	0	0	0	0	0	0	0	0	0	0	0	0	0	0	0	0	0	0	0	0	0	0	0	0	0	0	0	0	0	0	0	0	0	0	0	0	0	-61	0	0	0	0	0	0	0	0	0	0	0	0	0	0	0	0	0	0	0	0	0	0	0	0	0	0	0	0	0	0	0	0	0	0	0	4480	-2087	797	25388	-7768	-177	-31	970	211	-1	-1	0	-31	957	209	1606974784
-44	-50	-47	0	-58	-54	-68	0	-68	0	-69	-69	-73	-68	0	-82	0	-81	-81	-82	0	-84	-82	-81	0	0	-88	-91	-92	0	0	-90	-90	-55	0	0	0	0	0	0	0	0	0	0	0	0	0	0	0	0	0	0	0	0	0	0	0	0	0	0	0	0	0	0	0	0	0	0	0	0	0	0	0	0	0	0	0	0	0	0	0	-62	0	0	0	0	0	0	0	0	0	0	0	0	0	0	0	0	0	0	0	0	0	0	0	0	0	0	0	0	0	0	0	0	0	0	0	4472	-2072	782	25386	-7763	-177	-32	970	213	-1	-1	0	-31	957	210	1606974786
-51	0	-45	-54	-58	-66	-67	-64	-75	-70	-74	-74	-76	0	0	-81	-83	-85	-85	-85	-83	-83	-85	-86	-83	-85	-88	-90	-90	0	0	-91	0	-64	0	0	0	0	0	0	0	0	0	0	0	0	0	0	0	0	0	0	0	0	0	0	0	0	0	0	0	0	0	0	0	0	0	0	0	0	0	0	0	0	0	0	0	0	0	0	0	-57	0	0	0	0	0	0	0	0	0	0	0	0	0	0	0	0	0	0	0	0	0	0	0	0	0	0	0	0	0	0	0	0	0	0	0	4495	-2118	856	25387	-7764	-177	-31	970	211	0	0	0	-31	957	209	1606974787
-50	-56	-44	-54	-58	-66	-64	-64	-74	-68	-74	-75	-75	-68	0	-80	0	-86	-86	-85	0	0	-86	-86	0	0	0	-92	-90	0	-92	-91	0	-67	0	0	0	0	-93	0	0	0	0	0	0	0	0	0	0	0	0	0	0	0	0	0	0	0	0	-95	0	0	0	0	0	0	0	0	0	0	0	0	0	0	0	0	0	0	0	0	0	-56	0	0	0	0	0	0	0	0	0	0	0	0	0	0	0	0	0	0	0	0	0	0	0	0	0	0	0	0	0	0	0	0	0	0	0	4495	-2117	834	25387	-7764	-178	-31	970	211	-1	-1	-1	-31	957	209	1606974789
-52	-49	-45	-54	-56	-56	-65	-67	-69	0	-69	-69	-72	-65	0	-82	0	-82	-81	-82	0	-81	-81	-82	0	0	-89	-91	-91	0	0	-91	-90	-55	0	0	0	0	0	0	0	0	0	0	0	0	0	-88	0	0	0	0	0	0	0	0	0	0	0	0	0	0	0	0	0	0	0	0	0	0	0	0	0	0	0	0	0	0	0	0	0	-62	0	0	0	0	0	0	0	0	0	0	0	0	0	0	0	0	0	0	0	0	0	0	0	0	0	0	0	0	0	0	0	0	0	0	0	4479	-2020	819	25387	-7765	-178	-31	970	211	0	0	0	-31	957	209	1606974791
-43	-50	0	-54	0	0	-63	-63	-69	0	-70	-68	-73	-66	0	-83	0	-80	-81	-81	-86	-84	-81	-81	-81	0	-84	-90	-90	0	-91	-91	-90	-55	-60	0	0	0	0	0	0	0	0	0	0	0	0	0	0	0	0	0	0	0	0	0	0	0	0	0	0	0	0	0	0	0	0	0	0	0	0	0	0	0	0	0	0	0	0	0	0	-63	0	0	0	0	0	0	0	0	0	0	0	0	0	0	0	0	0	0	0	0	0	0	0	0	0	0	0	0	0	0	0	0	0	0	0	4480	-2117	797	25387	-7764	-178	-31	969	212	0	-1	0	-31	957	209	1606974792
-52	-50	-44	-53	-58	0	-64	-63	-74	0	-75	-74	-76	-67	0	-81	-84	-87	-86	-86	0	-84	-85	-86	0	0	-89	-90	-91	0	-90	-90	-92	-65	0	0	0	0	-93	0	0	-89	0	0	0	0	0	-88	0	0	0	0	0	0	0	0	0	0	0	0	0	0	0	0	0	0	0	0	0	0	0	0	0	0	0	0	0	0	0	0	0	-60	0	0	0	0	0	0	0	0	0	0	0	0	0	0	0	0	0	0	0	0	0	0	0	0	0	0	0	0	0	0	0	0	-90	0	0	4555	-2043	827	25387	-7766	-178	-32	970	211	-1	-1	-1	-31	957	209	1606974794
-43	-58	-44	-52	-57	0	-64	-67	-69	0	-69	-68	-72	-64	0	0	0	-81	-82	-81	0	0	-80	-81	0	0	0	-91	-90	0	-91	-89	-91	-55	-60	0	0	0	0	0	0	0	0	0	0	0	0	0	0	0	0	0	0	0	0	0	0	0	0	0	0	0	0	0	0	0	0	0	0	0	0	0	0	0	0	0	0	0	0	0	0	0	0	0	0	0	0	0	0	0	0	0	0	0	0	0	0	0	0	0	0	0	0	0	0	0	0	0	0	0	0	0	0	0	0	0	0	4510	-2042	797	25387	-7766	-177	-31	969	212	-1	0	-1	-31	957	209	1606974795
-52	-50	-45	-46	-58	-67	-67	-65	-75	0	-75	-75	-75	-64	0	-81	0	-84	-86	-85	0	-83	-86	-86	0	0	0	-89	0	0	-89	-89	-90	-67	0	0	0	0	-93	0	0	0	0	0	0	0	-88	-89	0	-83	-90	0	0	0	0	0	0	0	0	0	0	0	0	0	0	0	0	0	-96	0	0	0	0	0	0	0	0	0	0	0	0	-65	0	0	0	0	0	0	0	0	0	0	0	0	0	0	0	0	0	0	0	0	0	0	0	0	0	0	0	0	0	0	0	0	0	0	0	4389	-2057	811	25387	-7764	-178	-31	970	212	0	-1	0	-31	957	209	1606974797
-42	-58	-45	-53	-58	0	-67	-64	-67	-70	-69	-69	-73	-66	0	-80	0	-82	-82	-82	0	0	-81	-81	0	0	-92	-90	-91	0	-89	-90	-90	-55	0	0	0	0	0	0	0	0	0	0	0	0	0	-89	0	0	0	0	0	0	0	0	0	0	0	0	0	0	0	0	0	0	0	0	0	0	0	0	0	0	0	0	0	0	0	0	0	-60	0	0	0	0	0	0	0	0	0	0	0	0	0	0	0	0	0	0	0	0	0	0	0	0	0	0	0	0	0	0	0	0	0	0	0	4517	-2027	811	25386	-7762	-178	-31	970	212	-1	-1	-1	-31	957	210	1606974799
-53	0	-44	-52	-58	0	-66	-65	-74	-70	-74	-75	-75	0	0	-82	0	-85	-85	-85	0	-85	-86	-86	0	0	-87	-91	-92	0	-90	-90	-90	-66	0	0	0	0	0	0	0	0	0	0	0	0	0	0	0	0	0	0	0	0	0	0	0	0	0	0	0	0	0	0	0	0	0	0	-94	0	0	0	0	0	0	0	0	0	0	0	0	-61	0	0	0	0	0	0	0	0	0	0	0	0	0	0	0	0	0	0	0	0	0	0	0	0	0	0	0	0	0	0	0	0	0	0	0	4434	-2087	804	25388	-7766	-177	-30	971	212	-1	-1	-1	-31	957	209	1606974800
-54	-51	0	-52	0	0	-65	-68	-73	-69	-74	-73	-76	-65	0	-80	0	-85	-85	-85	0	0	-86	-85	0	0	-87	-91	-90	0	0	-92	-91	-66	0	0	0	0	0	0	0	0	0	0	0	0	0	0	0	0	0	0	0	0	0	0	0	0	0	0	0	0	0	0	0	0	0	0	0	0	0	0	0	0	0	0	0	0	0	0	0	-63	0	0	0	0	0	0	0	0	0	0	0	0	0	0	0	0	0	0	0	0	0	0	0	0	0	0	0	0	0	0	0	0	0	0	0	4495	-2088	841	25386	-7762	-178	-32	970	212	-1	0	0	-31	957	210	1606974802
-54	-53	0	-52	-58	0	-68	-67	-74	-70	-74	-74	-77	-67	0	-82	0	-85	-85	-85	0	0	-85	-85	0	0	0	-91	-91	0	-91	-92	-92	-67	0	0	0	0	0	0	0	0	0	0	0	0	-88	0	0	0	0	0	0	0	0	0	0	0	0	0	0	0	0	0	0	0	0	0	0	0	0	0	0	0	0	0	0	0	0	0	0	-62	0	0	0	0	0	0	0	0	0	0	0	0	0	0	0	0	0	0	0	0	0	0	0	0	0	0	0	0	0	0	0	0	-92	0	0	4449	-2042	722	25386	-7762	-178	-31	970	211	-1	-1	0	-31	957	210	1606974804
-53	-61	-44	-52	-59	0	-68	-68	-73	-71	-74	-74	-76	-67	0	0	0	-84	-86	-85	0	0	-86	-85	0	0	-89	-92	-92	0	0	-91	-92	-66	0	0	0	0	-94	-95	0	0	0	0	0	0	0	-87	0	0	0	0	0	0	0	0	0	0	0	0	0	0	0	0	0	0	0	0	0	0	0	0	0	0	0	0	0	0	0	0	0	-63	0	0	0	0	0	0	0	0	0	0	0	0	0	0	0	0	0	0	0	0	0	0	0	0	0	0	0	0	0	0	0	0	0	0	0	4389	-2072	796	25388	-7766	-178	-31	970	212	-1	-1	0	-31	957	209	1606974805
-42	-65	-44	-53	0	0	-67	-67	-73	-71	-73	-74	-75	-64	0	0	0	-86	-86	-86	0	0	-85	-86	0	0	-90	-91	-92	0	0	-91	0	-66	0	0	0	0	0	0	0	0	0	0	0	0	0	0	0	0	0	0	0	0	0	0	0	0	0	0	0	0	0	0	0	0	0	0	0	0	0	0	0	0	0	0	0	0	0	0	0	-63	0	0	0	0	0	0	0	0	0	0	0	0	0	0	0	0	0	0	0	0	0	0	0	0	0	0	0	0	0	0	0	0	0	0	0	4479	-2072	811	25387	-7763	-177	-31	970	212	-1	-1	0	-31	957	210	1606974807
-53	-53	-44	-53	-59	0	-64	-65	-74	0	-74	-74	-76	-66	0	0	-83	-85	-86	-85	-85	0	-85	-86	-83	0	-91	-91	-91	0	-90	-90	-92	-65	-59	0	0	0	0	0	0	0	0	0	0	0	0	-87	0	0	0	0	0	0	0	0	0	0	0	0	0	0	0	0	0	0	0	0	0	0	0	0	0	0	0	0	0	0	0	0	0	-62	0	0	0	0	0	0	0	0	0	0	0	0	0	0	0	0	0	0	0	0	0	0	0	0	0	0	0	0	0	0	0	0	0	0	0	4494	-2042	796	25388	-7766	-177	-32	970	211	-1	-1	-1	-31	957	209	1606974808
-43	-52	-44	-52	-58	0	-62	-66	-73	0	-74	-75	-76	-63	0	0	0	-85	-85	-85	0	0	-85	-86	0	0	-92	-92	-90	0	-90	-91	0	-66	-60	0	0	0	0	-95	0	0	0	0	0	0	0	0	0	0	0	0	0	0	0	0	0	0	0	0	0	0	0	0	0	0	0	0	0	0	0	0	0	0	0	0	0	0	0	0	0	-62	0	0	0	0	0	0	0	0	0	0	0	0	0	0	0	0	0	0	0	0	0	0	0	0	0	0	0	0	0	0	0	0	0	0	0	4479	-2035	781	25387	-7765	-177	-31	970	212	-1	-1	-1	-31	957	209	1606974810
0	-52	-43	-53	-57	0	-64	0	-74	-70	-74	-74	-76	-67	0	0	0	-86	-85	-85	0	0	-86	-85	0	0	-89	-90	-90	0	-90	-91	-90	-65	0	0	0	0	0	0	0	0	0	0	0	0	0	0	0	0	0	0	0	0	0	0	0	0	0	0	0	0	0	0	0	0	0	0	0	0	0	0	0	0	0	0	0	0	0	0	0	-61	0	0	0	0	0	0	0	0	0	0	0	0	0	0	0	0	0	0	0	0	0	0	0	0	0	0	0	0	0	0	0	0	0	0	0	4480	-2080	752	25388	-7766	-177	-31	970	212	-1	-1	-1	-31	957	209	1606974811
-44	-53	-44	-53	0	0	-67	-63	-75	-67	-75	-73	-75	-66	0	-83	0	-85	-85	-86	0	0	-86	-84	0	0	-90	-91	-91	0	-91	-90	-92	-66	0	0	0	0	0	0	0	0	0	0	0	0	0	0	0	0	0	0	0	0	0	0	0	0	0	0	0	0	0	0	0	0	0	0	0	0	0	0	0	0	0	0	0	0	0	0	0	-62	0	0	0	0	0	0	0	0	0	0	0	0	0	0	0	0	0	0	0	0	0	0	0	0	0	0	0	0	0	0	0	0	0	0	0	4472	-2035	811	25387	-7764	-177	-31	970	212	-1	-1	0	-31	957	209	1606974813
-53	-53	-44	-52	-58	0	-67	-64	-73	-70	-74	-75	-76	-67	0	-80	0	-86	-85	-86	0	0	-87	-86	0	0	-90	-90	-91	0	-91	-92	-91	-65	0	0	0	0	-95	0	0	0	0	0	-85	0	-86	0	-85	0	-85	0	0	0	0	0	0	0	0	0	0	0	0	0	0	0	0	0	0	0	0	0	0	0	0	0	0	0	0	0	0	0	0	0	0	0	0	0	0	0	0	0	0	0	0	0	0	0	0	0	0	0	0	0	0	0	0	0	0	0	0	0	0	0	0	0	0	4480	-2118	871	25389	-7769	-176	-30	969	212	-1	-1	-1	-31	957	209	1606974814
-44	-54	-43	-52	-58	-68	-68	-63	-74	0	-73	-74	-75	-67	0	0	-80	-86	-86	-85	0	0	-86	-85	0	0	-91	-90	-91	0	-91	-91	-91	-66	0	0	0	0	0	0	0	0	0	0	0	0	-88	0	0	-86	0	0	0	0	0	0	0	0	0	0	0	0	0	0	0	0	0	0	0	0	0	0	0	0	0	0	0	0	0	0	0	-58	0	0	0	0	0	0	0	0	0	0	0	0	0	0	0	0	0	0	0	0	0	0	0	0	0	0	0	0	0	0	0	0	0	0	0	4465	-2087	827	25387	-7764	-177	-30	970	211	-1	0	-1	-31	957	209	1606974816
-52	-57	-44	-52	-58	0	-64	-64	-74	-71	-74	-73	-76	-63	0	-81	0	-85	-85	-85	0	0	-85	-86	0	0	-90	-91	-91	0	-92	-90	-93	-65	0	0	0	0	0	0	0	0	0	0	0	0	0	-87	0	0	0	0	0	0	0	0	0	0	0	0	0	0	0	0	0	0	0	0	0	0	0	0	0	0	0	0	0	0	0	0	0	-60	0	0	0	0	0	0	0	0	0	0	0	0	0	0	0	0	0	0	0	0	0	0	0	0	0	0	0	0	0	0	0	0	0	0	0	4464	-2072	752	25387	-7764	-178	-31	970	212	-1	-1	-1	-31	957	209	1606974818
-44	-61	-43	0	-59	0	0	0	-74	-70	-74	-74	-76	0	0	0	0	-85	-85	-87	0	0	-85	-85	0	0	-89	-91	-90	0	-92	-91	-91	-66	0	0	0	0	0	0	0	0	0	0	0	0	0	0	0	0	0	0	0	0	0	0	0	0	0	0	0	0	0	0	0	0	0	0	0	0	0	0	0	0	0	0	0	0	0	0	0	-61	0	0	0	0	0	0	0	0	0	0	0	0	0	0	0	0	0	0	0	0	0	0	0	0	0	0	0	0	0	0	0	0	0	0	0	4472	-2072	826	25388	-7767	-177	-31	970	211	-1	-1	-1	-31	957	209	1606974819
-43	-53	-43	-52	-57	0	-64	-67	-74	0	-74	-73	-76	-67	0	-81	-79	-85	-85	-85	-82	-83	-84	-85	-82	-83	-88	-90	-91	0	0	-91	0	-66	0	0	0	0	-93	0	0	0	0	0	0	0	0	0	0	0	0	0	0	0	0	0	0	0	0	0	0	0	0	0	0	0	0	0	0	0	0	0	0	0	0	0	0	0	0	0	0	-60	0	0	0	0	0	0	0	0	0	0	0	0	0	0	0	0	0	0	0	0	0	0	0	0	0	0	0	0	0	0	0	0	0	0	0	4480	-2042	826	25387	-7763	-177	-31	970	213	-1	-1	-1	-31	957	209	1606974821
-53	-60	-44	-52	-57	-56	-64	-67	-70	-71	-68	-69	-72	-63	0	-81	0	-81	-81	-81	-82	0	-81	-82	-88	-82	-92	-90	-92	0	0	-91	-91	-55	-60	0	0	0	0	0	0	0	0	0	0	0	0	0	0	0	0	0	0	-86	0	0	0	0	0	0	0	0	0	0	0	0	0	0	0	0	0	0	0	0	0	0	0	0	0	0	0	-64	0	0	0	0	0	0	0	0	0	0	0	0	0	0	0	0	0	0	0	0	0	0	0	0	0	0	0	0	0	0	0	0	0	0	0	4480	-2102	782	25387	-7765	-176	-31	970	212	-1	-1	-1	-31	957	209	1606974822
-43	-60	-44	-46	-57	-68	-64	-64	-75	0	-75	-75	-75	-63	0	-82	0	-86	-86	-85	0	-81	-86	-86	0	0	-88	-91	-91	0	-91	-92	-91	-66	0	0	0	0	-94	0	0	0	0	0	0	0	0	0	0	0	0	0	0	0	0	0	0	0	0	0	0	0	0	0	0	0	0	0	0	0	0	0	0	0	0	0	0	0	0	0	0	-60	0	0	0	0	0	0	0	0	0	0	0	0	0	0	0	0	0	0	0	0	0	0	0	0	0	0	0	0	0	0	0	0	0	0	0	4480	-2087	797	25388	-7766	-176	-30	970	211	-1	-1	-1	-31	957	209	1606974824
-43	-49	-45	0	-58	0	0	0	-68	-70	-69	-71	-72	0	0	0	0	-81	-82	-81	0	-83	-81	-82	0	0	-88	-89	-90	0	-89	-90	-91	-54	0	0	0	0	0	0	0	-87	0	0	0	-87	-88	0	-87	0	-88	0	0	0	0	0	0	0	0	0	0	0	0	0	0	0	0	0	0	0	0	0	0	0	0	0	0	0	0	0	0	0	0	0	0	0	0	0	0	0	0	0	0	0	0	0	0	0	0	0	0	0	0	0	0	0	0	0	0	0	0	0	0	0	0	0	0	4382	-2072	841	25387	-7763	-176	-31	969	212	-1	-1	0	-31	957	210	1606974826
-43	-56	0	-53	-63	0	-66	-65	-76	-72	-72	-75	-78	-66	0	0	0	-85	-86	-86	0	0	-85	-84	0	0	0	-91	-92	0	-92	-91	-91	-65	-61	0	0	0	-94	0	0	0	0	0	0	0	0	0	0	0	0	0	0	0	0	0	0	0	0	0	0	0	0	0	0	0	0	0	0	0	0	0	0	0	0	0	0	0	0	0	0	-65	0	0	0	0	0	0	0	0	0	0	0	0	0	0	0	0	0	0	0	0	0	0	0	0	0	0	0	0	0	0	0	0	0	0	0	4464	-2042	796	25386	-7762	-177	-31	971	213	-1	-1	-1	-31	957	210	1606974827
-51	-51	-42	-49	-57	0	-68	0	-77	0	-80	-79	-75	0	0	-82	-81	-91	-90	-90	-81	-81	-90	-90	-81	0	0	-93	-91	0	-91	-92	-91	-66	0	0	0	0	0	0	0	0	0	0	0	0	-87	0	0	-85	0	0	0	0	0	0	0	0	0	0	0	0	0	0	0	0	0	0	0	0	0	0	0	0	0	0	0	0	0	0	0	-66	0	0	0	0	0	0	0	0	0	0	0	0	0	0	0	0	0	0	0	0	0	0	0	0	0	0	0	0	0	0	0	0	0	0	0	4419	-2034	826	25388	-7767	-177	-32	969	212	-1	-1	-1	-31	957	209	1606974829
-47	-53	-44	-52	-59	0	-68	-68	-79	-75	-82	-80	-78	-68	0	-78	0	-91	-91	-91	0	0	-90	-91	0	0	-89	-91	-91	0	0	-92	0	-65	0	0	0	0	-96	0	0	-88	0	0	0	0	0	0	0	-86	0	0	0	0	0	0	0	0	0	0	0	0	0	0	0	0	0	0	0	0	0	0	0	0	0	0	0	0	0	0	0	-68	0	0	0	0	0	0	0	0	0	0	0	0	0	0	0	0	0	0	0	0	0	0	0	0	0	0	0	0	0	0	0	0	0	0	0	4525	-2027	826	25385	-7760	-177	-30	970	213	-1	-1	-1	-31	957	210	1606974830
-53	0	-44	-55	-60	0	-67	-66	-76	0	-77	-76	-78	-67	0	0	0	-84	-84	-85	0	0	-85	-84	0	0	0	-92	-94	0	0	-93	0	-64	0	0	0	0	-93	0	0	0	0	0	0	0	0	0	0	0	0	0	0	0	0	0	0	0	0	0	0	0	0	0	0	0	0	0	0	0	0	0	0	0	0	0	0	0	0	0	0	-69	0	0	0	0	0	0	0	0	0	0	0	0	0	0	0	0	0	0	0	0	0	0	0	0	0	0	0	0	0	0	0	0	0	0	0	4479	-2027	811	25386	-7763	-178	-31	970	212	-1	0	-1	-31	957	210	1606974832
-50	-50	-43	-53	-56	0	-67	-67	-74	-74	-74	-74	-76	-68	0	-82	0	-86	-87	-87	0	-82	-86	-88	0	0	-92	-91	-91	0	-91	-90	-91	-70	0	0	0	0	-93	0	0	0	0	0	0	0	0	0	0	0	0	0	0	0	0	0	0	0	0	0	0	0	0	0	0	0	0	0	0	0	0	0	0	0	0	0	0	0	0	0	0	-66	0	0	0	0	0	0	0	0	0	0	0	0	0	0	0	0	0	0	0	0	0	0	0	0	0	0	0	0	0	0	0	0	0	0	0	4479	-2042	796	25388	-7767	-177	-31	970	211	-1	-1	-1	-31	957	209	1606974834
-52	-55	-44	-52	-62	0	-65	-66	-75	-72	-74	-74	-74	-68	0	0	0	-86	-86	-86	0	0	-87	-87	0	0	-90	-91	-90	0	0	-90	-91	-68	0	0	0	0	-93	0	0	0	0	0	0	0	0	0	0	-83	0	0	0	0	0	0	0	0	0	0	0	0	0	0	0	0	0	0	0	0	0	0	0	0	0	0	0	0	0	0	0	-61	0	0	0	0	0	0	0	0	0	0	0	0	0	0	0	0	0	0	0	0	0	0	0	0	0	0	0	0	0	0	0	0	0	0	0	4464	-2034	796	25386	-7763	-176	-30	970	212	-1	-1	-1	-31	957	210	1606974835
-54	-51	-42	-53	-58	-56	-63	-63	-67	-71	-67	-67	-73	-68	0	-84	0	-81	-81	-82	0	0	-81	-81	0	0	-90	-91	-91	0	-91	-89	-89	-55	0	0	0	0	0	0	0	-90	0	0	0	0	0	0	0	0	0	0	0	0	0	0	0	0	0	0	0	0	0	0	0	0	0	0	0	0	0	0	0	0	0	0	0	0	0	0	0	0	0	0	0	0	0	0	0	0	0	0	0	0	0	0	0	0	0	0	0	0	0	0	0	0	0	0	0	0	0	0	0	0	0	0	0	4547	-2042	782	25386	-7762	-177	-31	970	212	-1	-1	-1	-31	957	209	1606974837
-53	-51	-42	-52	-60	-68	-65	-63	-74	0	-75	-74	-75	-67	0	-81	0	-85	-84	-85	0	0	-84	-85	0	0	-89	-90	-91	0	-91	-90	-91	-65	-60	0	0	0	-94	0	0	0	0	0	0	0	0	0	0	0	0	0	-85	0	0	0	0	0	0	0	0	0	0	0	0	0	0	0	0	0	0	0	0	0	0	0	0	0	0	0	0	-65	0	0	0	0	0	0	0	0	0	0	0	0	0	0	0	0	0	0	0	0	0	0	0	0	0	0	0	0	0	0	0	0	0	0	0	4464	-2012	796	25387	-7764	-177	-31	970	211	-1	-1	0	-31	957	209	1606974838
-55	-51	0	-53	-57	-68	-68	-65	-74	-69	-75	-74	-75	-65	0	0	0	-85	-85	-85	0	-86	-85	-84	0	0	-87	-91	-90	0	-91	-92	-91	-64	0	0	0	0	-93	0	0	0	0	0	0	0	0	0	0	0	0	0	-85	0	0	0	0	0	0	0	0	0	0	0	0	0	0	0	0	0	0	0	0	0	0	0	0	0	0	0	0	0	0	0	0	0	0	0	0	0	0	0	0	0	0	0	0	0	0	0	0	0	0	0	0	0	0	0	0	0	0	0	0	0	0	0	0	4464	-2102	752	25387	-7765	-177	-31	970	212	-1	-1	0	-31	957	209	1606974840
-55	-55	-42	-54	-58	-67	-66	-69	-74	0	-75	-75	-75	-68	0	-83	-82	-85	-85	-85	0	-80	-85	-85	-84	-83	0	-90	-90	0	-91	-93	-90	-65	0	0	0	0	-94	0	0	0	0	0	0	0	0	0	0	0	0	0	0	0	0	0	0	0	0	0	0	0	0	0	0	0	0	0	0	0	0	0	0	0	0	0	0	0	0	0	0	0	0	0	0	0	0	0	0	0	0	0	0	0	0	0	0	0	0	0	0	0	0	0	0	0	0	0	0	0	0	0	0	0	0	0	0	4464	-2042	796	25387	-7763	-177	-31	970	212	0	0	0	-31	957	210	1606974842
-52	-54	-43	-53	-58	-67	-65	-66	-75	0	-75	-74	-75	-64	0	0	0	-84	-84	-86	0	0	-85	-85	0	0	-89	-89	-91	0	-91	-90	-91	-64	0	0	0	0	-93	0	0	0	0	0	0	0	0	0	0	0	0	0	0	0	0	0	0	0	0	0	0	0	0	0	0	0	0	0	0	0	0	0	0	0	0	0	0	0	0	0	0	-65	0	0	0	0	0	0	0	0	0	0	0	0	0	0	0	0	0	0	0	0	0	0	0	0	0	0	0	0	0	0	0	0	0	0	0	4434	-2072	789	25389	-7768	-177	-31	971	210	0	-1	-1	-31	957	209	1606974843
-43	-55	-42	0	-58	0	0	-67	-68	-71	-68	-68	-74	0	0	-83	0	-81	-80	-81	-86	-84	-81	-80	-81	-85	-88	-92	-90	0	-89	-90	-92	-57	0	0	0	0	0	0	0	0	0	0	0	0	0	0	0	-87	0	0	0	0	0	0	0	0	0	0	0	0	0	0	0	0	0	0	0	0	0	0	0	0	0	0	0	0	0	0	0	0	0	0	0	0	0	0	0	0	0	0	0	0	0	0	0	0	0	0	0	0	0	0	0	0	0	0	0	0	0	0	0	0	0	0	0	4434	-2072	759	25387	-7765	-177	-31	970	212	-1	-1	0	-31	957	209	1606974845
-43	-51	0	-53	-58	0	-64	-68	-75	-64	-74	-75	-75	-64	0	0	-84	-84	-85	-85	-85	0	-85	-84	0	0	-87	-90	-91	0	-91	-91	-92	-65	0	0	0	0	-93	0	0	0	0	0	0	0	0	0	0	0	0	0	0	0	0	0	0	0	0	0	0	0	0	0	0	0	0	0	0	0	0	0	0	0	0	0	0	0	0	0	0	-68	0	0	0	0	0	0	0	0	0	0	0	0	0	0	0	0	0	0	0	0	0	0	0	0	0	0	0	0	0	0	0	0	0	0	0	4464	-2080	811	25387	-7763	-177	-31	969	211	-1	-1	0	-31	957	209	1606974846
-44	-50	-42	-51	-58	0	-64	-66	-74	-71	-74	-74	-75	-65	0	0	0	-84	-84	-86	0	-84	-85	-85	0	-84	-88	-90	-93	0	-91	-90	-90	-65	0	0	0	0	-92	0	0	0	0	0	0	0	0	0	0	0	0	0	0	0	0	0	0	0	0	0	0	0	0	0	0	0	0	0	0	0	0	0	0	0	0	0	0	0	0	0	0	-58	0	0	0	0	0	0	0	0	0	0	0	0	0	0	0	0	0	0	0	0	0	0	0	0	0	0	0	0	0	0	0	0	0	0	0	4449	-2065	744	25388	-7766	-178	-32	970	212	-1	-1	-1	-31	957	209	1606974848
-43	-52	-42	-53	-58	0	-65	-67	-75	-71	-74	-74	-74	-67	0	0	0	-85	-85	-85	0	-84	-84	-86	0	0	-88	-90	-90	0	-91	-90	-90	-66	0	0	0	0	-95	0	0	0	0	0	0	0	0	-88	0	0	0	0	0	0	0	0	0	0	0	0	0	0	0	0	0	0	0	0	0	0	0	0	0	0	0	0	0	0	0	0	0	-65	0	0	0	0	0	0	0	0	0	0	0	0	0	0	0	0	0	0	0	0	0	0	0	0	0	0	0	0	0	0	0	0	-90	0	0	4464	-2087	782	25387	-7766	-178	-31	970	211	-1	-1	0	-31	957	209	1606974850
-44	-51	-41	-52	-58	-67	-65	-67	-75	-71	-75	-75	-76	-64	0	-80	0	-85	-85	-84	0	-84	-84	-86	0	0	-89	-90	-92	0	0	-90	-92	-64	0	0	0	0	-94	0	0	0	0	0	0	0	0	0	0	0	0	0	0	0	0	0	0	0	0	0	0	0	0	0	0	0	0	0	0	0	0	0	0	0	0	0	0	0	0	0	0	-58	0	0	0	0	0	0	0	0	0	0	0	0	0	0	0	0	0	0	0	0	0	0	0	0	0	0	0	0	0	0	0	0	0	0	0	4427	-2057	781	25386	-7762	-176	-31	969	213	-1	-1	0	-31	957	210	1606974851
-43	-51	-41	-52	-58	0	-65	-67	-75	-70	-75	-75	-75	-64	0	-82	0	-84	-86	-85	0	-84	-85	-85	0	0	-88	-90	-90	0	-92	-92	-91	-65	0	0	0	0	-95	0	0	0	0	0	0	0	0	0	0	0	0	0	0	0	0	0	0	0	0	0	0	0	0	0	0	0	0	0	0	0	0	0	0	0	0	0	0	0	0	0	0	-60	0	0	0	0	0	0	0	0	0	0	0	0	0	0	0	0	0	0	0	0	0	0	0	0	0	0	0	0	-94	0	0	0	0	0	0	4419	-2042	811	25386	-7762	-177	-31	970	213	-1	-1	0	-31	957	210	1606974853
-43	-52	-42	-52	-57	0	-65	-67	-75	0	-74	-74	-75	-65	0	-82	0	-84	-85	-85	0	-85	-85	-85	0	0	-89	-90	-92	0	0	-90	-90	-65	0	0	0	0	-93	0	0	-92	0	0	0	0	0	0	0	0	0	0	0	0	0	0	0	0	0	0	0	0	0	0	0	0	0	0	0	0	0	0	0	0	0	0	0	0	0	0	0	-65	0	0	0	0	0	0	0	0	0	0	0	0	0	0	0	0	0	0	0	0	0	0	0	0	0	0	0	0	0	0	0	0	0	0	0	4479	-2020	826	25387	-7765	-177	-32	970	211	-1	-1	-1	-31	957	209	1606974854
-44	-50	-42	-52	-58	0	-65	-64	-74	-67	-74	-75	-75	-65	0	-82	-83	-84	-84	-85	-85	-80	-85	-85	-86	-85	-90	-91	-91	0	-91	-90	-90	-65	0	0	0	0	-93	0	0	0	0	0	0	0	0	0	0	0	0	0	-84	0	0	0	0	0	0	0	0	0	0	0	0	0	0	0	0	0	0	0	0	0	0	0	0	0	0	0	0	-59	0	0	0	0	0	0	0	0	0	0	0	0	0	0	0	0	0	0	0	0	0	0	0	0	0	0	0	0	0	0	0	0	0	0	0	4419	-2027	811	25386	-7762	-177	-31	970	213	0	-1	0	-31	957	210	1606974856
-44	-52	-42	-52	-59	0	-65	-67	-74	-70	-74	-74	-75	-67	0	-82	0	-85	-84	-85	0	0	-85	-85	0	0	-90	-90	-91	0	-90	-91	-90	-65	-59	0	0	0	0	0	0	0	0	0	0	0	0	0	0	0	0	0	0	0	0	0	0	0	0	0	0	0	0	0	0	0	0	0	0	0	0	0	0	0	0	0	0	0	0	0	0	-65	0	0	0	0	0	0	0	0	0	0	0	0	0	0	0	0	0	0	0	0	0	0	0	0	0	0	0	0	0	0	0	0	0	0	0	4479	-2080	729	25387	-7764	-177	-31	970	212	0	-1	0	-31	957	209	1606974857
-44	-54	-43	-53	-58	0	-65	-67	-75	-70	-75	-74	-75	-66	0	0	0	-84	-84	-84	0	-83	-85	-85	0	0	0	-90	-91	0	-90	-91	-91	-64	0	0	0	0	0	0	0	0	0	0	0	-88	-85	0	-86	0	-84	0	-83	0	0	0	0	0	0	0	0	0	0	0	0	0	0	0	0	0	0	0	0	0	0	0	0	0	0	0	0	-61	0	0	0	0	0	0	0	0	0	0	0	0	0	0	0	0	0	0	0	0	0	0	0	0	0	0	0	0	-93	0	0	0	0	0	0	4480	-2087	797	25386	-7763	-177	-31	970	212	-1	-1	0	-31	957	210	1606974859
-44	-54	0	-53	-59	0	-64	-67	-75	-71	-74	-74	-75	-63	0	0	0	-84	-84	-85	0	-84	-84	-85	0	0	-87	-91	-91	0	-90	-91	-92	-65	0	0	0	0	-94	0	0	0	0	0	0	0	0	0	0	-87	0	0	0	0	0	0	0	0	0	0	0	0	0	0	0	0	0	0	0	0	0	0	0	0	0	0	0	0	0	0	0	-61	0	0	0	0	0	0	0	0	0	0	0	0	0	0	0	0	0	0	0	0	0	0	0	0	0	0	0	0	0	0	0	0	0	0	0	4464	-2012	811	25387	-7762	-175	-31	970	212	0	-1	0	-30	957	210	1606974861
-43	-51	-42	-53	-59	0	0	0	-75	-70	-75	-74	-74	0	0	-82	0	-85	-86	-85	0	-84	-85	-85	0	0	-88	-91	-91	0	0	-90	-90	-65	0	0	0	0	-95	0	0	0	0	0	0	0	0	0	0	0	0	0	0	0	0	0	0	0	0	0	0	0	0	0	0	0	0	0	0	0	0	0	0	0	0	0	0	0	0	0	0	-65	0	0	0	0	0	0	0	0	0	0	0	0	0	0	0	0	0	0	0	0	0	0	0	0	0	0	0	0	0	0	0	0	0	0	0	4434	-2027	789	25386	-7760	-176	-31	970	213	0	-1	-1	-31	957	210	1606974862
-51	-50	-42	-52	-58	0	-66	-65	-74	-70	-75	-74	-74	-65	0	-81	-84	-84	-84	-85	0	-83	-85	-85	0	0	-89	-92	-90	0	-91	-90	-91	-65	0	0	0	0	-92	0	0	0	0	0	0	0	0	-88	0	0	0	0	0	0	0	0	0	0	0	0	0	0	0	0	0	0	0	0	0	0	0	0	0	0	0	0	0	0	0	0	0	-66	0	0	0	0	0	0	0	0	0	0	0	0	0	0	0	0	0	0	0	0	0	0	0	0	0	0	0	0	0	0	0	0	0	0	0	4464	-2042	796	25387	-7765	-177	-31	970	212	-1	-1	0	-31	957	209	1606974864
-44	-52	-42	0	-59	0	0	-66	-69	-70	-67	-68	-72	0	0	-82	0	-81	-82	-82	0	-81	-81	-81	0	0	-90	-90	-89	0	-91	-91	-91	-57	0	0	0	0	0	0	0	0	0	0	0	0	0	0	0	-87	-89	0	-86	-84	0	0	0	0	0	0	0	0	0	0	0	0	0	0	0	0	0	0	0	0	0	0	0	0	0	0	0	-60	0	0	0	0	0	0	0	0	0	0	0	0	0	0	0	0	0	0	0	0	0	0	0	0	0	0	0	0	0	0	0	0	0	0	0	4494	-2035	811	25385	-7760	-177	-32	970	212	-1	-1	-1	-31	957	210	1606974865
-43	0	-42	-52	-56	0	-67	-65	-75	0	-75	-74	-74	-68	-79	-82	-82	-86	-85	-85	0	0	-85	-85	-81	0	-89	-92	-90	0	0	-91	-91	-66	0	0	0	0	0	0	0	0	0	0	0	0	0	0	0	0	0	0	0	0	0	0	0	0	0	0	0	0	0	0	0	0	0	0	0	0	0	0	0	0	0	0	0	0	0	0	0	-70	0	0	0	0	0	0	0	0	0	0	0	0	0	0	0	0	0	0	0	0	0	0	0	0	0	0	0	0	0	0	0	0	0	0	0	4457	-2042	811	25386	-7761	-177	-31	970	212	-1	-1	-1	-31	957	210	1606974867
0	-52	0	-52	0	0	-68	-68	-76	0	-75	-76	-74	-68	0	-82	0	-85	-84	-85	0	-85	-85	-85	0	0	-88	-91	-93	0	-91	-90	-91	-65	-59	0	0	0	0	0	0	0	0	0	0	0	0	0	0	-86	0	0	-86	0	0	0	0	0	0	0	0	0	0	0	0	0	0	0	0	0	0	0	0	0	0	0	0	0	0	0	0	0	0	0	0	0	0	0	0	0	0	0	0	0	0	0	0	0	0	0	0	0	0	0	0	0	0	0	0	0	0	0	0	0	0	0	0	4457	-2042	826	25387	-7764	-177	-32	970	213	0	-1	-1	-31	957	209	1606974868
-42	-51	-42	-52	-57	0	-69	-66	-74	-71	-74	-75	-75	-65	-78	-82	0	-85	-85	-84	0	-85	-85	-86	0	0	-88	-89	-90	0	-89	-90	-90	-66	0	0	0	0	-93	0	0	0	0	0	0	0	0	0	0	-84	0	0	0	0	0	0	0	0	0	0	0	0	0	0	0	0	0	0	0	0	0	0	0	0	0	0	0	0	0	0	0	-64	0	0	0	0	0	0	0	0	0	0	0	0	0	0	0	0	0	0	0	0	0	0	0	0	0	0	0	0	0	0	0	0	0	0	0	4434	-2072	752	25386	-7761	-177	-31	970	212	-1	-1	0	-31	957	210	1606974870
-43	-50	-43	-52	-58	0	-68	-66	-74	-70	-74	-75	-75	-64	0	0	0	-84	-84	-85	0	-86	-85	-85	0	0	-87	-89	-91	0	0	-90	-91	-66	0	0	0	0	-91	0	0	0	0	0	0	0	0	0	0	-85	-90	0	0	0	0	0	0	0	0	0	0	0	0	0	0	0	0	0	0	0	0	0	0	0	0	0	0	0	0	0	0	0	0	0	0	0	0	0	0	0	0	0	0	0	0	0	0	0	0	0	0	0	0	0	0	0	0	0	0	0	0	0	0	0	0	0	0	4480	-2102	827	25386	-7761	-176	-31	970	212	-1	-1	-1	-31	957	210	1606974871
-42	-54	0	-53	-58	0	-65	-67	-74	-70	-74	-75	-74	-65	0	0	0	-86	-86	-85	0	-85	-85	-86	0	0	-88	-92	-91	0	-89	-91	-91	-64	0	0	0	0	-93	0	0	0	0	0	0	0	0	0	0	0	0	0	0	0	0	0	0	0	0	0	0	0	0	0	0	0	0	0	0	0	0	0	0	0	0	0	0	0	0	0	0	-61	0	0	0	0	0	0	0	0	0	0	0	0	0	0	0	0	0	0	0	0	0	0	0	0	0	0	0	0	0	0	0	0	0	0	0	4465	-2117	812	25386	-7763	-176	-31	970	213	0	-1	-1	-31	957	210	1606974873
-42	-51	-40	-52	-58	-66	-66	-64	-75	0	-74	-75	-75	-65	0	0	0	-85	-85	-85	0	0	-85	-86	0	0	-87	-90	-92	0	-91	-92	0	-65	-60	0	0	0	-93	0	0	0	0	0	0	0	0	-88	0	0	0	0	0	0	0	0	0	0	0	0	0	0	0	0	0	0	0	0	0	0	0	0	0	0	0	0	0	0	0	0	0	-68	0	0	0	0	0	0	0	0	0	0	0	0	0	0	0	0	0	0	0	0	0	0	0	0	0	0	0	0	0	0	0	0	0	0	0	4480	-2102	811	25387	-7765	-177	-31	970	211	-1	-1	-1	-31	957	209	1606974874
-42	-51	-41	-53	-57	-67	-65	-65	-76	-71	-74	-74	-76	-64	0	0	0	-86	-85	-85	0	-85	-86	-86	0	0	0	-92	-93	0	0	-92	-91	-67	-59	0	0	0	-95	0	0	-91	0	0	0	0	0	0	0	0	0	0	0	0	0	0	0	0	0	0	0	0	0	0	0	0	0	0	0	0	0	0	0	0	0	0	0	0	0	0	0	-64	0	0	0	0	0	0	0	0	0	0	0	0	0	0	0	0	0	0	0	0	0	0	0	0	0	0	0	0	0	0	0	0	0	0	0	4494	-2042	811	25385	-7759	-177	-31	970	212	0	-1	-1	-31	957	210	1606974876
-53	-49	0	-54	0	-66	0	-64	-78	0	-78	-77	-78	-67	-77	0	0	-86	-86	-86	0	-84	-86	-87	0	0	0	-90	-90	0	-91	-91	-90	-65	0	0	0	0	0	0	0	0	0	0	0	0	0	0	0	0	0	0	0	0	0	0	0	0	0	0	0	0	0	0	0	0	0	0	0	0	0	0	0	0	0	0	0	0	0	0	0	-71	0	0	0	0	0	0	0	0	0	0	0	0	0	0	0	0	0	0	0	0	0	0	0	0	0	0	0	0	0	0	0	0	0	0	0	4464	-2072	811	25387	-7765	-176	-30	969	212	-1	-1	0	-31	957	209	1606974878
-43	-49	-40	-52	-59	-58	-69	-69	-72	-70	-73	-73	-73	-71	0	-87	0	-85	-86	-86	0	0	-85	-85	0	0	-88	0	-93	0	0	-92	0	-56	0	0	0	0	0	0	0	0	0	0	0	0	0	0	0	0	0	0	0	0	0	0	0	0	0	0	0	0	0	0	0	0	0	0	0	0	0	0	0	0	0	0	0	0	0	0	0	-57	0	0	0	0	0	0	0	0	0	0	0	0	0	0	0	0	0	0	0	0	0	0	0	0	0	0	0	0	0	0	0	0	0	0	0	4464	-2027	811	25385	-7760	-178	-31	969	212	-1	-1	-1	-31	957	210	1606974879
-50	-50	0	-52	-64	0	-69	-69	-72	-72	-71	-70	-72	-69	0	0	0	-82	-82	-82	0	-82	-82	-83	0	0	-88	-92	-93	0	0	0	0	-57	0	0	0	0	0	0	0	0	0	-86	-89	0	0	0	0	0	0	0	0	0	0	0	0	0	0	0	0	0	0	0	0	0	0	0	0	0	0	0	0	0	0	0	0	0	0	0	0	-63	0	0	0	0	0	0	0	0	0	0	0	0	0	0	0	0	0	0	0	0	0	0	0	0	0	0	0	0	0	0	0	0	0	0	0	4457	-2035	811	25387	-7763	-177	-31	970	212	-1	-1	0	-31	957	210	1606974881
-46	-50	0	-54	-61	0	-69	-69	-70	0	-70	-70	-79	-68	0	-83	0	-81	-81	-83	0	0	-82	-81	0	0	-90	0	0	0	0	0	0	-56	0	0	0	0	0	0	0	0	0	0	0	0	-88	0	0	0	-88	0	0	0	0	0	0	0	0	0	0	0	0	0	0	0	0	0	0	0	0	0	0	0	0	0	0	0	0	0	0	-63	0	0	0	0	0	0	0	0	0	0	0	0	0	0	0	0	0	0	0	0	0	0	0	0	0	0	0	0	0	0	0	0	0	0	0	4419	-2042	796	25387	-7766	-178	-31	969	212	0	-1	-1	-31	957	209	1606974882
-42	-46	-40	-52	-57	0	-69	-67	-75	0	-74	-74	-76	-67	0	0	0	-85	-85	-85	-82	-82	-85	-85	0	-82	-87	-91	-93	0	-91	-91	0	-61	0	0	0	0	0	0	0	0	0	0	0	0	0	0	0	0	0	0	0	0	0	0	0	0	0	0	0	0	0	0	0	0	0	0	0	0	0	0	0	0	0	0	0	0	0	0	0	-56	0	0	0	0	0	0	0	0	0	0	0	0	0	0	0	0	0	0	0	0	0	0	0	0	0	0	0	0	0	0	0	0	0	0	0	4494	-2050	782	25386	-7762	-177	-31	970	212	-1	-1	0	-31	957	210	1606974884
-55	-50	-40	-53	-60	0	-64	-64	-75	-72	-74	-75	-74	-64	0	-82	0	-84	-84	-84	0	-83	-83	-84	0	0	-89	-91	-92	0	-91	-91	-92	-60	0	0	0	0	-96	0	0	0	0	0	0	0	0	0	0	0	0	0	0	0	0	0	0	0	0	0	0	0	0	0	0	0	0	0	0	0	0	0	0	0	0	0	0	0	0	0	0	0	0	0	0	0	0	0	0	0	0	0	0	0	0	0	0	0	0	0	0	0	0	0	0	0	0	0	0	0	0	0	0	0	0	0	0	4479	-2057	782	25386	-7761	-177	-30	969	214	-1	-1	0	-31	957	210	1606974886
-53	-48	0	-53	-59	-57	-65	-64	-68	-68	-69	-68	-72	-63	0	0	0	-81	-82	-81	0	-84	-81	-81	0	0	0	-92	-91	0	0	-91	-93	-55	0	0	0	0	0	0	0	0	0	0	0	0	0	0	0	0	0	0	0	0	0	0	0	0	0	0	0	0	0	0	0	0	0	0	0	0	0	0	0	0	0	0	0	0	0	0	0	-61	0	0	0	0	0	0	0	0	0	0	0	0	0	0	0	0	0	0	0	0	0	0	0	0	0	0	0	0	0	0	0	0	0	0	0	4494	-2042	767	25388	-7768	-177	-31	971	210	0	-1	0	-31	957	209	1606974887
-44	-47	-40	-54	-58	-67	0	-64	-75	-71	-74	-74	-75	0	0	0	-80	-84	-84	-84	-81	-83	-84	-84	-79	0	-92	0	-92	0	-91	-90	-90	-61	0	0	0	0	0	0	0	0	0	0	0	0	0	0	0	0	0	0	0	0	0	0	0	0	0	0	0	0	0	0	0	0	0	0	0	0	0	0	0	0	0	0	0	0	0	0	0	-58	0	0	0	0	0	0	0	0	0	0	0	0	0	0	0	0	0	0	0	0	0	0	0	0	0	0	0	0	0	0	0	0	0	0	0	4465	-2087	856	25386	-7762	-177	-31	970	212	-1	-1	-1	-31	957	210	1606974889
-40	-48	-42	0	-58	-65	0	-67	-75	-71	-75	-75	-81	0	0	-80	0	-83	-84	-84	-80	-80	-84	-84	0	0	0	-92	-92	0	0	-91	0	-67	0	0	0	0	0	0	0	0	0	0	0	0	-87	0	-86	0	-88	0	0	0	0	0	0	0	0	0	0	0	0	0	0	0	0	0	0	0	0	0	0	0	0	0	0	0	0	0	0	-57	0	0	0	0	0	0	0	0	0	0	0	0	0	0	0	0	0	0	0	0	0	0	0	0	0	0	0	0	0	0	0	0	0	0	0	4525	-2080	797	25386	-7761	-177	-32	969	212	-1	0	0	-31	957	210	1606974890
-43	-45	-42	-51	-57	-65	-65	0	-76	-70	-76	-76	-82	-63	-78	-81	0	-85	-85	-84	0	-85	-84	-85	0	0	0	-92	-91	0	0	-91	0	-66	0	0	0	0	-92	0	0	0	0	0	0	0	0	0	0	0	0	0	0	0	0	0	0	0	0	0	0	0	0	0	0	0	0	0	0	0	0	0	0	0	0	0	0	0	0	0	0	-63	0	0	0	0	0	0	0	0	0	0	0	0	0	0	0	0	0	0	0	0	0	0	0	0	0	0	0	0	0	0	0	0	0	0	0	4495	-2102	811	25388	-7765	-176	-30	970	212	-1	-1	0	-31	957	209	1606974892
-45	0	-42	-52	-64	-66	-65	-65	-77	-70	-75	-77	-81	-64	0	-82	-84	-84	-84	-85	0	0	-86	-86	0	0	-93	-92	-92	0	0	-93	0	-67	0	0	0	0	-94	0	0	0	0	0	-88	0	0	0	0	0	0	0	-84	0	0	0	0	0	0	0	0	0	0	0	0	0	0	0	-94	0	0	0	0	0	0	0	0	0	0	0	0	-54	0	0	0	0	0	0	0	0	0	0	0	0	0	0	0	0	0	0	0	0	0	0	0	0	0	0	0	0	0	0	0	0	0	0	0	4434	-2102	811	25385	-7760	-177	-31	970	213	-1	-1	-1	-31	957	210	1606974893
-44	-45	-42	-52	-63	-66	-66	-67	-77	-71	-77	-77	-80	-65	0	-80	0	-86	-85	-86	0	-85	-85	-85	0	0	0	-92	-92	0	-93	-91	0	-68	0	0	0	0	0	0	0	0	0	0	0	0	0	0	0	0	0	0	0	0	0	0	0	0	0	0	0	0	0	0	0	0	0	0	0	0	0	0	0	0	0	0	0	0	0	0	0	-55	0	0	0	0	0	0	0	0	0	0	0	0	0	0	0	0	0	0	0	0	0	0	0	0	0	0	0	0	0	0	0	0	-89	0	0	4464	-2072	826	25386	-7762	-177	-31	969	212	0	-1	0	-31	957	210	1606974895
0	-48	-41	-54	-64	-66	0	-64	-77	0	-77	-77	-80	-66	0	0	0	-85	-86	-86	0	-85	-87	-87	0	0	0	-93	-91	0	0	-91	0	-66	-58	0	0	0	-93	0	0	0	0	0	0	0	0	0	0	0	-88	0	0	0	0	0	0	0	0	0	0	0	0	0	0	0	0	0	0	0	0	0	0	0	0	0	0	0	0	0	0	0	0	0	0	0	0	0	0	0	0	0	0	0	0	0	0	0	0	0	0	0	0	0	0	0	0	0	0	0	0	0	0	0	0	0	0	4464	-2072	811	25387	-7764	-177	-31	970	212	-1	0	-1	-31	957	209	1606974897
-54	-47	-42	0	-60	-67	0	-65	-75	-70	-73	-74	-77	0	0	-82	0	-84	-85	-85	0	-86	-85	-85	0	0	0	-93	-92	0	0	-93	0	-64	0	0	0	0	0	0	0	0	0	0	0	0	0	0	0	0	0	0	0	0	0	0	0	0	0	0	0	0	0	0	0	0	0	0	0	0	0	0	0	0	0	0	0	0	0	0	0	-56	0	0	0	0	0	0	0	0	0	0	0	0	0	0	0	0	0	0	0	0	0	0	0	0	0	0	0	0	0	0	0	0	0	0	0	4464	-2012	744	25385	-7760	-177	-32	970	212	0	0	-1	-31	957	210	1606974898
-42	-46	-40	-53	-60	-64	-66	-65	-76	-69	-75	-76	-74	-65	0	-82	0	-87	-85	-85	0	-86	-85	-86	0	0	-91	-93	-93	0	0	0	0	-65	0	0	0	0	-94	0	0	0	0	0	-86	0	0	-86	0	-85	0	0	0	0	0	0	0	0	0	0	0	0	0	0	0	0	0	0	0	0	0	0	0	0	0	0	0	0	0	0	0	-63	0	0	0	0	0	0	0	0	0	0	0	0	0	0	0	0	0	0	0	0	0	0	0	0	0	0	0	0	0	0	0	0	0	0	0	4449	-2012	789	25386	-7762	-176	-31	970	212	0	-1	0	-31	957	210	1606974900
-54	-47	-42	-52	-61	-67	-64	-64	-74	-70	-73	-77	-75	-64	0	0	0	-84	-84	-84	0	-84	-85	-85	0	0	0	-92	-93	0	0	-92	0	-63	0	0	0	0	0	0	0	0	0	0	0	0	0	0	0	0	0	0	0	0	0	0	0	0	0	0	0	0	0	0	0	0	0	0	0	0	0	0	0	0	0	0	0	0	0	0	0	-55	0	0	0	0	0	0	0	0	0	0	0	0	0	0	0	0	0	0	0	0	0	0	0	0	0	0	0	0	0	0	0	0	0	0	0	4464	-2027	796	25387	-7764	-176	-31	970	212	0	0	-1	-31	957	209	1606974902
-53	-54	-41	-54	-58	-66	-65	-64	-74	-68	-74	-75	-76	-62	0	-81	0	-83	-86	-85	0	0	-84	-85	0	0	0	-90	-91	0	-90	-89	-91	-65	0	0	0	0	0	0	0	0	0	0	0	0	0	0	0	0	0	0	0	0	0	0	0	-90	0	0	0	0	0	0	0	0	0	0	0	0	0	0	0	0	0	0	0	0	0	0	0	-56	0	0	0	0	0	0	0	0	0	0	0	0	0	0	0	0	0	0	0	0	0	0	0	0	0	0	0	0	0	0	0	0	0	0	0	4494	-2072	811	25387	-7764	-177	-31	969	213	0	0	-1	-31	957	209	1606974903
-53	-54	-42	-53	-60	-57	-64	-63	-68	-69	-69	-68	-72	-64	0	-82	0	-81	-82	-82	0	-81	-81	-82	0	0	-92	-92	-92	0	0	-92	0	-56	0	0	0	0	0	0	0	-93	0	0	0	0	0	0	0	0	0	0	0	0	0	0	0	0	0	0	0	0	0	0	0	0	0	0	0	0	0	0	0	0	0	0	0	0	0	0	0	-55	0	0	0	0	0	0	0	0	0	0	0	0	0	0	0	0	0	0	0	0	0	0	0	0	0	0	0	0	0	0	0	0	0	0	0	4479	-2087	737	25385	-7760	-177	-30	970	212	0	0	0	-31	957	210	1606974905
-54	-54	-41	-54	-59	-67	-64	-64	-74	-70	-75	-74	-74	-64	0	-81	0	-85	-85	-84	0	0	-84	-85	0	0	-91	-91	-94	0	0	-92	0	-63	0	0	0	0	-94	0	0	-92	0	0	0	0	0	0	0	0	0	0	0	0	0	0	0	0	0	0	0	0	0	0	0	0	0	0	0	0	0	0	0	0	0	0	0	0	0	0	0	0	0	0	0	0	0	0	0	0	0	0	0	0	0	0	0	0	0	0	0	0	0	0	0	0	0	0	0	0	0	0	0	0	0	0	0	4419	-2117	811	25389	-7769	-177	-30	970	211	0	0	-1	-31	957	209	1606974906
-43	-54	-41	-53	-58	-55	-63	-64	-68	-72	-69	-68	-72	-65	0	-81	0	-81	-82	-81	0	0	-81	-81	0	0	-92	-90	-93	0	0	-92	0	-56	0	0	0	0	0	0	0	0	0	0	0	0	-92	0	0	0	0	0	0	0	0	0	0	0	0	0	0	0	0	0	0	0	0	0	0	0	0	0	0	0	0	0	0	0	0	0	0	0	0	0	0	0	0	0	0	0	0	0	0	0	0	0	0	0	0	0	0	0	0	0	0	0	0	0	0	0	0	0	0	0	0	0	0	4419	-2072	804	25385	-7760	-177	-31	970	212	0	-1	-1	-31	957	210	1606974908
-54	-52	-41	-51	0	-67	-65	-65	-73	-70	-73	-73	-74	-66	0	-83	0	-84	-85	-85	0	0	-85	-85	0	0	0	-91	-92	0	0	-91	0	-63	0	0	0	0	0	0	0	0	0	0	0	0	0	-86	0	0	0	0	0	0	0	0	0	0	0	0	0	0	0	0	0	0	0	0	0	0	0	0	0	0	0	0	0	0	0	0	0	0	0	0	0	0	0	0	0	0	0	0	0	0	0	0	0	0	0	0	0	0	0	0	0	0	0	0	0	0	0	0	0	0	0	0	0	4480	-2087	759	25386	-7762	-176	-31	970	213	-1	-1	0	-31	957	210	1606974910
-54	-51	-42	-54	0	-67	-64	-63	-74	0	-73	-73	-75	-63	0	0	0	-85	-85	-84	0	0	-84	-84	0	-87	0	-92	-93	0	0	-90	-91	-63	0	0	0	0	-94	0	0	0	0	0	0	0	0	0	0	0	0	0	0	0	0	0	0	0	0	0	0	0	0	0	0	0	0	0	-94	0	0	0	0	0	0	0	0	0	0	0	0	-68	0	0	0	0	0	0	0	0	0	0	0	0	0	0	0	0	0	0	0	0	0	0	0	0	0	0	0	0	0	0	0	0	0	0	0	4434	-2042	826	25385	-7760	-178	-31	970	212	0	0	-1	-31	957	210	1606974911
-53	-51	-42	-55	-58	0	-63	-63	-69	0	-69	-69	-73	-63	0	0	0	-81	-82	-82	0	0	-83	-82	0	0	0	-92	-92	0	0	0	-92	-55	0	0	0	0	0	0	0	0	0	0	0	0	0	0	0	0	0	0	0	0	0	0	0	0	0	0	0	0	0	0	0	0	0	0	0	0	0	0	0	0	0	0	0	0	0	0	0	-59	0	0	0	0	0	0	0	0	0	0	0	0	0	0	0	0	0	0	0	0	0	0	0	0	0	0	0	0	0	0	0	0	0	0	0	4480	-2102	819	25387	-7766	-177	-31	970	212	0	0	0	-31	957	209	1606974913
-43	-45	-41	-52	0	-56	-66	-65	-68	0	-67	-70	-77	-65	0	-82	-81	-82	-82	-83	0	0	-83	-82	0	0	0	-93	-92	0	0	-91	0	-58	0	0	0	0	0	0	0	0	0	0	0	0	0	0	0	0	0	0	0	0	0	0	0	0	0	0	0	0	0	0	0	0	0	0	0	0	0	0	0	0	0	0	0	0	0	0	0	-69	0	0	0	0	0	0	0	0	0	0	0	0	0	0	0	0	0	0	0	0	0	0	0	0	0	0	0	0	0	0	0	0	0	0	0	4434	-2012	811	25386	-7762	-177	-31	969	212	0	0	0	-31	957	210	1606974914
-43	-47	0	-54	-60	-66	-65	-65	-78	-70	-78	-77	-75	-65	-76	0	-80	-84	-83	-84	0	-82	-85	-84	0	0	0	-92	-91	0	0	-91	-92	-61	-61	0	0	0	-93	0	0	0	0	0	0	0	-85	0	0	0	0	0	0	0	0	0	0	0	0	0	0	0	0	0	0	0	0	0	0	0	0	0	0	0	0	0	0	0	0	0	0	0	0	0	0	0	0	0	0	0	0	0	0	0	0	0	0	0	0	0	0	0	0	0	0	0	0	0	0	0	0	0	0	0	0	0	0	4419	-2042	841	25387	-7763	-177	-31	970	212	-1	0	0	-31	957	209	1606974916
-49	-51	0	-54	-65	0	0	-68	-74	0	-74	-75	-75	0	0	0	0	-83	-84	-84	0	-84	-83	-84	0	0	-84	0	0	0	0	0	0	-56	-60	0	0	0	0	0	0	0	0	0	0	0	0	0	0	0	0	0	0	0	0	0	0	0	0	0	0	0	0	0	0	0	0	0	0	0	0	0	0	0	0	0	0	0	0	0	0	-61	0	0	0	0	0	0	0	0	0	0	0	0	0	0	0	0	0	0	0	0	0	0	0	0	0	0	0	0	0	0	0	0	0	0	0	4479	-2042	796	25386	-7763	-177	-31	970	212	0	0	0	-31	957	210	1606974917
-42	-49	-41	-53	0	0	-71	-70	-79	0	-78	-79	-76	-72	0	-86	0	-92	-89	-91	0	-85	-90	-91	0	0	0	0	-91	0	0	0	0	-64	0	0	0	0	0	0	0	0	0	0	0	-89	-90	0	0	-86	-89	0	-86	0	0	0	0	0	0	0	0	0	0	0	0	0	0	0	0	0	0	0	0	0	0	0	0	0	0	0	0	0	0	0	0	0	0	0	0	0	0	0	0	0	0	0	0	0	0	0	0	0	0	0	0	0	0	0	0	0	0	0	0	0	0	0	0	4480	-2087	811	25386	-7762	-177	-31	970	212	0	0	0	-31	957	210	1606974919
-51	-50	-42	0	0	-60	0	0	-74	0	-74	-75	-76	0	0	0	0	-86	-84	-87	0	0	-85	-85	0	0	-91	-92	0	0	0	-94	-91	-56	-64	0	0	0	0	0	0	0	0	0	0	0	0	0	0	0	0	0	0	0	0	0	0	0	0	0	0	0	0	0	0	0	0	0	0	0	0	0	0	0	0	0	0	0	0	0	0	0	0	0	0	0	0	0	0	0	0	0	0	0	0	0	0	0	0	0	0	0	0	0	0	0	0	0	0	0	0	0	0	0	0	0	0	4480	-2087	797	25386	-7762	-177	-31	970	212	0	0	0	-31	957	210	1606974920
-49	-53	-45	-52	-61	-63	-71	-70	-77	0	-78	-78	-76	-70	0	0	-81	-92	-90	-91	0	-81	-90	-91	-82	-80	-91	-91	-93	0	-91	-93	-91	-63	0	0	0	0	-94	0	0	0	0	0	0	0	0	0	0	0	0	0	0	0	0	0	0	0	0	0	0	0	0	0	0	0	0	0	0	0	0	0	0	0	0	0	0	0	0	0	0	-61	0	0	0	0	0	0	0	0	0	0	0	0	0	0	0	0	0	0	0	0	0	0	0	0	0	0	0	0	0	0	0	0	0	0	0	4434	-2072	752	25388	-7766	-178	-31	970	212	-1	0	-1	-31	957	209	1606974922
-46	-50	-42	-55	0	0	0	-72	-78	-75	-78	-77	-75	0	0	-87	0	-87	-88	-88	0	0	-88	-88	0	0	-88	0	0	0	0	-93	0	-57	0	0	0	0	0	0	0	0	0	0	0	0	0	0	0	0	0	0	0	0	0	0	0	0	0	0	0	0	0	0	0	0	0	0	0	0	0	0	0	0	0	0	0	0	0	0	0	0	0	0	0	0	0	0	0	0	0	0	0	0	0	0	0	0	0	0	0	0	0	0	0	0	0	0	0	0	0	0	0	0	0	0	0	4442	-2072	782	25384	-7760	-184	-31	969	219	-1	-1	-1	-32	957	210	1606974923
-47	-50	-43	-55	0	0	-71	-71	-79	0	-81	-78	-76	-69	0	0	0	-90	-90	-89	0	0	-89	-90	0	0	0	-93	-93	0	0	-93	0	-63	-57	0	0	0	-92	0	0	0	0	0	-83	0	0	0	0	0	0	0	0	0	0	0	0	0	0	0	0	0	0	0	0	0	0	0	0	0	0	0	0	0	0	0	0	0	0	0	0	0	0	0	0	0	0	0	0	0	0	0	0	0	0	0	0	0	0	0	0	0	0	0	0	0	0	0	0	0	0	0	0	0	0	0	0	4434	-2042	796	25377	-7738	-178	-25	969	225	-1	-1	-1	-31	956	214	1606974925
