-60	-57	-55	-70	-65	-60	-72	-74	-71	0	-73	-71	-75	-72	0	-83	0	-86	-85	-85	0	0	-85	-86	0	0	0	-84	-85	0	-84	-84	-84	-59	0	0	0	0	0	0	0	0	0	0	0	0	0	0	0	0	0	0	-89	0	0	-84	0	0	0	0	0	0	0	0	0	0	0	0	0	0	0	0	0	0	0	0	0	0	0	0	0	0	0	0	0	0	0	0	0	0	0	0	0	0	0	0	0	0	0	0	0	0	0	0	0	0	0	0	0	0	0	0	0	0	0	0	0	0	0	0	0	0	0	0	0	0	0	0	0	0	0	0	0	0	0	0	0	0	0	0	0	0	0	0	0	0	0	0	0	0	0	0	0	0	0	0	0	-1284	-2796	413	11020	-9011	237	43	995	-6	-1	0	-1	40	979	-1	1606974583
-66	-56	-54	-70	-68	0	-73	-76	-75	-87	-74	-75	-80	-74	0	-81	0	-90	-90	-90	0	-84	-89	-90	0	0	0	-85	-84	0	-85	-84	-85	-58	0	0	0	0	0	0	0	0	0	0	0	0	0	0	0	0	0	0	0	0	0	0	0	0	0	-93	0	0	0	0	0	0	0	0	0	0	0	0	0	0	0	0	0	0	0	0	0	0	0	0	0	0	0	0	0	0	0	0	0	0	0	0	0	0	0	0	0	0	0	0	0	0	0	0	0	0	0	0	0	0	0	0	0	0	0	0	0	0	0	0	0	0	0	0	0	0	0	0	0	0	0	0	0	0	0	0	0	0	0	0	0	0	0	0	0	0	0	0	0	0	0	0	0	-1276	-2797	488	11100	-9014	237	41	996	-2	-1	0	-1	40	979	-3	1606974585
-64	-57	-53	-68	-71	0	-78	-70	-73	0	-73	-73	-76	-77	0	-81	0	-87	-87	-86	0	-87	-87	-87	0	0	0	-84	-82	0	-84	-84	-83	-63	0	0	0	0	-96	0	0	-93	0	0	0	0	0	0	0	0	0	0	0	0	0	0	0	0	0	-93	0	-81	0	-80	-80	0	0	0	0	-90	0	0	0	0	0	0	0	0	0	0	0	0	0	0	0	0	0	0	0	0	0	0	0	0	0	0	0	0	0	0	0	0	0	0	0	0	0	0	0	0	0	0	0	0	0	0	0	0	0	0	0	0	0	0	0	0	0	0	0	0	0	0	0	0	0	0	0	0	0	0	0	0	0	0	0	0	0	0	0	0	0	0	0	0	0	0	0	-1344	-2819	458	11190	-9005	237	44	996	1	0	0	-1	40	979	-1	1606974586
0	-53	-55	-65	0	-67	-75	-76	-76	0	-75	-75	-79	-75	0	-81	-82	-88	-90	-88	-81	-81	-88	-88	-84	-82	0	-85	-84	0	-84	-85	-83	-61	0	0	0	0	0	0	0	0	0	0	0	0	0	0	0	0	0	0	0	0	0	0	0	0	0	-90	-94	0	0	0	0	0	0	0	0	0	0	0	0	0	0	0	0	0	0	0	0	0	0	0	0	0	0	0	0	0	0	0	0	0	0	0	0	0	0	0	0	0	0	0	0	0	0	0	0	0	0	0	0	0	0	0	0	0	0	0	0	0	0	0	0	0	0	0	0	0	0	0	0	0	0	0	0	0	0	0	0	0	0	0	0	0	0	0	0	0	0	0	0	0	0	0	0	-1238	-2827	488	11209	-8996	237	41	996	-1	-1	-1	-1	40	979	0	1606974588
0	-55	-55	-69	0	0	-72	-71	-76	0	-76	-75	-79	-72	0	0	-85	-90	-89	-88	-85	-85	-89	-89	-85	-84	0	-85	-84	0	-84	-85	-85	-62	-73	0	0	0	0	0	0	0	0	0	0	0	0	0	0	0	0	0	0	0	0	0	0	0	0	-95	-95	0	0	0	0	0	0	0	0	0	0	0	0	0	0	0	0	0	0	0	0	0	0	0	0	0	0	0	0	0	0	0	0	0	0	0	0	0	0	0	0	0	0	0	0	0	0	0	0	0	0	0	0	0	0	0	0	0	0	0	0	0	0	0	0	0	0	0	0	0	0	0	0	0	0	0	0	0	0	0	0	0	0	0	0	0	0	0	0	0	0	0	0	0	0	0	0	-1268	-2812	488	11213	-8995	238	41	996	1	-1	-1	-1	40	979	1	1606974589
0	-54	-51	-71	0	-65	0	0	-76	0	-75	-75	-79	0	0	-83	0	-91	-88	-89	0	0	-89	-88	0	0	0	-84	-85	0	-85	-85	-85	-57	0	0	0	0	0	0	0	0	0	0	0	0	0	0	0	0	0	0	0	0	0	0	0	0	0	-94	0	0	0	0	0	0	0	0	0	0	0	0	0	0	0	0	0	0	0	0	0	0	0	0	0	0	0	0	0	0	0	-87	-86	0	0	0	0	0	0	0	0	0	0	0	0	0	0	0	0	0	0	0	0	0	0	0	0	0	0	0	0	0	0	0	0	0	0	0	0	0	0	0	0	0	0	0	0	0	0	0	0	0	0	0	0	0	0	0	0	0	0	0	0	0	0	0	0	-1283	-2827	488	11202	-9000	238	38	995	14	-1	-1	-1	40	979	0	1606974591
0	-56	-54	-71	0	0	-78	0	-74	0	-73	-75	-75	0	0	-83	0	-85	-87	-86	0	0	-86	-85	0	0	0	-84	-84	0	-85	-85	-85	-67	0	0	0	0	0	0	0	0	0	0	0	0	0	0	0	0	0	0	0	0	0	0	-83	0	0	-93	0	-82	0	-82	-82	0	0	0	0	0	0	0	0	0	0	0	0	0	0	0	0	0	0	0	0	0	0	0	0	0	0	0	0	0	0	0	0	0	0	0	0	0	0	0	0	0	0	0	0	0	0	0	0	0	0	0	0	0	0	0	0	0	0	0	0	0	0	0	0	0	0	0	0	0	0	0	0	0	0	0	0	0	0	0	0	0	0	0	0	0	0	0	0	0	0	0	0	-1238	-2827	428	11202	-9001	240	40	995	-1	0	-1	0	41	979	-1	1606974592
0	-54	0	-71	0	-65	-76	0	-76	0	-75	-75	-79	0	0	-81	0	-90	-88	-89	0	-85	-90	-91	0	0	0	-85	-84	0	-85	-85	-85	-59	0	0	0	0	0	0	0	0	0	0	0	0	0	-88	0	0	0	0	0	0	0	0	0	0	0	-94	0	0	0	0	0	0	0	0	0	-91	0	0	0	0	0	0	0	0	0	0	0	0	0	0	0	0	0	0	0	0	0	0	0	0	0	0	0	0	0	0	0	0	0	0	0	0	0	0	0	0	0	0	0	0	0	0	0	0	0	0	0	0	0	0	0	0	0	0	0	0	0	0	0	0	0	0	0	0	0	0	0	0	0	0	0	0	0	0	0	0	0	0	0	0	0	0	0	-1314	-2781	458	11196	-9003	238	42	996	2	-1	-1	-1	40	979	-1	1606974594
-63	-57	-54	-71	-65	0	-75	0	-74	0	-77	-75	-81	-75	0	0	0	0	-92	-90	0	-88	-91	-90	0	0	-85	-84	-85	0	-84	-85	-85	-57	0	0	0	0	0	0	0	0	0	0	0	0	0	0	0	0	0	0	0	0	0	0	0	0	0	-94	0	0	0	0	0	0	0	0	0	0	0	0	0	0	0	0	0	0	0	0	0	0	0	0	0	0	0	0	0	0	0	0	0	0	0	0	0	0	0	0	0	0	0	0	0	0	0	0	0	0	0	0	0	0	0	0	0	0	0	0	0	0	0	0	0	0	0	0	0	0	0	0	0	0	0	0	0	0	0	0	0	0	0	0	0	0	0	0	0	0	0	0	0	0	0	0	0	-1284	-2842	443	11213	-8994	236	32	993	6	0	-1	-1	40	979	1	1606974596
-60	-56	-55	0	-67	-68	0	0	-77	0	-78	-78	-80	0	0	-83	0	-91	-91	-90	0	0	-90	-90	0	0	0	-85	-84	0	-86	-85	-84	-59	0	0	0	0	0	0	0	0	0	0	0	0	0	0	0	0	0	0	0	0	0	0	0	0	0	-93	0	0	0	0	0	0	0	0	0	0	0	0	0	0	0	0	0	0	0	0	0	0	0	0	0	0	0	0	0	0	0	0	0	0	0	0	0	0	0	0	0	0	0	0	0	0	0	0	0	0	0	0	0	0	0	0	0	0	0	0	0	0	0	0	0	0	0	0	0	0	0	0	0	0	0	0	0	0	0	0	0	0	0	0	0	0	0	0	0	0	0	0	0	0	0	0	0	-1283	-2827	518	11201	-9001	240	36	995	-8	0	0	0	41	979	-1	1606974597
-57	-56	-52	-65	-60	-70	-75	-75	-76	-83	-74	-73	-77	-77	0	-80	-85	-88	-89	-88	-84	-83	-87	-87	-83	-84	0	-85	-84	0	-84	-84	-84	-61	0	0	0	0	0	0	0	0	0	0	0	0	0	0	0	0	0	0	-87	-87	0	-85	0	0	0	-93	0	0	0	0	0	0	0	0	0	0	0	0	0	0	0	0	0	0	0	0	0	0	0	0	0	0	0	0	0	0	0	0	0	0	0	0	0	0	0	0	0	0	0	0	0	0	0	0	0	0	0	0	0	0	0	0	0	0	0	0	0	0	0	0	0	0	0	0	0	0	0	0	0	0	0	0	0	0	0	0	0	0	0	0	0	0	0	0	0	0	0	0	0	0	0	0	0	-1283	-2827	488	11205	-8999	238	42	997	10	0	-1	0	40	979	0	1606974599
-55	-59	-50	0	-61	-68	0	0	-79	0	-78	-78	-78	0	-83	0	0	-88	-89	-88	0	-86	-88	-89	0	0	0	-85	-84	0	-84	-85	-85	-62	-67	0	0	0	-92	0	0	0	0	0	0	0	0	0	0	0	0	0	0	0	0	0	0	0	0	-92	0	-81	0	0	-82	0	0	0	0	0	0	0	0	0	0	0	0	0	0	0	0	0	0	0	0	0	0	0	0	0	0	0	0	0	0	0	0	0	0	0	0	0	0	0	0	0	0	0	0	0	0	0	0	0	0	0	0	0	0	0	0	0	0	0	0	0	0	0	0	0	0	0	0	0	0	0	0	0	0	0	0	0	0	0	0	0	0	0	0	0	0	0	0	0	0	0	0	-1223	-2835	488	11216	-8991	231	45	997	3	-1	-1	-1	39	979	1	1606974600
-60	-60	-54	-71	-67	-61	-77	-75	-74	0	-74	-74	-75	-75	0	-83	-83	-88	-89	-89	-85	-86	-88	-87	-83	-85	0	-84	-84	0	-84	-84	-85	-60	-68	0	0	0	0	0	0	0	0	0	0	0	0	-86	0	0	0	0	0	0	0	0	0	0	0	-95	0	0	0	0	0	0	0	0	0	0	-89	0	0	0	0	0	0	0	0	0	0	0	0	0	0	0	0	0	0	0	0	0	0	0	0	0	0	0	0	0	0	0	0	0	0	0	0	0	0	0	0	0	0	0	0	0	0	0	0	0	0	0	0	0	0	0	0	0	0	0	0	0	0	0	0	0	0	0	0	0	0	0	0	0	0	0	0	0	0	0	0	0	0	0	0	0	0	-1284	-2781	428	11202	-9000	238	41	995	-1	-1	-1	-1	40	979	0	1606974602
-63	-55	-51	-69	-68	-60	-72	-82	-71	-83	-72	-71	-76	0	0	-83	-85	-90	-89	-89	0	-86	-88	-89	-88	-84	0	-85	-85	0	-85	-84	-85	-60	0	0	0	0	-94	0	0	-93	0	0	0	0	0	0	0	0	0	0	0	0	0	-86	0	0	0	-92	0	0	0	0	0	0	0	0	0	-90	-88	0	0	0	0	0	0	0	0	0	0	0	0	0	0	0	0	0	0	0	0	0	0	0	0	0	0	0	0	0	0	0	0	0	0	0	0	0	0	0	0	0	0	0	0	0	0	0	0	0	0	0	0	0	0	0	0	0	0	0	0	0	0	0	0	0	0	0	0	0	0	0	0	0	0	0	0	0	0	0	0	0	0	0	0	0	0	-1224	-2797	413	11203	-8999	238	41	996	-2	-1	-1	-1	40	979	0	1606974603
0	0	-56	0	-68	0	0	0	-78	0	-78	-77	-82	0	0	-82	0	-90	-90	-90	0	0	-89	-89	0	0	0	-83	-84	0	-85	-85	-85	-58	0	0	0	0	0	0	0	-92	0	0	0	0	0	0	0	0	0	0	0	0	0	0	-82	0	0	-93	0	-81	0	-84	-82	0	0	0	0	-91	0	0	0	0	0	0	0	0	0	0	0	0	0	0	0	0	0	0	0	0	0	0	0	0	0	0	0	0	0	0	0	0	0	0	0	0	0	0	0	0	0	0	0	0	0	0	0	0	0	0	0	0	0	0	0	0	0	0	0	0	0	0	0	0	0	0	0	0	0	0	0	0	0	0	0	0	0	0	0	0	0	0	0	0	0	0	0	-1329	-2812	518	11197	-9003	239	41	995	-1	-1	-1	0	40	979	-1	1606974605
-64	-57	-55	-76	-69	-64	-72	-79	-78	0	-78	-77	-81	-78	0	-82	0	-91	-90	-90	0	-84	-89	-91	0	0	-87	-85	-85	0	-84	-84	-85	-62	0	0	0	0	0	0	0	0	0	0	0	0	0	0	0	0	0	0	0	0	0	0	0	0	0	-95	0	0	0	0	0	0	0	0	0	-92	0	0	0	0	0	0	0	0	0	0	0	0	0	0	0	0	0	0	0	0	0	0	0	0	0	0	0	0	0	0	0	0	0	0	0	0	0	0	0	0	0	0	0	0	0	0	0	0	0	0	0	0	0	0	0	0	0	0	0	0	0	0	0	0	0	0	0	0	0	0	0	0	0	0	0	0	0	0	0	0	0	0	0	0	0	0	0	-1238	-2812	443	11196	-9003	239	41	995	-2	-1	-1	-1	40	979	-1	1606974606
-63	-55	-55	-68	-66	0	-70	-77	-75	-83	-75	-74	-81	-71	0	-78	0	-91	-90	-91	0	-88	-91	-90	0	0	0	-85	-84	0	-85	-85	-84	-58	0	0	0	0	0	0	0	0	0	0	0	0	0	0	0	0	0	0	0	0	0	0	0	0	0	-91	0	-85	0	-84	0	0	0	0	0	0	0	0	0	0	0	0	0	0	0	0	0	0	0	0	0	0	0	0	0	0	0	0	0	0	0	0	0	0	0	0	0	0	0	0	0	0	0	0	0	0	0	0	0	0	-87	0	0	0	0	0	0	0	0	0	0	0	0	0	0	0	0	0	0	0	0	0	0	0	0	0	0	0	0	0	0	0	0	0	0	0	0	0	0	0	0	0	0	-1238	-2812	443	11197	-9003	239	40	996	-2	-1	-1	0	41	979	-1	1606974608
-59	-57	-55	0	-65	0	0	0	-73	-83	-74	-74	-78	0	0	-82	0	-86	-85	-86	-85	-85	-86	-86	-86	-83	0	-84	-85	0	-84	-84	-85	-62	0	0	0	0	0	0	0	0	0	0	0	0	0	0	0	0	0	0	0	0	0	0	0	0	0	-95	0	0	0	0	0	0	0	0	0	0	0	0	0	0	0	0	0	0	0	0	0	0	0	0	0	0	0	0	0	0	0	0	0	0	0	0	0	0	0	0	0	0	0	0	0	0	0	0	0	0	0	0	0	0	0	0	0	0	0	0	0	0	0	0	0	0	0	0	0	0	0	0	0	0	0	0	0	0	0	0	0	0	0	0	0	0	0	0	0	0	0	0	0	0	0	0	0	-1269	-2804	488	11194	-9004	239	41	996	-1	0	0	0	40	979	-1	1606974610
0	-55	0	-70	0	-64	-71	-77	-75	0	-75	-75	-80	-72	0	-84	0	-90	-91	-89	0	-88	-89	-90	0	0	-89	-84	-85	0	-85	-84	-85	-59	0	0	0	0	0	0	0	0	0	0	0	0	0	0	0	0	0	0	0	0	0	0	0	0	0	-93	0	0	0	0	0	0	0	0	0	0	0	0	0	0	0	0	0	0	0	0	0	0	0	0	0	0	0	0	0	0	0	-88	0	0	0	0	0	0	0	0	0	0	0	0	0	0	0	0	0	0	0	0	0	0	0	0	0	0	0	0	0	0	0	0	0	0	0	0	0	0	0	0	0	0	0	0	0	0	0	0	0	0	0	0	0	0	0	0	0	0	0	0	0	0	0	0	0	-1284	-2842	458	11205	-8998	237	41	996	-3	0	0	-1	40	979	0	1606974611
-64	-57	-55	-69	-67	-61	-72	-76	-73	0	-73	-73	-77	-79	0	0	0	-85	-86	-86	0	-86	-86	-86	0	0	0	-86	-86	0	-85	-86	-85	-60	0	0	0	0	-95	0	0	0	0	0	0	0	0	0	0	0	0	0	-88	0	0	0	0	0	0	-93	0	0	0	0	0	0	0	0	0	-91	0	0	0	0	0	0	0	0	0	0	0	0	0	0	0	0	0	0	0	0	0	0	-89	0	0	0	0	0	0	0	0	0	0	0	0	0	0	0	0	0	0	0	0	0	0	0	0	0	0	0	0	0	0	0	0	0	0	0	0	0	0	0	0	0	0	0	0	0	0	0	0	0	0	0	0	0	0	0	0	0	0	0	0	0	0	0	0	-1284	-2842	443	11198	-9002	238	39	995	0	0	0	0	40	979	-1	1606974613
0	-54	0	-72	0	0	0	-71	-75	0	-76	-76	-80	-74	0	-80	-86	-87	-89	-89	-87	-83	-88	-88	-85	-85	-83	-84	-83	0	-85	-85	-86	-61	-72	0	0	0	0	0	0	0	0	0	0	0	0	0	0	0	0	0	0	0	0	0	0	0	0	-94	0	0	0	0	0	0	0	0	0	0	0	0	0	0	0	0	0	0	0	0	0	0	0	0	0	0	0	0	0	0	0	0	0	0	0	0	0	0	0	0	0	0	0	0	0	0	0	0	0	0	0	0	0	0	0	0	0	0	0	0	0	0	0	0	0	0	0	0	0	0	0	0	0	0	0	0	0	0	0	0	0	0	0	0	0	0	0	0	0	0	0	0	0	0	0	0	0	-1284	-2842	443	11204	-9000	239	39	996	0	0	0	0	41	979	0	1606974614
-66	-51	-55	-68	-66	-65	-73	0	-74	0	-74	-74	-79	-74	0	-85	0	-90	-90	0	0	-85	-89	-90	0	0	0	-84	-84	0	-85	-84	-83	-59	0	0	0	0	0	0	0	0	0	0	0	0	0	0	0	0	0	0	0	0	0	0	-84	0	0	-92	0	-83	0	-83	-83	0	0	0	0	0	0	0	0	0	0	0	0	0	0	0	0	0	0	0	0	0	0	0	0	0	0	0	0	0	0	0	0	0	0	0	0	0	0	0	0	0	0	0	0	0	0	0	0	0	0	0	0	0	0	0	0	0	0	0	0	0	0	0	0	0	0	0	0	0	0	0	0	0	0	0	0	0	0	0	0	0	0	0	0	0	0	0	0	0	0	0	0	-1276	-2812	473	11203	-9000	239	42	996	0	0	-1	0	40	979	0	1606974616
-61	-53	-55	-74	-62	-60	-71	0	-75	0	-74	-73	-77	-71	0	-83	0	-88	-88	-89	0	-84	-87	-88	0	0	0	-85	-85	0	-84	-85	-85	-63	0	0	0	0	-93	0	0	0	0	0	0	0	0	0	0	0	0	0	0	0	0	0	0	0	0	-94	0	0	0	0	0	0	0	0	0	0	0	0	0	0	0	0	0	0	0	0	0	0	0	0	0	0	0	0	0	0	0	0	0	0	0	0	0	0	0	0	0	0	0	0	0	0	0	0	0	0	0	0	0	0	0	0	0	0	0	0	0	0	0	0	0	0	0	0	0	0	0	0	0	0	0	0	0	0	0	0	0	0	0	0	0	0	0	0	0	0	0	0	0	0	0	0	0	-1268	-2827	488	11212	-8995	238	41	996	1	0	-1	0	40	979	0	1606974618
-65	-55	-55	-71	-66	0	-72	-71	-75	0	-74	-74	-81	-72	0	0	0	-88	-88	-89	0	-85	-89	-88	0	0	0	-84	-84	0	-84	-85	-84	-59	0	0	0	0	0	0	0	0	0	0	0	0	0	0	0	0	0	0	0	0	0	0	0	0	0	-91	-92	0	0	0	0	0	0	0	0	0	0	0	0	0	0	0	0	0	0	0	0	0	0	0	0	0	0	0	0	0	0	0	0	0	0	0	0	0	0	0	0	0	0	0	0	0	0	0	0	0	0	0	0	0	0	0	0	0	0	0	0	0	0	0	0	0	0	0	0	0	0	0	0	0	0	0	0	0	0	0	0	0	0	0	0	0	0	0	0	0	0	0	0	0	0	0	0	-1268	-2827	503	11200	-9001	238	41	996	0	0	-1	-1	40	979	-1	1606974619
-64	-56	-54	-67	-67	0	-71	-76	-77	0	-76	-76	-76	-71	0	-80	0	-86	-86	-86	0	-83	-87	-88	0	0	0	-84	-84	0	-85	-84	-85	-59	-73	0	0	0	-95	0	0	0	0	0	0	0	0	0	0	0	0	0	0	0	0	0	0	0	0	-94	0	0	0	0	0	0	0	0	0	0	0	0	0	0	0	0	0	0	0	0	0	0	0	0	0	0	0	0	0	0	0	0	0	0	0	0	0	0	0	0	0	0	0	0	0	0	0	0	0	0	0	0	0	0	0	0	0	0	0	0	0	0	0	0	0	0	0	0	0	0	0	0	0	0	0	0	0	0	0	0	0	0	0	0	0	0	0	0	0	0	0	0	0	0	0	0	0	-1269	-2842	429	11212	-8995	239	41	996	-1	0	-1	0	40	979	0	1606974621
0	-54	-53	-65	0	-64	-77	-70	-77	-80	-76	-76	-80	-76	0	-80	0	-89	-88	-90	0	-83	-90	-91	0	0	-91	-84	-84	0	-85	-84	-85	-60	0	0	0	0	0	0	0	0	0	0	0	0	0	0	0	0	0	0	0	0	0	0	0	0	0	-92	0	0	0	0	0	0	0	0	0	0	0	0	0	0	0	0	0	0	0	0	0	0	0	0	0	0	0	0	0	0	0	0	0	0	0	0	0	0	0	0	0	0	0	0	0	0	0	0	0	0	0	0	0	0	0	0	0	0	0	0	0	0	0	0	0	0	0	0	0	0	0	0	0	0	0	0	0	0	0	0	0	0	0	0	0	0	0	0	0	0	0	0	0	0	0	0	0	-1269	-2812	443	11209	-8997	238	41	996	0	0	0	-1	40	979	0	1606974623
-63	-56	0	-70	-64	-61	-78	0	-75	-83	-73	-73	-76	0	0	0	0	-86	-87	-89	0	-87	-87	-88	0	0	0	-84	-84	0	-85	-85	-85	-61	0	0	0	0	0	0	0	0	0	0	0	0	0	0	0	0	0	0	-88	0	0	0	0	0	0	-92	0	0	0	0	0	0	0	0	0	0	0	0	0	0	0	0	0	0	0	0	0	0	0	0	0	0	0	0	0	0	0	0	-91	0	0	0	0	0	0	0	0	0	0	0	0	0	0	0	0	0	0	0	0	0	0	0	0	0	0	0	0	0	0	0	0	0	0	0	0	0	0	0	0	0	0	0	0	0	0	0	0	0	0	0	0	0	0	0	0	0	0	0	0	0	0	0	0	-1269	-2827	458	11202	-9000	238	42	996	1	0	0	-1	40	979	0	1606974624
-63	-55	-56	-73	-65	-65	0	-70	-75	-82	-75	-75	-81	0	0	-83	-84	-90	-88	-88	0	-86	-89	-90	0	-86	0	-84	-83	0	-85	-84	-85	-59	0	0	0	0	0	0	0	0	0	-85	0	0	0	0	0	0	0	0	0	0	0	0	0	0	0	-91	0	0	0	0	0	0	0	0	0	0	0	0	0	0	0	0	0	0	0	0	0	0	0	0	0	0	0	0	0	0	0	0	0	0	0	0	0	0	0	0	0	0	0	0	0	0	0	0	0	0	0	0	0	0	0	0	0	0	0	0	0	0	0	0	0	0	0	0	0	0	0	0	0	0	0	0	0	0	0	0	0	0	0	0	0	0	0	0	0	0	0	0	0	0	0	0	0	-1283	-2827	488	11216	-8994	238	41	995	4	0	0	-1	40	979	1	1606974626
-63	0	-53	-71	-66	-60	-77	-76	-74	-81	-76	-75	-78	-78	0	-82	-86	-86	-87	-87	-84	-84	-87	-87	-84	-83	0	-84	-84	0	-84	-84	-84	-60	0	0	0	0	-94	0	0	0	0	0	0	0	0	0	0	0	0	0	-88	0	0	0	0	0	0	-94	0	0	0	0	0	0	0	0	0	0	0	0	0	0	0	0	0	0	0	0	0	0	0	0	0	0	0	0	0	0	0	0	-90	0	0	0	0	0	0	0	0	0	0	0	0	0	0	0	0	0	0	0	0	0	0	0	0	0	0	0	0	0	0	0	0	0	0	0	0	0	0	0	0	0	0	0	0	0	0	0	0	0	0	0	0	0	0	0	0	0	0	0	0	0	0	0	0	-1269	-2842	443	11222	-8990	237	41	996	5	0	-1	-1	40	979	1	1606974627
-62	-53	-55	-70	-64	-61	-71	0	-72	-79	-73	-73	-77	0	0	0	0	-89	-89	-87	0	-87	-88	-87	0	0	0	-84	-83	0	-84	-85	-85	-59	0	0	0	0	0	0	0	0	0	0	0	0	0	0	0	0	0	0	-87	0	0	0	0	0	0	0	0	0	0	0	0	0	0	0	0	-90	0	0	0	0	0	0	0	0	0	0	0	0	0	0	0	0	0	0	0	0	0	-88	-88	0	0	0	0	0	0	0	0	0	0	0	0	0	0	0	0	0	0	0	0	0	0	0	0	0	0	0	0	0	0	0	0	0	0	0	0	0	0	0	0	0	0	0	0	0	0	0	0	0	0	0	0	0	0	0	0	0	0	0	0	0	0	0	0	-1223	-2917	429	11233	-8983	233	43	997	-3	-1	-1	-1	39	979	3	1606974629
-63	-53	-54	-71	-60	0	-72	-78	-78	0	-78	-78	-82	-77	0	-81	0	-90	-90	-90	0	-84	-89	-89	0	0	0	-84	-84	0	-84	-84	-84	-60	0	0	0	0	0	0	0	0	0	0	0	0	0	0	0	0	0	0	0	0	0	0	0	0	0	-93	0	0	0	0	0	0	0	0	0	-88	0	0	0	0	0	0	0	0	0	0	0	0	0	0	0	0	0	0	0	0	0	0	0	0	0	0	0	0	0	0	0	0	0	0	0	0	0	0	0	0	0	0	0	0	0	0	0	0	0	0	0	0	0	0	0	0	0	0	0	0	0	0	0	0	0	0	0	0	0	0	0	0	0	0	0	0	0	0	0	0	0	0	0	0	0	0	0	-1268	-2849	458	11214	-8993	236	38	994	5	0	0	-1	40	979	1	1606974630
0	-53	0	0	0	-64	0	0	-77	0	-78	-76	-82	0	0	-84	0	-90	-89	-90	0	0	-90	-88	0	0	-91	-85	-83	0	-84	-85	-84	-58	0	0	0	0	0	0	0	0	0	0	0	0	0	0	0	0	0	0	0	0	0	0	0	0	0	0	0	0	0	0	0	0	0	0	0	0	0	0	0	0	0	0	0	0	0	0	0	0	0	0	0	0	0	0	0	0	0	0	0	0	0	0	0	0	0	0	0	0	0	0	0	0	0	0	0	0	0	0	0	0	0	0	0	0	0	0	0	0	0	0	0	0	0	0	0	0	0	0	0	0	0	0	0	0	0	0	0	0	0	0	0	0	0	0	0	0	0	0	0	0	0	0	0	-1238	-2820	488	11219	-8992	237	42	997	-1	0	0	-1	40	979	1	1606974632
0	-56	-54	-66	0	0	-76	-70	-78	0	-77	-79	-82	-71	0	-83	0	-88	-88	-90	0	-82	-88	-90	0	0	0	-85	-84	0	-85	-85	-83	-62	0	0	0	0	0	0	0	0	0	0	0	0	0	-87	0	0	0	0	0	0	0	0	0	0	0	-95	0	0	0	0	0	0	0	0	0	-92	0	0	0	0	0	0	0	0	0	0	0	0	0	0	0	0	0	0	0	0	0	0	0	0	0	0	0	0	0	0	0	0	0	0	0	0	0	0	0	0	0	0	0	0	0	0	0	0	0	0	0	0	0	0	0	0	0	0	0	0	0	0	0	0	0	0	0	0	0	0	0	0	0	0	0	0	0	0	0	0	0	0	0	0	0	0	0	-1283	-2842	488	11206	-8998	238	43	995	2	0	0	0	40	979	0	1606974633
0	-58	-56	-71	-65	-65	-76	-72	-77	0	-77	-77	-82	-75	0	-82	0	-92	-90	-92	0	-87	0	-91	0	0	-87	-84	-83	0	-84	-85	-85	-59	0	0	0	0	0	0	0	0	0	0	0	0	0	0	0	0	0	0	0	0	0	0	-82	0	0	-94	0	-81	0	-82	-81	0	0	0	0	0	0	0	0	0	0	0	0	0	0	0	0	0	0	0	0	0	0	0	0	0	0	0	0	0	0	0	0	0	0	0	0	0	0	0	0	0	0	0	0	0	0	0	0	0	0	0	0	0	0	0	0	0	0	0	0	0	0	0	0	0	0	0	0	0	0	0	0	0	0	0	0	0	0	0	0	0	0	0	0	0	0	0	0	0	0	0	0	-1268	-2812	488	11206	-8998	238	42	996	1	0	0	-1	40	979	0	1606974635
0	-56	-55	-69	0	0	-80	-79	-76	0	-77	-76	-79	-80	0	-82	0	-89	-90	-91	0	-82	-90	-91	0	0	0	-85	-84	0	-85	-85	-85	-59	0	0	0	0	0	0	0	0	0	0	0	0	0	0	0	0	0	0	0	0	0	0	0	0	0	-94	0	0	0	0	0	0	0	0	0	0	0	0	0	0	0	0	0	0	0	0	0	0	0	0	0	0	0	0	0	0	0	0	0	0	0	0	0	0	0	0	0	0	0	0	0	0	0	0	0	0	0	0	0	0	0	0	0	0	0	0	0	0	0	0	0	0	0	0	0	0	0	0	0	0	0	0	0	0	0	0	0	0	0	0	0	0	0	0	0	0	0	0	0	0	0	0	0	-1276	-2797	443	11210	-8996	237	41	996	0	0	0	-1	40	979	0	1606974637
0	-55	-57	0	-66	-67	0	0	-75	0	-75	-74	-80	0	0	-82	0	-92	-90	-90	0	-83	-87	-89	0	0	-86	-85	-83	0	-84	-85	-85	-58	0	0	0	0	0	0	0	0	0	0	0	0	0	0	0	0	0	0	0	0	0	0	-81	0	0	-92	0	-81	0	-81	-80	0	0	0	0	0	0	0	0	0	0	0	0	0	0	0	0	0	0	0	0	0	0	0	0	0	0	0	0	0	0	0	0	0	0	0	0	0	0	0	0	0	0	0	0	0	0	0	0	0	0	0	0	0	0	0	0	0	0	0	0	0	0	0	0	0	0	0	0	0	0	0	0	0	0	0	0	0	0	0	0	0	0	0	0	0	0	0	0	0	0	-86	0	-1283	-2842	511	11207	-8997	238	41	996	-1	0	0	-1	40	979	0	1606974638
-66	0	-55	0	-65	-59	0	0	-74	-82	-75	-73	-77	0	0	-81	0	-86	-87	-87	0	-83	-87	-87	0	0	0	-84	-84	0	-84	-84	-85	-63	0	0	0	0	-96	0	0	0	0	0	0	0	0	0	0	0	0	0	0	0	0	0	0	0	0	-91	0	0	0	0	0	0	0	0	0	-89	-87	0	0	0	0	0	0	0	0	0	0	0	0	0	0	0	0	0	0	0	0	0	0	0	0	0	0	0	0	0	0	0	0	0	0	0	0	0	0	0	0	0	0	0	0	0	0	0	0	0	0	0	0	0	0	0	0	0	0	0	0	0	0	0	0	0	0	0	0	0	0	0	0	0	0	0	0	0	0	0	0	0	0	0	0	-78	0	-1268	-2820	503	11210	-8997	239	41	995	0	0	-1	0	41	979	0	1606974640
-58	-54	-57	-68	-66	-60	-76	-75	-74	0	-73	-73	-78	-75	0	-82	0	-85	-87	-87	0	-84	-86	-86	0	0	0	-84	-83	0	-85	-84	-84	-59	0	0	0	0	-93	0	0	0	0	0	0	0	0	0	0	0	0	0	0	0	0	0	0	0	0	-94	0	0	0	0	0	0	0	0	0	0	0	0	0	0	0	0	0	0	0	0	0	0	0	0	0	0	0	0	0	0	0	0	0	0	0	0	0	0	0	0	0	0	0	0	0	0	0	0	0	0	0	0	0	0	0	0	0	0	0	0	0	0	0	0	0	0	0	0	0	0	0	0	0	0	0	0	0	0	0	0	0	0	0	0	0	0	0	0	0	0	0	0	0	0	0	-84	0	-1314	-2826	428	11214	-8995	239	40	996	1	0	0	-1	40	979	0	1606974641
0	-54	-58	-66	0	-60	-72	-73	-74	0	-74	-73	-78	-73	0	-81	0	-85	-86	-86	0	-84	-86	-85	0	0	-90	-85	-85	0	-84	-84	-84	-60	-71	0	0	0	-94	0	0	0	0	0	0	0	0	0	0	0	0	0	0	0	0	0	0	0	0	-95	0	0	0	0	0	0	0	0	0	0	0	0	0	0	0	0	0	0	0	0	0	0	0	0	0	0	0	0	0	0	0	0	0	0	0	0	0	0	0	0	0	0	0	0	0	0	0	0	0	0	0	0	0	0	0	0	0	0	0	0	0	0	0	0	0	0	0	0	0	0	0	0	0	0	0	0	0	0	0	0	0	0	0	0	0	0	0	0	0	0	0	0	0	0	0	0	0	-1239	-2782	443	11212	-8995	239	42	996	-1	-1	-1	-1	40	979	0	1606974643
0	0	-56	-67	0	-60	-72	-78	-75	0	-73	-74	-77	-71	0	-83	0	-85	-87	-87	0	0	-88	-87	0	0	-88	-85	-85	0	-84	-84	-84	-59	0	0	0	0	0	0	0	0	0	0	0	0	0	0	0	-89	0	0	0	0	0	0	0	0	0	-93	0	0	0	0	0	0	0	0	0	0	0	0	0	0	0	0	0	0	0	0	0	0	0	0	0	0	0	0	0	0	0	0	0	0	0	0	0	0	0	0	0	0	0	0	0	0	0	0	0	0	0	0	0	0	0	0	0	0	0	0	0	0	0	0	0	0	0	0	0	0	0	0	0	0	0	0	0	0	0	0	0	0	0	0	0	0	0	0	0	0	0	0	0	0	0	-85	0	-1284	-2842	458	11213	-8995	238	41	996	0	-1	-1	-1	40	979	0	1606974645
-59	0	-54	-70	-65	0	-70	-76	-75	0	-75	-74	-79	-77	0	-81	0	-91	-91	-89	0	-83	-88	-90	0	0	0	-85	-85	0	-85	-84	-85	-58	0	0	0	0	0	0	0	0	0	0	0	0	0	0	0	0	0	0	0	0	0	0	0	0	0	-93	0	0	0	0	0	0	0	0	0	0	0	0	0	0	0	0	0	0	0	0	0	0	0	0	0	0	0	0	0	0	0	0	0	0	0	0	0	0	0	0	0	0	0	0	0	0	0	0	0	0	0	0	0	0	0	0	0	0	0	0	0	0	0	0	0	0	0	0	0	0	0	0	0	0	0	0	0	0	0	0	0	0	0	0	0	0	0	0	0	0	0	0	0	0	0	0	0	-1314	-2826	443	11215	-8994	239	41	996	-1	0	0	0	40	979	1	1606974646
0	-53	-60	0	0	-65	-71	-77	-74	0	-74	-75	-81	-77	0	-82	0	-90	-90	-89	0	-83	-90	-89	0	0	0	-84	-84	0	-84	-85	-85	-60	0	0	0	0	0	0	0	0	0	0	0	0	0	0	0	0	0	0	0	0	0	0	0	0	0	-90	0	0	0	0	0	0	0	0	0	-91	0	0	0	0	0	0	0	0	0	0	0	0	0	0	0	0	0	0	0	0	0	0	-89	0	0	0	0	0	0	0	0	0	0	0	0	0	0	0	0	0	0	0	0	0	0	0	0	0	0	0	0	0	0	0	0	0	0	0	0	0	0	0	0	0	0	0	0	0	0	0	0	0	0	0	0	0	0	0	0	0	0	0	0	0	0	0	0	-1314	-2826	443	11203	-8998	235	39	996	-3	-1	-1	0	41	979	1	1606974648
-62	-53	-58	0	-63	0	0	0	-74	-80	-75	-74	-80	0	0	0	-82	-90	-90	-89	-81	-83	-88	-90	-81	-82	0	-84	-84	0	-84	-84	-85	-60	0	0	0	0	0	0	0	0	0	0	0	0	0	0	0	0	0	0	0	0	0	-84	0	0	0	-92	0	0	0	0	0	0	0	0	0	0	-88	0	0	0	0	0	0	0	0	0	0	0	0	0	0	0	0	0	0	0	0	0	0	0	0	0	0	0	0	0	0	0	0	0	0	0	0	0	0	0	0	0	0	0	0	0	0	0	0	0	0	0	0	0	0	0	0	0	0	0	0	0	0	0	0	0	0	0	0	0	0	0	0	0	0	0	0	0	0	0	0	0	0	0	0	0	0	-1283	-2827	510	11209	-8996	237	42	996	3	-1	-1	-1	40	979	0	1606974649
-64	0	-56	0	-65	0	0	-71	-74	0	-73	-73	-77	0	0	-82	0	-86	-86	-87	-84	-85	-86	-87	-82	-84	0	-84	-85	0	-85	-84	-84	-60	0	0	0	0	-94	0	0	0	0	-83	0	0	0	0	0	0	0	0	0	0	0	0	0	0	0	-91	0	0	0	0	0	0	0	0	0	0	0	0	0	0	0	0	0	0	0	0	0	0	0	0	0	0	0	0	0	0	0	0	0	0	0	0	0	0	0	0	0	0	0	0	0	0	0	0	0	0	0	0	0	0	0	0	0	0	0	0	0	0	0	0	0	0	0	0	0	0	0	0	0	0	0	0	0	0	0	0	0	0	0	0	0	0	0	0	0	0	0	0	0	0	0	0	0	-1238	-2872	503	11212	-8995	237	43	996	1	0	0	-1	40	979	0	1606974651
-65	-53	0	-67	-66	-68	0	-76	-75	0	-75	-76	-80	-75	0	0	0	-90	-89	-90	0	-83	-90	-89	0	0	-89	-85	-85	0	-84	-84	-85	-59	0	0	0	0	0	0	0	0	0	0	0	0	0	0	0	0	0	0	-87	0	0	0	0	0	0	-92	0	0	0	0	0	0	0	0	0	0	0	0	0	0	0	0	0	0	0	0	0	0	0	0	0	0	0	0	0	0	0	0	0	0	0	0	0	0	0	0	0	0	0	0	0	0	0	0	0	0	0	0	0	0	0	0	0	0	0	0	0	0	0	0	0	0	0	0	0	0	0	0	0	0	0	0	0	0	0	0	0	0	0	0	0	0	0	0	0	0	0	0	0	0	0	0	0	-1238	-2812	488	11219	-8992	238	41	996	2	0	-1	-1	40	979	1	1606974653
0	-52	-57	0	0	0	0	0	-74	-79	-75	-75	-79	0	0	-84	0	-87	-90	-90	0	-83	-90	-89	0	0	0	-84	-83	0	-84	-85	-84	-59	0	0	0	0	0	0	0	0	0	0	0	0	0	0	0	0	0	0	0	0	0	0	0	0	0	-94	0	0	0	0	0	0	0	0	0	-90	0	0	0	0	0	0	0	0	0	0	0	0	0	0	0	0	0	0	0	0	0	0	0	0	0	0	0	0	0	0	0	0	0	0	0	0	0	0	0	0	0	0	0	0	-87	0	0	0	0	0	0	0	0	0	0	0	0	0	0	0	0	0	0	0	0	0	0	0	0	0	0	0	0	0	0	0	0	0	0	0	0	0	0	0	0	0	0	-1269	-2797	443	11208	-8998	239	41	996	0	0	0	-1	41	979	0	1606974654
0	-52	-57	-68	0	-65	-70	0	-76	0	-76	-75	-82	0	0	-82	0	-88	-90	-90	0	-86	-88	-91	0	0	0	-85	-84	0	-85	-84	-85	-60	0	0	0	0	0	0	0	0	0	0	0	0	0	0	0	0	0	0	0	0	0	0	0	0	0	-92	0	0	0	0	0	0	0	0	0	0	0	0	0	0	0	0	0	0	0	0	0	0	0	0	0	0	0	0	0	0	0	0	0	0	0	0	0	0	0	0	0	0	0	0	0	0	0	0	0	0	0	0	0	0	0	0	0	0	0	0	0	0	0	0	0	0	0	0	0	0	0	0	0	0	0	0	0	0	0	0	0	0	0	0	0	0	0	0	0	0	0	0	0	0	0	0	0	-1284	-2796	413	11220	-8991	237	42	996	0	0	-1	-1	40	979	1	1606974656
-68	-54	-57	0	-65	0	0	-71	-75	0	-77	-75	-79	-78	0	-82	0	-90	-89	-91	0	-82	-90	-89	0	0	0	-85	-84	0	-85	-84	-84	-59	0	0	0	0	0	0	0	0	0	0	0	0	0	-86	0	0	0	0	0	0	0	0	-82	0	0	0	0	-84	0	-80	-81	0	0	0	0	0	0	0	0	0	0	0	0	0	0	0	0	0	0	0	0	0	0	0	0	0	0	0	0	0	0	0	0	0	0	0	0	0	0	0	0	0	0	0	0	0	0	0	0	0	0	0	0	0	0	0	0	0	0	0	0	0	0	0	0	0	0	0	0	0	0	0	0	0	0	0	0	0	0	0	0	0	0	0	0	0	0	0	0	0	0	-90	0	-1314	-2826	443	11213	-8995	238	41	996	1	0	0	-1	40	979	0	1606974658
-64	0	-62	-71	-65	-60	-71	0	-73	-80	-73	-72	-77	0	0	0	0	-87	-87	-87	0	-83	-87	-86	0	0	0	-86	-84	0	-84	-84	-85	-59	0	0	0	0	-91	0	0	0	0	0	0	0	0	0	0	0	0	0	0	0	0	0	0	0	0	-94	0	0	0	0	0	0	0	0	0	0	0	0	0	0	0	0	0	0	0	0	0	0	0	0	0	0	0	0	0	0	0	0	0	0	0	0	0	0	0	0	0	0	0	0	0	0	0	0	0	0	0	0	0	0	0	0	0	0	0	0	0	0	0	0	0	0	0	0	0	0	0	0	0	0	0	0	0	0	0	0	0	0	0	0	0	0	0	0	0	0	0	0	0	0	0	-83	0	-1314	-2827	458	11198	-9001	237	39	996	-2	0	0	0	41	979	0	1606974659
-68	0	-57	-69	-66	0	-73	-76	-77	-84	-77	-77	-81	-78	0	-83	0	-88	-89	-89	0	0	-89	-90	0	0	0	-85	-85	0	-85	-85	-86	-59	0	0	0	0	0	0	0	0	0	0	0	0	0	0	0	0	0	0	0	0	0	-89	0	0	0	-93	0	0	0	0	0	0	0	0	0	0	0	0	0	0	0	0	0	0	0	0	0	0	0	0	0	0	0	0	0	0	0	0	0	0	0	0	0	0	0	0	0	0	0	0	0	0	0	0	0	0	0	0	0	0	0	0	0	0	0	0	0	0	0	0	0	0	0	0	0	0	0	0	0	0	0	0	0	0	0	0	0	0	0	0	0	0	0	0	0	0	0	0	0	0	0	0	0	-1284	-2797	436	11214	-8993	235	41	996	1	-1	-1	-1	40	979	1	1606974661
-59	0	0	-71	0	-64	0	-71	-74	-82	-75	-74	-79	-71	0	-83	-86	-90	-90	-90	0	0	-89	-90	0	-85	0	-86	-85	0	-85	-85	-86	-59	0	0	0	0	0	0	0	0	0	0	0	0	0	0	0	0	0	0	0	0	0	0	0	0	0	-94	0	0	0	0	0	0	0	0	0	0	0	0	0	0	0	0	0	0	0	0	0	0	0	0	0	0	0	0	0	0	0	0	0	0	0	0	0	0	0	0	0	0	0	0	0	0	0	0	0	0	0	0	0	0	0	0	0	0	0	0	0	0	0	0	0	0	0	0	0	0	0	0	0	0	0	0	0	0	0	0	0	0	0	0	0	0	0	0	0	0	0	0	0	0	0	0	0	-1336	-2804	488	11222	-8990	236	41	996	1	0	0	-1	40	979	1	1606974663
-62	0	-58	-67	0	0	-77	-75	-75	-81	-74	-76	-79	-70	0	-81	0	-89	-89	-89	-85	-85	-89	-89	-84	-85	-90	-83	-85	0	-85	-84	-85	-62	0	0	0	0	0	0	0	0	0	0	0	0	0	0	0	0	0	0	0	0	0	-87	0	0	0	-94	0	0	0	0	0	0	0	0	0	0	0	0	0	0	0	0	0	0	0	0	0	0	0	0	0	0	0	0	0	0	0	0	0	0	0	0	0	0	0	0	0	0	0	0	0	0	0	0	0	0	0	0	0	0	0	0	0	0	0	0	0	0	0	0	0	0	0	0	0	0	0	0	0	0	0	0	0	0	0	0	0	0	0	0	0	0	0	0	0	0	0	0	0	0	0	-92	0	-1269	-2842	458	11217	-8993	239	42	996	0	0	0	-1	40	979	1	1606974664
-64	0	-56	-70	-63	-67	-71	-71	-75	-80	-74	-74	-79	-71	0	0	0	-89	-89	-89	0	-86	-89	-89	0	0	0	-86	-85	0	-85	-86	-86	-58	0	0	0	0	0	0	0	0	0	0	0	0	0	0	0	0	0	0	0	0	0	-85	0	0	0	-94	0	0	0	0	0	0	0	0	0	0	0	0	0	0	0	0	0	0	0	0	0	0	0	0	0	0	0	0	0	0	0	0	0	0	0	0	0	0	0	0	0	0	0	0	0	0	0	0	0	0	0	0	0	0	0	0	0	0	0	0	0	0	0	0	0	0	0	0	0	0	0	0	0	0	0	0	0	0	0	0	0	0	0	0	0	0	0	0	0	0	0	0	0	0	0	0	0	-1284	-2827	428	11234	-8984	236	44	996	6	-1	-1	-1	40	979	2	1606974666
0	0	0	0	0	0	0	0	-75	0	-74	-76	-76	0	0	0	-84	-86	-86	-86	-84	0	-87	-86	-83	-85	0	-85	-84	0	-85	-85	-85	-66	0	0	0	0	-94	0	0	-92	0	0	0	0	0	0	0	0	0	0	0	0	0	0	0	0	0	0	0	0	0	0	0	0	0	0	0	-92	0	0	0	0	0	0	0	0	0	0	0	0	0	0	0	0	0	0	0	0	0	0	0	0	0	0	0	0	0	0	0	0	0	0	0	0	0	0	0	0	0	0	0	0	0	0	0	0	0	0	0	0	0	0	0	0	0	0	0	0	0	0	0	0	0	0	0	0	0	0	0	0	0	0	0	0	0	0	0	0	0	0	0	0	0	0	0	-1284	-2812	451	11178	-9011	235	41	996	3	-1	-1	-1	40	979	3	1606974667
-61	0	0	-75	0	-67	-70	-70	-74	-79	-73	-73	-79	-70	0	-81	-83	-89	-90	-89	-84	-83	-89	-87	0	-84	0	-85	-85	0	-84	-85	-85	-57	0	0	0	0	0	0	0	-94	0	0	0	0	0	0	0	0	0	0	-88	0	0	0	0	0	0	-92	0	0	0	0	0	0	0	0	0	-92	0	0	0	0	0	0	0	0	0	0	0	0	0	0	0	0	0	0	0	0	0	0	-87	0	0	0	0	0	0	0	0	0	0	0	0	0	0	0	0	0	-91	0	0	0	0	0	0	0	0	0	0	0	0	0	0	0	0	0	0	0	0	0	0	0	0	0	0	0	0	0	0	0	0	0	0	0	0	0	0	0	0	0	0	0	0	0	0	-1269	-2827	458	11210	-8996	237	39	995	4	0	0	-1	40	979	0	1606974669
-67	0	-57	-68	-68	0	-78	-77	-74	0	-74	-73	-80	-76	0	-80	0	-91	-91	-90	0	-84	-90	-91	0	0	-89	-86	-87	0	-86	-88	-87	-58	0	0	0	0	0	0	0	0	0	0	0	0	0	0	0	0	0	0	0	0	0	0	0	0	0	-93	0	0	0	0	0	0	0	0	0	-91	0	0	0	0	0	0	0	0	0	0	0	0	0	0	0	0	0	0	0	0	0	0	0	0	0	0	0	0	0	0	0	0	0	0	0	0	0	0	0	0	0	0	0	0	0	0	0	0	0	0	0	0	0	0	0	0	0	0	0	0	0	0	0	0	0	0	0	0	0	0	0	0	0	0	0	0	0	0	0	0	0	0	0	0	0	0	0	-1284	-2827	458	11205	-8996	233	39	996	3	-1	-1	-1	40	979	0	1606974671
-66	-55	-56	0	-63	0	0	-76	-73	0	-73	-74	-77	0	-89	-82	0	-85	-86	-86	0	-84	-86	-85	0	0	0	-86	-86	0	-86	-85	-85	-59	0	0	0	0	0	0	0	0	0	0	0	0	0	0	0	0	0	0	0	0	0	0	0	0	0	-93	0	0	0	0	0	0	0	0	0	0	0	0	0	0	0	0	0	0	0	0	0	0	0	0	0	0	0	0	0	0	0	0	0	0	0	0	0	0	0	0	0	0	0	0	0	0	0	0	0	0	0	0	0	0	-90	0	0	0	0	0	0	0	0	0	0	0	0	0	0	0	0	0	0	0	0	0	0	0	0	0	0	0	0	0	0	0	0	0	0	0	0	0	0	0	0	0	-92	-1261	-2827	488	11222	-8991	238	42	996	0	0	0	-1	40	979	1	1606974672
-61	-54	-57	-68	-65	-64	-71	-71	-74	-82	-74	-73	-80	-77	0	-81	0	-90	-89	-89	0	0	-89	-88	0	0	-94	-86	-86	0	-85	-85	-87	-58	0	0	0	0	0	0	0	0	0	0	0	0	0	0	0	0	0	0	0	0	0	0	0	0	0	-93	0	0	0	0	0	0	0	0	0	0	0	0	0	0	0	0	0	0	0	0	0	0	0	0	0	0	0	0	0	0	0	0	0	0	0	0	0	0	0	0	0	0	0	0	0	0	0	0	0	0	0	0	0	0	0	0	0	0	0	0	0	0	0	0	0	0	0	0	0	0	0	0	0	0	0	0	0	0	0	0	0	0	0	0	0	0	0	0	0	0	0	0	0	0	0	0	-92	-1269	-2744	443	11213	-8995	237	41	996	1	0	0	-1	40	979	0	1606974674
-63	-53	0	0	-64	0	0	-71	-74	-79	-75	-73	-80	-71	0	0	0	-89	-90	-91	0	-84	0	-90	0	0	0	-86	-86	0	-85	-86	-85	-59	0	0	0	0	0	0	0	0	0	0	0	0	0	0	0	-88	0	0	0	0	0	0	0	0	0	-92	0	0	0	0	0	0	0	0	0	0	0	0	0	0	0	0	0	0	0	0	0	0	0	0	0	0	0	0	0	0	0	0	0	0	0	0	0	0	0	0	0	0	0	0	0	0	0	0	0	0	0	0	0	0	0	0	0	0	0	0	0	0	0	0	0	0	0	0	0	0	0	0	0	0	0	0	0	0	0	0	0	0	0	0	0	0	0	0	0	0	0	0	0	0	0	0	0	-1284	-2797	458	11202	-9000	238	41	996	0	0	0	-1	40	979	0	1606974676
-62	0	-56	-73	-64	-63	-71	-70	-73	-80	-73	-74	-80	-77	0	-80	-83	-93	-90	-89	-83	-85	-90	-89	-84	-86	0	-86	-85	0	-86	-85	-85	-59	0	0	0	0	0	0	0	0	0	0	0	0	0	0	0	0	0	0	-88	-91	0	0	0	0	0	-93	0	0	0	0	0	0	0	0	0	-90	0	0	0	0	0	0	0	0	0	0	0	0	0	0	0	0	0	0	0	0	0	-88	0	0	0	0	0	0	0	0	0	0	0	0	0	0	0	0	0	0	0	0	0	0	0	0	0	0	0	0	0	0	0	0	0	0	0	0	0	0	0	0	0	0	0	0	0	0	0	0	0	0	0	0	0	0	0	0	0	0	0	0	0	0	0	0	0	-1238	-2812	458	11208	-8997	237	41	996	0	0	0	-1	40	979	0	1606974677
0	0	0	0	-64	0	0	0	-75	-80	-73	-74	-81	0	0	-82	0	-91	-90	-89	0	0	-89	-90	0	0	0	-85	-86	0	-86	-86	-85	-59	0	0	0	0	0	0	0	0	0	0	0	0	0	0	0	0	0	0	0	0	0	0	0	0	0	-91	0	0	0	0	0	0	0	0	0	-90	0	0	0	0	0	0	0	0	0	0	0	0	0	0	0	0	0	0	0	0	0	0	0	0	0	0	0	0	0	0	0	0	0	0	0	0	0	0	0	0	0	0	0	0	0	0	0	0	0	0	0	0	0	0	0	0	0	0	0	0	0	0	0	0	0	0	0	0	0	0	0	0	0	0	0	0	0	0	0	0	0	0	0	0	0	0	0	-1284	-2827	458	11214	-8995	240	40	996	1	0	0	0	41	979	0	1606974679
-63	0	0	-73	-64	-64	-69	-77	-74	-81	-75	-74	-80	-72	0	-82	0	-91	-89	-90	0	-84	-90	-89	0	0	0	-87	-86	0	-86	-85	-87	-58	0	0	0	0	0	0	0	0	0	0	0	0	0	0	0	0	0	0	0	0	0	-83	0	0	0	-94	0	0	0	0	0	0	0	0	0	0	0	0	0	0	0	0	0	0	0	0	0	0	0	0	0	0	0	0	0	0	0	0	0	0	0	0	0	0	0	0	0	0	0	0	0	0	0	0	0	0	0	0	0	0	0	0	0	0	0	0	0	0	0	0	0	0	0	0	0	0	0	0	0	0	0	0	0	0	0	0	0	0	0	0	0	0	0	0	0	0	0	0	0	0	0	0	0	-1253	-2827	458	11230	-8987	239	43	996	-5	-1	-1	-1	41	979	2	1606974680
-65	-54	0	0	-67	-61	0	-71	-73	0	-74	-74	-77	-78	0	-82	-82	-85	-86	-86	-83	-88	-87	-86	-84	-84	-90	-86	-85	0	-86	-86	-86	-59	0	0	0	0	-93	0	0	-91	0	0	0	0	0	-87	0	0	0	0	0	-90	0	-85	0	0	0	0	0	0	0	0	0	0	0	0	0	-90	0	0	0	0	0	0	0	0	0	0	0	0	0	0	0	0	0	0	0	0	0	0	0	0	0	0	0	0	0	0	0	0	0	0	0	0	0	0	0	0	0	0	0	0	0	0	0	0	0	0	0	0	0	0	0	0	0	0	0	0	0	0	0	0	0	0	0	0	0	0	0	0	0	0	0	0	0	0	0	0	0	0	0	0	0	0	0	-1314	-2796	443	11222	-8992	241	41	996	-1	-1	-1	0	41	979	1	1606974682
0	-55	-59	-71	-67	0	-71	-71	-73	0	-74	-74	-80	-74	0	-82	0	-90	-91	-89	0	-83	-90	-90	0	0	0	-86	-84	0	-85	-85	-85	-59	0	0	0	0	0	0	0	0	0	0	0	0	0	0	0	0	0	0	0	-88	0	0	0	0	0	-93	0	0	0	0	0	0	0	0	0	-93	0	0	0	0	0	0	0	0	0	0	0	0	0	0	0	0	0	0	0	0	0	0	0	0	0	0	0	0	0	0	0	0	0	0	0	0	0	0	0	0	0	0	0	0	0	0	0	0	0	0	0	0	0	0	0	0	0	0	0	0	0	0	0	0	0	0	0	0	0	0	0	0	0	0	0	0	0	0	0	0	0	0	0	0	0	0	0	-1284	-2841	399	11214	-8994	238	42	996	-2	-1	0	-1	40	979	1	1606974683
-60	-59	-56	0	-65	-64	0	-71	-75	-79	-74	-74	-81	-74	0	-80	0	-90	-89	-90	0	0	-90	-91	0	0	-92	-85	-84	0	-85	-85	-86	-57	0	0	0	0	0	0	0	0	0	0	0	0	0	0	0	0	0	0	0	0	0	0	0	0	0	0	0	0	0	0	0	0	0	0	0	-92	0	0	0	0	0	0	0	0	0	0	0	0	0	0	0	0	0	0	0	0	0	0	0	0	0	0	0	0	0	0	0	0	0	0	0	0	0	0	0	0	0	0	0	0	0	0	0	0	0	0	0	0	0	0	0	0	0	0	0	0	0	0	0	0	0	0	0	0	0	0	0	0	0	0	0	0	0	0	0	0	0	0	0	0	0	0	0	-1246	-2827	443	11202	-9001	240	41	996	-3	-1	0	0	41	979	-1	1606974685
0	-54	0	-70	0	0	-77	-75	-75	-82	-76	-75	-77	-72	0	-82	-84	0	-90	-89	-85	-86	-89	-89	-84	-85	0	-85	-86	0	-85	-85	-84	-59	0	0	0	0	0	0	0	0	0	0	0	0	0	0	0	0	0	0	0	0	0	-85	0	0	0	-92	0	0	0	0	0	0	0	0	0	0	0	0	0	0	0	0	0	0	0	0	0	0	0	0	0	0	0	0	0	0	0	0	0	0	0	0	0	0	0	0	0	0	0	0	0	0	0	0	0	0	0	0	0	0	0	0	0	0	0	0	0	0	0	0	0	0	0	0	0	0	0	0	0	0	0	0	0	0	0	0	0	0	0	0	0	0	0	0	0	0	0	0	0	0	0	0	-84	-1269	-2797	458	11281	-8962	238	44	996	-2	-1	-1	-1	40	979	6	1606974687
-64	0	-54	0	-64	-65	-76	-72	-76	0	-76	-75	-78	-72	0	-83	-82	-90	-90	-89	-86	-81	-90	-90	-82	0	0	-86	-86	0	-84	-85	-84	-60	0	0	0	0	0	0	0	0	0	0	0	0	0	0	0	0	0	0	0	0	0	0	0	0	0	-93	0	-81	0	-82	-82	0	0	0	0	0	0	0	0	0	0	0	0	0	0	0	0	0	0	0	0	0	0	0	0	0	0	0	0	0	0	0	0	0	0	0	0	0	0	0	0	0	0	0	0	0	0	0	0	0	0	0	0	0	0	0	0	0	0	0	0	0	0	0	0	0	0	0	0	0	0	0	0	0	0	0	0	0	0	0	0	0	0	0	0	0	0	0	0	0	0	0	0	-1269	-2842	458	11215	-8995	241	41	996	0	-1	-1	0	41	979	0	1606974688
-61	-54	-56	-72	0	0	-74	-75	-80	0	-79	-78	-80	-72	0	-83	-84	-89	-89	-89	0	-84	-89	-89	-85	0	0	-85	-83	0	-84	-85	-84	-60	0	0	0	0	0	0	0	0	0	0	0	0	0	0	0	0	0	0	0	0	0	0	0	0	0	-92	0	-83	0	-84	-83	0	0	0	0	0	0	0	0	0	0	0	0	0	0	0	0	0	0	0	0	0	0	0	0	0	0	0	0	0	0	0	0	0	0	0	0	0	0	0	0	0	0	0	0	0	0	0	0	0	0	0	0	0	0	0	0	0	0	0	0	0	0	0	0	0	0	0	0	0	0	0	0	0	0	0	0	0	0	0	0	0	0	0	0	0	0	0	0	0	0	0	0	-1284	-2812	466	11217	-8994	242	42	996	-2	-1	-1	0	41	979	1	1606974690
-63	0	0	-73	-66	-63	-70	-72	-77	-77	-77	-76	-80	-77	0	-81	0	-89	-89	-89	0	0	-89	-88	0	0	0	-85	-84	0	-86	-86	-84	-58	0	0	0	0	0	0	0	0	0	0	0	0	0	0	0	0	0	0	0	0	0	0	0	0	0	-93	0	0	0	0	0	0	0	0	0	0	0	0	0	0	0	0	0	0	0	0	0	0	0	0	0	0	0	0	0	0	0	0	0	0	0	0	0	0	0	0	0	0	0	0	0	0	0	0	0	0	0	0	0	0	0	0	0	0	0	0	0	0	0	0	0	0	0	0	0	0	0	0	0	0	0	0	0	0	0	0	0	0	0	0	0	0	0	0	0	0	0	0	0	0	0	0	0	-1253	-2812	458	11220	-8993	242	42	996	1	-1	-1	0	41	979	1	1606974691
-64	-55	-56	-69	-65	0	-76	-70	-74	-76	-74	-74	-78	-71	0	-81	0	-90	-89	-89	0	-82	-89	-89	0	0	-88	-84	-84	0	-85	-85	-85	-59	0	0	0	0	0	0	0	0	0	0	0	0	0	0	0	0	0	0	0	0	0	0	0	0	0	-92	0	0	0	0	0	0	0	0	0	0	0	0	0	0	0	0	0	0	0	0	0	0	0	0	0	0	0	0	0	0	0	0	0	0	0	0	0	0	0	0	0	0	0	0	0	0	0	0	0	0	0	0	0	0	0	0	0	0	0	0	0	0	0	0	0	0	0	0	0	0	0	0	0	0	0	0	0	0	0	0	0	0	0	0	0	0	0	0	0	0	0	0	0	0	0	0	-83	-1178	-2827	421	11214	-8996	243	41	996	2	-1	-1	0	41	979	1	1606974693
-64	-55	-54	-69	-68	-64	-75	-73	-78	0	-77	-75	-81	-71	0	-82	0	-88	-88	-89	0	0	-89	-89	0	0	0	-85	-85	0	-84	-85	-85	-61	0	0	0	0	0	0	0	0	0	0	0	0	0	0	0	0	0	0	0	0	0	-87	0	0	0	-94	0	0	0	0	0	0	0	0	0	0	0	0	0	0	0	0	0	0	0	0	0	0	0	0	0	0	0	0	0	0	0	0	0	0	0	0	0	0	0	0	0	0	0	0	0	0	0	0	0	0	0	0	0	0	0	0	0	0	0	0	0	0	0	0	0	0	0	0	0	0	0	0	0	0	0	0	0	0	0	0	0	0	0	0	0	0	0	0	0	0	0	0	0	0	0	0	0	-1238	-2894	444	11210	-8998	242	43	996	-1	-1	0	0	41	979	0	1606974695
0	0	-57	-69	0	0	-71	-78	-75	0	-75	-75	-78	-71	0	0	0	-90	-90	-89	0	-83	-89	-88	0	0	0	-84	-84	0	-84	-85	-86	-59	0	0	0	0	0	0	0	0	0	0	0	0	0	0	0	0	0	0	0	0	0	0	0	0	0	-91	0	0	0	0	0	0	0	0	0	0	0	0	0	0	0	0	0	0	0	0	0	0	0	0	0	0	0	0	0	0	0	0	0	0	0	0	0	0	0	0	0	0	0	0	0	0	0	0	0	0	0	0	0	0	0	0	0	0	0	0	0	0	0	0	0	0	0	0	0	0	0	0	0	0	0	0	0	0	0	0	0	0	0	0	0	0	0	0	0	0	0	0	0	0	0	0	0	-1208	-2812	443	11235	-8985	239	41	996	0	-1	-1	-1	40	979	2	1606974696
0	-53	-57	-70	-67	0	-75	0	-72	-82	-74	-73	-75	0	0	-81	-84	-85	-85	-87	-84	-85	-86	-85	-83	-84	0	-85	-84	0	-85	-85	-84	-64	-72	0	0	0	0	0	0	0	0	0	0	0	0	0	0	0	0	0	0	0	0	0	-81	0	0	-93	0	-82	0	-81	-82	0	0	0	0	-93	0	0	0	0	0	0	0	0	0	0	0	0	0	0	0	0	0	0	0	0	0	0	0	0	0	0	0	0	0	0	0	0	0	0	0	0	0	0	0	0	0	0	0	0	0	0	0	0	0	0	0	0	0	0	0	0	0	0	0	0	0	0	0	0	0	0	0	0	0	0	0	0	0	0	0	0	0	0	0	0	0	0	0	0	0	0	0	-1321	-2872	458	11225	-8990	240	41	996	2	0	0	-1	41	979	1	1606974698
0	-53	-57	-70	0	-67	-71	-76	-76	0	-76	-76	-80	-71	0	-82	0	-90	-89	-89	0	-85	-90	-89	0	0	0	-84	-85	0	-85	-84	-84	-62	0	0	0	0	0	0	0	0	0	0	0	0	0	0	0	0	0	0	0	0	0	0	0	0	0	-94	0	0	0	0	0	0	0	0	0	-92	0	0	0	0	0	0	0	0	0	0	0	0	0	0	0	0	0	0	0	0	0	0	0	0	0	0	0	0	0	0	0	0	0	0	0	0	0	0	0	0	0	0	0	0	0	0	0	0	0	0	0	0	0	0	0	0	0	0	0	0	0	0	0	0	0	0	0	0	0	0	0	0	0	0	0	0	0	0	0	0	0	0	0	0	0	0	0	-1283	-2812	518	11205	-8999	240	42	996	-2	0	0	0	41	979	0	1606974699
-60	-54	-57	-69	0	0	-75	-73	-75	0	-76	-75	-80	-75	0	-83	0	-91	-91	-91	0	-84	-92	-91	0	0	0	-85	-84	0	-84	-84	-84	-59	0	0	0	0	0	0	0	0	0	0	0	0	0	0	0	0	0	0	0	0	0	0	0	0	0	-93	0	0	0	0	0	0	0	0	0	-94	0	0	0	0	0	0	0	0	0	0	0	0	0	0	0	0	0	0	0	0	0	0	0	0	0	0	0	0	0	0	0	0	0	0	0	0	0	0	0	0	0	0	0	0	0	0	0	0	0	0	0	0	0	0	0	0	0	0	0	0	0	0	0	0	0	0	0	0	0	0	0	0	0	0	0	0	0	0	0	0	0	0	0	0	0	0	0	-1284	-2842	451	11197	-9002	238	40	996	-1	0	0	0	40	979	-1	1606974701
0	-55	-55	0	0	-66	0	0	-77	0	-76	-76	-79	0	0	-85	0	-89	-89	-89	0	-84	-88	-89	0	0	-91	-85	-84	0	-85	-84	-84	-58	0	0	0	0	0	0	0	0	0	0	0	0	0	0	0	0	0	0	0	0	0	0	0	0	0	-91	0	0	0	0	0	0	0	0	0	0	0	0	0	0	0	0	0	0	0	0	0	0	0	0	0	0	0	0	0	0	0	0	0	0	0	0	0	0	0	0	0	0	0	0	0	0	0	0	0	0	0	0	0	0	0	0	0	0	0	0	0	0	0	0	0	0	0	0	0	0	0	0	0	0	0	0	0	0	0	0	0	0	0	0	0	0	0	0	0	0	0	0	0	0	0	0	0	-1284	-2804	451	11205	-9000	242	43	996	-3	0	0	0	41	979	0	1606974703
0	-54	0	-68	0	0	0	0	-75	0	-76	-75	-78	-72	0	-84	0	-89	-88	-88	-84	-86	-89	-88	0	0	0	-85	-84	0	-85	-84	-85	-59	0	0	0	0	0	0	0	0	0	0	0	0	0	0	0	0	0	0	0	0	0	0	0	0	0	0	0	0	0	0	0	0	0	0	0	0	0	0	0	0	0	0	0	0	0	0	0	0	0	0	0	0	0	0	0	0	0	0	0	0	0	0	0	0	0	0	0	0	0	0	0	0	0	0	0	0	0	0	0	0	0	0	0	0	0	0	0	0	0	0	0	0	0	0	0	0	0	0	0	0	0	0	0	0	0	0	0	0	0	0	0	0	0	0	0	0	0	0	0	0	0	0	-90	-1253	-2902	429	11205	-9000	241	41	996	2	-1	-1	0	40	979	0	1606974704
-60	-54	0	0	-64	-64	0	-74	-77	0	-77	-76	-79	-73	0	-81	0	-91	-90	-90	0	-84	-90	-90	0	0	0	-84	-86	0	-85	-85	-85	-59	0	0	0	0	0	0	0	0	0	0	0	0	0	0	0	0	0	0	0	0	0	0	0	0	0	0	0	0	0	0	0	0	0	0	0	-92	0	0	0	0	0	0	0	0	0	0	0	0	0	0	0	0	0	0	0	0	0	0	0	0	0	0	0	0	0	0	0	0	0	0	0	0	0	0	0	0	0	0	0	0	0	0	0	0	0	0	0	0	0	0	0	0	0	0	0	0	0	0	0	0	0	0	0	0	0	0	0	0	0	0	0	0	0	0	0	0	0	0	0	0	0	0	-90	-1283	-2887	488	11209	-8996	237	40	996	-1	-1	-1	0	40	979	2	1606974706
0	-53	-56	-71	-60	0	0	-73	-76	-82	-75	-75	-79	-73	0	-82	-82	-89	-88	-89	-82	-83	-88	-88	-85	-83	0	-85	-84	0	-84	-85	-84	-59	0	0	0	0	0	0	0	0	0	0	0	0	0	-85	0	0	0	0	0	0	0	-87	0	0	0	-94	0	0	0	0	0	0	0	0	0	0	0	0	0	0	0	0	0	0	0	0	0	0	0	0	0	0	0	0	0	0	0	0	0	0	0	0	0	0	0	0	0	0	0	0	0	0	0	0	0	0	0	0	0	0	0	0	0	0	0	0	0	0	0	0	0	0	0	0	0	0	0	0	0	0	0	0	0	0	0	0	0	0	0	0	0	0	0	0	0	0	0	0	0	0	0	0	0	-1208	-2827	451	11190	-9006	239	41	996	-1	0	0	0	40	979	-1	1606974707
0	-53	-58	-73	0	-61	-73	-73	-73	0	-75	-75	-75	-73	0	0	0	-86	-86	-87	0	0	-85	-87	0	0	-88	-83	-83	0	-84	-85	-84	-62	0	0	0	0	-94	0	0	0	0	0	0	0	0	0	0	0	0	0	0	0	0	0	0	0	0	-95	0	0	0	0	0	0	0	0	0	0	0	0	0	0	0	0	0	0	0	0	0	0	0	0	0	0	0	0	0	0	0	0	0	0	0	0	0	0	0	0	0	0	0	0	0	0	0	0	0	0	0	0	0	0	0	0	0	0	0	0	0	0	0	0	0	0	0	0	0	0	0	0	0	0	0	0	0	0	0	0	0	0	0	0	0	0	0	0	0	0	0	0	0	0	0	0	0	-1238	-2827	443	11202	-8998	234	45	996	-5	-1	-1	-1	40	979	0	1606974709
0	0	-56	0	-64	0	0	0	-75	0	-75	-75	-75	0	0	0	0	-85	-85	-85	0	0	-85	-85	0	0	0	-85	-83	0	-84	-84	-84	-58	0	0	0	0	0	0	0	0	0	0	0	0	0	0	0	-86	0	0	0	0	0	0	0	0	0	-94	0	0	0	0	0	0	0	0	0	-91	0	0	0	0	0	0	0	0	0	0	0	0	0	0	0	0	0	0	0	0	0	0	0	0	0	0	0	0	0	0	0	0	0	0	0	0	0	0	0	0	0	0	0	0	0	0	0	0	0	0	0	0	0	0	0	0	0	0	0	0	0	0	0	0	0	0	0	0	0	0	0	0	0	0	0	0	0	0	0	0	0	0	0	0	0	0	-89	-1314	-2864	443	11187	-9007	238	41	996	0	0	0	0	40	979	-2	1606974711
-54	-55	-56	-70	-63	-64	-68	-70	-78	-80	-80	-79	-80	-76	0	-82	0	-90	-89	-88	-87	-86	-90	-89	0	0	-89	-85	-85	0	-84	-84	-84	-56	0	0	0	0	0	0	0	0	0	0	0	0	0	-85	0	0	0	0	0	-89	0	0	0	0	0	-93	0	0	0	0	0	0	0	0	0	0	0	0	0	0	0	0	0	0	0	0	0	0	0	0	0	0	0	0	0	0	0	0	0	0	0	0	0	0	0	0	0	0	0	0	0	0	0	0	0	0	0	0	0	0	0	0	0	0	0	0	0	0	0	0	0	0	0	0	0	0	0	0	0	0	0	0	0	0	0	0	0	0	0	0	0	0	0	0	0	0	0	0	0	0	0	0	0	-1238	-2835	458	11195	-9003	236	43	996	-1	-1	-1	-1	40	979	-1	1606974712
-62	-57	-57	0	-65	0	0	-76	-75	0	-74	-76	-75	-76	0	-82	0	-86	-86	-85	0	-83	-86	-87	0	0	-89	-85	-85	0	-84	-84	-84	-61	0	0	0	0	0	0	0	0	0	0	0	0	0	0	0	0	0	0	0	0	0	0	0	0	0	-92	0	-83	0	-81	-82	0	0	0	0	0	0	0	0	0	0	0	0	0	0	0	0	0	0	0	0	0	0	0	0	0	0	0	0	0	0	0	0	0	0	0	0	0	0	0	0	0	0	0	0	0	0	0	0	0	0	0	0	0	0	0	0	0	0	0	0	0	0	0	0	0	0	0	0	0	0	0	0	0	0	0	0	0	0	0	0	0	0	0	0	0	0	0	0	0	0	0	0	-1284	-2834	466	11200	-9002	239	42	996	1	-1	-1	0	40	979	-1	1606974714
0	0	-57	-65	-62	0	-74	-71	-73	0	-75	-75	-75	-71	0	-81	0	-89	-91	-89	-85	-83	-88	-90	0	0	0	-83	-83	0	-84	-84	-84	-58	0	0	0	0	0	0	0	0	0	0	0	0	0	0	0	0	0	0	0	0	0	0	0	0	0	-94	0	0	0	0	0	0	0	0	0	0	-87	0	0	0	0	0	0	0	0	0	0	0	0	0	0	0	0	0	0	0	0	-85	0	0	0	0	0	0	0	0	0	0	0	0	0	0	0	0	0	0	0	0	0	0	0	0	0	0	0	0	0	0	0	0	0	0	0	0	0	0	0	0	0	0	0	0	0	0	0	0	0	0	0	0	0	0	0	0	0	0	0	0	0	0	0	0	0	-1284	-2827	451	11198	-9004	243	43	997	-6	-1	-1	0	41	979	-1	1606974716
-63	-54	0	-66	-65	-64	-73	-73	-76	0	-75	-74	-79	-74	0	-81	0	-91	-92	-89	0	-84	-91	-91	0	0	0	-85	-84	0	-84	-85	-84	-58	0	0	0	0	0	0	0	0	0	0	0	0	0	0	0	0	0	0	0	0	0	0	0	0	0	-94	0	0	0	0	0	0	0	0	0	0	0	0	0	0	0	0	0	0	0	0	0	0	0	0	0	0	0	0	0	0	0	0	0	0	0	0	0	0	0	0	0	0	0	0	0	0	0	0	0	0	0	0	0	0	0	0	0	0	0	0	0	0	0	0	0	0	0	0	0	0	0	0	0	0	0	0	0	0	0	0	0	0	0	0	0	0	0	0	0	0	0	0	0	0	0	0	0	-1283	-2827	503	11197	-9004	242	41	996	-2	-1	-1	0	41	979	-1	1606974717
-65	-59	0	-65	-63	-63	-73	-74	-74	-82	-74	-75	-76	-71	0	-81	-84	-86	-88	-87	0	-83	-88	-88	-83	0	0	-85	-84	0	-83	-85	-84	-59	-71	0	0	0	0	0	0	0	0	0	0	0	0	0	0	0	0	0	0	0	0	0	0	0	0	-96	0	0	0	0	0	0	0	0	0	-92	-88	0	0	0	0	0	0	0	0	0	0	0	0	0	0	0	0	0	0	0	0	0	0	0	0	0	0	0	0	0	0	0	0	0	0	0	0	0	0	0	0	0	0	0	0	0	0	0	0	0	0	0	0	0	0	0	0	0	0	0	0	0	0	0	0	0	0	0	0	0	0	0	0	0	0	0	0	0	0	0	0	0	0	0	0	0	0	-1314	-2834	473	11202	-9001	241	41	995	-3	-1	-1	0	41	979	-1	1606974719
-66	-54	-55	0	0	0	0	0	-75	0	-75	-74	-79	0	0	-83	0	-91	-90	-89	0	-85	0	-90	0	0	0	-85	-83	0	-85	-85	-85	-57	0	0	0	0	0	0	0	0	0	0	0	0	0	0	0	0	0	0	0	0	0	0	0	0	0	-92	-93	0	0	0	0	0	0	0	0	0	0	0	0	0	0	0	0	0	0	0	0	0	0	0	0	0	0	0	0	0	0	0	0	0	0	0	0	0	0	0	0	0	0	0	0	0	0	0	0	0	0	0	0	0	0	0	0	0	0	0	0	0	0	0	0	0	0	0	0	0	0	0	0	0	0	0	0	0	0	0	0	0	0	0	0	0	0	0	0	0	0	0	0	0	0	0	-88	-1314	-2827	488	11201	-9002	242	41	995	-1	-1	-1	0	41	979	-1	1606974720
-61	0	-55	-70	0	0	0	0	-73	-83	-74	-74	-76	0	0	-81	0	-87	-86	-86	-84	-87	-87	-86	-84	-82	-89	-85	-85	0	-86	-85	-86	-60	0	0	0	0	-93	0	0	0	0	-83	0	0	0	0	0	0	0	0	0	0	0	0	0	0	0	0	0	0	0	0	0	0	0	0	0	0	0	0	0	0	0	0	0	0	0	0	0	0	0	0	0	0	0	0	0	0	0	0	0	0	0	0	0	0	0	0	0	0	0	0	0	0	0	0	0	0	0	0	0	0	0	0	0	0	0	0	0	0	0	0	0	0	0	0	0	0	0	0	0	0	0	0	0	0	0	0	0	0	0	0	0	0	0	0	0	0	0	0	0	0	0	0	-93	-1269	-2842	473	11196	-9004	241	42	996	-1	-1	-1	0	41	979	-1	1606974722
-64	-54	-53	-68	-63	0	0	-71	-74	-84	-75	-74	-76	-72	0	-81	-83	-87	-87	-87	-82	-83	-86	-87	-82	-82	-86	-85	-86	0	-86	-86	-86	-58	0	0	0	0	0	0	0	0	0	0	0	0	0	0	0	0	0	0	0	0	0	-85	0	0	0	0	0	0	0	0	0	0	0	0	0	-90	0	0	0	0	0	0	0	0	0	0	0	0	0	0	0	0	0	0	0	0	0	0	0	0	0	0	0	0	0	0	0	0	0	0	0	0	0	0	0	0	-91	0	0	0	0	0	0	0	0	0	0	0	0	0	0	0	0	0	0	0	0	0	0	0	0	0	0	0	0	0	0	0	0	0	0	0	0	0	0	0	0	0	0	0	0	0	0	-1299	-2804	488	11207	-8999	242	38	995	0	-1	-1	0	41	979	0	1606974724
-60	-56	-54	-74	0	0	-72	-72	-75	0	-75	0	-79	-75	0	-81	0	-90	-89	-90	0	-83	-90	-90	0	0	0	-89	-87	0	-88	-87	-88	-60	0	0	0	0	0	0	0	0	0	0	0	0	0	0	0	0	0	0	0	0	0	0	0	0	0	-94	0	0	0	0	0	0	0	0	0	-89	0	0	0	0	0	0	0	0	0	0	0	0	0	0	0	0	0	0	0	0	0	0	0	0	0	0	0	0	0	0	0	0	0	0	0	0	0	0	0	0	0	0	0	0	0	0	0	0	0	0	0	0	0	0	0	0	0	0	0	0	0	0	0	0	0	0	0	0	0	0	0	0	0	0	0	0	0	0	0	0	0	0	0	0	0	0	0	-1283	-2827	488	11203	-9001	242	41	997	-2	-1	-1	0	41	979	-1	1606974725
-60	-55	-54	-72	-64	-62	-72	0	-75	0	-74	-74	-76	-72	0	-82	0	-85	-86	-87	0	-83	-85	-87	0	0	0	-86	-86	0	-86	-87	-86	-60	0	0	0	0	0	0	0	0	0	0	0	0	0	0	0	0	0	0	0	0	0	0	0	0	0	-93	0	0	0	0	0	0	0	0	0	0	0	0	0	0	0	0	0	0	0	0	0	0	0	0	0	0	0	0	0	0	0	0	-90	0	0	0	0	0	0	0	0	0	0	0	0	0	0	0	0	0	0	0	0	0	0	0	0	0	0	0	0	0	0	0	0	0	0	0	0	0	0	0	0	0	0	0	0	0	0	0	0	0	0	0	0	0	0	0	0	0	0	0	0	0	0	0	0	-1269	-2834	443	11197	-9004	241	41	996	-1	-1	-1	0	41	979	-1	1606974727
0	0	0	-65	0	0	0	-75	-74	-83	-73	-73	-79	0	0	-81	0	-89	-90	-90	0	-82	-89	-90	0	0	0	-88	-86	0	-87	-86	-88	-57	0	0	0	0	0	0	0	-93	0	0	0	0	0	-86	0	0	0	0	0	0	0	0	-82	0	-72	-94	0	-80	0	0	-81	0	0	0	0	0	0	0	0	0	0	0	0	0	0	0	0	0	0	0	0	0	0	0	0	0	0	0	0	0	0	0	0	0	0	0	0	0	0	0	0	0	0	0	0	0	-94	0	0	0	0	0	0	0	0	0	0	0	0	0	0	0	0	0	0	0	0	0	0	0	0	0	0	0	0	0	0	0	0	0	0	0	0	0	0	0	0	0	0	0	0	0	0	-1223	-2827	458	11204	-9001	242	41	995	-1	-1	-1	0	41	979	-1	1606974728
-64	-55	-55	-71	-65	-64	-73	-74	-75	0	-76	-75	-80	-74	0	-81	0	-91	-92	-91	0	-83	-91	-89	0	0	-89	-85	-84	0	-84	-84	-85	-61	-71	0	0	0	0	0	0	0	0	0	0	0	0	0	0	0	0	0	0	0	0	0	0	0	0	-95	0	0	0	0	0	0	0	0	0	0	0	0	0	0	0	0	0	0	0	0	0	0	0	0	0	0	0	0	0	0	0	0	0	0	0	0	0	0	0	0	0	0	0	0	0	0	0	0	0	0	0	0	0	0	0	0	0	0	0	0	0	0	0	0	0	0	0	0	0	0	0	0	0	0	0	0	0	0	0	0	0	0	0	0	0	0	0	0	0	0	0	0	0	0	0	0	0	-1223	-2857	414	11204	-9000	241	42	996	-1	-1	-1	0	41	979	0	1606974730
0	-53	-58	0	0	0	0	-72	-74	0	-75	-74	-81	0	0	0	0	-90	-90	-91	0	0	-90	-91	0	0	0	-85	-85	0	-85	-85	-84	-58	0	0	0	0	0	0	0	0	0	0	0	0	0	0	0	0	0	0	0	-88	0	0	0	0	0	-92	0	0	0	0	0	0	0	0	0	0	0	0	0	0	0	0	0	0	0	0	0	0	0	0	0	0	0	0	0	0	0	0	0	0	0	0	0	0	0	0	0	0	0	0	0	0	0	0	0	0	0	0	0	0	0	0	0	0	0	0	0	0	0	0	0	0	0	0	0	0	0	0	0	0	0	0	0	0	0	0	0	0	0	0	0	0	0	0	0	0	0	0	0	0	0	0	-92	-1246	-2752	443	11199	-9003	242	41	995	-2	-1	-1	0	41	979	-1	1606974732
-63	-55	-53	0	-65	-63	0	0	-75	0	-76	-75	-81	0	0	-83	-83	-93	-90	-91	-82	-81	-92	-90	-85	-83	-86	-84	-84	0	-84	-85	-85	-57	0	0	0	0	0	0	0	0	0	0	0	0	0	0	0	0	0	0	0	0	0	-88	0	0	0	-93	0	0	0	0	0	0	0	0	0	0	0	0	0	0	0	0	0	0	0	0	0	0	0	0	0	0	0	0	0	0	0	0	0	0	0	0	0	0	0	0	0	0	0	0	0	0	0	0	0	0	0	0	0	0	0	0	0	0	0	0	0	0	0	0	0	0	0	0	0	0	0	0	0	0	0	0	0	0	0	0	0	0	0	0	0	0	0	0	0	0	0	0	0	0	0	0	0	-1269	-2812	428	11205	-9000	240	43	996	-1	-1	-1	0	41	979	0	1606974733
-62	-55	-54	0	-64	-62	0	0	-74	-82	-73	-74	-78	0	0	-81	0	-86	-86	-87	-83	-83	-87	-87	-82	-81	0	-84	-84	0	-84	-84	-85	-58	0	0	0	0	-95	0	0	0	0	0	0	0	0	0	0	0	0	0	0	0	0	-88	0	0	0	-94	0	0	0	-83	0	0	0	0	0	0	0	0	0	0	0	0	0	0	0	0	0	0	0	0	0	0	0	0	0	0	0	0	0	0	0	0	0	0	0	0	0	0	0	0	0	0	0	0	0	0	0	0	0	0	0	0	0	0	0	0	0	0	0	0	0	0	0	0	0	0	0	0	0	0	0	0	0	0	0	0	0	0	0	0	0	0	0	0	0	0	0	0	0	0	0	0	0	-1284	-2797	421	11209	-8998	242	41	995	0	-1	-1	0	41	979	0	1606974735
-59	0	-57	0	-64	-62	0	0	-75	-78	-75	-74	-75	0	0	-81	-82	-87	-87	-89	-81	-80	-87	-88	-82	-81	0	-85	-85	0	-84	-84	-85	-60	0	0	0	0	0	0	0	0	0	0	0	0	0	0	0	0	0	0	0	0	0	0	0	0	0	-95	0	0	0	0	0	0	0	0	0	0	0	0	0	0	0	0	0	0	0	0	0	0	0	0	0	0	0	0	0	0	0	0	-86	0	0	0	0	0	0	0	0	0	0	0	0	0	0	0	0	0	0	0	0	0	0	0	0	0	0	0	0	0	0	0	0	0	0	0	0	0	0	0	0	0	0	0	0	0	0	0	0	0	0	0	0	0	0	0	0	0	0	0	0	0	0	0	-91	-1238	-2842	443	11212	-8996	241	42	996	-2	-1	-1	0	41	979	0	1606974736
0	-56	-60	-72	0	0	-72	-77	-77	0	-76	-77	-79	-76	0	-82	-83	-89	-89	-91	-82	-81	-90	-89	-82	-83	0	-83	-85	0	-84	-84	-85	-58	-72	0	0	0	0	0	0	0	0	0	0	0	0	0	0	0	0	0	-87	0	0	0	0	0	0	-92	0	0	0	0	0	0	0	0	0	0	-88	0	0	0	0	0	0	0	0	0	0	0	0	0	0	0	0	0	0	0	0	-87	-88	0	0	0	0	0	0	0	0	0	0	0	0	0	0	0	0	0	0	0	0	0	0	0	0	0	0	0	0	0	0	0	0	0	0	0	0	0	0	0	0	0	0	0	0	0	0	0	0	0	0	0	0	0	0	0	0	0	0	0	0	0	0	0	0	-1223	-2812	443	11209	-8998	241	41	996	0	-1	-1	0	41	979	0	1606974738
-64	-52	-58	-69	0	-62	-72	-72	-76	0	-77	-76	-78	-75	0	-82	-81	-90	0	-90	-83	-86	-90	-91	-83	-85	0	-84	-86	0	-85	-85	-85	-59	0	0	0	0	0	0	0	0	0	0	0	0	0	0	0	0	0	0	0	0	0	0	0	0	0	-91	0	0	0	0	0	0	0	0	0	0	0	0	0	0	0	0	0	0	0	0	0	0	0	0	0	0	0	0	0	0	0	0	0	0	0	0	0	0	0	0	0	0	0	0	0	0	0	0	0	0	0	0	0	0	0	0	0	0	0	0	0	0	0	0	0	0	0	0	0	0	0	0	0	0	0	0	0	0	0	0	0	0	0	0	0	0	0	0	0	0	0	0	0	0	0	0	0	-1238	-2812	443	11211	-8997	241	41	997	0	-1	-1	0	41	979	0	1606974740
0	-53	-61	0	-65	-62	0	0	-76	0	-77	-76	-75	0	0	-82	-81	-86	-86	-86	-83	-82	-86	-86	-87	-86	0	-85	-85	0	-85	-84	-84	-58	0	0	0	0	-95	0	0	0	0	0	0	0	0	0	0	0	0	0	0	0	0	0	0	0	0	-92	0	0	0	0	0	0	0	0	0	0	0	0	0	0	0	0	0	0	0	0	0	0	0	0	0	0	0	0	0	0	0	0	0	0	0	0	0	0	0	0	0	0	0	0	0	0	0	0	0	0	0	0	0	0	0	0	0	0	0	0	0	0	0	0	0	0	0	0	0	0	0	0	0	0	0	0	0	0	0	0	0	0	0	0	0	0	0	0	0	0	0	0	0	0	0	0	0	-1238	-2827	443	11211	-8996	239	41	995	-2	-1	-1	0	41	979	0	1606974741
-65	-55	0	0	-65	0	-74	-76	-77	0	-77	-76	-79	-73	0	0	0	-89	-89	-88	0	-85	-88	-89	-86	0	0	-84	-85	0	-85	-84	-84	-57	-71	0	0	0	0	0	0	0	0	0	0	0	0	0	0	0	0	0	0	0	0	0	0	0	0	-93	0	0	0	0	0	0	0	0	0	0	0	0	0	0	0	0	0	0	0	0	0	0	0	0	0	0	0	0	0	0	0	0	0	0	0	0	0	0	0	0	0	0	0	0	0	0	0	0	0	0	0	0	0	0	0	0	0	0	0	0	0	0	0	0	0	0	0	0	0	0	0	0	0	0	0	0	0	0	0	0	0	0	0	0	0	0	0	0	0	0	0	0	0	0	0	0	0	-1329	-2811	413	11211	-8997	240	42	996	0	-1	-1	0	41	979	0	1606974743
0	-54	-57	-72	0	0	0	-74	-77	0	-77	-77	-79	-74	0	0	-84	-89	-91	-89	-83	-84	-90	-90	-83	-83	0	-85	-84	0	-84	-85	-84	-58	0	0	0	0	0	0	0	0	0	0	0	0	0	0	0	0	0	0	0	0	0	0	0	0	0	-94	0	0	0	0	0	0	0	0	0	0	0	0	0	0	0	0	0	0	0	0	0	0	0	0	0	0	0	0	0	0	0	0	0	0	0	0	0	0	0	0	0	0	0	0	0	0	0	0	0	0	0	0	0	0	0	0	0	0	0	0	0	0	0	0	0	0	0	0	0	0	0	0	0	0	0	0	0	0	0	0	0	0	0	0	0	0	0	0	0	0	0	0	0	0	0	0	0	-1314	-2796	443	11224	-8990	241	39	996	2	-1	-1	0	41	979	1	1606974745
0	-55	-62	-70	-65	0	-72	-76	-76	0	-77	0	-80	-73	0	-82	-83	-89	-89	-90	0	0	-90	-91	0	0	0	-84	-83	0	-85	-84	-84	-57	0	0	0	0	0	0	0	0	0	0	0	0	0	0	0	0	0	0	0	0	0	0	0	0	0	-94	0	0	0	0	0	0	0	0	0	0	0	0	0	0	0	0	0	0	0	0	0	0	0	0	0	0	0	0	0	0	0	0	0	0	0	0	0	0	0	0	0	0	0	0	0	0	0	0	0	0	0	0	0	0	0	0	0	0	0	0	0	0	0	0	0	0	0	0	0	0	0	0	0	0	0	0	0	0	0	0	0	0	0	0	0	0	0	0	0	0	0	0	0	0	0	0	0	-1314	-2797	488	11218	-8993	240	41	996	-1	-1	-1	0	41	979	1	1606974746
-62	-54	-58	0	-65	0	0	-76	-75	0	-75	-76	-76	0	0	-81	-83	-89	-88	-86	-83	-85	-88	-86	-83	-82	0	-85	-84	0	-85	-84	-83	-57	0	0	0	0	0	0	0	0	0	0	0	0	0	0	0	0	0	0	0	0	0	0	0	0	0	-94	0	0	0	0	0	0	0	0	0	0	0	0	0	0	0	0	0	0	0	0	0	0	0	0	0	0	0	0	0	0	0	0	0	0	0	0	0	0	0	0	0	0	0	0	0	0	0	0	0	0	0	0	0	0	0	0	0	0	0	0	0	0	0	0	0	0	0	0	0	0	0	0	0	0	0	0	0	0	0	0	0	0	0	0	0	0	0	0	0	0	0	0	0	0	0	0	0	-1299	-2827	451	11215	-8995	240	41	996	2	-1	-1	0	41	979	0	1606974748
-66	-52	-59	-69	0	0	-74	-75	-73	-83	-72	-73	-76	-76	0	-81	0	0	-86	-87	0	-84	-86	-87	0	0	0	-85	-85	0	-85	-85	-85	-57	0	0	0	0	-95	0	0	0	0	0	0	0	0	0	0	0	0	0	0	0	0	0	0	0	0	0	0	0	0	0	0	0	0	0	0	0	0	0	0	0	0	0	0	0	0	0	0	0	0	0	0	0	0	0	0	0	0	0	0	0	0	0	0	0	0	0	0	0	0	0	0	0	0	0	0	0	0	0	0	0	0	0	0	0	0	0	0	0	0	0	0	0	0	0	0	0	0	0	0	0	0	0	0	0	0	0	0	0	0	0	0	0	0	0	0	0	0	0	0	0	0	0	0	-1283	-2857	443	11221	-8992	240	40	995	0	-1	-1	0	41	979	1	1606974749
0	-52	-59	-70	-62	-65	-75	0	-75	0	-76	-75	-80	-73	0	-80	0	-90	-89	-90	0	0	-90	-91	0	0	0	-84	-85	0	-86	-85	-85	-57	0	0	0	0	0	0	0	0	0	0	0	0	0	0	0	0	0	0	0	0	0	0	0	0	0	-92	0	0	0	0	0	0	0	0	0	0	0	0	0	0	0	0	0	0	0	0	0	0	0	0	0	0	0	0	0	0	0	0	0	0	0	0	0	0	0	0	0	0	0	0	0	0	0	0	0	0	0	0	0	0	0	0	0	0	0	0	0	0	0	0	0	0	0	0	0	0	0	0	0	0	0	0	0	0	0	0	0	0	0	0	0	0	0	0	0	0	0	0	0	0	0	0	0	-1284	-2819	443	11232	-8986	239	37	996	4	-1	-1	0	40	979	2	1606974751
-65	-52	-58	-68	-66	0	-73	-73	-74	0	-74	-75	-80	-74	0	-82	0	-88	-88	-88	0	-83	-90	-89	0	0	0	-84	-84	0	-84	-84	-84	-59	0	0	0	0	0	0	0	0	0	0	0	0	0	0	0	0	0	0	0	0	0	0	-81	0	0	-94	0	-82	0	-81	-81	0	0	0	0	0	0	0	0	0	0	0	0	0	0	0	0	0	0	0	0	0	0	0	0	0	0	0	0	0	0	0	0	0	0	0	0	0	0	0	0	0	0	0	0	0	0	0	0	0	0	0	0	0	0	0	0	0	0	0	0	0	0	0	0	0	0	0	0	0	0	0	0	0	0	0	0	0	0	0	0	0	0	0	0	0	0	0	0	0	0	0	0	-1223	-2842	458	11210	-8997	240	40	995	0	-1	-1	0	41	979	0	1606974752
-63	-52	-58	-67	-65	-64	-76	-74	-74	0	-75	-75	-79	-75	0	-83	0	-91	-91	-91	0	0	-90	-91	0	0	0	-84	-84	0	-85	-84	-84	-59	0	0	0	0	0	0	0	0	0	0	0	0	0	0	0	0	0	0	0	0	0	0	0	0	0	-91	0	0	0	0	0	0	0	0	0	0	0	0	0	0	0	0	0	0	0	0	0	0	0	0	0	0	0	0	0	0	0	0	0	0	0	0	0	0	0	0	0	0	0	0	0	0	0	0	0	0	0	0	0	0	0	0	0	0	0	0	0	0	0	0	0	0	0	0	0	0	0	0	0	0	0	0	0	0	0	0	0	0	0	0	0	0	0	0	0	0	0	0	0	0	0	0	0	-1299	-2827	443	11221	-8992	240	41	996	2	-1	-1	0	41	979	1	1606974754
-62	-52	0	-67	-63	0	-76	-74	-75	-84	-76	-75	-79	-76	0	-83	0	-90	-89	-90	0	-81	-91	-91	0	0	-87	-85	-85	0	-84	-85	-85	-59	0	0	0	0	0	0	0	0	0	0	0	0	0	0	0	0	0	0	0	0	0	0	0	0	0	-91	0	0	0	0	0	0	0	0	0	0	0	0	0	0	0	0	0	0	0	0	0	0	0	0	0	0	0	0	0	0	0	0	0	0	0	0	0	0	0	0	0	0	0	0	0	0	0	0	0	0	0	0	0	0	0	0	0	0	0	0	0	0	0	0	0	0	0	0	0	0	0	0	0	0	0	0	0	0	0	0	0	0	0	0	0	0	0	0	0	0	0	0	0	0	0	0	0	-1238	-2872	444	11217	-8994	241	42	995	2	0	-1	0	41	979	1	1606974755
-64	-54	-59	-68	-66	0	-73	-75	-74	-84	-73	-74	-77	-73	0	-81	0	-86	-87	-87	0	-85	-86	-87	0	0	0	-85	-84	0	-85	-85	-85	-60	0	0	0	0	-95	0	0	0	0	0	0	0	0	0	0	0	0	0	0	0	0	0	0	0	0	-94	0	0	0	0	0	0	0	0	0	0	0	0	0	0	0	0	0	0	0	0	0	0	0	0	0	0	0	0	0	0	0	0	0	0	0	0	0	0	0	0	0	0	0	0	0	0	0	0	0	0	0	0	0	0	0	0	0	0	0	0	0	0	0	0	0	0	0	0	0	0	0	0	0	0	0	0	0	0	0	0	0	0	0	0	0	0	0	0	0	0	0	0	0	0	0	0	0	-1238	-2827	443	11214	-8996	241	41	996	-3	-1	-1	0	41	979	0	1606974757
-63	-53	-60	-68	-63	0	-72	-74	-75	-83	-75	-75	-77	-72	0	0	-82	-86	-89	-87	-83	-84	-87	-88	-83	-87	0	-84	-84	0	-85	-85	-83	-58	0	0	0	0	0	0	0	0	0	0	0	0	0	-87	0	0	0	0	0	0	0	-85	0	0	0	-93	0	0	0	0	0	0	0	0	0	0	0	0	0	0	0	0	0	0	0	0	0	0	0	0	0	0	0	0	0	0	0	0	0	0	0	0	0	0	0	0	0	0	0	0	0	0	0	0	0	0	0	0	0	0	0	0	0	0	0	0	0	0	0	0	0	0	0	0	0	0	0	0	0	0	0	0	0	0	0	0	0	0	0	0	0	0	0	0	0	0	0	0	0	0	0	0	0	-1269	-2827	443	11220	-8993	241	42	996	2	-1	-1	0	41	979	1	1606974758
0	-54	-58	0	0	-65	-75	-75	-75	0	-76	0	-80	-73	0	0	-84	-90	-89	-90	0	-83	-91	-89	0	0	0	-84	-83	0	-85	-85	-84	-56	0	0	0	0	0	0	0	0	0	0	0	0	0	0	0	0	0	0	0	0	0	0	0	0	0	-93	0	0	0	0	0	0	0	0	0	0	0	0	0	0	0	0	0	0	0	0	0	0	0	0	0	0	0	0	0	0	0	0	-88	0	0	0	0	0	0	0	0	0	0	0	0	0	0	0	0	0	0	0	0	0	0	0	0	0	0	0	0	0	0	0	0	0	0	0	0	0	0	0	0	0	0	0	0	0	0	0	0	0	0	0	0	0	0	0	0	0	0	0	0	0	0	0	0	-1269	-2812	443	11220	-8992	241	40	996	0	0	-1	0	41	979	1	1606974760
-65	-52	-58	-67	-67	0	-75	-76	-75	0	-74	-74	-77	-74	0	-81	0	-85	-86	-87	0	0	-87	-86	0	0	0	-85	-85	0	-84	-84	-85	-58	0	0	0	0	-92	0	0	0	0	0	0	0	0	0	0	0	0	0	0	0	0	0	0	0	0	-92	0	0	0	0	0	0	0	0	0	0	0	0	0	0	0	0	0	0	0	0	0	0	0	0	0	0	0	0	0	0	0	0	0	0	0	0	0	0	0	0	0	0	0	0	0	0	0	0	0	0	0	0	0	0	0	0	0	0	0	0	0	0	0	0	0	0	0	0	0	0	0	0	0	0	0	0	0	0	0	0	0	0	0	0	0	0	0	0	0	0	0	0	0	0	0	0	0	-1306	-2902	496	11217	-8994	241	41	996	-1	-1	-1	0	41	979	1	1606974762
0	-53	-59	-70	-62	-64	-72	-75	-75	0	-76	-75	-80	-72	0	0	-82	-92	-90	-90	-83	-83	-89	-90	-82	-83	0	-85	-84	0	-85	-84	-84	-59	0	0	0	0	0	0	0	0	0	0	0	0	0	0	0	0	0	0	-86	0	0	0	0	0	0	-92	0	0	0	0	0	0	0	0	0	0	0	0	0	0	0	0	0	0	0	0	0	0	0	0	0	0	0	0	0	0	0	0	0	0	0	0	0	0	0	0	0	0	0	0	0	0	0	0	0	0	0	0	0	0	0	0	0	0	0	0	0	0	0	0	0	0	0	0	0	0	0	0	0	0	0	0	0	0	0	0	0	0	0	0	0	0	0	0	0	0	0	0	0	0	0	0	0	-1269	-2767	428	11215	-8995	241	42	996	1	0	-1	0	41	979	0	1606974763
-61	-52	-58	0	-64	-62	0	0	-74	-82	-74	-74	-75	0	0	-81	0	-85	-87	-87	0	0	-87	-87	0	0	-88	-84	-84	0	-85	-85	-84	-58	0	0	0	0	0	0	0	0	0	-83	0	0	0	0	0	0	0	0	0	0	0	0	0	0	0	-92	0	0	0	0	0	0	0	0	0	0	0	0	0	0	0	0	0	0	0	0	0	0	0	0	0	0	0	0	0	0	0	0	0	0	0	0	0	0	0	0	0	0	0	0	0	0	0	0	0	0	0	0	0	0	0	0	0	0	0	0	0	0	0	0	0	0	0	0	0	0	0	0	0	0	0	0	0	0	0	0	0	0	0	0	0	0	0	0	0	0	0	0	0	0	0	0	0	-1269	-2812	428	11224	-8991	241	41	996	2	-1	-1	0	41	979	1	1606974765
0	-53	-59	-70	0	0	-75	-76	-76	0	-76	-76	-80	-76	0	-81	0	-92	-90	-91	0	0	-90	-90	0	0	0	-84	-84	0	-85	-83	-85	-58	0	0	0	0	0	0	0	0	0	0	0	0	0	0	0	0	0	0	0	-86	0	0	0	0	0	-92	0	0	0	0	0	0	0	0	0	0	0	0	0	0	0	0	0	0	0	0	0	0	0	0	0	0	0	0	0	0	0	0	0	0	0	0	0	0	0	0	0	0	0	0	0	0	0	0	0	0	0	0	0	0	0	0	0	0	0	0	0	0	0	0	0	0	0	0	0	0	0	0	0	0	0	0	0	0	0	0	0	0	0	0	0	0	0	0	0	0	0	0	0	0	0	0	0	-1299	-2811	413	11221	-8992	242	40	995	-1	-1	-1	0	41	979	1	1606974767
-64	-53	0	-70	-64	-65	-74	-74	-75	0	-75	-75	-79	-76	0	-81	0	-92	-90	-91	0	-84	-91	-92	0	0	0	-84	-84	0	-86	-85	-85	-59	0	0	0	0	0	0	0	0	0	0	0	0	0	0	0	0	0	0	0	0	0	0	0	0	0	-93	0	0	0	0	0	0	0	0	0	0	0	0	0	0	0	0	0	0	0	0	0	0	0	0	0	0	0	0	0	0	0	0	0	0	0	0	0	0	0	0	0	0	0	0	0	0	0	0	0	0	0	0	0	0	0	0	0	0	0	0	0	0	0	0	0	0	0	0	0	0	0	0	0	0	0	0	0	0	0	0	0	0	0	0	0	0	0	0	0	0	0	0	0	0	0	0	0	-1186	-2842	473	11221	-8992	242	42	996	1	-1	-1	0	41	979	1	1606974768
-67	-52	-58	-67	-64	0	0	-77	-77	0	-76	-76	-80	-74	0	-81	0	-91	-90	-89	0	0	-90	-89	0	0	0	-84	-83	0	-83	-84	-84	-58	-71	0	0	0	0	0	0	0	0	0	0	0	0	0	0	0	0	0	0	0	0	0	0	0	0	-92	0	0	0	0	0	0	0	0	0	0	0	0	0	0	0	0	0	0	0	0	0	0	0	0	0	0	0	0	0	0	0	0	0	0	0	0	0	0	0	0	0	0	0	0	0	0	0	0	0	0	0	0	0	0	0	0	0	0	0	0	0	0	0	0	0	0	0	0	0	0	0	0	0	0	0	0	0	0	0	0	0	0	0	0	0	0	0	0	0	0	0	0	0	0	0	0	0	-1269	-2842	451	11222	-8992	241	41	996	2	-1	0	0	41	979	1	1606974770
-64	-53	-57	-73	-66	0	-79	-72	-72	0	-73	-74	-76	-73	0	-82	-83	-86	-86	-86	-84	-83	-85	-86	-85	-84	-88	-84	-84	0	-84	-84	-84	-58	-69	0	0	0	0	0	0	0	0	0	0	0	0	-89	0	0	0	0	0	0	0	0	0	0	0	-91	0	0	0	0	0	0	0	0	0	0	0	0	0	0	0	0	0	0	0	0	0	0	0	0	0	0	0	0	0	0	0	0	0	0	0	0	0	0	0	0	0	0	0	0	0	0	0	0	0	0	0	0	0	0	0	0	0	0	0	0	0	0	0	0	0	0	0	0	0	0	0	0	0	0	0	0	0	0	0	0	0	0	0	0	0	0	0	0	0	0	0	0	0	0	0	0	0	-1314	-2826	443	11224	-8991	241	41	995	1	-1	-1	0	41	979	1	1606974771
-63	0	-60	0	-64	-65	0	0	-76	0	-75	-76	-80	0	0	-82	-84	-88	-88	-88	0	-84	-89	-89	-86	-83	0	-84	-84	0	-84	-85	-84	-59	0	0	0	0	0	0	0	0	0	0	0	0	0	0	0	0	0	0	0	0	0	0	0	0	0	0	0	0	0	0	0	0	0	0	0	0	0	0	0	0	0	0	0	0	0	0	0	0	0	0	0	0	0	0	0	0	0	0	0	0	0	0	0	0	0	0	0	0	0	0	0	0	0	0	0	0	0	0	0	0	0	0	0	0	0	0	0	0	0	0	0	0	0	0	0	0	0	0	0	0	0	0	0	0	0	0	0	0	0	0	0	0	0	0	0	0	0	0	0	0	0	0	-89	-1284	-2842	443	11208	-8999	242	40	996	-1	0	-1	0	41	979	0	1606974773
0	0	-55	-74	-65	0	-78	-73	-76	-82	-76	0	-80	-72	0	-80	0	-89	-89	-89	0	-81	-89	-90	0	0	0	-84	-84	0	-85	-85	-85	-58	0	0	0	0	0	0	0	0	0	0	0	0	0	0	0	0	0	0	0	0	0	0	0	0	0	-92	0	0	0	0	0	0	0	0	0	0	0	0	0	0	0	0	0	0	0	0	0	0	0	0	0	0	0	0	0	0	0	0	0	0	0	0	0	0	0	0	0	0	0	0	0	0	0	0	0	0	0	0	0	0	0	0	0	0	0	0	0	0	0	0	0	0	0	0	0	0	0	0	0	0	0	0	0	0	0	0	0	0	0	0	0	0	0	0	0	0	0	0	0	0	0	0	0	-1269	-2827	443	11226	-8990	242	41	996	1	-1	-1	0	41	979	1	1606974775
-62	-56	0	-69	-60	-64	0	0	-76	0	-78	-76	-83	0	0	0	0	-90	-90	-90	0	0	-90	-91	0	0	0	-84	-84	0	-84	-84	-85	-62	-71	0	0	0	0	0	0	0	0	0	0	0	0	0	0	0	0	0	0	-90	0	0	0	0	0	-93	0	0	0	0	0	0	0	0	0	0	0	0	0	0	0	0	0	0	0	0	0	0	0	0	0	0	0	0	0	0	0	0	0	0	0	0	0	0	0	0	0	0	0	0	0	0	0	0	0	0	0	0	0	0	0	0	0	0	0	0	0	0	0	0	0	0	0	0	0	0	0	0	0	0	0	0	0	0	0	0	0	0	0	0	0	0	0	0	0	0	0	0	0	0	0	0	-93	-1269	-2812	443	11221	-8992	241	42	995	0	-1	-1	0	41	979	1	1606974776
0	-57	0	-72	0	0	0	-72	-73	0	-72	-74	-76	-77	0	-81	0	-86	-87	-86	0	-85	-85	-86	0	0	-87	-85	-85	0	-85	-84	-85	-57	0	0	0	0	0	0	0	0	0	0	0	0	0	0	0	0	0	0	0	0	0	0	0	0	0	-93	0	0	0	0	0	0	0	0	0	0	0	0	0	0	0	0	0	0	0	0	0	0	0	0	0	0	0	0	0	0	0	0	0	0	0	0	0	0	0	0	0	0	0	0	0	0	0	0	0	0	0	0	0	0	0	0	0	0	0	0	0	0	0	0	0	0	0	0	0	0	0	0	0	0	0	0	0	0	0	0	0	0	0	0	0	0	0	0	0	0	0	0	0	0	0	0	0	-1284	-2842	443	11213	-8996	240	41	996	0	0	-1	-1	41	979	0	1606974778
-63	-53	-56	0	-64	-65	0	-76	-77	-81	-76	-76	-80	0	0	-80	0	-87	-89	-88	0	0	-89	-90	0	0	-86	-84	-85	0	-85	-85	-85	-62	0	0	0	0	0	0	0	0	0	0	0	0	0	0	0	0	0	0	0	0	0	0	0	0	0	-94	0	0	0	0	0	0	0	0	0	0	0	0	0	0	0	0	0	0	0	0	0	0	0	0	0	0	0	0	0	0	0	0	0	0	0	0	0	0	0	0	0	0	0	0	0	0	0	0	0	0	0	0	0	0	0	0	0	0	0	0	0	0	0	0	0	0	0	0	0	0	0	0	0	0	0	0	0	0	0	0	0	0	0	0	0	0	0	0	0	0	0	0	0	0	0	0	0	-1314	-2827	458	11223	-8991	240	41	996	1	-1	-1	0	41	979	1	1606974779
-64	-54	-55	-68	-68	0	-76	-71	-75	0	-75	-75	-79	-71	0	0	0	-88	-90	-90	0	0	-90	-89	0	0	0	-84	-85	0	-84	-85	-84	-60	0	0	0	0	0	0	0	0	0	0	0	0	0	0	0	0	0	0	0	0	0	0	0	0	0	-93	0	0	0	0	0	0	0	0	0	-91	0	0	0	0	0	0	0	0	0	0	0	0	0	0	0	0	0	0	0	0	0	0	0	0	0	0	0	0	0	0	0	0	0	0	0	0	0	0	0	0	0	0	0	0	0	0	0	0	0	0	0	0	0	0	0	0	0	0	0	0	0	0	0	0	0	0	0	0	0	0	0	0	0	0	0	0	0	0	0	0	0	0	0	0	0	0	0	-1268	-2872	444	11224	-8990	239	41	996	1	0	0	0	40	979	1	1606974781
-67	-52	-56	-65	0	0	-76	-76	-74	0	-74	-75	-76	-75	0	-81	0	-88	-87	-87	0	-85	-86	-87	0	0	0	-85	-84	0	-84	-85	-85	-62	-70	0	0	0	0	0	0	0	0	0	0	0	0	0	0	0	0	0	0	0	0	0	0	0	0	-92	0	0	0	0	0	0	0	0	0	-91	0	0	0	0	0	0	0	0	0	0	0	0	0	0	0	0	0	0	0	0	0	0	0	0	0	0	0	0	0	0	0	0	0	0	0	0	0	0	0	0	0	0	0	0	0	0	0	0	0	0	0	0	0	0	0	0	0	0	0	0	0	0	0	0	0	0	0	0	0	0	0	0	0	0	0	0	0	0	0	0	0	0	0	0	0	0	0	-1284	-2812	458	11221	-8991	239	41	996	1	0	-1	0	40	979	1	1606974783
0	-55	-53	-68	0	-64	-76	0	-76	-88	-76	-76	-77	0	0	-81	0	-88	-90	-90	0	-81	-89	-89	0	0	0	-84	-84	0	-85	-84	-83	-58	0	0	0	0	0	0	0	0	0	0	0	0	0	0	0	0	0	0	0	0	0	-90	0	0	0	-93	0	0	0	0	0	0	0	0	0	0	0	0	0	0	0	0	0	0	0	0	0	0	0	0	0	0	0	0	0	0	0	0	0	0	0	0	0	0	0	0	0	0	0	0	0	0	0	0	0	0	0	0	0	0	0	0	0	0	0	0	0	0	0	0	0	0	0	0	0	0	0	0	0	0	0	0	0	0	0	0	0	0	0	0	0	0	0	0	0	0	0	0	0	0	0	0	0	-1276	-2827	443	11222	-8991	239	41	996	1	0	-1	0	40	979	1	1606974784
-66	0	-54	-67	-62	0	0	-74	-73	0	-73	-73	-75	-73	0	-80	0	-88	-87	-86	0	-84	-88	-87	0	0	0	-85	-85	0	-84	-84	-85	-62	0	0	0	0	0	0	0	0	0	0	0	0	0	0	0	0	0	0	0	0	0	0	0	0	0	-94	0	0	0	0	0	0	0	0	0	-90	0	0	0	0	0	0	0	0	0	0	0	0	0	0	0	0	0	0	0	0	0	0	0	0	0	0	0	0	0	0	0	0	0	0	0	0	0	0	0	0	0	0	0	0	0	0	0	0	0	0	0	0	0	0	0	0	0	0	0	0	0	0	0	0	0	0	0	0	0	0	0	0	0	0	0	0	0	0	0	0	0	0	0	0	0	0	0	-1269	-2827	458	11223	-8991	240	40	996	0	-1	0	-1	41	979	1	1606974786
-55	-54	0	-68	-59	-69	-74	-73	-76	-80	-74	-75	-78	-74	0	0	0	-92	-91	-90	0	-88	-91	-90	0	0	0	-85	-84	0	-84	-84	-85	-59	0	0	0	0	0	0	0	0	0	0	0	0	0	0	0	0	0	0	0	0	0	0	0	0	0	-94	0	0	0	0	0	0	0	0	0	0	0	0	0	0	0	0	0	0	0	0	0	0	0	0	0	0	0	0	0	0	0	0	0	0	0	0	0	0	0	0	0	0	0	0	0	0	0	0	0	0	0	0	0	0	0	0	0	0	0	0	0	0	0	0	0	0	0	0	0	0	0	0	0	0	0	0	0	0	0	0	0	0	0	0	0	0	0	0	0	0	0	0	0	0	0	0	0	-1268	-2842	488	11214	-8995	238	41	996	-2	-1	-1	-1	40	979	1	1606974787
-65	-54	-55	-68	-65	0	-78	-72	-77	-85	-76	-78	-79	-72	0	-83	-85	-89	-90	-89	0	-82	-90	-89	-84	-82	0	-83	-83	0	-83	-84	-84	-63	0	0	0	0	0	0	0	0	0	0	0	0	0	-90	0	0	0	0	0	-87	0	0	0	0	0	-94	0	0	0	0	0	0	0	0	0	0	0	0	0	0	0	0	0	0	0	0	0	0	0	0	0	0	0	0	0	0	0	0	0	0	0	0	0	0	0	0	0	0	0	0	0	0	0	0	0	0	0	0	0	0	0	0	0	0	0	0	0	0	0	0	0	0	0	0	0	0	0	0	0	0	0	0	0	0	0	0	0	0	0	0	0	0	0	0	0	0	0	0	0	0	0	0	0	-1269	-2797	488	11217	-8994	240	42	996	1	0	0	0	41	979	1	1606974789
-61	-56	-54	-66	-65	-67	-79	-79	-76	0	-77	-76	-80	-78	0	-83	0	-88	-87	-88	0	-83	-89	-89	0	0	0	-84	-84	0	-84	-83	-85	-63	0	0	0	0	0	0	0	0	0	0	0	0	0	0	0	0	0	0	0	0	0	0	0	0	0	-92	0	0	0	0	0	0	0	0	0	0	0	0	0	0	0	0	0	0	0	0	0	0	0	0	0	0	0	0	0	0	0	0	0	0	0	0	0	0	0	0	0	0	0	0	0	0	0	0	0	0	0	0	0	0	0	0	0	0	0	0	0	0	0	0	0	0	0	0	0	0	0	0	0	0	0	0	0	0	0	0	0	0	0	0	0	0	0	0	0	0	0	0	0	0	0	0	0	-1314	-2827	458	11219	-8992	238	41	995	-1	0	0	-1	40	979	1	1606974791
-67	-54	-55	-74	0	0	-71	-78	-75	0	-75	-75	-78	-78	0	-83	0	-89	-90	-89	0	0	-90	-89	0	0	0	-84	-84	0	-84	-83	-85	-58	0	0	0	0	0	0	0	-90	0	0	0	0	0	-88	0	0	0	0	0	0	0	0	0	0	0	-93	0	-82	0	-83	-83	0	0	0	0	-91	0	0	0	0	0	0	0	0	0	0	0	0	0	0	0	0	0	0	0	0	0	0	0	0	0	0	0	0	0	0	0	0	0	0	0	0	0	0	0	0	0	0	0	0	0	0	0	0	0	0	0	0	0	0	0	0	0	0	0	0	0	0	0	0	0	0	0	0	0	0	0	0	0	0	0	0	0	0	0	0	0	0	0	0	0	0	0	-1314	-2797	458	11219	-8993	239	41	996	1	0	0	0	41	979	1	1606974792
-61	0	0	-67	0	-64	-74	-76	-76	-82	-76	-76	-81	-74	0	-84	-84	-87	-89	-89	-84	-82	-89	-89	-83	-83	0	-85	-85	0	-84	-84	-83	-59	0	0	0	0	0	0	0	0	0	0	0	0	0	0	0	0	0	0	0	0	0	-90	0	0	0	-91	0	0	0	0	0	0	0	0	0	0	0	0	0	0	0	0	0	0	0	0	0	0	0	0	0	0	0	0	0	0	0	0	0	0	0	0	0	0	0	0	0	0	0	0	0	0	0	0	0	0	0	0	0	0	0	0	0	0	0	0	0	0	0	0	0	0	0	0	0	0	0	0	0	0	0	0	0	0	0	0	0	0	0	0	0	0	0	0	0	0	0	0	0	0	0	0	0	-1216	-2827	458	11208	-8998	239	41	996	-1	-1	-1	-1	41	979	0	1606974794
0	-54	-56	-73	0	0	0	0	-75	-80	-77	-76	-80	0	0	-82	0	0	-89	-89	0	-83	-89	-89	0	0	-89	-85	-85	0	-85	-85	-86	-56	0	0	0	0	0	0	0	0	0	0	0	0	0	0	0	0	0	0	0	0	0	0	0	0	0	-92	0	0	0	0	0	0	0	0	0	0	0	0	0	0	0	0	0	0	0	0	0	0	0	0	0	0	0	0	0	0	0	0	0	0	0	0	0	0	0	0	0	0	0	0	0	0	0	0	0	0	0	0	0	0	0	0	0	0	0	0	0	0	0	0	0	0	0	0	0	0	0	0	0	0	0	0	0	0	0	0	0	0	0	0	0	0	0	0	0	0	0	0	0	0	0	0	-91	-1269	-2842	443	11218	-8993	239	41	996	1	-1	-1	0	40	979	1	1606974795
0	-54	-56	-69	0	-64	-76	-75	-75	0	-75	-76	-79	-76	0	0	0	0	-90	-91	0	-88	-90	-90	0	0	0	-85	-84	0	-85	-85	-84	-56	0	0	0	0	0	0	0	0	0	0	0	0	0	0	0	0	0	0	0	-83	0	0	0	0	0	-92	0	0	0	0	0	0	0	0	0	0	0	0	0	0	0	0	0	0	0	0	0	0	0	0	0	0	0	0	0	0	0	0	0	0	0	0	0	0	0	0	0	0	0	0	0	0	0	0	0	0	0	0	0	0	0	0	0	0	0	0	0	0	0	0	0	0	0	0	0	0	0	0	0	0	0	0	0	0	0	0	0	0	0	0	0	0	0	0	0	0	0	0	0	0	0	0	0	-1276	-2842	451	11219	-8992	239	41	996	2	0	0	-1	41	979	1	1606974797
0	-54	-56	-67	0	0	-75	0	-77	0	-75	-75	-80	0	0	-82	0	-89	-89	-89	0	0	-91	-89	0	0	0	-85	-85	0	-84	-85	-85	-61	0	0	0	0	0	0	0	0	0	0	0	0	0	0	0	0	0	0	0	0	0	0	0	0	0	-91	0	0	0	0	0	0	0	0	0	-91	0	0	0	0	0	0	0	0	0	0	0	0	0	0	0	0	0	0	0	0	0	0	0	0	0	0	0	0	0	0	0	0	0	0	0	0	0	0	0	0	0	0	0	0	0	0	0	0	0	0	0	0	0	0	0	0	0	0	0	0	0	0	0	0	0	0	0	0	0	0	0	0	0	0	0	0	0	0	0	0	0	0	0	0	0	0	0	-1314	-2781	428	11215	-8994	239	40	996	2	-1	0	0	41	979	1	1606974799
-62	-52	-53	-69	-60	-65	-72	-71	-75	0	-75	-75	-79	-74	0	-83	0	-90	-90	-89	0	0	-88	-90	0	0	-88	-84	-85	0	-84	-85	-85	-59	0	0	0	0	0	0	0	0	0	0	0	0	0	0	0	0	0	0	0	0	0	0	0	0	0	-93	0	0	0	0	0	0	0	0	0	0	0	0	0	0	0	0	0	0	0	0	0	0	0	0	0	0	0	0	0	0	0	0	0	0	0	0	0	0	0	0	0	0	0	0	0	0	0	0	0	0	0	0	0	0	0	0	0	0	0	0	0	0	0	0	0	0	0	0	0	0	0	0	0	0	0	0	0	0	0	0	0	0	0	0	0	0	0	0	0	0	0	0	0	0	0	0	0	-1313	-2872	488	11216	-8994	239	42	995	3	0	0	-1	40	979	1	1606974800
-68	0	-54	-72	-66	0	-74	-73	-77	0	-77	-76	-78	-72	0	0	0	0	-88	-89	0	0	-89	-88	0	0	-89	-84	-85	0	-85	-84	-84	-58	0	0	0	0	0	0	0	0	0	0	0	0	0	0	0	0	0	0	0	0	0	0	0	0	0	-91	0	0	0	0	0	0	0	0	0	-90	0	0	0	0	0	0	0	0	0	0	0	0	0	0	0	0	0	0	0	0	0	0	0	0	0	0	0	0	0	0	0	0	0	0	0	0	0	0	0	0	0	0	0	0	0	0	0	0	0	0	0	0	0	0	0	0	0	0	0	0	0	0	0	0	0	0	0	0	0	0	0	0	0	0	0	0	0	0	0	0	0	0	0	0	0	0	0	-1374	-2811	458	11223	-8990	238	43	997	1	-1	-1	-1	40	979	1	1606974802
0	-53	-58	0	0	-64	0	0	-78	0	-77	-77	-79	0	0	0	-82	-90	-89	-90	0	-82	-91	-89	-83	0	-87	-85	-85	0	-86	-85	-85	-61	0	0	0	0	0	0	0	0	0	0	0	0	0	0	0	0	0	0	0	0	0	0	0	0	0	-93	0	0	0	0	0	0	0	0	0	0	0	0	0	0	0	0	0	0	0	0	0	0	0	0	0	0	0	0	0	0	0	-87	-88	0	0	0	0	0	0	0	0	0	0	0	0	0	0	0	0	0	0	0	0	0	0	0	0	0	0	0	0	0	0	0	0	0	0	0	0	0	0	0	0	0	0	0	0	0	0	0	0	0	0	0	0	0	0	0	0	0	0	0	0	0	0	0	0	-1284	-2812	458	11222	-8990	238	39	995	0	0	0	-1	40	979	1	1606974804
0	0	-55	-74	-61	0	-70	-71	-76	0	-76	-75	-80	-77	0	-81	0	-89	-89	-89	0	-82	-89	-87	0	0	-87	-85	-84	0	-85	-85	-86	-58	0	0	0	0	0	0	0	0	0	0	0	0	0	0	0	0	0	0	0	0	0	0	0	0	0	-92	0	0	0	0	0	0	0	0	0	-89	0	0	0	0	0	0	0	0	0	0	0	0	0	0	0	0	0	0	0	0	0	0	0	0	0	0	0	0	0	0	0	0	0	0	0	0	0	0	0	0	0	0	0	0	0	0	0	0	0	0	0	0	0	0	0	0	0	0	0	0	0	0	0	0	0	0	0	0	0	0	0	0	0	0	0	0	0	0	0	0	0	0	0	0	0	0	0	-1314	-2856	451	11233	-8986	239	43	995	-2	0	-1	0	40	979	2	1606974805
-61	-55	-55	-68	-65	-64	-70	-71	-77	0	-76	-76	-78	-76	0	-82	0	-88	-89	-88	0	-84	-91	-90	0	0	-86	-84	-83	0	-84	-84	-84	-56	0	0	0	0	0	0	0	0	0	0	0	0	0	0	0	0	0	0	0	0	0	0	0	0	0	-93	0	0	0	0	0	0	0	0	0	0	0	0	0	0	0	0	0	0	0	0	0	0	0	0	0	0	0	0	0	0	0	0	0	0	0	0	0	0	0	0	0	0	0	0	0	0	0	0	0	0	0	0	0	0	0	0	0	0	0	0	0	0	0	0	0	0	0	0	0	0	0	0	0	0	0	0	0	0	0	0	0	0	0	0	0	0	0	0	0	0	0	0	0	0	0	0	0	-1283	-2872	473	11229	-8987	239	41	996	0	0	0	0	40	979	2	1606974807
-66	-54	-59	-71	-68	0	-76	-75	-76	0	-76	-75	-78	-76	0	0	-84	-92	-91	-90	-84	-82	-90	-91	-86	-85	0	-84	-85	0	-85	-84	-85	-58	-68	0	0	0	-95	0	0	0	0	0	0	0	0	0	0	0	0	0	0	0	0	0	0	0	0	-93	0	0	0	0	0	0	0	0	0	0	-88	0	0	0	0	0	0	0	0	0	0	0	0	0	0	0	0	0	0	0	0	0	0	0	0	0	0	0	0	0	0	0	0	0	0	0	0	0	0	0	0	0	0	0	0	0	0	0	0	0	0	0	0	0	0	0	0	0	0	0	0	0	0	0	0	0	0	0	0	0	0	0	0	0	0	0	0	0	0	0	0	0	0	0	0	0	0	-1238	-2842	443	11227	-8988	238	43	997	0	0	0	0	40	979	2	1606974808
0	-54	-53	-68	0	0	-73	-78	-77	0	-76	-76	-78	-72	0	0	0	-91	-90	0	0	-83	-89	-89	0	0	0	-84	-84	0	-85	-85	-85	-57	0	0	0	0	-94	0	0	0	0	0	0	0	0	0	0	0	0	0	0	0	0	0	0	0	0	-91	0	0	0	0	0	0	0	0	0	0	0	0	0	0	0	0	0	0	0	0	0	0	0	0	0	0	0	0	0	0	0	-89	0	0	0	0	0	0	0	0	0	0	0	0	0	0	0	0	0	0	0	0	0	0	0	0	0	0	0	0	0	0	0	0	0	0	0	0	0	0	0	0	0	0	0	0	0	0	0	0	0	0	0	0	0	0	0	0	0	0	0	0	0	0	0	0	0	-1269	-2797	473	11223	-8991	240	41	996	1	0	-1	-1	41	979	1	1606974810
-64	-56	0	0	-67	-63	0	0	-75	0	-75	-75	-75	-74	0	-81	0	-86	-86	-85	0	-85	-86	-85	0	0	0	0	0	0	0	0	-84	-58	0	0	0	0	-92	0	0	0	0	0	0	0	0	0	0	0	0	0	0	0	0	0	0	0	0	-92	0	-80	0	-79	0	0	0	0	0	-89	0	0	0	0	0	0	0	0	0	0	0	0	0	0	0	0	0	0	0	0	0	0	0	0	0	0	0	0	0	0	0	0	0	0	0	0	0	0	0	0	0	0	0	0	0	0	0	0	0	0	0	0	0	0	0	0	0	0	0	0	0	0	0	0	0	0	0	0	0	0	0	0	0	0	0	0	0	0	0	0	0	0	0	0	0	0	-85	-1268	-2872	444	11230	-8987	239	42	996	1	0	-1	0	40	979	2	1606974811
-65	0	-54	-72	-70	0	0	-72	-76	0	-76	-76	-80	-75	0	-79	0	-90	-89	-88	0	-82	-91	-90	0	0	0	-84	-84	0	-84	-84	-85	-59	0	0	0	0	0	0	0	0	0	0	0	0	0	0	0	0	0	0	0	0	0	0	0	0	0	0	0	0	0	0	0	0	0	0	0	0	0	0	0	0	0	0	0	0	0	0	0	0	0	0	0	0	0	0	0	0	0	0	0	0	0	0	0	0	0	0	0	0	0	0	0	0	0	0	0	0	0	0	0	0	0	0	0	0	0	0	0	0	0	0	0	0	0	0	0	0	0	0	0	0	0	0	0	0	0	0	0	0	0	0	0	0	0	0	0	0	0	0	0	0	0	0	-84	-1268	-2842	503	11228	-8988	239	42	995	2	0	0	-1	41	979	2	1606974813
0	0	0	0	-69	-62	0	0	-74	0	-75	-74	-76	0	0	0	0	-86	-86	-86	0	-82	-85	-85	0	0	0	-84	-85	-91	-84	-84	-85	-59	0	0	0	0	0	0	0	0	0	0	0	0	0	0	0	0	0	0	0	0	0	0	0	0	0	-93	0	0	0	0	0	0	0	0	0	0	0	0	0	0	0	0	0	0	0	0	0	0	0	0	0	0	0	0	0	0	0	0	0	0	0	0	0	0	0	0	0	0	0	0	0	0	0	0	0	0	0	0	0	0	0	0	0	0	0	0	0	0	0	0	0	0	0	0	0	0	0	0	0	0	0	0	0	0	0	0	0	0	0	0	0	0	0	0	0	0	0	0	0	0	0	0	-84	-1269	-2812	436	11220	-8992	239	42	996	-2	0	-1	0	40	979	1	1606974814
-66	-55	-55	-73	-67	-62	0	0	-76	0	-75	-76	-75	-71	0	0	0	-85	-85	-86	0	-85	-85	-86	0	0	0	-84	-85	0	-85	-85	-85	-59	0	0	0	0	0	0	0	0	0	0	0	0	0	0	0	0	0	0	0	0	0	0	0	0	0	0	0	0	0	0	0	0	0	0	0	0	0	0	0	0	0	0	0	0	0	0	0	0	0	0	0	0	0	0	0	0	0	0	0	0	0	0	0	0	0	0	0	0	0	0	0	0	0	0	0	0	0	0	0	0	0	0	0	0	0	0	0	0	0	0	0	0	0	0	0	0	0	0	0	0	0	0	0	0	0	0	0	0	0	0	0	0	0	0	0	0	0	0	0	0	0	0	-84	-1284	-2827	443	11226	-8989	239	42	997	0	0	0	0	41	979	1	1606974816
0	-54	-56	-69	0	0	-77	-76	-76	0	-76	-76	-79	-71	0	0	0	-90	-89	-89	0	-82	-89	-89	0	0	-85	-85	-84	0	-84	-84	-85	-57	0	0	0	0	0	0	0	0	0	0	0	0	0	0	0	0	0	0	0	0	0	0	0	0	0	-94	-93	0	0	0	0	0	0	0	0	0	0	0	0	0	0	0	0	0	0	0	0	0	0	0	0	0	0	0	0	0	0	0	0	0	0	0	0	0	0	0	0	0	0	0	0	0	0	0	0	0	0	0	0	0	0	0	0	0	0	0	0	0	0	0	0	0	0	0	0	0	0	0	0	0	0	0	0	0	0	0	0	0	0	0	0	0	0	0	0	0	0	0	0	0	0	0	-87	-1344	-2819	443	11226	-8989	240	41	996	0	0	0	0	41	979	1	1606974818
0	-53	-54	0	0	-64	0	0	-75	-84	-74	-75	-75	0	0	-81	0	-86	-86	-86	0	-85	-86	-85	0	0	0	-84	-84	0	-84	-84	-85	-58	0	0	0	0	-94	0	0	0	0	0	0	0	0	0	0	0	0	0	0	0	0	-83	0	0	0	-93	0	0	0	0	0	0	0	0	0	0	0	0	0	0	0	0	0	0	0	0	0	0	0	0	0	0	0	0	0	0	0	0	0	0	0	0	0	0	0	0	0	0	0	0	0	0	0	0	0	0	0	0	0	0	0	0	0	0	0	0	0	0	0	0	0	0	0	0	0	0	0	0	0	0	0	0	0	0	0	0	0	0	0	0	0	0	0	0	0	0	0	0	0	0	0	0	0	-1284	-2827	458	11218	-8993	239	41	996	1	-1	-1	-1	40	979	1	1606974819
-66	-55	-55	-69	0	0	-76	-74	-76	-81	-76	0	-81	-72	0	0	-87	-91	-89	-90	-83	-83	0	-90	-83	-85	-89	-85	-85	0	-84	-85	-84	-58	0	0	0	0	0	0	0	0	0	0	0	0	0	0	0	0	0	0	-87	0	0	0	0	0	0	-93	0	0	0	0	0	0	0	0	0	0	0	0	0	0	0	0	0	0	0	0	0	0	0	0	0	0	0	0	0	0	0	0	-87	0	0	0	0	0	0	0	0	0	0	0	0	0	0	0	0	0	0	0	0	0	0	0	0	0	0	0	0	0	0	0	0	0	0	0	0	0	0	0	0	0	0	0	0	0	0	0	0	0	0	0	0	0	0	0	0	0	0	0	0	0	0	0	0	-1269	-2827	421	11223	-8990	239	42	996	1	0	0	0	40	979	1	1606974821
-66	0	-55	-69	-64	-63	-75	-74	-76	-83	-76	-77	-82	-73	0	-81	0	-90	-90	-90	0	-85	-91	-89	0	0	0	-84	-83	0	-84	-84	-85	-57	0	0	0	0	0	0	0	0	0	0	0	0	0	-85	0	0	0	0	0	0	0	0	0	0	0	-93	0	0	0	0	0	0	0	0	0	0	0	0	0	0	0	0	0	0	0	0	0	0	0	0	0	0	0	0	0	0	0	0	0	0	0	0	0	0	0	0	0	0	0	0	0	0	0	0	0	0	0	0	0	0	0	0	0	0	0	0	0	0	0	0	0	0	0	0	0	0	0	0	0	0	0	0	0	0	0	0	0	0	0	0	0	0	0	0	0	0	0	0	0	0	0	0	0	-1269	-2827	443	11228	-8988	239	40	996	2	0	0	-1	40	979	2	1606974822
-60	-54	0	-73	-64	-62	-72	-76	-74	-84	-74	-74	-80	-76	0	0	-84	-88	-88	-86	-85	-83	-87	-88	-84	-83	0	-84	-85	0	-85	-85	-84	-59	-71	0	0	0	-95	0	0	0	0	0	0	0	0	-86	0	0	0	0	0	0	0	0	0	0	0	-93	0	0	0	0	0	0	0	0	0	-93	0	0	0	0	0	0	0	0	0	0	0	0	0	0	0	0	0	0	0	0	0	0	0	0	0	0	0	0	0	0	0	0	0	0	0	0	0	0	0	0	0	0	0	0	0	0	0	0	0	0	0	0	0	0	0	0	0	0	0	0	0	0	0	0	0	0	0	0	0	0	0	0	0	0	0	0	0	0	0	0	0	0	0	0	0	0	0	-1231	-2827	443	11213	-8995	239	41	996	1	0	-1	-1	40	979	0	1606974824
-60	0	-54	-66	-66	0	-76	-75	-74	0	-74	-74	-78	0	0	-83	0	-89	-90	-90	0	0	-90	-90	0	0	0	-85	-83	0	-84	-84	-84	-57	0	0	0	0	0	0	0	0	0	0	0	0	0	0	0	0	0	0	0	0	0	0	0	0	0	-92	0	0	0	0	0	0	0	0	0	0	0	0	0	0	0	0	0	0	0	0	0	0	0	0	0	0	0	0	0	0	0	0	0	0	0	0	0	0	0	0	0	0	0	0	0	0	0	0	0	0	0	0	0	0	0	0	0	0	0	0	0	0	0	0	0	0	0	0	0	0	0	0	0	0	0	0	0	0	0	0	0	0	0	0	0	0	0	0	0	0	0	0	0	0	0	0	0	-1314	-2826	443	11257	-8976	243	53	996	7	-1	-1	0	41	979	4	1606974826
-61	-53	-55	0	0	-62	0	0	-74	-82	-74	-74	-79	0	0	-83	0	-89	-90	-89	0	-82	-89	-88	0	0	0	-84	-85	0	-84	-84	-84	-58	0	0	0	0	0	0	0	0	0	0	0	0	0	0	0	0	0	0	0	0	0	0	0	0	0	-90	0	0	0	0	0	0	0	0	0	0	0	0	0	0	0	0	0	0	0	0	0	0	0	0	0	0	0	0	0	0	0	0	0	0	0	0	0	0	0	0	0	0	0	0	0	0	0	0	0	0	0	0	0	0	0	0	0	0	0	0	0	0	0	0	0	0	0	0	0	0	0	0	0	0	0	0	0	0	0	0	0	0	0	0	0	0	0	0	0	0	0	0	0	0	0	0	0	-1238	-2820	458	11233	-8985	238	38	995	8	0	0	-1	40	979	2	1606974827
-63	-55	-54	-68	-64	0	-76	-71	-77	0	-77	-75	-80	-71	0	0	0	-91	-89	-89	0	-85	-89	-89	0	0	-87	-84	-84	0	-84	-85	-84	-60	0	0	0	0	0	0	0	0	0	0	0	0	0	0	0	0	0	0	0	0	0	0	0	0	0	-94	0	0	0	0	0	0	0	0	0	0	0	0	0	0	0	0	0	0	0	0	0	0	0	0	0	0	0	0	0	0	0	0	0	0	0	0	0	0	0	0	0	0	0	0	0	0	0	0	0	0	0	0	0	0	0	0	0	0	0	0	0	0	0	0	0	0	0	0	0	0	0	0	0	0	0	0	0	0	0	0	0	0	0	0	0	0	0	0	0	0	0	0	0	0	0	0	0	-1223	-2827	443	11239	-8983	239	37	996	-11	0	0	0	41	979	3	1606974829
0	-53	-55	0	0	-63	-77	-75	-75	0	-74	-74	-77	-72	0	-81	0	-87	-86	-87	0	-84	-88	-86	0	0	-85	-83	-83	0	-85	-84	-85	-61	0	0	0	0	0	0	0	0	0	0	0	0	0	0	0	0	0	0	0	0	0	0	0	0	0	0	0	0	0	0	0	0	0	0	0	0	0	0	0	0	0	0	0	0	0	0	0	0	0	0	0	0	0	0	0	0	0	0	0	0	0	0	0	0	0	0	0	0	0	0	0	0	0	0	0	0	0	0	0	0	0	0	0	0	0	0	0	0	0	0	0	0	0	0	0	0	0	0	0	0	0	0	0	0	0	0	0	0	0	0	0	0	0	0	0	0	0	0	0	0	0	0	0	-1314	-2812	458	11228	-8988	240	39	996	-4	0	0	0	41	979	2	1606974830
0	-54	-55	0	-67	-64	-78	-77	-75	-85	-74	-74	-75	-75	0	-83	0	-86	-87	-87	0	-80	-87	-86	0	0	0	-84	-85	0	-85	-85	-84	-60	0	0	0	0	0	0	0	0	0	0	0	0	0	0	0	0	0	0	0	-86	0	-84	0	0	0	0	0	0	0	0	0	0	0	0	0	-92	0	0	0	0	0	0	0	0	0	0	0	0	0	0	0	0	0	0	0	0	0	0	0	0	0	0	0	0	0	0	0	0	0	0	0	0	0	0	0	0	-91	0	0	0	0	0	0	0	0	0	0	0	0	0	0	0	0	0	0	0	0	0	0	0	0	0	0	0	0	0	0	0	0	0	0	0	0	0	0	0	0	0	0	0	0	0	0	-1268	-2872	458	11231	-8987	240	43	996	4	0	0	0	41	979	2	1606974832
-61	-54	-55	-76	-65	-62	-72	0	0	-84	-76	-75	-74	-74	0	0	0	-85	-85	-85	0	-84	-85	-85	0	0	-88	-85	-84	0	-84	-84	-84	-64	0	0	0	0	-94	0	0	0	0	0	0	0	0	0	0	0	0	0	0	0	0	0	0	0	0	-94	0	0	0	0	0	0	0	0	0	0	0	0	0	0	0	0	0	0	0	0	0	0	0	0	0	0	0	0	0	0	0	-88	-87	0	0	0	0	0	0	0	0	0	0	0	0	0	0	0	0	0	0	0	0	0	0	0	0	0	0	0	0	0	0	0	0	0	0	0	0	0	0	0	0	0	0	0	0	0	0	0	0	0	0	0	0	0	0	0	0	0	0	0	0	0	0	0	0	-1284	-2782	473	11229	-8988	240	41	996	1	0	-1	-1	41	979	2	1606974834
-62	-55	-56	0	-65	-66	-77	-72	-77	0	-76	-76	-80	-78	0	0	0	-91	-91	-89	0	-83	-90	-89	0	0	-87	-85	-84	0	-85	-84	-84	-55	0	0	0	0	0	0	0	0	0	0	0	0	0	-88	0	0	0	0	0	0	0	0	0	0	0	-94	0	0	0	0	0	0	0	0	0	0	0	0	0	0	0	0	0	0	0	0	0	0	0	0	0	0	0	0	0	0	0	0	0	0	0	0	0	0	0	0	0	0	0	0	0	0	0	0	0	0	0	0	0	0	0	0	0	0	0	0	0	0	0	0	0	0	0	0	0	0	0	0	0	0	0	0	0	0	0	0	0	0	0	0	0	0	0	0	0	0	0	0	0	0	0	0	0	-1276	-2812	458	11229	-8988	241	41	996	0	0	0	0	41	979	2	1606974835
-69	0	-55	-68	-64	0	-75	-76	-76	-88	-77	-76	-78	-75	0	-81	0	-89	-89	-90	0	-82	-89	-89	0	0	-89	-85	-84	0	-85	-85	-85	-57	0	0	0	0	0	0	0	0	0	0	0	0	0	0	0	0	0	0	0	0	0	-85	0	0	0	-92	0	0	0	0	0	0	0	0	0	0	0	0	0	0	0	0	0	0	0	0	0	0	0	0	0	0	0	0	0	0	0	0	0	0	0	0	0	0	0	0	0	0	0	0	0	0	0	0	0	0	0	0	0	0	0	0	0	0	0	0	0	0	0	0	0	0	0	0	0	0	0	0	0	0	0	0	0	0	0	0	0	0	0	0	0	0	0	0	0	0	0	0	0	0	0	0	0	-1321	-2827	458	11231	-8987	239	41	995	3	-1	0	-1	41	979	2	1606974837
-61	0	0	-66	0	-64	-76	-76	-74	-85	-74	-74	-78	-75	0	-81	0	-91	-90	0	0	-83	-92	-90	0	0	-87	-85	-83	0	-84	-84	-83	-58	0	0	0	0	0	0	0	0	0	0	0	0	0	0	0	0	0	0	0	0	0	0	0	0	0	-91	0	0	0	0	0	0	0	0	0	0	-88	0	0	0	0	0	0	0	0	0	0	0	0	0	0	0	0	0	0	0	0	0	0	0	0	0	0	0	0	0	0	0	0	0	0	0	0	0	0	0	0	0	0	0	0	0	0	0	0	0	0	0	0	0	0	0	0	0	0	0	0	0	0	0	0	0	0	0	0	0	0	0	0	0	0	0	0	0	0	0	0	0	0	0	0	0	0	-1314	-2826	428	11230	-8987	239	41	996	0	0	0	-1	41	979	2	1606974838
-65	-54	-55	-70	-65	-62	-79	-73	-75	0	-74	-75	-78	-79	0	0	0	-88	-88	-87	0	-81	-87	-88	0	0	0	-84	-84	0	-85	-85	-84	-58	-71	0	0	0	-93	0	0	0	0	0	0	0	0	-87	0	0	0	0	0	0	0	0	0	0	0	-91	0	0	0	0	0	0	0	0	0	-91	0	0	0	0	0	0	0	0	0	0	0	0	0	0	0	0	0	0	0	0	0	0	0	0	0	0	0	0	0	0	0	0	0	0	0	0	0	0	0	0	0	0	0	0	0	0	0	0	0	0	0	0	0	0	0	0	0	0	0	0	0	0	0	0	0	0	0	0	0	0	0	0	0	0	0	0	0	0	0	0	0	0	0	0	0	0	0	-1283	-2812	488	11229	-8988	240	41	996	1	-1	0	0	41	979	2	1606974840
0	-55	-55	-69	0	0	-72	-72	-74	0	-75	-75	-77	-72	0	-82	0	-86	-86	-86	0	-84	-86	-85	0	0	-89	-83	-84	0	-84	-84	-84	-63	0	0	0	0	0	0	0	0	0	0	0	0	0	-86	0	0	0	0	0	0	0	0	0	0	0	-93	0	0	0	0	0	0	0	0	0	0	0	0	0	0	0	0	0	0	0	0	0	0	0	0	0	0	0	0	0	0	0	0	0	0	0	0	0	0	0	0	0	0	0	0	0	0	0	0	0	0	0	0	0	0	0	0	0	0	0	0	0	0	0	0	0	0	0	0	0	0	0	0	0	0	0	0	0	0	0	0	0	0	0	0	0	0	0	0	0	0	0	0	0	0	0	0	0	-1344	-2812	458	11228	-8988	240	41	995	1	0	0	-1	41	979	2	1606974842
0	0	-55	-72	0	-62	-75	-71	-75	0	-74	-73	-76	-71	0	0	0	-86	-86	-86	0	-82	-86	-85	0	0	-88	-84	-85	-90	-84	-84	-84	-59	0	0	0	0	-95	0	0	0	0	0	0	0	0	0	0	0	0	0	0	-88	0	0	0	0	0	-93	0	0	0	0	0	0	0	0	0	0	0	0	0	0	0	0	0	0	0	0	0	0	0	0	0	0	0	0	0	0	0	0	-86	0	0	0	0	0	0	0	0	0	0	0	0	0	0	0	0	0	0	0	0	0	0	0	0	0	0	0	0	0	0	0	0	0	0	0	0	0	0	0	0	0	0	0	0	0	0	0	0	0	0	0	0	0	0	0	0	0	0	0	0	0	0	0	-72	-1269	-2812	428	11233	-8986	239	41	997	-1	-1	-1	-1	41	979	2	1606974843
-63	0	-57	0	-65	0	0	-71	-75	-87	-76	-76	-77	-72	0	-82	0	-88	-90	-89	0	0	-89	-88	0	0	0	-83	-83	0	-84	-84	-84	-65	0	0	0	0	0	0	0	0	0	0	0	0	0	-85	0	0	0	0	0	0	0	-86	0	0	0	-92	0	0	0	0	0	0	0	0	0	0	0	0	0	0	0	0	0	0	0	0	0	0	0	0	0	0	0	0	0	0	0	0	0	0	0	0	0	0	0	0	0	0	0	0	0	0	0	0	0	0	0	0	0	0	0	0	0	0	0	0	0	0	0	0	0	0	0	0	0	0	0	0	0	0	0	0	0	0	0	0	0	0	0	0	0	0	0	0	0	0	0	0	0	0	0	0	0	-1276	-2819	480	11220	-8992	241	41	996	3	0	0	0	41	979	1	1606974845
-63	0	-56	-68	0	-65	-73	-74	-77	0	-75	-76	-78	-73	0	-82	0	-89	-90	-88	0	-81	-88	-88	0	0	-87	-84	-84	0	-84	-84	-85	-64	0	0	0	0	0	0	0	0	0	0	0	0	0	0	0	0	0	0	0	0	0	0	0	0	0	-93	0	0	0	0	0	0	0	0	0	0	0	0	0	0	0	0	0	0	0	0	0	0	0	0	0	0	0	0	0	0	0	0	0	0	0	0	0	0	0	0	0	0	0	0	0	0	0	0	0	0	0	0	0	0	0	0	0	0	0	0	0	0	0	0	0	0	0	0	0	0	0	0	0	0	0	0	0	0	0	0	0	0	0	0	0	0	0	0	0	0	0	0	0	0	0	0	0	-1284	-2796	413	11233	-8986	240	42	995	1	-1	0	-1	41	979	2	1606974846
-62	-54	-56	0	-66	0	-74	-74	-75	-83	-75	-76	-79	-73	0	-81	-83	-89	-90	-90	-82	-81	-89	-89	-82	-82	0	-84	-85	0	-84	-84	-85	-63	-68	0	0	0	0	0	0	0	0	0	0	0	0	0	0	0	0	0	0	0	0	0	0	0	0	0	0	0	0	0	0	0	0	0	0	-92	0	0	0	0	0	0	0	0	0	0	0	0	0	0	0	0	0	0	0	0	0	0	0	0	0	0	0	0	0	0	0	0	0	0	0	0	0	0	0	0	0	0	0	0	0	0	0	0	0	0	0	0	0	0	0	0	0	0	0	0	0	0	0	0	0	0	0	0	0	0	0	0	0	0	0	0	0	0	0	0	0	0	0	0	0	0	0	-1239	-2797	436	11230	-8987	239	41	996	2	0	0	-1	40	979	2	1606974848
-61	-53	-56	-68	-65	-64	-71	0	-76	0	-74	-74	-77	-75	0	-82	0	-86	-87	-86	0	-84	-87	-87	0	0	-90	-85	-84	0	-85	-85	-84	-61	0	0	0	0	0	0	0	0	0	0	0	0	0	0	0	0	0	0	0	0	0	0	0	0	0	-95	0	0	0	0	0	0	0	0	0	0	0	0	0	0	0	0	0	0	0	0	0	0	0	0	0	0	0	0	0	0	0	0	0	0	0	0	0	0	0	0	0	0	0	0	0	0	0	0	0	0	0	0	0	0	0	0	0	0	0	0	0	0	0	0	0	0	0	0	0	0	0	0	0	0	0	0	0	0	0	0	0	0	0	0	0	0	0	0	0	0	0	0	0	0	0	0	0	-1314	-2842	488	11227	-8989	239	41	996	1	0	0	0	41	979	2	1606974850
-60	-54	-55	-72	-54	-64	-71	-78	-75	0	-76	-77	-79	-71	0	0	-81	-91	-88	-90	-81	-82	-89	-89	-82	-84	-88	-84	-84	0	-85	-85	-83	-62	0	0	0	0	0	0	0	0	0	0	0	0	0	-87	0	0	0	0	0	0	0	0	0	0	-75	-92	0	0	0	0	0	0	0	0	0	0	0	0	0	0	0	0	0	0	0	0	0	0	0	0	0	0	0	0	0	0	0	0	0	0	0	0	0	0	0	0	0	0	0	0	0	0	0	0	0	0	0	0	0	0	0	0	0	0	0	0	0	0	0	0	0	0	0	0	0	0	0	0	0	0	0	0	0	0	0	0	0	0	0	0	0	0	0	0	0	0	0	0	0	0	0	0	0	-1314	-2819	443	11231	-8987	239	40	995	2	0	-1	-1	41	979	2	1606974851
-63	-53	-57	0	-63	-63	0	-75	-75	0	-75	-75	-77	-75	0	0	-83	-89	-88	-89	0	-84	-88	-87	-83	0	-85	-84	-83	0	-84	-85	-85	-63	0	0	0	0	0	0	0	0	0	0	0	0	0	-87	0	0	0	0	0	0	0	0	0	0	0	0	0	0	0	0	0	0	0	0	0	-91	0	0	0	0	0	0	0	0	0	0	0	0	0	0	0	0	0	0	0	0	0	0	0	0	0	0	0	0	0	0	0	0	0	0	0	0	0	0	0	0	0	0	0	0	0	0	0	0	0	0	0	0	0	0	0	0	0	0	0	0	0	0	0	0	0	0	0	0	0	0	0	0	0	0	0	0	0	0	0	0	0	0	0	0	0	0	0	-1238	-2872	429	11233	-8985	239	41	996	1	0	-1	0	40	979	2	1606974853
-64	-54	-55	0	-64	-66	0	0	-74	-85	-75	-74	-77	0	0	0	0	-85	-86	-85	0	-83	-86	-86	0	0	0	-84	-84	0	-83	-85	-84	-59	0	0	0	0	0	0	0	0	0	-81	0	0	0	0	0	0	0	0	0	0	0	-86	0	0	0	0	0	0	0	0	0	0	0	0	0	0	0	0	0	0	0	0	0	0	0	0	0	0	0	0	0	0	0	0	0	0	0	-86	0	0	0	0	0	0	0	0	0	0	0	0	0	0	0	0	0	0	0	0	0	0	0	0	0	0	0	0	0	0	0	0	0	0	0	0	0	0	0	0	0	0	0	0	0	0	0	0	0	0	0	0	0	0	0	0	0	0	0	0	0	0	0	0	0	-1284	-2827	436	11220	-8991	238	41	996	0	-1	0	-1	40	979	1	1606974854
-66	0	-55	-69	-64	0	0	-73	-76	0	-75	-74	-79	-74	0	0	0	-89	-87	-88	0	-84	-89	-89	0	0	0	-84	-85	0	-84	-85	-84	-59	0	0	0	0	0	0	0	0	0	0	0	0	0	0	0	0	0	0	0	-86	0	0	0	0	0	-94	0	0	0	0	0	0	0	0	0	0	0	0	0	0	0	0	0	0	0	0	0	0	0	0	0	0	0	0	0	0	0	0	0	0	0	0	0	0	0	0	0	0	0	0	0	0	0	0	0	0	0	0	0	0	0	0	0	0	0	0	0	0	0	0	0	0	0	0	0	0	0	0	0	0	0	0	0	0	0	0	0	0	0	0	0	0	0	0	0	0	0	0	0	0	0	0	-77	-1238	-2827	458	11237	-8983	238	40	995	1	-1	-1	-1	40	979	2	1606974856
-61	-54	0	-70	-64	-66	-74	0	-76	0	-75	0	-80	-74	0	0	0	-92	-89	-91	0	-83	-90	-90	0	0	0	-84	-84	0	-86	-85	-84	-60	0	0	0	0	0	0	0	0	0	0	0	0	0	0	0	0	0	0	0	0	0	0	0	0	0	-92	0	0	0	0	0	0	0	0	0	0	0	0	0	0	0	0	0	0	0	0	0	0	0	0	0	0	0	0	0	0	0	0	0	0	0	0	0	0	0	0	0	0	0	0	0	0	0	0	0	0	0	0	0	0	0	0	0	0	0	0	0	0	0	0	0	0	0	0	0	0	0	0	0	0	0	0	0	0	0	0	0	0	0	0	0	0	0	0	0	0	0	0	0	0	0	0	0	-1268	-2879	458	11224	-8990	239	43	997	1	0	-1	-1	41	979	1	1606974857
-66	-54	-55	-76	-63	0	-72	0	-75	0	-75	-75	-79	-77	0	-81	0	-89	-90	-89	0	0	-89	-90	0	0	0	-84	-85	0	-85	-84	-85	-57	0	0	0	0	0	0	0	0	0	0	0	0	0	0	0	0	0	0	0	0	0	0	0	0	0	-92	0	0	0	0	0	0	0	0	0	-93	0	0	0	0	0	0	0	0	0	0	0	0	0	0	0	0	0	0	0	0	0	0	0	0	0	0	0	0	0	0	0	0	0	0	0	0	0	0	0	0	0	0	0	0	0	0	0	0	0	0	0	0	0	0	0	0	0	0	0	0	0	0	0	0	0	0	0	0	0	0	0	0	0	0	0	0	0	0	0	0	0	0	0	0	0	0	-82	-1284	-2812	443	11231	-8986	239	41	996	1	-1	0	-1	40	979	2	1606974859
0	-55	-55	-72	-64	-65	-76	-76	-74	0	-76	-75	-80	-76	0	-81	0	-89	-89	-89	0	-81	-90	-90	0	0	0	-85	-83	0	-84	-84	-84	-57	0	0	0	0	0	0	0	0	0	0	0	0	0	0	0	0	0	0	0	0	0	0	0	0	0	-94	0	-81	0	-81	-81	0	0	0	0	-94	0	0	0	0	0	0	0	0	0	0	0	0	0	0	0	0	0	0	0	0	0	0	0	0	0	0	0	0	0	0	0	0	0	0	0	0	0	0	0	0	0	0	0	0	0	0	0	0	0	0	0	0	0	0	0	0	0	0	0	0	0	0	0	0	0	0	0	0	0	0	0	0	0	0	0	0	0	0	0	0	0	0	0	0	0	0	0	-1276	-2827	406	11219	-8992	239	41	996	1	0	0	-1	41	979	1	1606974861
-66	-54	0	0	0	0	0	0	-75	-84	-76	-75	-78	0	-87	-80	0	-90	-90	-90	0	-82	-88	-90	0	0	0	-84	-84	0	-84	-84	-85	-57	0	0	0	0	0	0	0	0	0	0	0	0	0	0	0	0	0	0	0	0	0	-84	0	0	0	-94	0	0	0	0	0	0	0	0	0	0	-88	0	0	0	0	0	0	0	0	0	0	0	0	0	0	0	0	0	0	0	0	0	0	0	0	0	0	0	0	0	0	0	0	0	0	0	0	0	0	0	0	0	0	0	0	0	0	0	0	0	0	0	0	0	0	0	0	0	0	0	0	0	0	0	0	0	0	0	0	0	0	0	0	0	0	0	0	0	0	0	0	0	0	0	0	0	0	-1328	-2909	436	11227	-8989	240	42	997	1	0	0	0	41	979	2	1606974862
-67	-54	-55	-70	-65	-67	-71	0	-74	0	-76	-75	-79	0	0	-80	0	-91	-90	-89	0	-83	-90	-90	0	0	0	-85	-83	0	-85	-85	-85	-60	0	0	0	0	0	0	0	0	0	0	0	0	0	0	0	0	0	0	0	0	0	0	0	0	0	-93	0	0	0	0	0	0	0	0	0	-92	0	0	0	0	0	0	0	0	0	0	0	0	0	0	0	0	0	0	0	0	0	0	0	0	0	0	0	0	0	0	0	0	0	0	0	0	0	0	0	0	0	0	0	0	0	0	0	0	0	0	0	0	0	0	0	0	0	0	0	0	0	0	0	0	0	0	0	0	0	0	0	0	0	0	0	0	0	0	0	0	0	0	0	0	0	0	0	-1314	-2871	429	11219	-8992	239	41	996	1	0	0	-1	40	979	1	1606974864
-64	0	-55	-68	-64	-61	0	-72	-74	-82	-73	-74	-75	-76	0	-81	0	-87	-85	-86	0	0	-86	-86	0	0	0	-85	-84	0	-85	-84	-85	-65	0	0	0	0	0	0	0	0	0	0	0	0	0	-88	0	0	0	0	0	0	0	-83	0	0	0	0	0	0	0	0	0	0	0	0	0	-91	-89	0	0	0	0	0	0	0	0	0	0	0	0	0	0	0	0	0	0	0	0	0	0	0	0	0	0	0	0	0	0	0	0	0	0	0	0	0	0	0	0	0	0	0	0	0	0	0	0	0	0	0	0	0	0	0	0	0	0	0	0	0	0	0	0	0	0	0	0	0	0	0	0	0	0	0	0	0	0	0	0	0	0	0	0	0	0	-1269	-2842	458	11210	-8997	239	41	996	0	0	-1	0	41	979	0	1606974865
-66	0	0	-70	-62	0	-76	-72	-76	-80	-75	-75	-80	-76	0	-82	0	-88	-89	-88	0	-83	-88	-90	0	0	0	-84	-83	0	-85	-84	-84	-60	0	0	0	0	0	0	0	0	0	0	0	0	0	0	0	0	0	0	0	0	0	0	0	0	0	-94	0	0	0	0	0	0	0	0	0	0	-87	0	0	0	0	0	0	0	0	0	0	0	0	0	0	0	0	0	0	0	0	0	0	0	0	0	0	0	0	0	0	0	0	0	0	0	0	0	0	0	0	0	0	0	-86	0	0	0	0	0	0	0	0	0	0	0	0	0	0	0	0	0	0	0	0	0	0	0	0	0	0	0	0	0	0	0	0	0	0	0	0	0	0	0	0	0	0	-1238	-2842	458	11224	-8990	240	42	996	1	0	-1	-1	41	979	1	1606974867
-66	-54	-56	-76	-63	-67	-75	-72	-75	0	-76	-75	-78	-73	0	0	0	-89	-89	-89	0	-84	-88	-87	0	0	0	-85	-85	0	-85	-84	-85	-59	0	0	0	0	0	0	0	0	0	0	0	0	0	-89	0	0	0	0	0	0	0	0	0	0	0	-91	0	0	0	0	0	0	0	0	0	-91	0	0	0	0	0	0	0	0	0	0	0	0	0	0	0	0	0	0	0	0	0	0	0	0	0	0	0	0	0	0	0	0	0	0	0	0	0	0	0	0	0	0	0	0	0	0	0	0	0	0	0	0	0	0	0	0	0	0	0	0	0	0	0	0	0	0	0	0	0	0	0	0	0	0	0	0	0	0	0	0	0	0	0	0	0	0	0	-1238	-2842	443	11223	-8990	239	41	996	1	-1	0	-1	40	979	1	1606974868
-64	0	-55	-69	-65	-62	-73	-71	-76	-82	-74	-75	-77	-75	0	-83	-83	-87	-86	-86	-83	-84	-86	-87	-82	-82	0	-84	-85	0	-85	-85	-85	-60	0	0	0	0	-94	0	0	0	0	0	0	0	0	-86	0	0	0	0	0	0	0	0	0	0	0	-94	0	0	0	0	0	0	0	0	0	0	0	0	0	0	0	0	0	0	0	0	0	0	0	0	0	0	0	0	0	0	0	0	0	0	0	0	0	0	0	0	0	0	0	0	0	0	0	0	0	0	0	0	0	0	0	0	0	0	0	0	0	0	0	0	0	0	0	0	0	0	0	0	0	0	0	0	0	0	0	0	0	0	0	0	0	0	0	0	0	0	0	0	0	0	0	0	0	-1238	-2842	458	11220	-8992	240	40	996	2	-1	-1	-1	41	979	1	1606974870
0	-55	-55	-68	-62	-67	-71	-71	-76	-80	-77	-76	-78	-72	0	0	0	-92	-91	0	0	-84	0	-91	0	0	0	-85	-84	0	-84	-84	-84	-60	0	0	0	0	0	0	0	0	0	0	0	0	0	0	0	0	0	0	0	0	0	0	0	0	0	-94	0	0	0	0	0	0	0	0	0	-91	0	0	0	0	0	0	0	0	0	0	0	0	0	0	0	0	0	0	0	0	0	0	0	0	0	0	0	0	0	0	0	0	0	0	0	0	0	0	0	0	0	0	0	0	0	0	0	0	0	0	0	0	0	0	0	0	0	0	0	0	0	0	0	0	0	0	0	0	0	0	0	0	0	0	0	0	0	0	0	0	0	0	0	0	0	0	0	-1276	-2827	451	11219	-8992	239	42	996	1	0	-1	-1	41	979	1	1606974871
-67	-54	0	-66	-59	0	-75	0	-75	-79	-75	-75	-80	-74	0	-82	-85	-90	-90	-90	-83	-83	-90	-90	-83	-82	0	-85	-85	0	-84	-84	-84	-58	-70	0	0	0	0	0	0	0	0	0	0	0	0	-87	0	0	0	0	0	0	0	-82	0	0	0	-94	0	0	0	0	0	0	0	0	0	0	0	0	0	0	0	0	0	0	0	0	0	0	0	0	0	0	0	0	0	0	0	0	0	0	0	0	0	0	0	0	0	0	0	0	0	0	0	0	0	0	0	0	0	0	0	0	0	0	0	0	0	0	0	0	0	0	0	0	0	0	0	0	0	0	0	0	0	0	0	0	0	0	0	0	0	0	0	0	0	0	0	0	0	0	0	0	0	-1261	-2842	443	11225	-8989	239	41	996	1	-1	-1	-1	41	979	1	1606974873
-57	-54	-51	-69	-64	-71	-70	-69	-74	0	-74	-74	-81	-75	0	-82	-86	-90	-90	-90	0	-86	-90	-90	0	-84	0	-84	-84	0	-84	-84	-85	-62	0	0	0	0	0	0	0	0	0	0	0	0	0	-88	0	0	0	0	0	0	0	0	0	0	0	-91	0	0	0	0	0	0	0	0	0	0	0	0	0	0	0	0	0	0	0	0	0	0	0	0	0	0	0	0	0	0	0	0	0	0	0	0	0	0	0	0	0	0	0	0	0	0	0	0	0	0	-91	0	0	0	0	0	0	0	0	0	0	0	0	0	0	0	0	0	0	0	0	0	0	0	0	0	0	0	0	0	0	0	0	0	0	0	0	0	0	0	0	0	0	0	0	0	0	-1284	-2842	429	11213	-8995	239	40	996	0	0	-1	-1	40	979	0	1606974874
-57	-55	-57	0	-62	-66	-72	-71	-74	0	-73	-73	-76	-71	0	-81	0	-87	-87	-87	0	-85	-87	-87	0	0	0	-85	-84	0	-85	-85	-85	-64	0	0	0	0	0	0	0	0	0	0	0	0	0	0	0	0	0	0	0	0	0	0	0	0	0	0	0	0	0	0	0	0	0	0	0	-92	0	0	0	0	0	0	0	0	0	0	0	0	0	0	0	0	0	0	0	0	0	0	0	0	0	0	0	0	0	0	0	0	0	0	0	0	0	0	0	0	0	0	0	0	0	0	0	0	0	0	0	0	0	0	0	0	0	0	0	0	0	0	0	0	0	0	0	0	0	0	0	0	0	0	0	0	0	0	0	0	0	0	0	0	0	0	0	-1299	-2812	428	11230	-8987	239	41	996	1	-1	-1	-1	41	979	2	1606974876
-64	-57	-56	0	-64	0	-72	0	-74	-81	-73	-73	-79	-72	0	0	-83	-90	-90	-91	-84	-86	-89	-90	-82	-87	0	-84	-84	0	-84	-84	-85	-58	0	0	0	0	0	0	0	0	0	0	0	0	0	0	0	0	0	0	0	-87	0	-84	0	0	0	-94	-95	0	0	0	0	0	0	0	0	-93	0	0	0	0	0	0	0	0	0	0	0	0	0	0	0	0	0	0	0	0	0	0	0	0	0	0	0	0	0	0	0	0	0	0	0	0	0	0	0	0	0	0	0	0	0	0	0	0	0	0	0	0	0	0	0	0	0	0	0	0	0	0	0	0	0	0	0	0	0	0	0	0	0	0	0	0	0	0	0	0	0	0	0	0	0	0	0	-1284	-2812	443	11223	-8991	240	41	996	0	-1	-1	-1	41	979	1	1606974878
-52	-54	0	-70	-59	0	0	0	-74	0	-74	-73	-77	0	0	-78	0	-85	-85	-85	0	-85	-85	-85	0	0	-88	-85	-85	0	-84	-84	-85	-60	0	0	0	0	0	0	0	0	0	0	0	0	0	0	0	0	0	0	0	0	0	0	0	0	0	0	0	0	0	0	0	0	0	0	0	0	0	0	0	0	0	0	0	0	0	0	0	0	0	0	0	0	0	0	0	0	0	0	0	0	0	0	0	0	0	0	0	0	0	0	0	0	0	0	0	0	0	0	0	0	0	0	0	0	0	0	0	0	0	0	0	0	0	0	0	0	0	0	0	0	0	0	0	0	0	0	0	0	0	0	0	0	0	0	0	0	0	0	0	0	0	0	0	-1268	-2812	525	11223	-8991	241	41	995	1	-1	-1	0	41	979	1	1606974879
-62	-53	-59	-68	-63	0	-75	-74	-73	-82	-73	-74	-76	-74	0	0	-85	-86	-86	-87	-85	-84	-86	-86	-87	-85	0	-84	-83	0	-84	-86	-85	-60	0	0	0	0	0	0	0	0	0	0	0	0	0	0	0	0	0	0	0	0	0	0	0	0	0	-95	0	0	0	0	0	0	0	0	0	0	0	0	0	0	0	0	0	0	0	0	0	0	0	0	0	0	0	0	0	0	0	0	0	0	0	0	0	0	0	0	0	0	0	0	0	0	0	0	0	0	0	0	0	0	0	0	0	0	0	0	0	0	0	0	0	0	0	0	0	0	0	0	0	0	0	0	0	0	0	0	0	0	0	0	0	0	0	0	0	0	0	0	0	0	0	0	0	-1314	-2811	428	11230	-8987	240	41	996	2	-1	0	-1	41	979	2	1606974881
0	0	-51	-66	0	-65	0	-74	-75	0	-74	0	-79	-75	0	0	0	-88	-89	-89	0	-83	-89	-88	0	0	-81	-84	-86	0	-85	-86	-86	-57	0	0	0	0	0	0	0	0	0	0	0	0	0	-91	0	0	0	0	-88	0	0	0	0	0	0	-94	0	0	0	0	0	0	0	0	0	0	0	0	0	0	0	0	0	0	0	0	0	0	0	0	0	0	0	0	0	0	0	-89	-88	0	0	0	0	0	0	0	0	0	0	0	0	0	0	0	0	0	0	0	0	0	0	0	0	0	0	0	0	0	0	0	0	0	0	0	0	0	0	0	0	0	0	0	0	0	0	0	0	0	0	0	0	0	0	0	0	0	0	0	0	0	0	0	0	-1269	-2812	428	11231	-8987	239	41	996	1	0	0	-1	41	979	2	1606974882
-66	-54	-57	-70	-63	0	0	0	-75	-82	-75	-75	-80	0	0	0	-81	-89	-89	-90	0	-84	0	-90	-85	0	0	-84	-84	0	-84	-84	-84	-58	0	0	0	0	0	0	0	0	0	0	0	0	0	0	0	0	0	0	0	0	0	0	0	0	0	-92	0	0	0	0	0	0	0	0	0	-89	0	0	0	0	0	0	0	0	0	0	0	0	0	0	0	0	0	0	0	0	0	0	0	0	0	0	0	0	0	0	0	0	0	0	0	0	0	0	0	0	0	0	0	0	0	0	0	0	0	0	0	0	0	0	0	0	0	0	0	0	0	0	0	0	0	0	0	0	0	0	0	0	0	0	0	0	0	0	0	0	0	0	0	0	0	0	0	-1238	-2797	488	11223	-8991	240	42	996	1	-1	0	-1	41	979	1	1606974884
-65	-55	-55	-70	-64	-66	-75	-75	-76	-81	-75	-74	-80	-72	0	-81	-85	-89	-90	-90	-84	-83	-89	-90	-84	-85	0	-84	-84	0	-84	-85	-84	-57	0	0	0	0	0	0	0	0	0	0	0	0	0	0	0	0	0	0	0	-86	0	0	0	0	0	-92	0	0	0	0	0	0	0	0	0	0	0	0	0	0	0	0	0	0	0	0	0	0	0	0	0	0	0	0	0	0	0	0	0	0	0	0	0	0	0	0	0	0	0	0	0	0	0	0	0	0	0	0	0	0	0	0	0	0	0	0	0	0	0	0	0	0	0	0	0	0	0	0	0	0	0	0	0	0	0	0	0	0	0	0	0	0	0	0	0	0	0	0	0	0	0	0	0	-1268	-2812	496	11232	-8986	239	43	995	5	-1	-1	-1	40	979	2	1606974886
0	0	-56	-71	-65	0	-75	-74	-75	0	-75	-75	-79	-74	0	-81	0	-91	-89	-87	0	-83	-90	-90	0	0	0	-84	-84	0	-85	-84	-83	-57	0	0	0	0	0	0	0	0	0	0	0	0	0	0	0	0	0	0	0	0	0	0	0	0	0	-92	0	0	0	0	0	0	0	0	0	0	0	0	0	0	0	0	0	0	0	0	0	0	0	0	0	0	0	0	0	0	0	0	0	0	0	0	0	0	0	0	0	0	0	0	0	0	0	0	0	0	0	0	0	0	0	0	0	0	0	0	0	0	0	0	0	0	0	0	0	0	0	0	0	0	0	0	0	0	0	0	0	0	0	0	0	0	0	0	0	0	0	0	0	0	0	0	0	-1268	-2827	518	11223	-8992	242	36	995	6	0	0	0	41	979	1	1606974887
-66	0	-55	-67	-62	-66	-72	-71	-75	0	-75	-74	-79	-75	0	-80	0	-91	-89	-89	0	-82	-89	-89	0	0	-88	-83	-84	0	-85	-84	-84	-57	0	0	0	0	0	0	0	-91	0	0	0	0	0	0	0	0	0	0	0	0	0	0	0	0	0	-92	0	0	0	0	0	0	0	0	0	0	0	0	0	0	0	0	0	0	0	0	0	0	0	0	0	0	0	0	0	0	0	0	0	0	0	0	0	0	0	0	0	0	0	0	0	0	0	0	0	0	0	0	0	0	0	0	0	0	0	0	0	0	0	0	0	0	0	0	0	0	0	0	0	0	0	0	0	0	0	0	0	0	0	0	0	0	0	0	0	0	0	0	0	0	0	0	0	-1269	-2782	428	11228	-8988	240	39	996	0	-1	-1	-1	41	979	2	1606974889
0	-55	-56	-71	0	0	-71	-71	-75	0	-75	-74	-80	-75	0	-80	0	-89	-89	-89	0	-81	-89	-89	0	0	0	-85	-85	0	-85	-85	-84	-58	0	0	0	0	0	0	0	0	0	0	0	0	0	0	0	0	0	0	0	0	0	0	0	0	0	-91	0	0	0	0	0	0	0	0	0	-91	0	0	0	0	0	0	0	0	0	0	0	0	0	0	0	0	0	0	0	0	0	0	0	0	0	0	0	0	0	0	0	0	0	0	0	0	0	0	0	0	0	0	0	0	0	0	0	0	0	0	0	0	0	0	0	0	0	0	0	0	0	0	0	0	0	0	0	0	0	0	0	0	0	0	0	0	0	0	0	0	0	0	0	0	0	0	0	-1223	-2842	429	11227	-8989	240	41	996	8	0	0	0	41	979	2	1606974890
-66	-54	-57	-70	0	-67	-72	-72	-75	-83	-75	-75	-79	-72	0	-80	0	-89	-90	-89	0	-82	0	-89	0	0	0	-84	-84	0	-85	-84	-84	-58	0	0	0	0	-94	0	0	0	0	0	0	0	0	-88	0	0	0	0	0	0	0	-85	0	0	0	0	0	0	0	0	0	0	0	0	0	-91	0	0	0	0	0	0	0	0	0	0	0	0	0	0	0	0	0	0	0	0	0	0	0	0	0	0	0	0	0	0	0	0	0	0	0	0	0	0	0	0	0	0	0	0	0	0	0	0	0	0	0	0	0	0	0	0	0	0	0	0	0	0	0	0	0	0	0	0	0	0	0	0	0	0	0	0	0	0	0	0	0	0	0	0	0	0	0	-1284	-2812	443	11236	-8984	239	44	996	2	-1	-1	-1	40	979	2	1606974892
-68	-54	-56	-70	-64	-65	-75	-71	-73	-82	-73	-74	-75	-76	0	-81	0	-85	-85	-86	0	-82	-87	-86	0	0	0	-84	-84	0	-84	-84	-83	-59	0	0	0	0	0	0	0	0	0	0	0	0	0	0	0	0	0	0	-87	0	0	0	0	0	0	0	0	0	0	0	0	0	0	0	0	-91	0	0	0	0	0	0	0	0	0	0	0	0	0	0	0	0	0	0	0	0	0	0	0	0	0	0	0	0	0	0	0	0	0	0	0	0	0	0	0	0	0	0	0	0	0	0	0	0	0	0	0	0	0	0	0	0	0	0	0	0	0	0	0	0	0	0	0	0	0	0	0	0	0	0	0	0	0	0	0	0	0	0	0	0	0	0	0	-1314	-2812	503	11233	-8986	240	44	997	1	0	-1	0	41	979	2	1606974893
-65	-55	-56	-70	-64	-65	0	-76	-73	0	-73	-73	-75	-75	0	-79	-82	-85	-86	-86	-83	-82	-86	-87	-84	-81	0	-84	-85	0	-85	-85	-84	-57	-72	0	0	0	0	0	0	0	0	0	0	0	0	-86	0	0	0	0	0	0	0	0	0	0	0	0	0	0	0	0	0	0	0	0	0	0	-90	0	0	0	0	0	0	0	0	0	0	0	0	0	0	0	0	0	0	0	0	0	0	0	0	0	0	0	0	0	0	0	0	0	0	0	0	0	0	0	0	0	0	0	0	0	0	0	0	0	0	0	0	0	0	0	0	0	0	0	0	0	0	0	0	0	0	0	0	0	0	0	0	0	0	0	0	0	0	0	0	0	0	0	0	0	0	-1276	-2812	488	11221	-8992	240	40	997	0	-1	-1	-1	41	979	1	1606974895
-65	-55	-57	0	-63	-67	0	0	-75	0	-74	-76	-79	0	0	-81	0	-90	-89	-89	0	0	-89	-90	0	0	0	-85	-84	0	-84	-84	-84	-57	0	0	0	0	0	0	0	0	0	0	0	0	0	0	0	0	0	0	0	0	0	0	0	0	0	-91	0	0	0	0	0	0	0	0	0	0	0	0	0	0	0	0	0	0	0	0	0	0	0	0	0	0	0	0	0	0	0	0	0	0	0	0	0	0	0	0	0	0	0	0	0	0	0	0	0	0	-91	0	0	0	0	0	0	0	0	0	0	0	0	0	0	0	0	0	0	0	0	0	0	0	0	0	0	0	0	0	0	0	0	0	0	0	0	0	0	0	0	0	0	0	0	0	0	-1314	-2812	458	11239	-8983	239	43	996	-11	0	0	-1	41	979	3	1606974897
-70	-54	-57	0	-63	0	0	0	-74	0	-74	-75	-80	0	0	-82	0	-90	-89	-89	0	-83	-88	-91	0	0	0	-84	-84	0	-84	-84	-84	-58	0	0	0	0	0	0	0	0	0	0	0	0	0	0	0	0	0	0	0	0	0	0	0	0	0	-94	0	0	0	0	0	0	0	0	0	0	0	0	0	0	0	0	0	0	0	0	0	0	0	0	0	0	0	0	0	0	0	0	0	0	0	0	0	0	0	0	0	0	0	0	0	0	0	0	0	0	0	0	0	0	0	0	0	0	0	0	0	0	0	0	0	0	0	0	0	0	0	0	0	0	0	0	0	0	0	0	0	0	0	0	0	0	0	0	0	0	0	0	0	0	0	0	0	-1314	-2811	451	11229	-8989	241	42	996	-3	0	0	0	41	979	2	1606974898
0	-54	-57	-70	0	-68	0	0	-76	0	-75	-75	-79	0	0	-81	0	-90	-89	-89	0	-86	-88	-89	0	0	0	-83	-84	0	-85	-84	-85	-57	0	0	0	0	0	0	0	0	0	0	0	0	0	-86	0	0	0	0	0	0	0	0	0	0	0	-91	0	0	0	0	0	0	0	0	0	0	0	0	0	0	0	0	0	0	0	0	0	0	0	0	0	0	0	0	0	0	0	0	0	0	0	0	0	0	0	0	0	0	0	0	0	0	0	0	0	0	0	0	0	0	0	0	0	0	0	0	0	0	0	0	0	0	0	0	0	0	0	0	0	0	0	0	0	0	0	0	0	0	0	0	0	0	0	0	0	0	0	0	0	0	0	0	0	-1269	-2812	443	11217	-8994	240	41	995	1	-1	-1	-1	40	979	1	1606974900
-67	-55	-58	-69	-65	-65	0	-77	-74	0	-74	-74	-77	-77	-87	-81	0	-85	-86	-86	0	-83	-86	-87	0	0	0	-84	-84	0	-86	-85	-84	-58	0	0	0	0	-94	0	0	0	0	0	0	0	0	0	0	0	0	0	0	0	0	0	0	0	0	-93	0	0	0	0	0	0	0	0	0	-91	0	0	0	0	0	0	0	0	0	0	0	0	0	0	0	0	0	0	0	0	0	0	0	0	0	0	0	0	0	0	0	0	0	0	0	0	0	0	0	0	0	0	0	0	0	0	0	0	0	0	0	0	0	0	0	0	0	0	0	0	0	0	0	0	0	0	0	0	0	0	0	0	0	0	0	0	0	0	0	0	0	0	0	0	0	0	0	-1269	-2797	488	11223	-8990	239	41	997	0	0	0	-1	41	979	1	1606974902
0	0	-57	-71	-63	0	-74	-75	-75	0	-75	-73	-80	-75	0	-83	0	-88	-89	-89	0	0	-89	-89	0	0	-90	-84	-86	0	-84	-84	-85	-58	0	0	0	0	0	0	0	0	0	0	0	0	0	0	0	0	0	0	0	0	0	-85	0	0	0	-93	0	0	0	0	0	0	0	0	0	-93	0	0	0	0	0	0	0	0	0	0	0	0	0	0	0	0	0	0	0	0	0	0	0	0	0	0	0	0	0	0	0	0	0	0	0	0	0	0	0	0	0	0	0	0	0	0	0	0	0	0	0	0	0	0	0	0	0	0	0	0	0	0	0	0	0	0	0	0	0	0	0	0	0	0	0	0	0	0	0	0	0	0	0	0	0	0	0	-1268	-2902	488	11222	-8991	239	41	996	1	0	0	-1	40	979	1	1606974903
0	0	0	0	-61	-66	-72	-75	-75	0	-77	-74	-80	-71	0	-79	0	-88	-87	-88	0	-84	-89	-87	0	0	0	-85	-84	0	-85	-84	-84	-59	0	0	0	0	-95	0	0	0	0	0	0	0	0	0	0	0	0	0	0	0	0	0	-81	0	0	-96	0	-81	0	-81	-81	0	0	0	0	0	0	0	0	0	0	0	0	0	0	0	0	0	0	0	0	0	0	0	0	0	0	0	0	0	0	0	0	0	0	0	0	0	0	0	0	0	0	0	0	0	0	0	0	0	0	0	0	0	0	0	0	0	0	0	0	0	0	0	0	0	0	0	0	0	0	0	0	0	0	0	0	0	0	0	0	0	0	0	0	0	0	0	0	0	0	0	0	-1268	-2872	458	11211	-8996	239	41	996	-1	-1	0	0	41	979	0	1606974905
-65	-56	-55	0	-63	0	0	0	-74	0	-75	-75	-79	0	-88	-81	0	-89	-88	-88	0	-85	-89	-89	0	0	0	-83	-84	0	-84	-85	-84	-57	-68	0	0	0	-93	0	0	0	0	0	0	0	0	-87	0	0	0	0	0	0	0	0	-81	0	0	-92	0	-82	0	-81	-80	0	0	0	0	0	-89	0	0	0	0	0	0	0	0	0	0	0	0	0	0	0	0	0	0	0	0	0	0	0	0	0	0	0	0	0	0	0	0	0	0	0	0	0	0	0	0	0	0	0	0	0	0	0	0	0	0	0	0	0	0	0	0	0	0	0	0	0	0	0	0	0	0	0	0	0	0	0	0	0	0	0	0	0	0	0	0	0	0	0	0	0	0	-1269	-2827	458	11218	-8993	239	44	997	0	-1	0	0	41	979	1	1606974906
0	-52	0	-67	0	-65	-70	0	-76	0	-77	-77	-81	-74	0	-81	0	-87	-87	-87	0	-83	-87	-88	0	0	0	-85	-83	0	-85	-85	-85	-61	0	0	0	0	0	0	0	0	0	0	0	0	0	0	0	0	0	0	0	0	0	0	0	0	0	-92	0	0	0	0	0	0	0	0	0	0	0	0	0	0	0	0	0	0	0	0	0	0	0	0	0	0	0	0	0	0	0	0	0	0	0	0	0	0	0	0	0	0	0	0	0	0	0	0	0	0	0	0	0	0	0	0	0	0	0	0	0	0	0	0	0	0	0	0	0	0	0	0	0	0	0	0	0	0	0	0	0	0	0	0	0	0	0	0	0	0	0	0	0	0	0	0	0	-1269	-2797	458	11215	-8994	239	42	996	0	-1	0	-1	40	979	1	1606974908
