-49	-62	0	-55	-56	-68	0	-67	-80	0	-78	-79	-78	0	0	0	0	-92	-91	-90	0	0	-90	-91	0	0	0	0	-95	0	0	0	0	-61	0	0	-93	-92	-95	-93	0	0	0	0	0	0	0	0	0	0	0	0	0	0	0	0	0	0	0	0	0	0	0	0	0	0	0	0	0	0	0	0	0	0	0	0	0	0	0	0	0	-59	0	0	0	0	0	0	0	3321	-2910	3036	22252	-7827	-118	-21	973	197	0	0	0	-21	959	199	1606974583
-60	-55	-52	-51	-49	0	-67	-69	-69	0	-70	-69	-76	-71	0	0	-84	-86	-86	-87	0	0	-87	-87	-79	0	0	-92	-93	0	0	-90	0	-61	0	0	-94	0	0	0	0	0	0	0	0	0	0	-86	0	0	0	0	0	0	0	0	0	0	0	0	0	0	0	0	0	0	0	0	0	0	0	0	0	0	0	0	0	0	0	0	0	-68	0	0	0	0	0	0	0	3284	-2932	3051	22247	-7841	-118	-21	972	199	-1	0	0	-21	960	197	1606974585
0	-51	-55	-54	-55	0	-69	-65	-70	0	-71	-70	-75	-65	0	-87	0	-84	-84	-84	0	-77	-85	-84	0	0	-90	-90	-91	0	0	-90	-90	-58	0	-94	-94	-93	0	-93	-95	-86	0	-88	0	0	0	0	0	0	0	0	0	0	0	0	-87	0	0	0	0	-87	0	-88	-87	0	0	0	0	0	0	0	0	0	0	0	0	0	0	0	0	-64	0	0	0	0	0	0	0	3382	-2903	3051	22234	-7837	-118	-21	973	200	-1	0	-1	-21	960	197	1606974586
0	-51	-53	0	-60	0	-67	-69	-78	-82	-79	-79	-78	-69	0	0	0	-92	-92	-91	0	-76	0	-92	0	0	0	-89	-88	0	-88	-88	-89	-61	0	0	0	0	-94	0	0	-86	0	0	0	0	0	0	0	0	0	0	0	0	0	0	0	0	0	0	0	0	0	0	0	0	0	0	0	0	0	0	0	0	0	0	0	0	0	0	0	-69	0	0	0	0	0	0	0	3344	-2873	3096	22231	-7831	-120	-21	973	199	-1	0	-1	-21	960	198	1606974588
-64	-53	0	0	-55	0	-67	-65	-70	0	-70	-70	-76	-64	0	0	0	-85	-85	-85	0	0	-84	-85	0	0	-88	-89	-89	0	-90	-90	-89	-59	-64	0	-94	0	0	0	0	0	0	0	0	0	0	0	0	0	0	0	0	0	0	0	-89	0	-72	0	0	-92	0	0	0	0	0	0	0	0	0	0	0	0	0	0	0	0	0	0	0	-70	0	0	0	0	0	0	0	3299	-2902	3051	22232	-7830	-119	-21	973	200	0	0	0	-21	960	198	1606974589
-51	-53	-53	-55	-56	-57	-67	-65	-70	0	-70	-70	-75	-64	0	0	-77	-84	-84	-85	-78	-78	-85	-84	-77	-77	-88	-90	-89	0	-90	-90	-89	-59	0	0	-94	-92	0	-94	0	0	0	0	0	0	0	0	0	0	0	0	0	0	0	0	0	0	0	0	0	0	0	0	0	0	0	0	0	0	0	0	0	0	0	0	0	0	0	0	0	-63	0	0	0	0	0	0	0	3329	-2918	3081	22232	-7833	-119	-21	972	199	0	0	-1	-21	960	198	1606974591
-50	-50	-54	-54	-55	-64	-68	-65	-77	0	-77	-77	-78	-68	0	0	0	-91	-90	-89	0	-77	-90	-90	0	0	-89	-90	-90	0	-90	-90	-89	-60	0	0	-94	0	-93	0	0	0	0	0	0	0	0	0	0	0	0	0	0	0	0	0	0	0	0	-94	0	0	0	0	0	0	0	0	0	0	0	0	0	0	0	0	0	0	0	0	0	-65	0	0	0	0	0	0	0	3329	-2902	3051	22231	-7828	-119	-21	972	201	-1	-1	0	-21	960	199	1606974592
-60	-55	0	0	-56	-63	0	0	-78	0	-78	-79	-78	0	0	0	0	-91	0	-92	0	-77	0	-91	0	0	-90	-89	-88	0	-89	-89	-89	-60	-65	0	0	0	-93	0	0	0	0	0	0	0	0	0	0	0	0	0	0	0	0	0	-88	0	0	0	0	-87	0	0	-86	0	0	0	0	0	0	0	0	0	0	0	0	0	0	0	0	-65	0	0	0	0	0	0	0	3329	-2903	3081	22229	-7821	-118	-21	973	199	-1	-1	0	-21	959	200	1606974594
-50	-52	-49	0	-56	-64	0	-64	-78	0	-77	-77	-78	0	0	0	0	-91	-92	-90	0	-79	-91	-90	0	0	-89	-89	-90	0	-89	-90	-89	-60	0	0	0	0	0	-95	0	0	0	0	0	0	0	0	0	0	0	0	0	0	0	0	0	0	0	-94	0	0	0	0	0	0	0	0	0	0	0	0	0	0	0	0	0	0	0	0	0	-62	0	0	0	0	0	0	0	3322	-2918	3081	22232	-7834	-119	-21	972	202	-1	-1	-1	-21	960	198	1606974596
-50	0	0	-53	-57	0	0	0	-69	0	-70	-69	-76	0	0	0	-78	-84	-86	-85	-79	-77	-84	-85	-79	-77	0	-90	-90	0	-90	-89	-89	-60	0	0	-95	-95	0	-95	0	0	0	0	0	0	0	0	0	0	0	0	0	0	0	0	0	0	0	0	0	0	0	0	0	0	0	0	0	0	0	0	0	0	0	0	0	0	0	0	0	-66	0	0	0	0	0	0	0	3314	-2857	3036	22230	-7825	-119	-21	972	200	-1	-1	0	-21	959	199	1606974597
0	-51	-54	-54	-56	0	-68	-69	-77	-80	-78	-78	-77	-65	0	0	-77	-92	-92	-91	-77	-81	-92	-92	0	0	0	-89	-90	0	-89	-90	-90	-60	0	0	0	0	-95	-96	0	0	0	0	0	0	0	0	0	0	0	0	0	0	0	0	0	0	0	-93	0	0	0	0	0	0	0	0	0	0	0	0	0	0	0	0	0	0	0	0	0	-67	0	0	0	0	0	0	0	3329	-2918	3096	22229	-7823	-120	-21	972	201	-1	-1	-1	-21	959	200	1606974599
-60	-55	-55	-54	-57	0	-65	-68	-78	-70	-79	-79	-78	-65	0	0	0	-89	-90	-92	0	0	-91	-92	0	0	-90	-89	-89	0	-89	-89	-89	-59	0	0	0	0	-94	-95	0	-89	0	0	0	0	0	0	0	0	0	0	0	0	0	0	0	0	0	0	0	0	0	0	0	0	0	0	0	0	0	0	0	0	0	0	0	0	0	0	0	-60	0	0	0	0	0	0	0	3284	-2902	3081	22230	-7824	-119	-21	972	202	-1	-1	-1	-21	959	199	1606974600
-61	-52	-58	-54	-56	0	-68	0	-77	-79	-78	-78	-79	-64	0	0	0	-92	-93	-92	0	-77	-90	-90	0	0	0	-90	-90	0	-90	-90	-89	-59	0	0	-95	-95	-95	0	0	0	0	0	0	0	0	0	0	0	0	0	0	0	0	0	0	0	0	0	0	0	0	0	0	0	0	0	0	0	0	0	0	0	0	0	0	0	0	0	0	-67	0	0	0	0	0	0	0	3359	-2910	3051	22229	-7823	-118	-21	972	200	-1	-1	0	-21	959	200	1606974602
-49	-51	-58	-54	-56	0	-64	-67	-77	-80	-77	-77	-78	0	0	0	0	-92	-91	-89	0	0	-92	-91	0	0	0	-88	-89	0	-89	-89	-90	-59	0	0	0	-94	-94	-94	0	0	0	0	0	0	0	-84	0	0	0	0	0	0	0	0	0	0	0	0	0	0	0	0	0	0	0	0	0	0	0	0	0	0	0	0	0	0	0	0	0	0	0	0	0	0	0	0	0	3329	-2902	3051	22229	-7823	-119	-21	972	202	-1	-1	-1	-21	959	200	1606974603
0	-53	-56	-54	0	0	-68	-65	-76	-80	-76	-76	-79	-68	0	0	0	-92	-90	-92	0	0	-94	-93	0	0	-90	-90	-89	0	-89	-91	-91	-58	0	0	0	0	-95	0	0	0	0	0	0	0	0	0	0	0	0	0	0	0	0	0	0	0	0	-93	0	0	0	0	0	0	0	0	0	0	0	0	0	0	0	0	0	0	0	0	0	-66	0	0	0	0	0	0	0	3284	-2873	3096	22232	-7831	-117	-21	972	201	0	-1	0	-20	960	198	1606974605
0	-53	-53	-56	0	0	-68	-65	-77	0	-76	-77	-78	-68	0	-88	0	-91	-91	-90	0	-79	-92	-92	0	0	-89	-89	-89	0	-89	-89	-89	-58	0	0	-94	0	0	-94	0	-88	0	0	0	0	0	0	0	0	0	0	0	-90	0	-89	-87	0	0	0	0	-86	0	0	-87	0	0	0	0	0	0	0	0	0	0	0	0	0	0	0	0	-65	0	0	0	0	0	0	0	3389	-2903	3051	22230	-7825	-118	-21	973	201	-1	-1	-1	-21	959	199	1606974606
-61	-49	-59	-56	-56	0	-65	-69	-76	-80	-76	-77	-78	0	0	0	-78	-90	-91	-90	-77	-78	-91	-93	-77	-78	0	-89	-88	0	-90	-90	-90	-60	0	0	0	0	-95	0	0	0	0	0	0	0	0	0	0	0	0	0	0	0	0	0	0	0	0	-93	0	0	0	0	0	0	0	0	0	0	0	0	0	0	0	0	0	0	0	0	0	-64	0	0	0	0	0	0	0	3329	-2925	3006	22231	-7827	-119	-21	972	203	-1	-1	-1	-21	959	200	1606974608
0	0	-60	-54	-56	-58	-69	-68	-69	-80	-70	0	-76	0	0	0	0	-85	-86	-85	0	-79	-85	-85	0	0	-88	-88	-89	0	-88	-89	-89	-60	0	0	-93	-94	0	0	0	-86	0	0	0	0	0	0	0	0	0	0	0	0	0	0	0	0	0	0	0	0	0	0	0	0	0	0	0	0	0	0	0	0	0	0	0	0	0	0	0	-64	0	0	0	0	0	0	0	3337	-2873	3021	22230	-7823	-117	-21	972	201	-1	-1	-1	-20	959	200	1606974610
-51	-49	-59	-55	-57	-65	-65	-65	-77	0	-77	-77	-77	-65	0	0	-78	0	-92	-91	-78	-77	-90	-93	-79	-78	0	-88	-91	0	-89	-90	-89	-59	0	0	-94	-95	-93	0	0	0	0	0	0	0	0	-89	0	0	0	0	0	0	0	0	0	0	0	-93	0	0	0	0	0	0	0	0	0	0	0	0	0	0	0	0	0	0	0	0	0	-63	0	0	0	0	0	0	0	3276	-2857	3021	22230	-7824	-117	-21	972	202	-1	-1	0	-20	959	199	1606974611
-62	-62	-61	-54	-56	-64	-66	-65	-76	0	-76	-77	-79	-67	0	-89	0	-91	-91	-91	0	-79	-92	-91	0	0	-90	-90	-90	0	-91	-89	-89	-60	0	0	-96	0	-93	0	0	-87	0	0	0	0	0	0	0	0	0	0	0	0	0	0	0	0	0	-95	0	0	0	0	0	0	0	0	0	0	0	0	0	0	0	0	0	0	0	0	0	-63	0	0	0	0	0	0	0	3276	-2917	3051	22231	-7824	-116	-21	972	201	-1	-1	0	-20	959	199	1606974613
-61	-49	0	0	-56	-63	0	0	-77	0	-76	-77	-79	0	0	-89	0	-92	-90	-91	0	0	-90	-91	0	0	-90	-90	-90	0	-89	-90	-91	-60	0	0	-94	-97	-93	-95	0	0	0	0	0	0	0	0	0	0	0	0	0	0	0	0	-87	0	0	-94	0	-86	0	0	0	0	0	0	0	0	0	0	0	0	0	0	0	0	0	0	0	-64	0	0	0	0	0	0	0	3314	-2932	3006	22230	-7824	-118	-21	972	202	-1	-1	-1	-21	959	199	1606974614
-61	0	0	-54	-57	0	-66	0	-69	0	-69	-70	-76	-68	0	0	-80	-85	-84	-84	-79	-79	-85	-85	-79	-78	0	-89	-90	0	-90	-89	-89	-59	0	0	-93	0	0	0	0	0	0	0	0	0	0	0	0	0	0	0	0	0	0	0	0	0	0	0	0	0	0	0	0	0	0	0	0	0	0	0	0	0	0	0	0	0	0	0	0	-64	0	0	0	0	0	0	0	3352	-2918	3029	22230	-7824	-118	-21	973	198	-1	-1	-1	-21	959	199	1606974616
-51	-49	-59	-55	-57	-58	-68	-67	-69	0	-70	-69	0	-67	0	0	0	-85	-85	-85	0	-80	-85	-86	0	0	0	-90	-89	0	-90	-90	-89	-59	0	0	-94	-95	0	0	0	0	0	0	0	0	0	0	0	0	0	0	0	0	0	0	0	0	0	0	0	0	0	0	0	0	0	0	0	0	0	0	0	0	0	0	0	0	0	0	0	-62	0	0	0	0	0	0	0	3359	-2918	3021	22230	-7822	-117	-21	973	200	0	0	0	-20	960	199	1606974618
-50	-53	-59	-55	-57	0	-66	-68	-70	0	-69	-70	-76	-66	0	-88	0	-85	-85	-85	-78	-79	-84	-85	0	-80	-86	-90	-90	0	-90	-88	-90	-59	0	0	-95	-93	0	-96	0	0	0	0	0	0	0	-85	0	0	0	0	0	0	0	0	0	0	0	0	0	0	0	0	0	0	0	0	0	0	0	0	0	0	0	0	0	0	0	0	0	-63	0	0	0	0	0	0	0	3389	-2873	3088	22230	-7824	-117	-21	972	202	-1	-1	0	-20	959	199	1606974619
-51	0	0	-55	-56	0	-65	-68	-77	0	-77	-76	-78	-69	0	0	0	-92	-91	0	-78	-79	-91	-91	0	0	0	-90	-91	0	-90	-90	-90	-60	0	0	0	0	-94	0	0	0	0	0	0	0	0	0	0	0	0	0	0	0	0	0	0	0	0	-93	0	0	0	0	0	0	0	0	0	0	0	0	0	0	0	0	0	0	0	0	0	0	0	0	0	0	0	0	0	3314	-2872	3006	22231	-7828	-117	-21	972	201	0	-1	0	-20	959	199	1606974621
-50	-52	0	-55	-56	0	-66	-66	-77	-79	-77	-77	-78	-66	0	0	0	0	-93	-92	0	-78	-92	-92	0	0	-89	-90	-90	0	-89	-91	-90	-59	0	0	0	0	-94	0	0	0	0	0	0	0	0	0	0	0	0	0	0	0	0	0	0	0	0	0	0	0	0	0	0	0	0	0	0	0	0	0	0	0	0	0	0	0	0	0	0	-63	0	0	0	0	0	0	-87	3307	-2910	3036	22230	-7824	-119	-21	972	202	-1	-1	-1	-21	959	199	1606974623
0	-52	0	-56	0	-58	-67	-69	-69	0	-69	-69	-76	-68	0	0	0	-85	-85	-85	0	-78	-85	-84	0	0	-89	-89	-90	0	-90	-90	-89	-59	0	0	-94	0	0	-95	0	0	0	0	0	0	0	0	0	0	0	0	0	0	0	0	0	0	0	0	0	0	0	0	0	0	0	0	0	0	0	0	0	0	0	0	0	0	0	0	0	-64	0	0	0	0	0	0	-86	3329	-2910	3081	22230	-7825	-118	-21	972	201	-1	-1	0	-21	959	199	1606974624
-49	0	-59	-55	-56	-65	-68	-66	-76	0	-77	-76	-78	-66	0	0	0	-90	-92	-91	-79	-78	-91	-91	0	-79	-89	-89	-90	0	-89	-90	-89	-59	0	0	0	0	0	-94	0	0	0	0	0	0	0	0	0	0	0	0	0	0	0	0	0	0	0	0	0	0	0	0	0	0	0	0	0	0	0	0	0	0	0	0	0	0	0	0	0	0	0	0	0	0	0	0	0	3321	-2910	3036	22232	-7829	-118	-21	972	201	-1	0	0	-21	960	199	1606974626
-48	-52	-59	-55	-57	-64	-64	-66	-77	0	-77	-77	-79	-68	0	0	0	-91	-92	-92	0	-78	-92	-90	0	0	0	-91	-89	0	-89	-89	-90	-60	0	0	-94	0	0	0	0	0	0	0	0	0	0	0	0	0	0	0	0	0	0	0	0	0	0	0	0	0	0	0	0	0	0	0	0	0	0	0	0	0	0	0	0	0	0	0	0	-63	0	0	0	0	0	0	0	3337	-2873	3043	22230	-7826	-119	-21	972	202	0	-1	0	-21	959	199	1606974627
-58	-50	0	-55	-57	0	-68	-68	-70	-80	-69	-69	-76	-68	0	0	0	-85	-84	-85	0	-80	-85	-85	0	0	0	-89	-89	0	-89	-88	-89	-59	0	0	0	-96	0	-94	0	0	0	0	0	0	0	0	0	0	0	0	0	0	0	0	0	0	0	0	0	0	0	0	0	0	0	0	0	0	0	0	0	0	0	0	0	0	0	0	0	-66	0	0	0	0	0	0	0	3329	-2895	3036	22231	-7826	-117	-21	972	201	-1	-1	-1	-20	959	199	1606974629
-47	-51	0	-54	-57	0	-66	-68	-76	0	-77	-76	-78	-65	0	0	0	-92	-91	-91	0	-78	-90	-91	0	0	0	-90	-90	0	-88	-90	-89	-60	0	0	-94	0	-94	-95	0	0	0	0	0	0	0	0	0	0	0	0	0	0	0	0	0	0	0	0	0	0	0	0	0	0	0	0	0	0	-88	0	0	0	0	0	0	0	0	0	0	-66	0	0	0	0	0	0	0	3329	-2902	3036	22232	-7832	-118	-21	972	201	0	-1	0	-21	960	198	1606974630
-49	-51	-60	0	-57	0	0	0	-76	0	-76	-77	-78	0	0	0	0	-90	-91	0	0	-77	-89	-90	0	0	-93	-90	-90	0	-89	-89	-90	-59	0	0	-94	0	0	-96	0	0	0	0	0	0	0	0	0	0	0	0	0	0	0	0	-89	0	0	-94	0	-88	0	0	0	0	0	0	0	0	0	0	0	0	0	0	0	0	0	0	0	-64	0	0	0	0	0	0	0	3344	-2903	3021	22231	-7827	-118	-21	972	203	0	0	0	-21	959	199	1606974632
-60	-51	-59	-55	-55	0	0	-67	-76	-80	-77	-76	-78	-68	0	0	0	-94	-91	-91	0	0	-93	-91	0	0	0	-90	-90	0	-89	-90	-89	-59	0	0	0	0	0	-92	0	0	0	0	0	0	0	0	0	0	0	0	0	0	0	0	0	0	0	0	0	0	0	0	0	0	0	0	0	0	0	0	0	0	0	0	0	0	0	0	0	0	0	0	0	0	0	0	-86	3329	-2857	3051	22231	-7828	-118	-21	972	201	0	-1	0	-21	959	199	1606974633
-59	-50	-59	-55	-56	0	-68	-68	-77	-72	-77	-77	-79	-68	0	0	0	-92	-91	0	0	-79	-91	-90	0	0	-90	-91	-92	0	-89	-89	-90	-60	0	0	0	0	0	0	0	0	0	0	0	0	0	0	0	0	0	0	0	0	0	0	0	0	0	0	0	0	0	0	0	0	0	0	0	0	-84	0	0	0	0	0	0	0	0	0	0	0	0	0	0	0	0	0	-89	3329	-2872	3051	22232	-7833	-120	-21	972	202	0	0	-1	-21	960	198	1606974635
0	-51	0	-54	-56	-59	-69	-68	-70	0	-69	-70	-76	-65	0	0	0	-85	-85	-85	0	-79	-86	-85	0	0	0	-88	-90	0	-90	-90	-90	-59	0	0	-94	0	0	0	0	0	0	0	0	0	0	0	0	0	0	0	0	0	0	0	0	0	0	0	0	0	0	0	0	0	0	0	0	0	0	0	0	0	0	0	0	0	0	0	0	-63	0	0	0	0	0	0	0	3314	-2902	3014	22230	-7825	-119	-21	973	200	0	0	0	-21	960	199	1606974637
-50	0	0	-54	-56	0	-67	-68	-69	0	-70	-70	-76	-65	0	0	0	-84	-85	-85	0	-79	-85	-85	0	0	-88	-88	-89	0	-88	-90	-91	-59	0	0	-93	-94	0	0	0	0	0	0	0	0	0	0	0	0	0	0	0	0	0	0	0	0	0	0	0	0	0	0	0	0	0	0	0	0	0	0	0	0	0	0	0	0	0	0	0	-64	0	0	0	0	0	0	0	3344	-2858	3066	22231	-7827	-118	-21	972	201	0	0	0	-21	959	199	1606974638
-50	-49	-59	-56	-53	0	-68	-68	-77	-79	-76	-76	-78	-69	0	0	0	-92	-91	-91	0	-79	0	-93	0	0	-89	-89	-90	0	-90	-90	-90	-59	0	0	-94	0	-94	0	0	0	0	0	0	0	0	0	0	0	0	0	0	0	0	0	0	0	0	-95	0	0	0	0	0	0	0	0	0	0	0	0	0	0	0	0	0	0	0	0	0	-65	0	0	0	0	0	0	0	3314	-2850	3036	22232	-7831	-118	-21	972	200	0	0	-1	-21	960	198	1606974640
-50	-51	0	-55	-57	-58	-69	-66	-70	0	-70	-69	-76	-68	0	0	0	-85	-86	-85	0	0	-85	-86	0	0	0	-89	-91	0	-89	-90	-89	-59	0	0	-94	-93	0	0	0	0	0	0	0	0	0	0	0	0	0	0	0	0	0	0	0	0	0	0	0	0	0	0	0	0	0	0	0	0	0	0	0	0	0	0	0	0	0	0	0	0	0	0	0	0	0	0	0	3314	-2917	3036	22232	-7829	-118	-20	972	200	0	-1	-1	-21	960	199	1606974641
-60	-51	0	-54	-57	0	-68	-67	-69	0	0	-69	-76	-66	0	0	0	-85	-85	-86	0	-78	-85	-85	0	0	-90	-90	-91	0	-89	-90	-90	-59	0	0	0	-94	0	0	0	0	0	0	0	0	0	0	0	0	0	0	0	0	0	0	0	0	0	0	0	0	0	0	0	0	0	0	0	0	0	0	0	0	0	0	0	0	0	0	0	0	0	0	0	0	0	0	0	3314	-2857	3051	22231	-7826	-118	-21	972	202	-1	0	-1	-21	959	199	1606974643
-49	0	0	0	-56	-59	-65	0	-69	0	-69	-69	-76	0	0	-90	0	-85	-86	-85	0	-80	-85	-85	0	0	-90	-89	-91	0	-89	-89	-89	-59	0	0	0	0	0	-96	0	0	0	0	0	0	0	0	0	0	0	0	0	0	0	0	0	0	0	0	0	0	0	0	0	0	0	0	0	0	0	0	0	0	0	0	0	0	0	0	0	-63	0	0	0	0	0	0	0	3284	-2857	3051	22232	-7830	-118	-21	972	200	0	0	-1	-21	960	198	1606974645
-50	0	0	-54	-57	-65	-68	-67	-76	-80	-77	-76	-78	-67	0	0	0	-92	-91	0	0	0	-91	-91	0	0	-90	-90	-90	0	-90	-89	-90	-61	0	0	-96	0	-93	-94	0	0	0	0	0	0	0	0	0	0	0	0	0	0	0	0	0	0	0	0	0	0	0	0	0	0	0	0	0	0	0	0	0	0	0	0	0	0	0	0	0	-64	0	0	0	0	0	0	0	3284	-2872	3028	22230	-7824	-118	-21	972	201	-1	-1	-1	-21	959	199	1606974646
-50	0	0	0	-56	0	0	0	-69	-80	-69	-69	-76	0	0	0	-79	-84	-84	-84	-79	-79	-86	-85	-78	-79	-90	-90	-89	0	-90	-90	-90	-58	0	0	-93	0	0	-93	0	0	0	0	0	0	0	0	0	0	0	0	0	0	0	0	0	0	0	0	0	0	0	0	0	0	0	0	0	0	0	0	0	0	0	0	0	0	0	0	0	0	0	0	0	0	0	0	0	3314	-2918	3081	22230	-7826	-118	-21	972	201	0	0	0	-21	959	199	1606974648
0	0	0	-54	-57	-59	-67	-70	-69	-80	-69	-70	-76	-68	0	0	0	-85	-85	-86	0	-78	-85	-85	0	0	0	-88	-89	0	-91	-89	-90	-60	0	0	0	-94	0	-95	0	0	0	0	0	0	0	0	0	0	0	0	0	0	0	0	0	0	0	0	0	0	0	0	0	0	0	0	0	0	0	0	0	0	0	0	0	0	0	0	0	-65	0	0	0	0	0	0	0	3254	-2857	3081	22231	-7830	-119	-21	973	200	0	-1	-1	-21	960	198	1606974649
-60	0	-55	-53	-56	-64	-68	-69	-76	-76	-77	-76	-78	-68	0	0	0	-92	-91	-90	0	-79	-90	-90	0	0	0	-90	-91	0	-90	-90	-89	-60	0	0	-96	-96	0	0	0	0	0	0	0	0	0	0	0	0	0	0	0	0	0	0	0	0	0	-93	0	0	0	0	0	0	0	0	0	0	0	0	0	0	0	0	0	0	0	0	0	-63	0	0	0	0	0	0	-89	3314	-2872	3036	22231	-7830	-118	-21	972	201	-1	0	0	-21	960	198	1606974651
-61	-52	0	-53	-57	-64	-66	-67	-76	0	-76	-77	-77	-68	0	0	0	-90	-90	0	0	-77	-91	-90	0	0	-91	-89	-90	0	-90	-90	-91	-60	0	0	-94	-94	0	0	0	0	0	0	0	0	0	0	0	0	0	0	0	0	0	0	-90	0	0	0	0	-88	0	0	0	0	0	0	0	0	0	0	0	0	0	0	0	0	0	0	0	-67	0	0	0	0	0	0	0	3284	-2902	3051	22231	-7828	-119	-21	972	201	-1	0	-1	-21	959	199	1606974653
-50	-51	-51	-55	-57	-65	0	-68	-76	-80	-75	-77	0	0	0	0	0	-90	-90	-92	0	0	-90	-91	0	0	0	-90	-91	0	-90	-89	-91	-61	0	0	-96	-94	0	0	0	-88	0	0	0	0	0	-86	0	0	0	0	0	0	0	0	0	0	0	0	0	0	0	0	0	0	0	0	0	0	0	0	0	0	0	0	0	0	0	0	0	-66	0	0	0	0	0	0	0	3374	-2903	3036	22231	-7825	-117	-21	972	202	0	0	-1	-20	959	199	1606974654
-48	-51	0	-55	-57	0	-68	-67	-71	0	-70	-70	-76	-68	0	0	-79	-85	-85	-85	-77	-78	-85	-85	-77	-77	0	-89	-89	0	-90	-88	-90	-59	0	0	0	0	0	0	0	0	0	0	0	0	0	0	0	0	0	0	0	0	0	0	0	0	0	0	0	0	0	0	0	0	0	0	0	0	0	0	0	0	0	0	0	0	0	0	0	-65	0	0	0	0	0	0	0	3344	-2873	3036	22232	-7830	-118	-21	972	202	-1	0	-1	-21	960	198	1606974656
-64	-52	-58	-54	-57	0	-67	-69	-77	-81	-78	-76	-78	-67	0	0	0	-93	-91	-91	0	0	-92	-91	0	0	-89	-91	-90	0	-90	-89	-91	-60	0	0	-96	0	0	0	0	0	0	0	0	0	0	0	0	0	0	0	0	0	0	0	-89	0	0	0	0	-90	0	0	-88	0	0	0	0	0	0	0	0	0	0	0	0	0	0	0	0	-65	0	0	0	0	0	0	-90	3329	-2902	3051	22231	-7826	-117	-21	972	202	-1	0	0	-20	959	199	1606974658
-63	0	0	-54	-56	-58	-67	-68	-70	0	-70	-71	-76	-66	0	0	-77	-84	-85	-84	-78	-78	-85	-85	-77	-77	-89	-89	-90	0	-88	-90	-91	-59	0	0	-93	-95	0	-95	0	0	0	0	0	0	0	0	0	0	0	0	0	0	0	0	0	0	0	0	0	0	0	0	0	0	0	0	0	0	0	0	0	0	0	0	0	0	0	0	0	-67	0	0	0	0	0	0	0	3306	-2872	3021	22232	-7828	-117	-21	972	200	0	0	0	-20	960	199	1606974659
-50	-51	0	-55	-56	0	-69	-69	-70	0	-70	-70	-76	-68	0	0	-77	-84	-84	-85	-77	-78	-85	-85	-78	-77	-90	-88	-90	0	-89	-88	-89	-58	0	0	-94	-94	0	-94	0	0	0	0	0	0	0	0	0	0	0	0	0	0	0	0	0	0	0	0	0	0	0	0	0	0	0	0	0	0	0	0	0	0	0	0	0	0	0	0	0	-62	0	0	0	0	0	0	0	3390	-2918	3081	22232	-7832	-118	-21	972	200	0	0	-1	-21	960	198	1606974661
-64	-52	0	-54	-56	-58	-69	-66	-70	0	-70	-70	-77	-68	0	0	0	-84	-85	-85	-79	-76	-85	-85	-77	-78	-90	-89	-89	0	-88	-91	-89	-57	0	0	-93	-94	0	-95	0	0	0	0	0	0	0	0	0	0	0	0	0	0	0	0	0	0	0	0	0	0	0	0	0	0	0	0	0	0	0	0	0	0	0	0	0	0	0	0	0	-63	0	0	0	0	0	0	0	3314	-2917	3036	22232	-7828	-117	-21	972	202	0	0	0	-20	960	199	1606974663
-63	-52	0	-54	-58	0	-67	-68	-70	-81	-71	-70	-76	-69	0	0	0	-84	-85	-84	0	0	-85	-85	0	0	0	-88	-89	0	-88	-88	-89	-58	0	0	-94	-94	0	-95	0	0	0	0	0	0	0	0	0	0	0	0	-89	0	0	0	0	0	0	0	0	0	0	0	0	0	0	0	0	0	0	0	0	0	0	0	0	0	0	0	0	0	0	0	0	0	0	0	0	3314	-2917	3051	22232	-7828	-116	-20	972	201	0	0	0	-20	959	199	1606974664
-62	-51	-56	-53	-57	0	0	0	-76	0	-77	-77	-77	0	0	0	-78	-92	-91	-90	-76	-77	-91	-92	-78	-78	-89	-89	-89	0	-88	-89	-89	-60	0	0	0	0	-94	0	0	0	-90	0	0	0	0	-87	0	0	0	0	0	0	0	0	0	0	0	0	0	0	0	0	0	0	0	0	0	0	0	0	0	0	0	0	0	0	0	0	0	-67	0	0	0	0	0	0	0	3284	-2857	3081	22232	-7830	-117	-21	972	200	0	0	-1	-20	960	198	1606974666
-49	-51	0	-54	-57	-59	-66	-67	-72	0	-70	-71	-77	-68	0	0	-77	-85	-85	0	-79	-77	-84	0	-77	-78	0	-89	-89	0	-89	-90	-89	-59	0	0	0	-94	0	-93	0	0	0	0	0	0	0	0	0	-91	0	0	0	0	0	0	0	0	0	0	0	0	0	0	0	0	0	0	0	0	0	0	0	0	0	0	0	0	0	0	0	0	0	0	0	0	0	0	-88	3314	-2903	3081	22231	-7828	-119	-21	972	202	0	0	0	-21	959	199	1606974667
-51	0	0	-53	-57	0	-69	-67	-71	0	-71	-70	-76	-66	0	0	0	-84	-85	-85	-80	-79	-85	-86	-79	-79	0	-89	-90	0	0	-88	-89	-59	0	0	-95	-93	0	-94	0	0	0	0	0	0	0	0	0	0	0	0	0	0	0	0	0	0	0	0	0	0	0	0	0	0	0	0	0	0	0	0	0	0	0	0	0	0	0	0	0	0	0	0	0	0	0	0	0	3344	-2873	3036	22231	-7825	-117	-21	972	202	-1	0	0	-20	959	199	1606974669
-61	-52	0	-53	-56	-58	0	0	-71	-82	-70	-70	-76	0	0	0	-80	-84	-85	-85	0	0	-85	-85	0	0	0	-90	-89	0	0	-89	-91	-59	0	0	-93	-93	0	0	0	0	0	0	0	0	0	0	0	0	0	0	0	0	0	0	0	0	0	0	0	0	0	0	0	0	0	0	0	0	0	0	0	0	0	0	0	0	0	0	0	0	0	0	0	0	0	0	0	3284	-2902	3043	22232	-7830	-118	-21	972	202	0	0	-1	-21	960	198	1606974671
-62	0	0	-53	-58	-63	-68	-70	-76	0	-76	-77	-78	-66	0	0	-79	-91	-92	-93	-79	-78	-90	-92	-79	-80	-90	-90	-89	0	-89	-89	-90	-60	0	0	0	-94	-94	0	0	0	0	0	0	0	0	0	0	0	0	0	0	0	0	0	-87	0	0	0	0	-89	0	0	0	0	0	0	0	0	0	0	0	0	0	0	0	0	0	0	0	-64	0	0	0	0	0	0	0	3321	-2902	3021	22231	-7829	-118	-21	972	202	0	0	-1	-21	960	199	1606974672
-61	-50	-61	-55	-57	-64	-67	-67	-75	0	-76	-76	-77	-68	0	0	0	-93	-91	-91	0	0	-92	-91	0	0	-88	-90	-89	0	-89	-89	-89	-60	0	0	0	-94	0	-95	0	0	0	0	0	0	0	0	0	0	0	0	0	0	0	0	0	0	0	0	0	0	0	0	0	0	0	0	0	0	0	0	0	0	0	0	0	0	0	0	0	-64	0	0	0	0	0	0	0	3329	-2902	3036	22231	-7829	-118	-21	972	202	0	0	-1	-21	960	199	1606974674
-62	-50	-57	-54	-56	0	-66	-67	-70	-81	-70	-70	-76	-67	0	0	0	-84	-85	-85	-78	-79	-84	-84	0	-79	0	-89	-90	0	-90	-90	-90	-60	0	0	-93	-94	0	-92	0	0	0	0	0	0	0	0	0	0	0	0	0	0	0	0	0	0	0	0	0	0	0	0	0	0	0	0	0	0	0	0	0	0	0	0	0	0	0	0	0	-63	0	0	0	0	0	0	0	3344	-2873	3036	22231	-7827	-117	-21	972	199	-1	0	0	-20	959	199	1606974676
-50	-51	-59	-54	-57	-59	-68	-67	-72	-80	-70	-70	-76	-69	0	0	0	-84	-84	-84	0	-78	-85	-84	0	0	0	-88	-90	0	-90	-90	-89	-60	0	0	0	0	0	-94	0	0	0	0	0	0	0	0	0	0	0	0	0	0	0	0	0	0	0	0	0	0	0	0	0	0	0	0	0	0	0	0	0	0	0	0	0	0	0	0	0	0	0	0	0	0	0	0	0	3329	-2902	3051	22232	-7829	-117	-21	972	201	0	0	-1	-20	960	199	1606974677
-49	-52	0	0	-56	0	-67	-69	-70	0	-70	-71	-76	-68	0	0	-78	-85	-85	-85	-80	-78	-84	-85	-78	-80	0	-90	-89	0	-89	-89	-90	-59	0	0	-93	-94	0	0	0	0	0	0	0	0	0	0	0	0	0	0	0	0	0	0	0	0	0	0	0	0	0	0	0	0	0	0	0	0	0	0	0	0	0	0	0	0	0	0	0	-63	0	0	0	0	0	0	0	3276	-2902	3036	22231	-7826	-117	-21	972	201	0	0	0	-20	959	199	1606974679
-62	0	0	0	-57	-59	-69	-68	-71	0	-70	-70	-77	-67	0	0	0	-84	-84	-85	0	-79	-85	-85	0	0	-89	-89	-91	0	-88	-90	-90	-59	0	0	0	0	0	-95	0	-86	0	0	0	0	0	0	0	0	0	0	0	0	0	0	0	0	0	0	0	0	0	0	0	0	0	0	0	0	0	0	0	0	0	0	0	0	0	0	0	-63	0	0	0	0	0	0	0	3314	-2872	3051	22231	-7827	-118	-21	972	201	0	0	-1	-21	959	199	1606974680
-51	0	-60	-54	-57	0	-68	-69	-70	0	-71	-70	-76	-66	0	0	-80	-84	-84	-85	0	-80	-85	-84	0	0	0	-91	-90	0	-90	-90	-89	-59	0	0	-94	-95	0	-95	0	-88	0	0	0	0	0	0	0	0	0	0	0	0	0	0	0	0	0	0	0	0	0	0	0	0	0	0	0	0	0	0	0	0	0	0	0	0	0	0	0	-62	0	0	0	0	0	0	0	3427	-2895	3051	22233	-7834	-118	-21	972	200	0	0	-1	-21	960	198	1606974682
-62	-51	0	-54	-57	-59	-68	-69	-72	0	-70	-70	-76	-68	0	0	0	-85	-85	-84	0	0	-85	-85	0	0	0	-89	-89	0	-89	-88	-89	-59	0	0	-93	0	0	-95	0	0	0	0	0	0	0	0	0	0	0	0	0	0	0	0	0	0	0	0	0	0	0	0	0	0	0	0	0	0	0	0	0	0	0	0	0	0	0	0	0	0	0	0	0	0	0	0	0	3314	-2872	3036	22231	-7827	-117	-21	972	202	0	0	-1	-20	959	199	1606974683
-60	-51	-59	-54	-56	0	-68	-69	-70	0	-70	-71	-76	-66	0	0	0	-84	-85	-85	0	0	-85	-85	0	0	0	-89	-89	0	-89	-89	-89	-59	0	0	-96	-94	0	-94	0	0	0	0	0	0	0	0	0	0	0	0	0	0	0	0	0	0	0	0	0	0	0	0	0	0	0	0	0	0	0	0	0	0	0	0	0	0	0	0	0	0	0	0	0	0	0	0	0	3329	-2903	3081	22232	-7830	-118	-21	972	202	0	0	-1	-21	960	198	1606974685
-50	-51	0	-55	-57	-58	-68	-68	-70	-81	-71	-70	-76	-68	0	0	0	-84	-85	-86	0	-78	-85	-85	0	0	0	-88	-90	0	0	-89	-89	-59	0	0	-94	-95	0	-95	0	0	0	0	0	0	0	0	0	0	0	0	0	0	0	0	0	0	0	0	0	0	0	0	0	0	0	0	0	0	0	0	0	0	0	0	0	0	0	0	0	-65	0	0	0	0	0	0	0	3314	-2902	2999	22233	-7832	-117	-20	972	201	0	0	-1	-20	960	198	1606974687
-60	-51	-57	-54	-57	-63	-69	-69	-76	-80	-75	-76	-78	-69	0	0	0	-93	-89	-93	0	-79	-90	-91	0	0	0	-90	-89	0	0	-90	-89	-58	0	0	0	0	-94	0	0	0	0	0	0	0	0	0	0	0	0	0	0	0	0	0	0	0	0	0	0	0	0	0	0	0	0	0	0	0	0	0	0	0	0	0	0	0	0	0	0	-65	0	0	0	0	0	0	0	3254	-2925	3036	22232	-7828	-116	-21	972	202	0	0	-1	-20	960	199	1606974688
-51	0	0	-55	-57	0	-67	-66	-71	0	-70	0	-76	-67	0	0	-80	-84	-85	-85	-79	-79	-85	-85	-78	-78	-90	-90	-90	0	-90	-89	-91	-59	0	0	-93	-93	0	-94	0	0	0	0	0	0	0	0	0	0	0	0	0	0	0	0	0	0	0	0	0	0	0	0	0	0	0	0	0	0	0	0	0	0	0	0	0	0	0	0	0	-66	0	0	0	0	0	0	0	3269	-2857	3036	22231	-7825	-117	-21	973	199	-1	0	-1	-20	959	199	1606974690
-61	-51	0	-55	-56	-59	-67	-67	-70	0	-70	-71	-76	-66	0	0	-80	-85	-85	-85	0	-79	-84	-84	-77	0	0	-91	-89	0	-89	-89	-89	-59	0	0	-95	-95	0	-95	0	0	0	0	0	0	0	0	0	0	0	0	0	0	0	0	0	0	0	0	0	0	0	0	0	0	0	0	0	0	0	0	0	0	0	0	0	0	0	0	0	-62	0	0	0	0	0	0	0	3314	-2872	2954	22233	-7833	-117	-20	972	200	0	0	-1	-20	960	198	1606974691
-49	-51	0	-54	-56	0	-67	-66	-70	0	-70	-71	-76	-67	0	0	0	-84	-85	-85	0	0	-85	-85	0	0	-89	-91	-90	0	-89	-88	-90	-59	0	0	-94	0	0	-93	0	0	0	0	0	0	0	0	0	0	0	0	0	0	0	0	0	0	0	0	0	0	0	0	0	0	0	0	0	0	0	0	0	0	0	0	0	0	0	0	0	-75	0	0	0	0	0	0	0	3329	-2918	3088	22232	-7831	-117	-21	973	199	0	0	0	-21	960	198	1606974693
-49	-53	0	0	-56	-58	0	-67	-71	-80	-70	-70	-76	-68	0	0	0	-85	-86	-85	-77	0	-85	-85	-78	-79	-89	-89	-89	0	-89	-89	-89	-59	0	0	-93	-94	0	-93	0	0	0	0	0	0	0	0	0	0	0	0	0	0	0	0	0	0	0	0	0	0	0	0	0	0	0	0	0	0	0	0	0	0	0	0	0	0	0	0	0	-64	0	0	0	0	0	0	0	3314	-2902	3051	22231	-7829	-119	-21	972	203	0	0	-1	-21	959	199	1606974695
0	-51	-60	-55	-56	-66	-67	-67	-77	-80	-77	-77	-78	-67	0	0	-80	-91	-90	-91	-79	-79	-90	-91	-78	-78	0	-90	-91	0	-89	-90	-90	-60	0	0	0	0	0	-94	0	-87	0	0	0	0	0	0	0	0	0	0	0	0	0	0	0	0	0	0	0	0	0	0	0	0	0	0	0	0	0	0	0	0	0	0	0	0	0	0	0	-63	0	0	0	0	0	0	0	3374	-2933	3081	22232	-7829	-118	-21	972	200	0	0	0	-21	960	199	1606974696
-60	-52	0	-54	-56	0	-65	-67	-69	0	-70	-69	-76	-68	0	-85	-79	-85	-85	-85	0	-79	-85	-86	-78	-78	0	-90	-89	0	-90	-90	-90	-59	0	0	-94	0	0	-94	0	0	0	0	0	0	0	0	0	0	0	0	0	0	0	0	0	0	0	0	0	0	0	0	0	0	0	0	0	0	0	0	0	0	0	0	0	0	0	0	0	-71	0	0	0	0	0	0	-87	3374	-2865	2999	22232	-7831	-118	-21	972	201	0	0	0	-21	960	198	1606974698
0	-51	-60	-55	0	0	-67	-67	-77	-80	-77	-77	-78	-66	0	0	-79	-91	-89	-90	0	0	-94	-91	-80	-79	0	-90	-90	0	-90	-90	-90	-59	0	0	0	-95	-94	0	0	0	0	0	0	0	0	-89	0	0	0	0	0	0	0	0	0	0	0	0	0	0	0	0	0	0	0	0	0	0	0	0	0	0	0	0	0	0	0	0	0	0	0	0	0	0	0	0	0	3374	-2873	2991	22231	-7827	-117	-21	972	202	0	0	0	-21	959	199	1606974699
-50	0	0	-54	-56	0	-67	-69	-77	-80	-77	-77	-79	-68	0	0	0	-92	-92	-91	0	-81	-91	-92	0	0	0	-90	-89	0	-90	-89	-89	-59	0	0	-93	-94	0	0	0	0	0	0	0	0	0	0	0	0	0	0	0	0	0	0	0	-90	0	0	0	0	0	0	0	0	0	0	0	0	0	0	0	0	0	0	0	0	0	0	0	-63	0	0	0	0	0	0	-86	3374	-2903	3006	22231	-7827	-118	-21	972	201	0	0	-1	-21	959	199	1606974701
-51	-53	0	-55	-56	-58	0	-66	-70	0	-69	-69	-76	0	0	0	0	-86	-84	-85	0	-78	-85	-85	0	0	-90	-90	-91	0	-90	-89	-91	-58	0	0	-94	-94	0	0	0	0	0	0	0	0	0	0	0	0	0	0	0	0	0	0	0	0	0	0	0	0	0	0	0	0	0	0	0	0	0	0	0	0	0	0	0	0	0	0	0	-63	0	0	0	0	0	0	0	3337	-2865	3036	22232	-7830	-116	-21	972	200	0	0	-1	-20	960	198	1606974703
-49	-53	0	-54	-57	0	-68	-66	-77	0	-77	-76	-78	-69	0	0	0	-93	-91	-90	0	-78	-91	-91	0	0	-92	-90	-89	0	-91	-90	-90	-61	0	0	0	0	0	0	0	0	0	0	0	0	0	0	0	0	0	0	0	0	0	0	0	0	0	0	0	0	0	0	0	0	0	0	0	0	0	0	0	0	0	0	0	0	0	0	0	-64	0	0	0	0	0	0	0	3329	-2903	3081	22232	-7832	-118	-21	972	202	0	0	0	-21	960	198	1606974704
0	-51	0	-53	-56	-59	-66	-67	-71	0	-70	-70	-76	-69	0	0	-77	-85	-84	-83	-78	-79	-85	-84	-78	-78	0	-90	-89	0	-89	-90	-90	-60	0	0	-93	-93	0	-94	0	0	0	0	0	0	0	0	0	0	0	0	0	0	0	0	0	0	0	-95	0	0	0	0	0	0	0	0	0	0	0	0	0	0	0	0	0	0	0	0	0	-62	0	0	0	0	0	0	-84	3344	-2827	2961	22231	-7828	-118	-20	972	202	0	0	-1	-20	959	199	1606974706
0	-51	-57	-54	-57	-64	0	-68	-76	0	-77	-76	-79	-69	0	0	-78	0	-91	-91	-77	-80	-90	-91	-81	-77	-90	-88	-89	0	-91	-90	-90	-61	0	0	0	0	-95	0	0	0	0	0	0	0	0	-87	0	0	0	0	0	0	0	0	0	0	0	-93	0	0	0	0	0	0	0	0	0	0	0	0	0	0	0	0	0	0	0	0	0	0	0	0	0	0	0	0	0	3284	-2857	3006	22232	-7830	-117	-21	973	201	0	0	0	-20	960	198	1606974707
-60	-52	0	-55	-56	-64	-66	0	-76	-82	-77	-76	-78	-66	0	0	0	-91	-90	-92	0	0	-90	-91	0	0	0	-90	-90	0	-89	-89	-89	-60	0	0	0	0	0	-95	0	0	0	0	0	0	0	0	0	0	0	0	0	0	0	0	0	0	0	0	0	0	0	0	0	0	0	0	0	0	0	0	0	0	0	0	0	0	0	0	0	0	0	0	0	0	0	0	-86	3344	-2858	3028	22231	-7826	-116	-21	973	201	0	0	0	-20	959	199	1606974709
-50	-49	0	-55	-56	0	-68	-68	-69	-80	-70	-70	-76	-67	0	0	0	-84	-85	-84	0	-78	-86	-85	0	0	0	-90	-90	0	-90	-90	-89	-59	0	0	-95	0	0	-93	0	0	0	0	0	0	0	0	0	0	0	0	0	0	0	0	0	0	0	0	0	0	0	0	0	0	0	0	0	0	0	0	0	0	0	0	0	0	0	0	0	-63	0	0	0	0	0	0	0	3374	-2858	3021	22232	-7829	-117	-20	972	201	0	0	-1	-20	960	199	1606974711
-50	-52	-57	-54	-56	0	-67	-66	-77	0	-77	-77	-79	-66	0	0	-79	-91	-91	-91	-78	-79	-91	-89	-78	-78	-92	-90	-89	0	-89	-91	-90	-60	0	0	0	-95	0	0	0	0	0	0	0	0	0	-87	0	0	0	0	0	0	0	0	0	0	0	0	0	0	0	0	0	0	0	0	0	0	0	0	0	0	0	0	0	0	0	0	0	0	0	0	0	0	0	0	0	3344	-2903	3036	22233	-7833	-117	-21	972	201	0	0	-1	-21	960	198	1606974712
-50	-53	0	-54	-56	-59	-66	-65	-69	-80	-69	-70	-75	-66	0	0	0	-84	-84	-84	0	0	-85	-85	0	-78	-91	-89	-89	0	-88	-89	-91	-59	0	0	-96	-95	0	-93	0	0	0	0	0	0	0	0	0	-90	0	0	0	0	0	0	0	0	0	0	0	0	0	0	0	0	0	0	0	0	0	0	0	0	0	0	0	0	0	0	0	-66	0	0	0	0	0	0	-89	3404	-2903	3044	22231	-7828	-117	-21	972	202	0	0	-1	-20	960	199	1606974714
-48	-52	-58	-54	-56	-63	-67	-66	-77	-81	-77	-76	-78	-67	0	0	0	-93	-91	-91	0	0	-91	-91	0	0	-89	-90	-89	0	-89	-89	-89	-60	0	0	0	0	0	-95	0	0	0	0	0	0	0	-86	0	0	0	0	0	0	0	0	0	0	0	0	0	0	0	0	0	0	0	0	0	0	0	0	0	0	0	0	0	0	0	0	0	-65	0	0	0	0	0	0	0	3329	-2873	3096	22231	-7827	-117	-21	972	202	0	0	0	-20	959	199	1606974716
-50	-52	0	-54	-57	-64	-66	-68	-77	0	-77	-76	-79	-66	0	0	0	-91	-91	-91	0	-79	-91	-90	0	0	-91	-88	-90	0	-89	-90	-90	-60	0	0	0	-94	0	0	0	0	0	0	0	0	0	0	0	0	0	0	0	0	0	0	-88	0	0	0	0	-87	0	0	0	0	0	0	0	0	0	0	0	0	0	0	0	0	0	0	0	-63	0	0	0	0	0	0	0	3389	-2873	3029	22232	-7831	-118	-21	972	200	0	0	-1	-21	960	198	1606974717
-51	-50	-58	-54	-56	-64	-66	-68	-77	0	-77	-77	-79	-69	0	0	-78	-90	-90	-92	-78	-78	-90	-91	-79	-79	0	-88	-89	0	-89	-89	-91	-60	0	0	0	0	0	-93	0	0	0	0	0	0	0	0	0	0	0	0	0	0	0	0	0	0	0	-95	0	0	0	0	0	0	0	0	0	0	0	0	0	0	0	0	0	0	0	0	0	-64	0	0	0	0	0	0	0	3344	-2918	3036	22230	-7825	-118	-21	972	202	0	-1	-1	-21	959	199	1606974719
-50	-50	0	-55	-57	-63	0	-66	-76	-80	-76	-77	-78	-66	0	0	0	-90	-89	-89	0	-78	0	-91	0	0	0	-90	-89	0	-91	-89	-87	-58	0	0	-95	-94	0	0	0	0	0	0	0	0	0	0	0	0	0	0	0	0	0	0	0	0	0	0	0	0	0	0	0	0	0	0	0	0	0	0	0	0	0	0	0	0	0	0	0	-63	0	0	0	0	0	0	0	3345	-2948	3036	22230	-7825	-118	-21	972	202	0	0	-1	-21	959	199	1606974720
-51	-54	0	-54	-56	-64	-67	-67	-77	0	-77	-78	-78	-67	0	0	0	-91	-90	-91	0	0	-90	-89	0	0	-89	-90	-89	0	-90	0	-90	-59	0	0	0	0	-93	-94	0	0	0	-90	0	0	0	0	0	0	0	0	0	0	0	0	-90	0	0	-96	0	-87	0	0	0	0	0	0	0	0	0	0	0	0	0	0	0	0	0	0	0	-71	0	0	0	0	0	0	-85	3344	-2858	3051	22232	-7829	-117	-20	972	201	0	0	-1	-20	960	198	1606974722
-51	-53	0	-54	-56	0	-67	-67	-69	-81	-69	-68	-77	-68	0	0	0	-85	-85	-84	0	-78	-84	-85	0	0	-90	-88	-90	0	-89	-89	-90	-61	0	0	-95	-94	0	-93	0	0	0	0	0	0	0	0	0	0	0	0	0	0	0	0	0	0	0	0	0	0	0	0	0	0	0	0	0	0	0	0	0	0	0	0	0	0	0	0	0	-66	0	0	0	0	0	0	0	3314	-2857	3036	22231	-7826	-118	-21	972	202	0	0	-1	-21	959	199	1606974724
-51	-51	0	-54	-55	0	-68	-67	-77	0	-76	-76	-78	-67	0	0	0	-91	-91	-92	0	-79	-90	-91	0	0	0	-88	-89	0	-90	-89	-89	-59	0	0	0	0	0	-95	0	0	0	0	0	0	0	0	0	0	0	0	0	0	0	0	0	0	0	0	0	0	0	0	0	0	0	0	0	0	0	0	0	0	0	0	0	0	0	0	0	-66	0	0	0	0	0	0	0	3344	-2888	3051	22231	-7828	-118	-21	972	201	0	0	0	-21	960	199	1606974725
-61	-51	0	-54	-56	0	-68	-68	-77	-78	-77	-76	-77	-68	0	0	0	-91	-92	-91	0	0	-91	-90	0	0	-87	-89	-88	0	-89	-90	-89	-59	0	0	-93	0	0	-93	0	0	0	0	0	0	0	0	0	0	0	0	0	0	0	0	-88	0	0	-96	0	-87	0	0	0	0	0	0	0	0	0	0	0	0	0	0	0	0	0	0	0	-72	0	0	0	0	0	0	-88	3344	-2903	3036	22232	-7832	-118	-21	973	199	0	0	0	-21	960	198	1606974727
-51	-52	0	-54	-57	0	0	0	-77	0	-77	-77	-77	0	0	0	0	-93	-91	-90	0	0	-91	-90	0	0	-91	-88	-90	-92	-88	-89	-88	-60	0	0	0	0	0	-93	0	-76	0	0	0	0	0	0	0	0	0	0	0	0	0	-88	-88	0	0	0	0	-87	0	0	0	0	0	0	0	0	0	0	0	0	0	0	0	0	0	0	0	0	0	0	0	0	0	0	0	3344	-2903	3036	22230	-7824	-118	-21	972	202	-1	-1	-1	-21	959	199	1606974728
-51	-52	0	-54	-55	0	-66	-65	-77	0	-76	-76	-77	-68	0	0	-77	-91	-92	-91	-79	-78	-90	-90	-77	-77	-88	-88	-91	0	-89	-90	-89	-58	0	0	0	0	0	0	0	0	0	0	0	0	0	0	0	0	0	0	0	0	0	0	0	0	0	0	0	0	0	0	0	0	0	0	0	0	0	0	0	0	0	0	0	0	0	0	0	-66	0	0	0	0	0	0	0	3329	-2872	3021	22231	-7826	-118	-21	973	201	0	0	-1	-21	959	199	1606974730
-61	-52	0	-54	-56	-58	-66	-68	-68	-81	-69	0	-77	-68	0	0	0	-85	-85	-85	0	-77	-85	-85	0	0	-90	-88	-89	0	-89	-90	-89	-60	0	0	-95	-95	0	-95	0	0	0	0	0	0	0	0	0	0	0	0	0	0	0	0	0	0	0	0	0	0	0	0	0	0	0	0	0	0	0	0	0	0	0	0	0	0	0	0	0	-67	0	0	0	0	0	0	0	3367	-2918	3021	22232	-7831	-118	-20	973	200	0	0	-1	-21	960	198	1606974732
-51	-52	0	-54	-56	-64	-66	-69	-75	-79	-76	-76	-78	-68	0	0	-78	-91	-91	-90	0	-77	-91	-90	-79	0	-89	-88	-90	0	-88	-90	-89	-59	0	0	-96	-94	-96	-96	0	0	0	0	0	0	0	0	0	0	0	0	0	0	0	0	0	0	0	-95	0	0	0	0	0	0	0	0	0	0	0	0	0	0	0	0	0	0	0	0	0	-65	0	0	0	0	0	0	0	3329	-2917	3014	22231	-7826	-118	-21	972	202	0	0	-1	-21	959	199	1606974733
-51	-52	-56	-54	-56	-64	-68	-67	0	0	-76	-76	-77	-69	0	-89	0	-90	-91	-91	0	-77	-91	-91	0	0	-88	-90	-90	0	-90	-91	-88	-59	0	0	-94	-95	0	0	0	0	0	0	0	0	0	0	0	0	0	0	0	0	0	0	-84	0	0	0	0	-88	0	0	0	0	0	0	0	0	0	0	0	0	0	0	0	0	0	0	0	-69	0	0	0	0	0	0	0	3374	-2903	3006	22230	-7825	-118	-21	972	202	0	-1	-1	-21	959	199	1606974735
-51	-53	0	-53	-56	-64	-67	0	-76	0	-76	-76	-77	-69	0	0	0	-92	-91	-92	0	-79	-91	-91	0	0	-89	-89	-89	0	-89	-89	-91	-59	0	0	-94	-94	-95	-95	0	0	0	0	0	0	0	0	0	0	0	0	0	0	0	0	-88	0	0	-95	0	-88	0	0	0	0	0	0	0	0	0	0	0	0	0	0	0	0	0	0	0	-65	0	0	0	0	0	0	0	3359	-2865	3029	22231	-7828	-118	-21	972	201	0	0	-1	-21	959	199	1606974736
-50	-55	0	-54	-57	-63	-68	-68	-75	0	-76	-76	-78	-66	0	0	0	-92	-93	-90	0	-79	-91	-91	0	0	0	-89	-88	0	-88	-90	-90	-59	0	0	-95	-95	-96	0	0	0	0	0	0	0	0	0	0	0	0	0	0	0	0	0	0	0	-73	0	0	-86	0	-92	-81	0	0	0	0	0	0	0	0	0	0	0	0	0	0	0	0	-66	0	0	0	0	0	0	0	3314	-2917	2991	22229	-7823	-118	-21	972	204	-1	-1	-1	-21	959	200	1606974738
-51	-52	0	-54	-56	-64	-66	-66	-76	-80	-76	-76	-78	-67	0	0	0	-91	-91	0	0	0	-91	-93	0	0	-92	-87	-88	0	-89	-90	-91	-59	0	0	-94	0	-95	-94	0	0	0	0	0	0	0	0	0	0	0	0	0	0	0	0	-89	0	0	-95	0	0	0	0	0	0	0	0	0	0	0	0	0	0	0	0	0	0	0	0	0	-68	0	0	0	0	0	0	0	3329	-2872	3043	22230	-7823	-118	-21	973	199	0	-1	-1	-21	959	200	1606974740
-61	-51	-53	-54	-56	-59	-65	0	-68	0	-69	-69	-76	0	0	0	0	-85	-84	-85	0	0	-84	-84	0	0	-88	-90	-90	0	-91	-89	-90	-59	0	0	-94	-94	0	-95	0	0	0	0	0	0	0	0	0	0	0	0	0	0	0	0	0	0	0	0	0	0	0	0	0	0	0	0	0	0	0	0	0	0	0	0	0	0	0	0	0	-67	0	0	0	0	0	0	0	3329	-2917	3051	22230	-7824	-118	-20	973	200	0	0	-1	-21	959	199	1606974741
0	-52	-53	-54	-56	-64	-69	0	-76	0	-77	-75	-78	0	0	0	0	-90	-92	-92	0	0	0	-91	0	0	0	-89	-90	0	-89	-88	-89	-60	0	0	-95	0	0	-95	0	0	0	0	0	0	0	0	0	0	0	0	0	0	0	0	0	0	0	0	0	0	0	0	0	0	0	0	0	0	0	0	0	0	0	0	0	0	0	0	0	0	0	0	0	0	0	0	0	3314	-2910	3036	22232	-7829	-117	-21	973	201	0	0	0	-20	960	199	1606974743
-50	-51	0	0	-56	-63	-67	-67	-76	-81	-77	-77	-78	-69	0	0	0	-90	-92	-91	0	0	-91	-92	0	0	-91	-88	-90	0	-89	-90	-89	-60	0	0	-96	0	-95	0	0	0	0	0	0	0	0	0	0	0	0	0	0	0	0	0	0	0	0	-97	0	-88	0	-88	0	0	0	0	0	0	0	0	0	0	0	0	0	0	0	0	0	-71	0	0	0	0	0	0	0	3269	-2865	3036	22230	-7824	-118	-21	972	201	0	0	-1	-21	959	199	1606974745
-51	-52	0	-55	0	-58	-65	-69	-69	0	-69	-69	-77	-68	0	0	0	-85	-84	-85	0	0	-84	-85	0	0	0	0	0	0	0	0	0	-60	0	0	0	-93	0	0	0	0	0	0	0	0	0	0	0	0	0	0	0	0	0	0	0	0	0	0	0	0	0	0	0	0	0	0	0	0	0	0	0	0	0	0	0	0	0	0	0	-66	0	0	0	0	0	0	0	3367	-2888	3006	22230	-7824	-117	-21	972	201	0	0	-1	-20	959	199	1606974746
-50	-52	-54	-55	-56	0	-66	-69	-70	0	0	-69	-77	-66	0	0	-78	-85	-84	-85	0	0	-84	-85	0	-79	-91	-89	-88	0	-89	-89	-89	-60	0	0	-93	0	0	0	0	0	0	0	0	0	0	-90	0	0	0	0	0	0	-95	0	0	0	0	0	0	0	-96	0	0	0	0	0	0	0	0	0	0	0	0	0	0	0	0	0	0	-64	0	0	0	0	0	0	0	3329	-2872	3021	22232	-7830	-117	-21	972	201	0	0	-1	-20	960	198	1606974748
-61	-51	0	-55	-56	-58	-68	-69	-70	0	-69	-69	-76	0	0	0	0	-85	-84	-84	0	0	-85	-84	0	0	-88	-89	-90	0	0	-89	-91	-59	0	0	0	-92	0	-94	0	0	0	0	0	0	0	0	0	0	0	0	0	0	0	0	0	0	0	0	0	0	0	0	0	0	0	0	0	0	0	0	0	0	0	0	0	0	0	0	0	0	0	0	0	0	0	0	0	3329	-2902	3014	22231	-7826	-117	-20	972	202	0	0	-1	-20	959	199	1606974749
-49	-52	-56	0	-56	-63	0	0	-76	0	-77	-77	-77	0	0	0	0	-90	-92	-93	0	-79	-92	-91	0	0	-90	-90	-91	0	-88	-88	-90	-59	0	0	-94	0	0	0	0	0	0	0	0	0	0	0	0	0	0	0	0	0	0	0	0	0	0	0	0	0	0	0	0	0	0	0	0	0	0	0	0	0	0	0	0	0	0	0	0	0	0	0	0	0	0	0	0	3337	-2902	2991	22230	-7823	-117	-20	973	199	-1	0	-1	-20	959	200	1606974751
-60	-51	0	-54	-57	-64	0	-66	-90	0	-76	-76	-78	0	0	0	0	0	0	-90	0	0	0	-90	0	0	0	-89	-90	0	-88	-90	-88	-60	0	0	0	0	0	-95	0	0	0	0	0	0	0	0	0	0	0	0	0	-92	0	0	0	0	0	0	0	0	0	0	0	0	0	0	0	0	0	0	0	0	0	0	0	0	0	0	0	0	0	0	0	0	0	0	0	3329	-2873	3096	22232	-7829	-116	-21	973	200	-1	-1	-1	-20	960	199	1606974752
-50	-52	-54	0	-56	-59	-67	-68	-69	0	-69	-70	-77	0	0	0	0	-85	-85	-84	0	0	-85	-85	0	0	0	-89	-89	0	-89	-89	-91	-59	0	0	0	-94	0	-94	0	0	0	0	0	0	0	0	0	0	0	0	0	0	0	0	0	0	0	0	0	-87	0	0	0	0	0	0	0	0	0	0	0	0	0	0	0	0	0	0	0	-68	0	0	0	0	0	0	0	3345	-2948	3036	22231	-7826	-117	-21	972	202	0	0	0	-20	959	199	1606974754
-60	-52	-53	-55	-54	-64	-69	-66	-77	0	-77	-76	-79	-68	0	0	0	-91	-92	-91	0	-78	-91	-92	0	0	0	-89	-89	0	-89	-89	-89	-59	0	0	-93	0	0	-94	0	0	0	0	0	0	0	0	0	0	0	0	0	0	0	0	0	0	0	-92	0	0	0	0	0	0	0	0	0	0	0	0	0	0	0	0	0	0	0	0	0	0	0	0	0	0	0	0	0	3329	-2850	3051	22232	-7830	-118	-21	973	200	0	0	-1	-21	960	198	1606974755
0	-52	0	-54	-56	-64	0	0	-77	0	-78	-77	-77	-66	0	0	0	-90	0	-91	0	0	-91	-90	0	0	0	-89	-89	0	-90	-90	-90	-60	0	0	0	0	0	-94	0	0	0	0	0	0	0	0	0	0	0	0	0	0	0	0	0	0	0	-93	0	0	0	0	0	0	0	0	0	0	0	0	0	0	0	0	0	0	0	0	0	0	0	0	0	0	0	0	0	3374	-2835	2961	22232	-7829	-118	-21	972	202	0	0	-1	-21	960	199	1606974757
-60	-52	-54	-54	-56	0	-69	-65	-69	-75	-70	-69	-76	-69	0	0	0	0	-85	-85	0	-79	-84	-85	0	0	0	-90	-90	0	-89	-90	-88	-60	0	0	-95	-93	0	0	0	0	0	0	0	0	0	0	0	0	0	0	0	0	0	0	0	0	0	0	0	0	0	0	0	0	0	0	0	0	0	0	0	0	0	0	0	0	0	0	0	-68	0	0	0	0	0	0	0	3329	-2872	2991	22231	-7830	-119	-20	973	200	0	0	-1	-21	960	198	1606974758
-50	-51	-55	-54	-56	0	-69	0	-78	0	-77	-77	-77	0	0	0	0	-91	-90	-90	-80	-79	-91	-90	0	0	0	-90	-90	0	-91	-89	-90	-59	0	0	0	0	0	-93	0	0	0	0	0	0	0	0	0	0	0	0	0	0	0	0	0	0	0	0	0	0	0	0	0	0	0	0	0	0	0	0	0	0	0	0	0	0	0	0	0	-67	0	0	0	0	0	0	0	3329	-2857	3021	22236	-7843	-117	-21	971	207	0	0	0	-20	960	196	1606974760
-50	-52	0	-55	-56	0	-67	-69	-77	-79	-77	-77	-78	-68	0	0	0	-91	-90	-90	0	0	-90	-91	0	0	0	-89	-89	0	-89	-89	-88	-59	0	0	-96	0	-96	0	0	0	0	0	0	0	0	0	0	0	0	0	0	0	0	0	0	0	0	-94	0	0	0	0	0	0	0	0	0	0	0	0	0	0	0	0	0	0	0	0	0	-67	0	0	0	0	0	0	0	3329	-2857	3051	22232	-7829	-115	-21	972	202	-1	-1	0	-20	960	198	1606974762
-51	-51	0	-55	-56	-58	-65	-67	-69	0	-68	-69	-77	-66	0	0	0	-85	-85	-86	0	-79	-84	-84	0	0	0	-89	-90	0	-90	-88	-89	-60	0	0	0	-94	0	0	0	0	0	0	0	0	0	0	0	0	0	0	0	0	0	0	0	0	0	0	0	0	0	0	0	0	0	0	0	0	0	0	0	0	0	0	0	0	0	0	0	-63	0	0	0	0	0	0	0	3329	-2895	3051	22233	-7832	-118	-21	972	201	0	0	0	-21	960	198	1606974763
-50	-53	-54	-54	-56	-64	-68	-68	-77	-79	-76	-76	-77	-69	0	0	0	-90	-90	-91	-79	-80	-92	-90	0	0	0	-90	-89	0	-89	-89	-90	-59	0	0	0	0	0	0	0	0	0	0	0	0	0	0	0	0	0	0	0	0	0	0	0	0	0	-95	0	0	0	0	0	0	0	0	0	0	0	0	0	0	0	0	0	0	0	0	0	-64	0	0	0	0	0	0	0	3329	-2902	3036	22230	-7823	-118	-21	972	206	-1	-1	0	-21	959	200	1606974765
-62	-52	-50	-54	-56	-64	-69	-69	-76	-79	-76	-75	-77	-68	0	0	-79	-91	-91	0	-79	-78	-90	-90	-78	-79	0	-88	-90	0	-88	-88	-89	-59	0	0	0	-95	0	-94	0	0	0	0	0	0	0	0	0	0	0	0	0	0	0	0	0	0	0	-94	0	0	0	0	0	0	0	0	0	0	0	0	0	0	0	0	0	0	0	0	0	-59	0	0	0	0	0	0	0	3284	-2902	3006	22232	-7832	-118	-20	972	201	0	0	-1	-21	960	198	1606974767
-49	-51	-51	-54	-56	-63	-66	-68	-76	0	-76	-77	-78	-67	0	0	0	-91	-91	-90	0	0	-90	-91	0	0	-91	-90	-90	0	-90	-89	-89	-60	-65	0	0	0	0	0	0	0	0	0	0	0	0	-86	0	0	0	0	0	0	0	0	0	0	0	-92	0	0	0	0	0	0	0	0	0	0	0	0	0	0	0	0	0	0	0	0	0	-63	0	0	0	0	0	0	0	3420	-2903	3126	22231	-7827	-117	-21	972	202	0	0	-1	-21	959	199	1606974768
-52	-51	-54	-54	-56	-64	-65	-66	-77	0	-78	-77	-77	-68	0	0	-78	-91	-92	0	-79	-80	0	-90	-77	-79	0	-90	-89	0	-91	-89	-90	-59	0	0	-96	0	0	-94	0	-87	0	0	0	0	0	-90	0	0	0	0	0	0	0	0	0	0	0	0	0	0	0	0	0	0	0	0	0	0	0	0	0	0	0	0	0	0	0	0	0	-64	0	0	0	0	0	0	0	3389	-2933	3036	22232	-7829	-117	-21	972	202	0	0	-1	-21	960	199	1606974770
-61	-52	-56	-54	-55	-64	0	-65	-77	0	-78	-77	-78	-68	0	0	0	-92	-90	-92	0	-78	-92	-91	0	0	-89	-90	-91	0	-90	-90	-90	-60	0	0	0	0	-96	-95	0	0	0	0	0	0	0	0	0	0	0	0	0	0	0	0	0	0	0	0	0	0	0	0	0	0	0	0	0	0	0	0	0	0	0	0	0	0	0	0	0	-60	0	0	0	0	0	0	0	3299	-2902	3036	22232	-7831	-116	-21	973	200	0	0	-1	-20	960	198	1606974771
-50	-51	0	-54	-55	-64	-68	-67	-78	0	-77	-77	-78	-65	0	0	0	-93	-92	-91	0	-78	-92	-91	0	0	0	-89	-91	0	-88	-90	-90	-59	-65	0	-94	0	-94	0	0	0	0	0	0	0	0	0	0	0	0	0	0	-88	0	0	0	0	0	0	0	0	0	0	0	0	0	0	0	0	0	0	0	0	0	0	0	0	0	0	0	-60	0	0	0	0	0	0	0	3314	-2902	3021	22231	-7826	-117	-21	972	201	0	0	-1	-20	959	199	1606974773
-58	0	-54	-54	-56	-64	-70	-68	-77	-82	-77	-77	-78	-65	0	0	-79	-91	-90	-91	-80	-78	-90	0	-78	-79	0	-88	-89	0	-90	-90	-90	-60	0	0	0	0	-93	0	0	0	0	0	0	0	0	0	0	-90	0	0	0	0	0	0	0	0	0	0	0	0	0	0	0	0	0	0	0	0	0	0	0	0	0	0	0	0	0	0	0	-59	0	0	0	0	0	0	-88	3344	-2887	3006	22231	-7827	-117	-20	972	201	0	-1	0	-20	959	199	1606974775
-59	-52	-56	0	-56	-64	0	-66	-77	-80	-77	-77	-78	0	0	0	0	-91	-90	-91	0	-80	-91	-92	0	0	0	-90	-89	0	-90	-89	-89	-59	0	0	-94	-96	-93	-94	0	0	0	0	0	0	0	0	0	0	0	0	0	0	0	0	0	0	0	-93	0	0	0	0	0	0	0	0	0	0	0	0	0	0	0	0	0	0	0	0	0	-63	0	0	0	0	0	0	0	3314	-2872	3043	22233	-7833	-116	-21	973	201	0	0	0	-20	960	198	1606974776
-59	-51	-55	-53	-56	0	-68	-68	-77	-81	-77	-77	-77	-66	0	0	0	-91	-91	-93	0	-80	-91	-90	0	0	0	-90	-88	-95	-88	-90	-91	-60	0	0	0	0	-94	-94	0	0	0	0	0	0	0	-89	0	0	0	0	0	0	0	0	0	0	0	0	0	0	0	0	0	0	0	0	0	0	0	0	0	0	0	0	0	0	0	0	0	-74	0	0	0	0	0	0	0	3344	-2843	3021	22232	-7831	-118	-20	972	200	0	0	0	-21	960	198	1606974778
-48	-51	-54	-54	-56	-58	-66	-68	-68	0	-69	-70	-75	-65	0	0	0	-84	-85	-86	0	0	-85	-85	0	0	0	-89	-88	0	-90	-88	-90	-59	0	0	-93	-94	0	0	0	0	0	0	0	0	0	-86	0	0	0	0	0	0	0	0	0	0	0	0	0	0	0	0	0	0	0	0	0	0	0	0	0	0	0	0	0	0	0	0	0	0	0	0	0	0	0	0	0	3419	-2903	3051	22231	-7826	-117	-21	972	202	-1	-1	-1	-20	959	199	1606974779
0	-51	-55	-55	-56	-63	-65	-67	-77	-80	-77	0	-78	-69	0	0	0	-92	-90	-91	0	-81	-90	-91	0	0	0	-89	-91	0	-89	-89	-88	-60	0	0	-94	-96	-93	0	0	0	0	0	0	0	0	0	0	0	0	0	0	0	0	0	0	0	0	-95	0	0	0	0	0	0	0	0	0	0	0	0	0	0	0	0	0	0	0	0	0	-59	0	0	0	0	0	0	0	3314	-2887	3021	22233	-7834	-116	-21	972	200	0	-1	0	-20	960	198	1606974781
0	0	0	-54	-56	0	-66	-65	-69	0	-69	-69	-76	-66	0	0	0	-85	-85	-85	0	-78	-85	-84	0	0	-90	-89	-91	0	-89	-89	-90	-60	0	0	-95	-95	0	-94	0	0	0	0	0	0	0	0	0	0	0	0	0	0	0	0	0	0	0	0	0	0	0	0	0	0	0	0	0	0	0	0	0	0	0	0	0	0	0	0	0	-61	0	0	0	0	0	0	0	3329	-2857	3013	22230	-7825	-117	-21	973	197	-1	0	0	-20	959	199	1606974783
-59	-51	-55	-54	-56	-59	-65	-65	-70	0	-69	0	-76	-67	0	0	0	-85	-84	-85	0	-80	-84	-85	0	0	0	-89	-89	0	-89	-89	-90	-59	0	0	-95	-93	0	0	0	0	0	0	0	0	0	0	0	0	0	0	0	0	0	0	0	0	0	0	0	0	0	0	0	0	0	0	0	0	0	0	0	0	0	0	0	0	0	0	0	0	0	0	0	0	0	0	0	3329	-2872	2991	22230	-7825	-118	-21	972	203	-1	-1	-1	-21	959	199	1606974784
-50	-51	0	-55	-55	0	-66	-64	-69	0	-69	-70	-77	-68	0	0	0	-85	-85	-84	0	0	-85	-85	0	0	0	-90	-91	0	-89	-89	-90	-59	0	0	0	0	0	-95	0	0	0	0	0	0	0	0	0	0	0	0	0	0	0	0	0	0	0	0	0	0	0	0	0	0	0	0	0	0	0	0	0	0	0	0	0	0	0	0	0	-65	0	0	0	0	0	0	-87	3314	-2872	3021	22230	-7824	-118	-21	971	206	-1	-1	0	-21	959	199	1606974786
-50	-52	0	0	-56	0	-65	-67	-77	0	-77	-78	-77	-68	0	0	0	-91	-91	-91	0	-78	-90	-90	0	0	-90	-89	-90	0	-89	-88	-90	-59	-66	0	0	0	-94	-94	0	0	0	0	0	0	0	0	0	0	0	0	0	0	0	0	0	0	0	-94	0	0	0	0	0	0	0	0	0	0	0	0	0	0	0	0	0	0	0	0	0	-64	0	0	0	0	0	0	0	3314	-2857	3036	22230	-7823	-118	-21	973	196	-1	-1	0	-21	959	200	1606974787
-49	0	0	-55	-56	-59	-66	-66	-69	-80	-69	-69	-76	-68	0	0	0	-84	-85	-84	0	0	-84	-84	0	0	0	-89	-90	0	-88	-89	-90	-60	0	0	-93	-94	0	-96	0	0	0	0	0	0	0	0	0	0	0	0	0	0	0	0	0	0	0	0	0	0	0	0	0	0	0	0	0	0	0	0	0	0	0	0	0	0	0	0	0	-65	0	0	0	0	0	0	0	3314	-2903	3096	22231	-7828	-118	-21	972	202	0	0	0	-21	960	199	1606974789
-50	-52	0	-51	-56	0	0	-68	-69	0	-69	0	-76	-68	0	0	0	-85	-85	-85	0	0	-85	-85	0	0	-89	-88	-89	0	-89	-89	-89	-59	0	0	-95	-94	0	-96	0	0	0	0	0	0	0	0	0	0	0	0	0	0	0	0	0	0	0	0	0	0	0	0	0	0	0	0	0	0	0	0	0	0	0	0	0	0	0	0	0	-67	0	0	0	0	0	0	0	3344	-2873	3021	22232	-7832	-119	-21	972	199	0	0	0	-21	960	198	1606974791
-50	-53	-52	-54	-56	0	-66	-66	-76	0	-77	-77	-77	-67	0	0	0	-89	-90	-91	0	-78	-89	-90	0	0	-92	-89	-89	0	-90	-89	-90	-59	0	0	-95	0	0	0	0	0	0	0	0	0	0	0	0	0	0	0	0	0	0	0	-90	0	0	-95	0	-88	0	0	0	0	0	0	0	0	0	0	0	0	0	0	0	0	0	0	0	-62	0	0	0	0	0	0	0	3382	-2843	3051	22233	-7833	-117	-21	972	202	0	0	0	-20	960	198	1606974792
0	-53	0	-54	-56	-59	-66	-69	-70	0	-69	-69	-77	-67	0	0	0	-84	-84	-85	0	0	-84	-85	0	0	-90	-91	-90	0	-90	-90	-89	-59	0	0	-94	0	0	0	0	0	0	0	0	0	0	0	0	0	0	0	0	0	0	0	-87	0	0	-95	0	-88	0	0	0	0	0	0	0	0	0	0	0	0	0	0	0	0	0	0	0	-63	0	0	0	0	0	0	0	3389	-2933	3014	22231	-7829	-119	-21	972	201	0	-1	0	-21	960	199	1606974794
-58	-52	0	-53	-57	-64	-68	-67	-77	0	-78	-78	-78	-67	0	0	0	-91	-91	-90	0	0	-90	-91	0	0	0	-90	-90	0	-89	-89	-90	-59	0	0	-95	0	0	0	0	0	0	0	0	0	0	0	0	0	0	0	0	0	0	0	0	0	0	-92	0	0	0	0	0	0	0	0	0	0	0	0	0	0	0	0	0	0	0	0	0	-62	0	0	0	0	0	0	0	3284	-2872	3006	22230	-7825	-117	-21	973	199	-1	-1	0	-20	959	199	1606974795
-51	0	-52	-54	-56	-66	-68	-66	-79	-81	-78	-78	-77	-66	0	0	-80	-91	-91	-91	-78	-80	0	-92	-78	-78	0	-89	-90	0	-91	-89	-90	-60	0	0	0	-94	0	0	0	0	0	0	0	0	0	0	0	0	0	0	0	0	0	0	0	0	0	0	0	0	0	0	0	0	0	0	0	0	0	0	0	0	0	0	0	0	0	0	0	-62	0	0	0	0	0	0	0	3374	-2858	3036	22232	-7830	-117	-21	972	201	-1	0	0	-20	960	198	1606974797
0	-51	-53	-54	-56	-65	-66	-67	-77	0	-77	-78	-78	-68	0	0	0	-91	-89	-92	0	0	-91	-91	0	0	0	-90	-89	0	-89	-88	-91	-59	0	0	0	0	0	0	0	-89	0	0	0	0	0	0	0	0	0	0	0	0	0	0	0	0	0	0	0	0	0	0	0	0	0	0	0	-96	0	0	0	0	0	0	0	0	0	0	0	-63	0	0	0	0	0	0	0	3344	-2873	3036	22232	-7829	-118	-21	972	201	0	0	0	-21	960	199	1606974799
-49	-52	-52	-55	-56	-64	-68	-66	-77	0	-78	-77	-77	-70	0	0	0	-91	-90	-91	0	-78	-91	-90	0	0	0	-88	-90	0	-89	-89	-90	-60	0	0	0	0	0	0	0	0	0	0	0	0	0	0	0	0	0	0	0	0	0	0	0	0	0	0	0	0	0	0	0	0	0	0	0	0	0	0	0	0	0	0	0	0	0	0	0	-67	0	0	0	0	0	0	0	3345	-2963	3036	22232	-7828	-117	-21	973	201	-1	0	0	-20	960	199	1606974800
0	-52	0	-54	-56	0	-66	-67	-69	0	-69	-69	-76	-66	0	0	0	-84	-86	-85	0	-78	-85	-86	0	0	0	-89	-89	0	-89	-91	-91	-60	0	0	0	-94	0	-94	0	0	0	0	0	0	0	0	0	0	0	0	0	0	0	0	0	0	0	0	0	0	0	0	0	0	0	0	0	0	0	0	0	0	0	0	0	0	0	0	0	-68	0	0	0	0	0	0	0	3345	-2925	3066	22233	-7834	-117	-20	972	201	0	0	-1	-20	960	198	1606974802
-58	0	-53	-54	-52	-59	-68	-65	-69	-82	-69	-69	-76	-66	0	0	-79	-85	-85	-85	0	-77	-85	-85	-78	-79	0	-89	-90	0	-90	-89	-89	-59	0	0	-95	0	0	0	0	0	0	0	0	0	0	0	0	0	0	0	0	0	0	0	0	0	0	0	0	0	0	0	0	0	0	0	0	0	0	0	0	0	0	0	0	0	0	0	0	-66	0	0	0	0	0	0	0	3374	-2903	3059	22232	-7829	-116	-21	972	201	0	0	0	-20	960	199	1606974804
-51	-52	-53	-53	-57	-65	-68	-66	-78	-81	-78	-78	-79	-68	0	0	0	-93	-91	-92	0	0	-91	-91	0	0	0	-89	-90	0	-89	-89	-88	-59	0	0	0	-94	0	0	0	0	0	0	0	0	0	0	0	0	0	0	0	0	0	0	0	0	0	-94	0	0	0	0	0	0	0	0	0	0	0	0	0	0	0	0	0	0	0	0	0	-66	0	0	0	0	0	0	0	3344	-2873	3021	22231	-7828	-117	-21	972	200	0	0	0	-20	959	199	1606974805
-59	-51	0	-54	-57	-65	-66	-67	-77	0	-77	-77	-78	-67	0	0	0	-93	-90	-93	-79	-78	-90	-91	-79	-78	0	-89	-91	0	-88	-88	-89	-60	0	0	0	0	0	0	0	0	0	0	0	0	0	0	0	0	0	0	0	0	0	0	0	0	0	-96	0	0	0	0	0	0	0	0	0	0	0	0	0	0	0	0	0	0	0	0	0	-63	0	0	0	0	0	0	0	3344	-2872	3006	22233	-7834	-117	-21	972	200	0	0	0	-20	960	198	1606974807
-58	-53	0	-53	-57	0	-69	0	-70	0	-69	-69	-76	0	0	0	-78	-84	-85	-85	-79	-80	-85	-85	-79	-79	-89	-87	-89	0	-88	-88	-88	-58	0	0	-93	-93	0	-94	0	0	0	0	0	0	0	0	0	0	0	0	0	0	0	0	0	0	0	0	0	0	0	0	0	0	0	0	0	0	0	0	0	0	0	0	0	0	0	0	0	-63	0	0	0	0	0	0	0	3344	-2932	3006	22232	-7829	-117	-20	972	201	0	0	0	-20	960	199	1606974808
-50	-51	-53	-55	-57	-65	-68	-65	-76	0	-76	-77	-77	0	0	0	0	-90	-91	-90	0	0	-93	-91	0	0	-90	-87	-88	0	-88	-88	-90	-62	0	0	0	0	0	0	0	0	0	0	0	0	0	0	0	0	0	0	0	0	0	0	0	0	0	0	0	-87	0	0	0	0	0	0	0	0	0	0	0	0	0	0	0	0	0	0	0	0	0	0	0	0	0	0	0	3344	-2917	2984	22231	-7828	-118	-20	972	201	0	0	-1	-21	959	199	1606974810
-50	-51	-53	-54	-55	-64	-66	-65	-77	0	-77	-78	-77	-66	0	0	0	-92	-91	-90	-80	-80	-92	-91	-80	-79	0	-89	-88	0	-88	-88	-88	-61	0	0	-93	0	0	0	0	-89	0	0	0	0	0	0	0	0	0	0	0	0	0	0	0	0	0	-94	0	0	0	0	0	0	0	0	0	0	0	0	0	0	0	0	0	0	0	0	0	-63	0	0	0	0	0	0	0	3344	-2903	3051	22232	-7832	-117	-21	973	200	0	0	0	-20	960	198	1606974811
-50	-51	-53	-53	-55	-65	-66	-69	-78	-79	-77	-77	-78	-68	0	0	0	-91	-92	0	0	-79	-92	-90	0	0	0	-90	-89	0	-90	-89	-90	-61	0	0	0	0	0	0	0	0	0	0	0	0	0	-89	0	0	0	0	0	0	0	0	0	0	0	-93	0	0	0	0	0	0	0	0	0	0	0	0	0	0	0	0	0	0	0	0	0	-63	0	0	0	0	0	0	0	3284	-2857	3051	22233	-7830	-115	-21	972	201	0	-1	0	-20	960	198	1606974813
-60	-51	-51	-54	-55	-57	-66	-66	-69	0	-69	-69	-77	-69	0	0	0	-84	-84	-84	0	0	-85	-84	0	0	-90	-87	-90	0	-88	-88	-89	-58	0	0	-94	-93	0	-95	0	0	0	0	0	0	0	0	0	0	0	0	0	-91	0	0	0	0	0	0	0	0	0	0	0	0	0	0	0	0	0	0	0	0	0	0	0	0	0	0	0	-65	0	0	0	0	0	0	0	3329	-2857	3043	22232	-7829	-117	-21	973	201	0	0	0	-21	960	199	1606974814
0	0	0	-53	-56	-65	-69	-66	-76	-80	-76	-76	-77	-68	0	0	-77	-93	-92	-92	-78	-78	-93	-90	-77	-77	0	-88	-89	0	-89	-87	-88	-60	0	0	-94	0	-96	0	0	0	0	0	0	0	0	0	0	0	0	0	0	0	0	0	0	0	0	-94	0	0	0	0	0	0	0	0	0	0	0	0	0	0	0	0	0	0	0	0	0	-69	0	0	0	0	0	0	0	3374	-2933	3051	22232	-7831	-117	-21	973	200	0	0	-1	-20	960	198	1606974816
-50	-53	0	-53	-55	-65	-70	-66	-77	0	-77	-77	-78	-69	0	0	0	-91	-91	-90	0	-80	-94	-90	0	0	-91	-89	-87	0	-89	-89	-89	-60	0	0	0	0	0	-94	0	0	0	-88	0	0	0	0	0	0	0	0	0	0	0	0	-90	0	0	0	0	-90	0	0	0	0	0	0	0	0	0	0	0	0	0	0	0	0	0	0	0	0	0	0	0	0	0	0	-87	3344	-2873	3051	22232	-7831	-117	-21	973	201	0	0	0	-20	960	198	1606974818
-49	-53	-52	-54	-55	-65	0	-66	-77	0	-77	-77	-78	0	0	0	0	-93	-91	0	0	-78	-93	-91	0	0	0	-90	-89	0	-89	-88	-88	-61	0	0	0	0	-94	0	0	0	0	0	0	0	0	0	0	0	0	0	0	0	0	0	0	0	0	0	0	0	0	0	0	0	0	0	0	0	-86	0	0	0	0	0	0	0	0	0	0	-63	0	0	0	0	0	0	0	3344	-2948	2992	22232	-7830	-117	-21	972	201	0	0	-1	-20	960	198	1606974819
-51	-52	-53	-54	-55	-65	0	-69	-77	0	-79	-78	-77	-66	0	0	0	-92	-92	-90	0	0	-90	-92	0	0	-89	-88	-88	0	-89	-88	-88	-61	0	0	0	0	0	0	0	-88	0	0	0	0	0	0	0	0	0	0	0	0	0	0	0	0	0	0	0	0	0	0	0	0	0	0	0	0	0	0	0	0	0	0	0	0	0	0	0	-68	0	0	0	0	0	0	0	3344	-2842	3006	22233	-7835	-118	-21	973	200	0	0	-1	-21	960	198	1606974821
0	-50	-53	-54	-55	-65	-68	-69	-76	0	-76	-76	-77	-66	0	0	0	-92	-92	-91	0	-77	-91	-91	0	0	-88	-89	-88	0	-88	-89	-88	-60	0	0	0	0	0	0	0	0	0	0	0	0	0	0	0	0	0	0	0	0	0	0	0	0	0	-92	0	0	0	0	0	0	0	0	0	0	0	0	0	0	0	0	0	0	0	0	0	-67	0	0	0	0	0	0	0	3269	-2932	3036	22232	-7831	-118	-21	972	201	0	0	-1	-21	960	198	1606974822
-62	-51	0	0	-55	-64	-67	-65	-77	-80	-77	-77	-77	-68	0	0	0	-92	-91	-92	0	-79	-92	-91	0	0	0	-91	-90	0	-89	-88	-90	-60	0	0	0	0	0	-95	0	0	0	0	0	0	0	0	0	0	0	0	0	0	0	0	0	0	0	0	0	0	0	0	0	0	0	0	0	0	0	0	0	0	0	0	0	0	0	0	0	0	0	0	0	0	0	0	0	3314	-2857	3021	22232	-7831	-118	-21	972	201	0	0	-1	-21	960	198	1606974824
-50	0	0	-54	-56	-64	-68	-69	-77	-82	-77	-77	-77	-66	0	0	0	0	-90	0	0	-79	0	-92	0	0	0	-91	-90	0	-89	-90	-89	-60	0	0	0	0	-94	-95	0	0	0	0	0	0	0	0	0	-88	0	0	0	0	0	0	0	0	0	0	0	0	0	0	0	0	0	0	0	0	0	0	0	0	0	0	0	0	0	0	0	-64	0	0	0	0	0	0	0	3344	-2903	3066	22233	-7835	-117	-20	973	199	-1	-1	-1	-20	960	198	1606974826
-59	-51	-53	-53	-55	-64	-70	-66	-78	0	-76	-78	-77	-66	0	0	-76	-91	-92	0	-77	-78	-91	-91	-77	-79	-90	-89	-90	0	-89	-90	-91	-60	0	0	-95	0	0	0	0	0	0	0	0	0	0	0	0	0	0	0	0	0	0	0	0	0	0	-95	0	0	0	0	0	0	0	0	0	0	0	0	0	0	0	0	0	0	0	0	0	-68	0	0	0	0	0	0	0	3314	-2902	3029	22232	-7831	-118	-21	972	201	0	0	-1	-21	960	198	1606974827
0	0	0	-54	-55	0	-65	-68	-70	0	0	-69	-76	-69	0	0	0	-85	-84	-85	0	-77	-87	-84	0	0	0	-89	-89	0	-90	-90	-90	-59	0	0	0	-94	0	0	0	0	0	0	0	0	0	0	0	0	0	0	0	0	0	0	0	0	0	0	0	0	0	0	0	0	0	0	0	0	0	0	0	0	0	0	0	0	0	0	0	-64	0	0	0	0	0	0	0	3329	-2902	3014	22232	-7829	-117	-21	972	201	-1	0	-1	-20	960	199	1606974829
-61	0	-53	-54	-55	0	-65	-66	-77	-80	-77	-78	-77	-68	0	0	-78	-91	-90	-91	-77	-77	-91	-91	-77	-76	-89	-91	-91	0	-88	-90	-90	-60	0	0	0	0	0	0	0	0	0	0	0	0	0	0	0	-93	0	0	0	0	0	0	0	0	0	-93	0	0	0	0	0	0	0	0	0	0	0	0	0	0	0	0	0	0	0	0	0	-66	0	0	0	0	0	0	0	3374	-2873	3021	22233	-7836	-118	-21	972	200	0	0	0	-21	960	197	1606974830
-48	-51	-52	-54	-55	0	-66	-67	-77	-80	-76	-76	-77	-68	0	0	0	-92	-92	-90	0	-78	0	-93	0	0	0	-89	0	0	0	-90	-89	-61	0	0	0	0	0	0	0	0	0	0	0	0	0	0	0	0	0	0	0	0	0	0	0	0	0	-94	0	0	0	0	0	0	0	0	0	0	0	0	0	0	0	0	0	0	0	0	0	-66	0	0	0	0	0	0	0	3374	-2925	3036	22232	-7831	-117	-21	972	201	0	0	-1	-20	960	198	1606974832
-60	-50	0	-54	-55	0	-68	0	-76	-80	-76	-76	-77	0	0	0	0	-93	-91	0	0	0	-94	-90	0	0	-89	-90	-92	0	-89	-91	-90	-61	0	0	0	0	0	0	0	0	0	0	0	0	0	0	0	0	0	0	0	0	0	0	0	0	0	-94	0	0	0	0	0	0	0	0	0	0	0	0	0	0	0	0	0	0	0	0	0	-66	0	0	0	0	0	0	0	3344	-2910	3044	22232	-7829	-117	-21	972	201	0	-1	0	-20	960	199	1606974834
-50	-51	-52	-53	-55	0	-64	-66	-76	-83	-76	-76	-77	-67	0	0	0	-92	-92	-92	0	0	-92	-90	0	0	-89	-89	-89	0	-89	-89	-89	-61	0	0	0	0	-95	-95	0	0	0	0	0	0	0	0	0	0	0	0	0	0	0	0	0	0	0	-94	0	0	0	0	0	0	0	0	0	0	0	0	0	0	0	0	0	0	0	0	0	-65	0	0	0	0	0	0	0	3344	-2903	3051	22234	-7835	-117	-20	972	200	0	0	0	-20	960	198	1606974835
-59	-51	-53	-54	-54	0	-69	-67	-69	0	-70	-69	-76	-69	0	-86	0	-85	-84	-85	0	-77	-85	-84	0	0	-92	-90	-89	0	-89	-89	-90	-59	-66	0	-95	-93	0	0	0	0	0	0	0	0	0	-90	0	0	0	0	0	0	0	0	-88	0	0	0	0	0	0	0	0	0	0	0	0	0	0	0	0	0	0	0	0	0	0	0	0	-65	0	0	0	0	0	0	0	3314	-2857	3036	22232	-7828	-116	-21	972	201	-1	0	0	-20	960	199	1606974837
-51	-52	0	-55	-56	0	-66	-67	-78	0	-78	-77	-78	-68	0	0	0	-90	-91	0	0	-77	-90	-91	0	0	-90	-90	-89	0	-88	-89	-89	-59	0	0	0	0	0	-94	0	0	0	-88	0	0	0	0	0	0	0	0	0	0	0	0	-89	0	0	-94	0	-89	0	0	0	0	0	0	0	0	0	0	0	0	0	0	0	0	0	0	0	-63	0	0	0	0	0	0	0	3329	-2857	3036	22232	-7831	-117	-21	972	201	-1	-1	0	-20	960	198	1606974838
-59	-50	-54	0	-56	-58	-68	-66	-70	0	-69	-70	-76	-65	0	0	0	-84	-84	-85	0	-76	-84	-85	0	0	0	-89	-90	0	-89	-89	-89	-59	0	0	-95	0	0	0	0	0	0	0	0	0	0	0	0	0	0	0	0	0	0	0	0	0	0	0	0	0	0	0	0	0	0	0	0	0	0	0	0	0	0	0	0	0	0	0	0	-66	0	0	0	0	0	0	0	3329	-2872	3036	22232	-7831	-117	-20	973	200	-1	-1	0	-20	960	198	1606974840
-58	-50	0	0	-56	-64	-67	-66	-76	0	-76	-76	-78	-68	0	0	0	-90	-91	-91	0	0	-91	-91	0	0	-89	-90	-91	0	-89	-89	-91	-60	0	0	-94	-93	0	0	0	0	0	0	0	0	0	0	0	0	0	0	0	0	0	0	0	0	0	-94	0	0	0	0	0	0	0	0	0	0	0	0	0	0	0	0	0	0	0	0	0	0	0	0	0	0	0	0	0	3299	-2872	3021	22234	-7834	-116	-20	973	199	-1	-1	0	-20	960	198	1606974842
0	-51	0	-54	-56	0	-69	-67	-69	-80	-69	0	-76	-66	0	0	-77	-85	-84	-85	-78	-79	-85	-85	0	0	0	-89	-89	0	-89	-89	-90	-59	0	0	-93	-95	0	-95	0	0	0	0	0	0	0	0	0	0	0	0	0	0	0	0	0	0	0	0	0	0	0	0	0	0	0	0	0	0	0	0	0	0	0	0	0	0	0	0	0	-63	0	0	0	0	0	0	0	3344	-2888	3051	22232	-7829	-116	-20	972	201	-1	0	0	-20	960	199	1606974843
0	-51	-53	-53	-56	-57	-68	-65	-69	0	-70	0	-76	-69	0	0	-76	-85	-85	-85	0	0	-85	-85	0	-78	0	-90	-89	0	0	-89	-91	-59	0	0	-94	-93	0	0	0	0	0	0	0	0	0	-88	0	0	0	0	0	0	0	0	0	0	0	0	0	0	0	0	0	0	0	0	0	0	0	0	0	0	0	0	0	0	0	0	0	-67	0	0	0	0	0	0	0	3367	-2873	3006	22233	-7831	-116	-21	973	200	-1	-1	0	-20	960	198	1606974845
0	-52	-52	-54	0	-65	0	-69	-77	0	-77	-78	-77	-65	0	0	-77	-91	-91	-91	-76	-78	-93	-92	-77	-76	0	-90	-89	0	-88	-89	-89	-61	0	0	0	0	0	0	0	0	0	0	0	0	0	0	0	0	0	0	0	0	0	0	0	0	0	-94	0	0	0	0	0	0	0	0	0	0	0	0	0	0	0	0	0	0	0	0	0	-66	0	0	0	0	0	0	0	3238	-2872	3021	22233	-7834	-118	-21	972	200	-1	-1	-1	-21	960	198	1606974846
-61	-52	0	-54	-55	-58	-66	-66	-70	0	-70	-70	-76	-68	0	0	0	-85	-84	-85	0	0	-85	-85	0	0	0	-89	-88	0	-88	-89	-90	-58	-68	0	-95	0	0	-94	0	0	0	0	0	0	0	0	0	0	0	0	0	0	0	0	0	0	0	0	0	-90	0	0	0	0	0	0	0	0	0	0	0	0	0	0	0	0	0	0	0	-66	0	0	0	0	0	0	0	3269	-2872	3021	22232	-7831	-117	-20	972	201	-1	0	-1	-20	960	199	1606974848
-51	-52	0	-54	-54	0	-66	-67	-69	-81	-69	-69	-76	-66	0	0	0	-85	-84	-85	-76	-76	-85	-84	-76	-77	0	-88	-89	0	-88	-88	-89	-57	0	0	-95	-94	0	-94	0	0	0	0	0	0	0	0	0	0	0	0	0	0	0	0	0	0	0	0	0	0	0	0	0	0	0	0	0	0	0	0	0	0	0	0	0	0	0	0	0	-67	0	0	0	0	0	0	0	3344	-2932	2999	22232	-7831	-117	-20	972	201	-1	0	-1	-20	960	198	1606974850
-50	-51	-52	-56	-56	0	-68	0	-77	-80	-78	-77	-77	0	0	0	0	0	-93	-91	0	-80	0	-91	0	0	-89	-88	-88	0	-88	-87	-89	-62	0	0	0	-93	0	0	0	0	0	0	0	0	0	-89	0	0	0	0	0	0	0	0	0	0	0	0	0	0	0	0	0	0	0	0	0	0	0	0	0	0	0	0	0	0	0	0	0	0	0	0	0	0	0	0	0	3359	-2903	3021	22233	-7833	-117	-20	972	201	-1	0	-1	-20	960	198	1606974851
0	-51	-54	-54	-57	0	-68	-68	-78	0	-78	-78	-77	-66	0	0	0	-92	-92	-92	0	0	-91	-92	0	0	0	-89	-88	0	-88	-87	-88	-62	0	0	0	0	0	0	0	-90	0	0	0	0	0	0	0	0	0	0	0	0	0	0	0	0	0	0	0	0	0	0	0	0	0	0	0	0	0	0	0	0	0	0	0	0	0	0	0	-70	0	0	0	0	0	0	0	3329	-2872	3043	22233	-7831	-117	-21	972	200	-1	0	-1	-20	960	198	1606974853
-51	-50	-56	-53	-57	0	-69	-65	-78	-81	-78	-77	-77	-65	0	0	-78	-92	-92	-92	-77	-79	-92	-91	-79	-79	0	-88	-89	0	-88	-90	-90	-62	0	0	-95	0	-95	0	0	0	0	0	0	0	0	0	0	0	0	0	0	0	0	0	0	0	0	0	0	0	0	0	0	0	0	0	0	0	0	0	0	0	0	0	0	0	0	0	0	-66	0	0	0	0	0	0	0	3344	-2858	3036	22232	-7831	-117	-21	972	200	-1	-1	-1	-20	960	198	1606974854
-60	0	-57	-53	-55	0	-68	-68	-77	-80	-77	-77	-77	-66	0	0	0	-92	-92	0	0	-80	-92	-92	0	0	-90	-86	-89	0	-87	-90	-89	-62	0	0	-95	0	-94	0	0	-87	0	0	0	0	0	0	0	0	0	0	0	0	0	0	0	0	0	-94	0	0	0	0	0	0	0	0	0	0	0	0	0	0	0	0	0	0	0	0	0	0	0	0	0	0	0	0	0	3337	-2902	2962	22234	-7834	-116	-20	972	200	-1	0	0	-20	960	198	1606974856
-51	0	-57	-54	-55	0	-68	-68	-77	0	-77	-78	-77	-67	0	0	-79	-91	-92	0	-80	0	0	-92	-79	-81	-90	-89	-90	0	-87	-88	-86	-62	0	0	0	0	-95	0	0	0	0	0	0	0	0	0	0	0	0	0	0	0	0	0	0	0	0	-95	0	0	0	0	0	0	0	0	0	0	0	0	0	0	0	0	0	0	0	0	0	-67	0	0	0	0	0	0	0	3284	-2872	3036	22232	-7830	-118	-21	972	201	-1	0	-1	-21	960	198	1606974857
-60	-53	0	-53	-56	0	-67	-66	-78	-80	-78	-78	-79	-68	0	0	0	-92	0	0	0	-78	-92	-93	0	0	0	-88	-89	0	-89	-89	-88	-61	0	0	0	0	0	0	0	0	0	0	0	0	0	0	0	0	0	0	0	0	0	0	0	0	0	-95	0	0	0	0	0	0	0	0	0	0	0	0	0	0	0	0	0	0	0	0	0	-67	0	0	0	0	0	0	0	3374	-2857	2961	22233	-7832	-116	-21	973	200	-1	0	0	-20	960	198	1606974859
0	-52	0	-53	-56	0	-67	-68	-69	-80	-69	-69	-76	-66	0	0	0	-85	-83	-83	0	0	-84	-84	0	0	0	-87	-89	0	-89	-88	-88	-56	0	0	-95	-93	0	-95	0	0	0	0	0	0	0	0	0	0	0	0	0	0	0	0	0	0	0	0	0	0	0	0	0	0	0	0	0	0	0	0	0	0	0	0	0	0	0	0	0	-69	0	0	0	0	0	0	0	3276	-2857	3051	22234	-7838	-117	-21	972	199	-1	0	-1	-20	960	197	1606974861
-60	-51	0	-54	-56	0	-68	-68	-78	0	-78	-79	-78	0	0	0	0	-91	-92	0	0	-80	-90	-92	0	0	0	-88	-88	0	-90	-87	-87	-61	0	0	0	-95	0	0	0	0	0	0	0	0	0	0	0	-89	0	0	0	0	0	0	0	0	0	-94	0	0	0	0	0	0	0	0	0	0	0	0	0	0	0	0	0	0	0	0	0	-65	0	0	0	0	0	0	0	3344	-2873	3081	22233	-7833	-116	-21	972	200	-1	-1	0	-20	960	198	1606974862
-57	-53	0	0	-56	0	-66	-69	-78	0	-77	-78	-78	-68	0	0	0	-92	-92	-91	0	-78	-91	-91	0	0	-88	-88	-89	0	-88	-89	-89	-61	0	0	0	0	-95	-95	0	0	0	0	0	0	0	0	0	0	0	0	0	0	0	0	0	0	0	-95	0	0	0	0	0	0	0	0	0	0	0	0	0	0	0	0	0	0	0	0	0	-66	0	0	0	0	0	0	0	3344	-2903	3029	22232	-7831	-117	-20	973	201	-1	0	-1	-20	960	198	1606974864
-61	-53	0	-55	-56	0	-66	-68	-77	0	-77	-77	-77	-67	0	0	0	-91	-90	-92	0	0	0	0	0	0	0	-89	-89	0	-89	-90	-90	-60	0	0	0	0	0	0	0	0	0	0	0	0	0	0	0	0	0	0	0	0	0	0	0	0	0	-94	0	0	0	0	0	0	0	0	0	0	0	0	0	0	0	0	0	0	0	0	0	-70	0	0	0	0	0	0	0	3344	-2925	3036	22234	-7837	-117	-21	972	199	-1	0	0	-20	960	197	1606974865
0	-53	0	-53	-57	0	-67	-67	-77	0	-76	-76	-77	-66	0	0	0	-91	-91	-90	0	0	-91	-92	0	0	-89	-89	-88	0	-89	-88	-90	-60	0	0	-92	0	0	0	0	0	0	0	0	0	0	0	0	0	0	-90	0	0	0	0	0	0	0	-95	0	0	0	0	0	0	0	0	0	0	0	0	0	0	0	0	0	0	0	0	0	-70	0	0	0	0	0	0	0	3344	-2903	3036	22233	-7832	-116	-21	972	200	-1	-1	0	-20	960	198	1606974867
-52	0	0	-55	-56	-58	-66	-67	-69	0	-69	-68	-76	-67	0	0	0	-85	-85	-85	-77	-78	-84	-85	-78	-78	-89	-88	-88	0	-90	-89	-89	-59	0	0	-94	-93	0	-95	0	0	0	0	0	0	0	0	0	0	0	0	0	0	0	0	0	0	0	0	0	0	0	0	0	0	0	0	0	0	0	0	0	0	0	0	0	0	0	0	0	-71	0	0	0	0	0	0	0	3284	-2917	3081	22233	-7832	-117	-21	972	200	-1	-1	0	-20	960	198	1606974868
-61	-51	-59	-55	-56	-64	-67	-67	-77	0	-77	-77	-79	-68	0	0	0	-91	-90	-91	0	0	-91	-91	0	0	-90	-91	-90	0	-90	-89	-91	-60	0	0	-95	0	-96	0	0	0	0	0	0	0	0	0	0	0	0	0	0	0	0	0	0	0	0	-92	0	0	0	0	0	0	0	0	0	0	0	0	0	0	0	0	0	0	0	0	0	0	0	0	0	0	0	0	0	3382	-2903	3088	22235	-7839	-116	-21	972	199	-1	0	0	-20	960	197	1606974870
-51	-50	-59	-54	-57	-64	-66	-68	-77	0	-78	-77	-77	-67	0	0	-79	-90	-92	-92	-79	-79	-92	-92	-78	-79	-90	-89	-89	0	-89	-89	-88	-61	0	0	0	0	0	0	0	0	0	0	0	0	0	-87	0	0	0	0	0	0	0	0	0	0	0	-94	0	0	0	0	0	0	0	0	0	0	0	0	0	0	0	0	0	0	0	0	0	-69	0	0	0	0	0	0	0	3344	-2858	3081	22233	-7833	-117	-21	972	200	-1	-1	-1	-20	960	198	1606974871
-61	-54	-59	-54	-56	0	-68	-68	-78	0	-78	-78	-78	-65	0	0	0	-90	-92	-91	0	-79	-89	-92	0	0	-90	-87	-88	0	-88	-87	-88	-60	-66	0	0	0	0	0	0	0	0	0	0	0	0	0	0	0	0	0	0	0	0	0	0	0	-73	0	0	-90	0	0	0	0	0	0	0	0	0	0	0	0	0	0	0	0	0	0	0	0	0	0	0	0	0	0	0	3329	-2902	3036	22233	-7834	-117	-21	973	200	-1	-1	0	-20	960	198	1606974873
-52	-50	-57	-54	-56	0	-68	-66	-69	0	-69	-69	-76	-66	0	0	0	-85	-85	-84	0	0	-85	-86	0	0	-88	-89	-89	0	-88	-89	-88	-60	0	0	-93	-94	0	-95	0	-89	0	0	0	0	0	0	0	0	0	0	0	0	0	0	0	0	0	0	0	0	0	0	0	0	0	0	0	0	0	0	0	0	0	0	0	0	0	0	0	-72	0	0	0	0	0	0	0	3329	-2857	3021	22235	-7837	-116	-21	973	200	-1	-1	0	-20	960	197	1606974874
-61	-53	0	-54	-53	0	0	0	-77	0	-77	-76	-77	0	0	0	0	-91	-91	-91	0	-78	-92	-90	0	0	-90	-89	-89	0	-88	-89	-90	-59	0	0	-95	0	0	0	0	0	0	0	0	0	0	0	0	0	0	0	0	0	0	0	0	0	0	-95	0	0	0	0	0	0	0	0	0	0	0	0	0	0	0	0	0	0	0	0	0	-68	0	0	0	0	0	0	0	3344	-2933	3036	22233	-7834	-117	-21	972	200	-1	0	0	-20	960	198	1606974876
-52	-53	-57	-54	-58	0	0	-69	-77	0	-77	-78	-78	-66	0	0	0	-91	-90	-92	0	0	-90	-93	0	0	-89	-88	-91	0	-90	-89	-89	-60	0	0	0	-95	-94	-95	0	-88	0	0	0	0	0	0	0	0	0	0	0	0	0	0	0	0	0	0	0	0	0	0	0	0	0	0	0	0	0	0	0	0	0	0	0	0	0	0	0	-67	0	0	0	0	0	0	0	3344	-2903	3036	22233	-7833	-117	-21	972	200	-1	0	-1	-20	960	198	1606974878
0	-50	-59	0	0	0	0	0	-76	0	-76	-76	-77	0	0	0	0	-90	-92	-90	0	0	-91	-90	0	0	-90	-91	-90	0	-89	-91	-91	-59	0	0	0	0	0	0	0	0	0	0	0	0	0	0	0	0	0	0	0	0	0	0	0	0	0	-94	0	0	0	0	0	0	0	0	0	0	0	0	0	0	0	0	0	0	0	0	0	-66	0	0	0	0	0	0	0	3329	-2842	3036	22234	-7836	-117	-21	973	199	0	0	-1	-21	960	197	1606974879
0	0	0	-54	-57	0	-66	0	-77	-80	-76	-77	-78	0	0	0	-79	-91	-90	-91	-78	-77	-90	-92	-79	-79	0	-89	-90	0	-90	-88	-89	-59	0	0	-95	0	0	0	0	0	0	0	0	0	0	0	0	0	0	0	0	0	0	0	0	0	0	0	0	0	0	0	0	0	0	0	0	0	0	0	0	0	0	0	0	0	0	0	0	0	0	0	0	0	0	0	0	3329	-2910	3081	22234	-7834	-116	-21	973	200	-1	-1	0	-20	960	198	1606974881
-52	-49	0	-54	-57	-65	0	-68	-77	0	-78	-77	-77	-67	0	0	-80	-91	-90	-92	-80	-78	-90	-91	-77	-78	0	-89	0	0	-89	-90	-89	-59	0	0	0	0	0	-95	0	0	0	0	0	0	0	0	0	0	0	0	0	0	0	0	0	0	0	-92	0	0	0	0	0	0	0	0	0	0	0	0	0	0	0	0	0	0	0	0	0	-68	0	0	0	0	0	0	0	3299	-2842	3051	22233	-7833	-116	-21	973	200	-1	-1	0	-20	960	198	1606974882
-52	-50	-57	-54	-58	-65	-66	-68	-75	-81	-76	-76	-78	-67	0	0	0	-92	-90	-92	0	-78	-90	-92	0	0	-88	-89	-89	0	-91	-90	-90	-60	0	0	0	0	0	-94	0	-88	0	0	0	0	0	0	0	0	0	0	0	0	0	0	0	0	0	-93	0	0	0	0	0	0	0	0	0	0	-85	0	0	0	0	0	0	0	0	0	0	-65	0	0	0	0	0	0	0	3344	-2902	2991	22234	-7835	-116	-21	972	199	-1	0	0	-20	960	198	1606974884
-51	0	0	-54	-57	0	-67	-65	-69	-79	-68	-68	-76	-68	0	0	-78	-85	-84	-84	-79	-79	-85	-85	-77	-78	-90	-89	-88	0	-89	-90	-89	-59	0	0	-93	-94	0	0	0	0	0	0	0	0	0	0	0	0	0	0	0	0	0	0	0	0	0	0	0	0	0	0	0	0	0	0	0	0	0	0	0	0	0	0	0	0	0	0	0	0	0	0	0	0	0	0	0	3329	-2902	3006	22234	-7835	-116	-20	972	200	-1	0	0	-20	960	198	1606974886
0	-49	-57	-54	-57	0	-65	-68	-77	-74	0	-77	-78	-68	0	-86	0	-91	-89	-91	0	-77	-90	-91	0	0	-88	-90	-89	0	-90	-88	-90	-60	0	0	0	0	0	0	0	0	0	0	0	0	0	0	0	0	0	0	0	0	0	0	0	0	0	-93	0	0	0	0	0	0	0	0	0	0	0	0	0	0	0	0	0	0	0	0	0	0	0	0	0	0	0	0	0	3277	-2888	3140	22232	-7831	-117	-21	972	202	-1	-1	0	-20	960	198	1606974887
-62	-49	0	-53	-56	0	-66	-68	-69	0	-69	-69	-76	-67	0	0	0	-86	-85	-84	0	-78	-84	-85	0	0	-89	0	0	0	0	0	0	-59	0	0	-92	0	0	-94	0	0	0	0	0	0	0	0	0	0	0	0	0	0	0	0	0	0	0	0	0	0	0	0	0	0	0	0	0	0	0	0	0	0	0	0	0	0	0	0	0	-69	0	0	0	0	0	0	0	3299	-2902	3006	22234	-7834	-116	-21	972	199	0	-1	0	-20	960	198	1606974889
-63	-49	0	0	-57	0	0	0	-77	0	-77	-78	-78	0	0	0	0	0	-90	-91	0	0	0	-92	0	0	-89	-90	-89	0	-91	-91	-90	-58	0	0	-94	0	-95	-94	0	0	0	0	0	0	0	0	0	0	0	0	0	0	0	0	-87	0	0	-94	0	-86	0	0	0	0	0	0	0	0	0	0	0	0	0	0	0	0	0	0	0	-64	0	0	0	0	0	0	0	3337	-2865	3021	22234	-7835	-116	-21	973	199	0	-1	0	-20	960	198	1606974890
-61	-49	-56	-54	-57	0	-67	-67	-68	0	-68	-68	-76	-68	0	0	0	-85	-85	-85	0	-79	-85	-85	0	0	-89	-89	-89	0	-89	-89	-90	-60	0	0	-92	-94	0	-94	0	0	0	0	0	0	0	0	0	0	0	0	0	0	0	0	0	0	0	0	0	0	0	0	0	0	0	0	0	-95	0	0	0	0	0	0	0	0	0	0	0	-61	0	0	0	0	0	0	-90	3359	-2858	3036	22233	-7831	-116	-21	972	201	-1	-1	0	-20	960	198	1606974892
-51	-52	0	-53	-57	0	-66	-68	-78	-80	-77	-78	-77	-65	0	0	0	-92	-90	-90	0	-79	0	-91	0	0	0	-89	-90	0	-91	-89	-91	-59	0	0	-95	-94	0	-95	0	0	0	0	0	0	0	0	0	0	0	0	0	0	0	0	0	0	0	-95	0	0	0	0	0	0	0	0	0	0	0	0	0	0	0	0	0	0	0	0	0	-69	0	0	0	0	0	0	0	3359	-2873	3088	22233	-7833	-116	-20	972	199	-1	-1	0	-20	960	198	1606974893
-51	0	0	0	-56	-64	0	0	-78	0	-77	-77	-77	0	0	0	0	-92	-91	-92	0	-77	0	-91	0	0	-90	-90	0	0	-89	-88	-90	-59	0	0	-94	0	-95	-94	0	0	0	0	0	0	0	0	0	0	0	0	0	0	0	0	0	0	0	-94	0	0	0	0	0	0	0	0	0	0	0	0	0	0	0	0	0	0	0	0	0	-68	0	0	0	0	0	0	0	3337	-2842	3006	22233	-7833	-117	-20	972	200	-1	-1	0	-20	960	198	1606974895
0	-52	-57	-53	-54	-64	-68	-66	-77	-81	-77	-78	-78	-66	0	0	0	-91	-90	-91	0	-77	-91	-91	0	0	0	-89	-88	0	-89	-90	-90	-59	0	0	0	0	0	0	0	-85	0	0	0	0	0	0	0	0	0	0	0	0	0	0	0	0	0	0	0	0	0	0	0	0	0	0	0	0	0	0	0	0	0	0	0	0	0	0	0	-66	0	0	0	0	0	0	0	3329	-2925	3051	22233	-7833	-117	-21	972	201	-1	-1	0	-20	960	198	1606974897
0	-52	-56	-54	0	0	-68	-68	-68	0	-69	-69	-76	-66	0	0	0	-85	-86	-85	0	-79	-84	-85	0	0	-86	-89	-90	0	-89	-89	-90	-59	-66	0	-92	-93	0	-95	0	-88	0	0	0	0	0	0	0	0	0	0	0	0	0	0	0	0	0	0	0	0	0	0	0	0	0	0	0	0	0	0	0	0	0	0	0	0	0	0	0	-65	0	0	0	0	0	0	0	3314	-2902	3021	22233	-7833	-117	-21	972	201	0	0	-1	-21	960	198	1606974898
0	0	0	0	-56	0	-68	-67	-77	-80	-78	-77	-78	-65	0	0	-80	-91	-91	-90	-78	-79	-91	-91	-80	-77	0	-88	-89	0	-89	-89	-89	-60	0	0	0	0	0	0	0	0	0	0	0	0	0	0	0	0	0	0	0	0	0	0	0	0	0	-93	0	0	0	0	0	0	0	0	0	0	0	0	0	0	0	0	0	0	0	0	0	-69	0	0	0	0	0	0	0	3359	-2903	3021	22234	-7836	-117	-20	972	200	0	0	-1	-20	960	197	1606974900
-62	-53	-58	-54	-53	-63	-67	-67	-77	0	-77	-76	-78	-66	0	0	0	-90	-91	-90	0	0	-91	-91	0	0	-90	-87	-88	0	-89	-88	-89	-60	0	0	0	0	-95	0	0	0	0	0	0	0	0	-85	0	0	0	0	0	0	0	0	0	0	0	0	0	0	0	0	0	0	0	0	0	0	0	0	0	0	0	0	0	0	0	0	0	-70	0	0	0	0	0	0	0	3329	-2933	3081	22232	-7831	-117	-21	972	201	0	0	-1	-20	960	198	1606974902
-61	-53	0	-54	-57	-64	-67	-68	-76	0	-78	-77	-77	-68	0	0	0	-91	-90	-91	0	0	-91	-91	0	0	0	-89	-87	0	-88	-88	-88	-60	0	0	0	0	-94	0	0	0	0	0	0	0	0	0	0	0	0	0	0	0	0	0	0	0	0	-95	0	0	0	0	0	0	0	0	0	0	0	0	0	0	0	0	0	0	0	0	0	-65	0	0	0	0	0	0	0	3329	-2932	3036	22233	-7833	-117	-21	972	200	0	0	0	-20	960	198	1606974903
0	0	-57	-54	-57	-64	-68	-68	-78	0	-78	-78	-77	-67	0	0	-80	-92	-90	-91	0	-79	-90	-92	-80	0	0	-87	-89	0	-88	-88	-89	-61	0	0	0	0	0	0	0	-89	0	0	0	0	0	-86	0	0	0	0	0	0	0	0	0	0	0	-93	0	0	0	0	0	0	0	0	0	0	0	0	0	0	0	0	0	0	0	0	0	-68	0	0	0	0	0	0	0	3329	-2812	3051	22235	-7839	-117	-21	973	200	0	-1	-1	-20	960	197	1606974905
-63	-52	-57	0	-57	0	-69	-69	-79	0	-79	-79	-78	-67	0	0	0	-91	-91	-90	0	-79	0	-90	0	0	-89	0	0	0	0	0	0	-60	0	0	0	0	-94	0	0	0	0	-88	0	0	0	0	0	0	0	0	0	0	0	0	0	0	0	-94	0	-88	0	0	0	0	0	0	0	0	0	0	0	0	0	0	0	0	0	0	0	-69	0	0	0	0	0	0	0	3427	-2903	3051	22233	-7832	-116	-21	972	200	0	-1	-1	-20	960	198	1606974906
-64	-49	-57	-52	-58	0	-68	-68	-69	-80	-68	0	-75	0	0	0	0	-85	-84	-85	0	-79	-85	-84	0	0	-88	-88	-89	0	-88	-88	-88	-56	0	0	-94	-94	0	0	0	-88	0	0	0	0	0	0	0	0	0	0	0	0	0	0	0	0	0	0	0	0	0	0	0	0	0	0	0	0	0	0	0	0	0	0	0	0	0	0	0	-67	0	0	0	0	0	0	0	3314	-2873	3096	22233	-7834	-117	-21	972	199	0	-1	-1	-20	960	198	1606974908
-51	-50	0	-54	-57	-59	-66	-67	-69	0	-70	0	-74	-68	0	0	0	-85	-85	-84	0	-78	-85	-84	0	0	0	-88	-88	0	-89	-88	-89	-58	0	-95	-95	-94	0	0	0	0	0	0	0	0	0	0	0	0	0	0	0	0	0	0	0	0	0	0	0	0	0	0	0	0	0	0	0	0	0	0	0	0	0	0	0	0	0	0	0	-69	0	0	0	0	0	0	0	3329	-2857	3006	22234	-7836	-117	-21	972	200	0	-1	-1	-20	960	197	1606974910
-52	-50	-54	-53	-56	-66	0	-68	-77	0	-77	-78	-78	-67	0	0	0	-91	-92	-91	0	0	-90	-92	0	0	-90	-88	-88	0	-89	-88	-90	-61	0	0	-94	0	-94	-94	0	0	0	0	0	0	0	0	0	0	0	0	0	0	0	0	0	0	0	0	0	0	0	0	0	0	0	0	0	0	0	0	0	0	0	0	0	0	0	0	0	-68	0	0	0	0	0	0	0	3344	-2902	3006	22233	-7833	-117	-21	972	200	0	0	-1	-20	960	198	1606974911
-52	-50	0	-52	-55	-64	-65	-66	-77	0	-77	-78	-78	-66	0	0	0	-93	-92	-89	0	0	-91	-91	0	0	-91	-90	-90	0	-88	-90	-89	-61	0	0	0	0	0	0	0	0	-90	0	0	0	0	0	0	0	0	0	0	0	0	0	0	0	0	-93	0	0	0	0	0	0	0	0	0	0	0	0	0	0	0	0	0	0	0	0	0	-67	0	0	0	0	0	0	0	3344	-2918	3036	22233	-7834	-118	-21	972	200	0	-1	-1	-21	960	198	1606974913
-63	-54	-56	-54	-55	-65	-69	-65	-79	-79	-77	-79	-78	-68	0	0	0	-90	-90	-93	0	-80	-91	-91	0	0	0	-89	0	0	-88	-88	-88	-60	0	0	0	0	-95	0	0	-90	0	0	0	0	0	0	0	0	0	0	0	0	0	0	0	0	0	0	0	0	0	0	0	0	0	0	0	0	0	0	0	0	0	0	0	0	0	0	0	-69	0	0	0	0	0	0	-89	3329	-2888	3081	22235	-7838	-117	-21	972	200	0	0	-1	-20	960	197	1606974914
-50	-55	-55	-54	-56	-59	-66	0	-70	0	-69	0	-75	0	0	0	0	-84	-84	-85	0	0	-84	-84	0	0	-89	-89	-88	0	-88	-89	-87	-58	0	0	-95	-94	0	-94	0	0	0	-90	0	0	0	0	0	0	0	0	0	0	0	0	-89	0	-72	0	0	-89	0	0	0	0	0	0	0	0	0	0	0	0	0	0	0	0	0	0	0	-69	0	0	0	0	0	0	0	3284	-2917	3051	22233	-7833	-117	-20	972	200	0	-1	-1	-20	960	198	1606974916
-52	-54	0	-53	-56	-65	-68	-68	-77	-80	-77	-78	-78	-69	0	0	0	-92	0	0	0	0	-91	-91	0	0	-91	-89	-88	0	-88	-90	-89	-61	0	0	0	0	0	0	0	0	0	0	0	0	0	0	0	0	0	0	0	0	0	0	0	0	0	0	0	0	0	0	0	0	0	0	0	0	0	0	0	0	0	0	0	0	0	0	0	-70	0	0	0	0	0	0	0	3284	-2910	3096	22233	-7835	-118	-21	972	200	0	-1	-1	-21	960	198	1606974917
-62	0	-55	-53	-56	-65	0	-66	-78	0	-78	-78	-78	-67	0	0	-80	-90	-91	-92	0	-79	-91	-91	0	0	0	-88	0	0	0	-88	-87	-61	0	0	0	0	-94	0	0	0	0	0	0	0	0	0	0	0	0	0	0	0	0	0	0	0	0	0	0	0	0	0	0	0	0	0	0	0	0	0	0	0	0	0	0	0	0	0	0	-68	0	0	0	0	0	0	0	3299	-2917	3006	22234	-7837	-117	-21	972	200	0	-1	0	-20	960	197	1606974919
0	-54	-55	-53	0	-65	-69	-66	-78	0	-79	-78	-78	-67	0	0	-79	-92	-91	-90	-78	-78	0	-90	-79	-78	0	-88	-88	0	-88	-89	-89	-61	0	0	0	0	0	0	0	0	0	0	0	0	0	0	0	0	0	0	0	0	0	0	0	0	0	-93	0	0	0	0	0	0	0	0	0	0	0	0	0	0	0	0	0	0	0	0	0	-71	0	0	0	0	0	0	0	3314	-2910	3006	22233	-7834	-118	-20	972	200	0	-1	-1	-21	960	198	1606974920
-52	-51	-56	-52	-56	-65	-68	-66	-78	0	-79	-78	-78	-66	0	0	0	-91	-91	-91	0	-81	-91	-91	0	0	-89	-88	-89	0	-89	-87	-88	-61	0	0	0	0	0	-95	0	0	0	0	0	0	0	0	0	0	0	0	0	0	0	0	0	0	0	0	0	0	0	0	0	0	0	0	0	-92	0	0	0	0	0	0	0	0	0	0	0	-73	0	0	0	0	0	0	0	3314	-2872	3029	22233	-7835	-118	-21	972	200	0	-1	-1	-21	960	198	1606974922
-64	-51	0	-54	-56	-65	-66	-69	-78	-70	-78	-78	-78	-66	0	0	0	-91	-90	-90	0	-77	-91	-91	0	0	-93	-88	-87	0	-89	-88	-87	-61	0	0	0	-94	0	0	0	0	0	0	0	0	0	0	0	0	0	0	0	0	0	0	0	0	0	0	0	0	0	0	0	0	0	0	0	0	0	0	0	0	0	0	0	0	0	0	0	-70	0	0	0	0	0	0	0	3284	-2872	3036	22235	-7840	-118	-21	972	200	0	-1	-1	-21	960	197	1606974923
-62	-54	0	-53	-56	0	-65	-69	-68	-79	-69	-69	-75	-67	0	0	0	-84	-85	-85	0	-76	-84	-84	0	0	0	-88	-89	0	-89	-88	-88	-57	0	0	-94	-92	0	-94	0	-88	0	0	0	0	0	0	0	0	0	0	0	0	0	0	0	0	0	0	0	0	0	0	0	0	0	0	0	0	0	0	0	0	0	0	0	0	0	0	0	-70	0	0	0	0	0	0	0	3389	-2903	3051	22234	-7835	-117	-20	972	200	0	-1	0	-20	960	198	1606974925
0	0	-56	-55	-57	-58	-67	-68	-68	0	-69	-69	-75	-69	0	0	0	-85	-84	-84	0	0	-84	-84	0	0	0	-89	-87	0	-88	-87	-90	-58	0	0	-96	-95	0	-92	0	0	0	0	0	0	0	0	0	0	0	0	0	0	0	0	0	0	0	0	0	0	0	0	0	0	0	0	0	0	0	0	0	0	0	0	0	0	0	0	0	-69	0	0	0	0	0	0	0	3352	-2903	3036	22234	-7837	-118	-21	972	199	0	-1	-1	-21	960	197	1606974927
-52	-54	0	-53	-56	0	-66	-68	-69	0	-69	-69	-76	-69	0	-84	-77	-84	-85	-85	0	0	-85	-85	0	0	-91	-89	-88	0	-87	-89	-88	-59	0	0	-95	-93	0	0	0	0	0	0	0	0	0	0	0	0	0	0	0	0	0	0	0	0	0	0	0	0	0	0	0	0	0	0	0	0	0	0	0	0	0	0	0	0	0	0	0	-68	0	0	0	0	0	0	-88	3321	-2873	3066	22235	-7842	-117	-21	972	199	0	-1	-1	-21	960	196	1606974928
-52	0	0	-53	-56	-57	-67	-68	-69	0	-70	-69	-76	-68	0	0	-77	-85	-85	-84	-77	-77	-85	-85	-76	-77	-89	-89	-88	0	-89	-89	-89	-59	0	0	-95	0	0	0	0	0	0	0	0	0	0	0	0	0	0	0	0	0	0	0	0	0	0	0	0	0	0	0	0	0	0	0	0	0	0	0	0	0	0	0	0	0	0	0	0	-67	0	0	0	0	0	0	0	3314	-2873	3081	22234	-7837	-118	-21	972	200	0	-1	-1	-21	960	197	1606974930
0	0	-56	-54	-56	-65	-67	0	-80	0	-80	-80	-77	-69	0	0	0	-92	-92	-92	-76	-77	-91	-90	-78	-76	-90	-90	-89	0	0	-89	-88	-60	0	0	0	0	0	0	0	0	0	0	0	0	0	0	0	0	0	0	0	0	0	0	0	0	0	-95	0	0	0	0	0	0	0	0	0	0	0	0	0	0	0	0	0	0	0	0	0	-67	0	0	0	0	0	0	0	3329	-2857	3051	22233	-7835	-119	-21	972	200	0	-1	-1	-21	960	198	1606974931
-50	-54	-57	-53	-56	-65	-67	-68	-80	0	-79	-79	-77	-66	0	0	0	-92	-91	-92	0	-78	-92	-91	0	0	0	-88	-88	0	-89	-89	-89	-60	0	0	-95	-96	0	0	0	-88	0	0	0	0	0	0	0	0	0	0	0	0	0	0	0	0	0	-94	0	0	0	0	0	0	0	0	0	0	-84	0	0	0	0	0	0	0	0	0	0	-69	0	0	0	0	0	0	0	3284	-2902	3081	22233	-7835	-118	-21	972	199	0	-1	0	-21	960	198	1606974933
-60	-54	-57	-53	-56	0	-65	-67	-70	0	-69	-69	-75	-65	0	0	0	-85	-85	-85	0	-79	-84	-85	0	0	-90	-90	-89	0	-89	-89	-89	-59	0	0	-94	0	0	0	0	-87	0	0	0	0	0	-88	0	0	0	0	0	0	0	0	0	0	0	0	0	0	0	0	0	0	0	0	0	0	0	0	0	0	0	0	0	0	0	0	0	-71	0	0	0	0	0	0	0	3299	-2857	3036	22234	-7837	-119	-21	972	200	0	0	-1	-21	960	197	1606974934
0	-53	0	-54	-56	-58	-68	-68	-69	-81	-68	-69	-75	-65	0	0	-77	-84	-85	-84	-77	-78	-85	-85	-76	-78	0	-88	-88	0	-89	-89	-89	-59	0	0	-95	0	0	0	0	-88	0	0	0	0	0	0	0	0	0	0	0	0	0	0	0	0	0	0	0	0	0	0	0	0	0	0	0	0	0	0	0	0	0	0	0	0	0	0	0	-68	0	0	0	0	0	0	0	3344	-2903	3036	22233	-7837	-119	-21	972	200	0	-1	-1	-21	960	197	1606974936
-61	-50	0	-54	-57	-65	-67	-66	-77	0	-78	-78	-78	-69	0	-87	0	-91	-90	-91	0	-76	-91	-91	0	0	-89	-89	-88	0	-91	-89	-89	-60	0	0	-95	-94	-95	-94	0	-88	0	0	0	0	0	0	0	0	0	0	0	0	0	0	-86	0	0	0	0	-87	0	-86	-85	0	0	0	0	0	-86	0	0	0	0	0	0	0	0	0	0	-71	0	0	0	0	0	0	0	3314	-2857	3036	22235	-7839	-118	-21	972	199	0	-1	0	-21	960	197	1606974938
0	0	-59	-54	-57	-65	-66	-66	-76	-81	-76	-76	-77	-65	0	0	-76	-89	-91	-91	-76	-79	-92	-90	-77	-78	0	-91	-90	0	-90	-90	-90	-60	0	0	0	0	-95	0	0	0	0	0	0	0	0	-86	0	0	0	0	0	0	0	0	0	0	0	0	0	0	0	0	0	0	0	0	0	0	0	0	0	0	0	0	0	0	0	0	0	-72	0	0	0	0	0	0	0	3344	-2902	3006	22234	-7835	-117	-21	972	200	0	-1	-1	-20	960	198	1606974939
-51	-52	-57	-54	-56	-65	-66	-67	-75	0	-76	-76	-78	-68	0	0	-79	-90	-91	0	-77	-77	-92	-91	-79	-77	-90	-90	-90	0	-89	-89	-90	-59	0	0	-97	0	0	0	0	0	0	0	0	0	0	-86	0	0	0	0	0	0	0	0	0	0	0	-93	0	0	0	0	0	0	0	0	0	0	0	0	0	0	0	0	0	0	0	0	0	-70	0	0	0	0	0	0	0	3374	-2910	3036	22233	-7836	-119	-21	972	199	0	-1	-1	-21	960	197	1606974941
0	-51	-55	-53	-56	-57	-66	-69	-69	-80	-68	-69	-76	-67	0	0	0	-85	-85	-85	0	-79	-85	-84	0	0	-90	-90	-90	0	-89	-90	-89	-59	0	0	0	-94	0	0	0	0	0	0	0	0	0	0	0	0	0	0	0	0	0	-87	-89	0	0	0	0	-88	0	-89	-87	0	0	0	0	0	0	0	0	0	0	0	0	0	0	0	0	-79	0	0	0	0	0	0	0	3344	-2835	3021	22234	-7837	-119	-21	972	199	0	0	-1	-21	960	197	1606974942
0	0	-57	-52	-57	0	-66	-68	-69	0	-69	-69	-76	-66	0	0	0	-85	-85	-85	0	-78	-85	-85	0	0	-90	-90	-90	0	0	-90	-90	-59	0	0	-94	-95	0	-96	0	-87	0	0	0	0	0	0	0	0	0	0	0	0	0	0	0	0	0	0	0	0	0	0	0	0	0	0	0	0	0	0	0	0	0	0	0	0	0	0	0	-73	0	0	0	0	0	0	-89	3329	-2948	3021	22234	-7838	-118	-21	972	199	-1	-1	-1	-21	960	197	1606974944
-50	-52	0	-53	-56	0	-67	-66	-76	0	-76	-76	-77	-66	0	0	-79	-91	-90	-90	-78	-79	0	-89	-78	-78	0	-89	-90	0	-89	-89	-89	-59	0	0	-95	0	0	-94	0	-87	0	0	0	0	0	0	0	0	0	0	0	0	0	0	0	0	0	-95	0	0	0	0	0	0	0	0	0	0	0	0	0	0	0	0	0	0	0	0	0	-76	0	0	0	0	0	0	0	3314	-2887	3036	22233	-7835	-118	-21	972	200	0	0	-1	-21	960	198	1606974945
-49	-51	-55	-54	-56	-57	-68	-65	-69	0	-69	-68	-77	-68	0	0	-79	-84	-85	-84	-78	-79	-85	-86	-77	-79	0	-90	-90	0	-89	-91	-89	-59	0	0	-93	-95	0	-95	0	0	0	0	0	0	0	-87	0	0	0	0	0	0	0	0	0	0	0	0	0	0	0	0	0	0	0	0	0	0	0	0	0	0	0	0	0	0	0	0	0	-71	0	0	0	0	0	0	0	3321	-2865	3021	22233	-7836	-118	-21	972	200	0	-1	-1	-21	960	197	1606974947
0	-53	0	-55	-56	0	-67	-67	-70	-82	-69	-70	-76	-67	0	0	-79	-85	-85	-86	0	-78	-84	-85	-78	-78	-87	-89	-91	0	-88	-90	-90	-59	0	0	-94	-97	0	-95	0	0	0	0	0	0	0	0	0	0	0	0	0	0	0	0	0	0	0	0	0	0	0	0	0	0	0	0	0	0	0	0	0	0	0	0	0	0	0	0	0	-68	0	0	0	0	0	0	0	3374	-2903	3021	22234	-7839	-118	-21	972	199	0	-1	-1	-21	960	197	1606974949
-59	-51	-53	0	-57	0	0	0	-77	0	-76	-76	-78	-69	0	0	-77	-92	-92	-92	-78	-77	-91	-91	0	0	-88	-90	-89	0	-90	-88	-89	-62	0	0	0	-95	0	0	0	0	0	0	0	0	0	0	0	0	0	0	0	0	0	0	0	0	0	0	0	0	0	0	0	0	0	0	0	0	0	0	0	0	0	0	0	0	0	0	0	-67	0	0	0	0	0	0	0	3382	-2903	3036	22233	-7834	-118	-21	972	201	0	-1	-1	-21	960	198	1606974950
-62	-52	-54	-54	-56	0	-68	-68	-76	0	-76	-77	-79	0	0	0	0	-91	-92	0	0	-78	-94	-93	0	0	-90	-88	-87	0	-88	-87	-87	-61	0	0	0	0	0	0	0	0	-90	0	0	0	0	0	0	0	0	0	0	0	0	0	-88	0	0	-92	0	-87	0	0	0	0	0	0	0	0	0	0	0	0	0	0	0	0	0	0	0	-71	0	0	0	0	0	0	-88	3344	-2888	3036	22233	-7834	-118	-21	972	199	-1	-1	-1	-21	960	198	1606974952
-51	-51	0	-52	-54	-58	-67	-68	-70	-80	-69	-70	-75	-68	0	0	0	-84	-85	-84	0	-78	-85	-85	0	0	-90	-88	-89	0	-89	-88	-89	-57	0	0	-95	-94	0	-94	0	0	0	0	0	0	0	0	0	0	0	0	0	0	0	0	0	0	0	0	0	0	0	0	0	0	0	0	0	0	0	0	0	0	0	0	0	0	0	0	0	-70	0	0	0	0	0	0	0	3359	-2903	3036	22234	-7838	-118	-21	972	200	0	-1	-1	-21	960	197	1606974953
-62	-49	-57	-54	-54	0	-67	-65	-70	0	-69	-69	-76	-66	0	0	0	-84	-85	-85	0	0	-85	-84	0	0	0	-88	-89	0	-90	-89	-89	-58	0	0	-93	0	0	-95	0	0	0	0	0	0	0	-85	0	0	0	0	0	0	0	0	0	0	0	0	0	0	0	0	0	0	0	0	0	0	0	0	0	0	0	0	0	0	0	0	0	-68	0	0	0	0	0	0	0	3374	-2873	3014	22233	-7835	-117	-21	972	200	0	-1	0	-20	960	197	1606974955
0	-51	-55	-52	0	-58	-67	-67	-69	0	-69	-69	-76	-67	0	0	0	-84	-84	-84	0	-77	-85	-85	0	0	0	-89	-90	0	-89	-88	-88	-58	0	-92	-93	-94	0	0	0	-88	0	0	0	0	0	0	0	0	0	0	0	0	0	0	0	0	0	0	0	0	0	0	0	0	0	0	0	0	0	0	0	0	0	0	0	0	0	0	0	-64	0	0	0	0	0	0	0	3344	-2858	3081	22233	-7836	-118	-21	972	200	0	-1	-1	-21	960	197	1606974987
-50	-49	-57	-53	-55	-64	-66	-66	-76	0	-77	-76	-79	-66	0	0	-79	-90	-91	0	0	-77	-91	-92	0	-77	0	-90	-90	0	-89	-89	-91	-61	-66	0	0	0	0	0	0	0	0	0	0	0	0	-85	0	0	0	0	0	0	0	0	0	0	0	-92	0	0	0	0	0	0	0	0	0	0	0	0	0	0	0	0	0	0	0	0	0	-66	0	0	0	0	0	0	0	3329	-2827	3021	22235	-7840	-117	-20	973	199	0	-1	0	-20	960	197	1606974988
-50	-51	0	-53	-55	0	-68	-66	-70	0	-70	0	-76	-68	0	0	0	-85	-85	-85	0	-76	-84	-85	0	0	0	-88	-90	0	-89	-90	-89	-60	0	0	0	-94	0	-93	0	0	0	0	0	0	0	0	0	0	0	0	0	0	0	0	0	0	-72	0	0	0	0	0	0	0	0	0	0	0	0	0	0	0	0	0	0	0	0	0	0	-65	0	0	0	0	0	0	-85	3329	-2842	3006	22233	-7835	-118	-21	972	200	0	0	0	-21	960	198	1606974990
0	-51	-54	-53	-56	-58	-70	-67	-71	0	-70	-71	-76	-69	0	0	0	-85	-85	-85	0	0	-85	-84	0	0	0	-89	-88	0	-90	-88	-90	-58	0	0	-93	-94	0	0	0	0	0	0	0	0	0	0	0	0	0	0	0	0	0	0	0	0	0	0	0	0	0	0	0	0	0	0	0	0	0	0	0	0	0	0	0	0	0	0	0	-66	0	0	0	0	0	0	0	3329	-2925	3059	22234	-7837	-117	-21	972	199	-1	-1	0	-20	960	197	1606974991
-61	-53	-55	-52	-52	0	-68	-68	-70	0	-71	-70	0	-69	0	0	-78	-86	-85	-85	0	-80	-85	-85	-79	0	-89	-89	-89	0	-88	-88	-91	-57	0	0	-94	-94	0	-94	0	-89	0	0	0	0	0	0	0	0	0	0	0	0	0	0	0	0	0	0	0	0	0	0	0	0	0	0	0	0	0	0	0	0	0	0	0	0	0	0	0	-66	0	0	0	0	0	0	0	3329	-2902	3021	22234	-7839	-118	-21	973	198	0	-1	-1	-21	960	197	1606974993
-62	-51	0	-53	-57	-58	0	-70	-69	0	-69	-69	-75	0	0	0	0	-84	-84	-84	0	-78	-84	-83	0	0	0	-91	-90	0	-90	-89	-89	-57	0	0	-93	-92	0	-94	0	0	0	0	0	0	0	0	0	0	0	0	0	0	0	0	0	0	0	0	0	0	0	0	0	0	0	0	0	0	0	0	0	0	0	0	0	0	0	0	0	-66	0	0	0	0	0	0	0	3314	-2932	3021	22234	-7835	-117	-20	972	200	0	-1	0	-20	960	197	1606974995
-61	0	0	-55	-54	0	-70	-69	-68	0	-70	-68	-75	-71	0	0	-81	-84	-84	-84	-79	-81	-84	-83	-81	-80	0	-89	-90	0	-91	-90	-90	-57	0	0	-94	-94	0	-94	0	-89	0	0	0	0	0	0	0	0	0	0	0	0	0	0	0	0	0	0	0	0	0	0	0	0	0	0	0	0	0	0	0	0	0	0	0	0	0	0	0	-67	0	0	0	0	0	0	0	3329	-2902	3021	22233	-7834	-118	-21	972	200	-1	-1	-1	-21	960	198	1606974996
