-49	-54	-44	-54	-59	-58	-77	-74	-72	-74	-73	-72	-69	-69	0	-85	0	-74	-75	-74	0	-82	-74	-74	0	0	0	-89	-89	0	-89	-89	-89	-55	0	0	0	0	0	0	0	0	0	0	0	0	0	0	0	0	0	0	0	0	0	0	0	0	-70	0	0	0	0	0	0	0	0	0	0	0	0	0	0	0	0	0	0	0	0	0	0	-59	0	0	0	0	0	0	0	0	0	0	0	0	0	0	0	0	0	0	0	0	0	0	0	0	0	0	0	0	0	0	0	0	0	0	2520	-5970	11972	19157	-7888	-159	-29	973	195	0	0	0	-28	961	189	1606974583
-51	-54	-44	-54	-60	-60	-70	-70	-70	-71	-70	-70	-76	-74	0	-84	0	-82	-82	-82	0	-81	-82	-83	0	0	-88	-91	-91	0	-90	0	-90	-56	-60	-88	-88	-88	0	-88	-88	0	0	0	0	0	0	-81	0	0	0	0	0	0	0	-97	0	0	0	0	0	0	0	0	0	0	0	0	0	0	0	0	0	0	0	0	0	0	0	0	0	-59	0	0	0	0	0	0	0	0	0	0	0	0	0	0	0	0	0	0	0	0	0	0	0	0	0	0	0	0	0	0	0	0	0	0	2566	-5971	12091	19157	-7895	-160	-28	975	189	0	0	0	-28	962	187	1606974585
-49	-53	-44	-55	-59	0	-73	-71	-72	-70	-70	-72	-69	-73	0	0	0	-74	-75	-74	0	-81	-75	-74	0	0	-86	-87	-88	0	-88	-88	-87	-57	0	0	0	0	0	0	0	0	0	0	0	0	0	-82	0	0	0	0	0	0	0	0	0	0	0	0	0	0	0	0	0	0	0	0	0	0	0	0	0	0	0	0	0	0	0	0	0	-60	0	0	0	0	0	0	0	0	0	0	0	0	0	0	0	0	0	0	0	0	0	0	0	0	0	0	0	0	0	0	0	-94	0	0	2565	-6000	12017	19157	-7883	-160	-28	975	194	0	0	0	-28	961	189	1606974586
-50	-59	-45	-53	-56	-60	-71	-71	-72	-81	-70	-71	-70	-72	0	0	0	-75	-75	-75	0	-84	-75	-75	0	0	0	-90	-90	0	-90	-89	-90	-54	0	0	0	0	0	0	0	0	0	0	0	0	0	0	0	0	0	0	0	0	0	0	0	0	0	0	0	0	0	0	0	0	0	0	0	-89	0	0	0	0	0	0	0	0	0	0	0	-60	0	0	0	0	0	0	0	0	0	0	0	0	0	0	0	0	0	0	0	0	0	0	0	0	0	0	0	0	0	0	0	0	0	0	2550	-6000	12046	19157	-7876	-160	-29	974	194	0	0	0	-28	961	191	1606974588
-49	-49	-44	-52	-56	-60	-66	-66	-73	0	-70	-72	-76	-68	0	0	0	-80	-81	-81	0	0	-82	-80	0	0	-91	-90	-90	0	-90	-90	-91	-56	0	-92	-90	-91	0	-91	-91	0	0	0	0	0	0	0	0	0	0	0	0	0	0	0	0	0	0	0	0	0	0	0	0	0	0	0	0	0	0	0	0	0	0	0	0	0	0	0	0	-63	0	0	0	0	0	0	0	0	0	0	0	0	0	0	0	0	0	0	0	0	0	0	0	0	0	0	0	0	0	0	0	0	0	0	2573	-6001	12144	19156	-7873	-160	-27	974	193	0	0	0	-28	961	191	1606974589
-52	-52	-47	0	-58	-57	-71	0	-73	-83	-74	-74	-76	0	0	-87	-83	-82	-82	-81	-82	-82	-81	-83	-80	-82	0	-89	-90	0	-90	-90	-90	-58	0	-91	-91	-93	-93	-89	-90	0	0	-90	0	0	0	0	0	0	0	0	0	0	0	0	0	0	0	0	0	0	0	0	0	0	0	0	0	0	0	0	0	0	0	0	0	0	0	0	0	-68	0	0	0	0	0	0	0	0	0	0	0	0	0	0	0	0	0	0	0	0	0	0	0	0	0	0	0	0	0	0	0	0	0	0	2581	-6001	12106	19157	-7872	-159	-27	974	194	0	0	-1	-28	961	191	1606974591
-51	-51	-45	-60	-53	-56	-70	-68	-73	0	-73	-74	-77	-71	0	0	0	-81	-82	-81	-83	-80	-82	-81	-84	-82	0	-91	-91	0	-90	-89	-90	-56	-58	-88	-89	-89	0	-88	-88	-87	0	0	0	0	0	0	0	0	0	0	0	0	0	0	0	0	0	0	0	0	0	0	0	0	0	0	0	0	0	0	0	0	0	0	0	0	0	0	0	-73	0	0	0	0	0	0	0	0	0	0	0	0	0	0	0	0	0	0	0	0	0	0	0	0	0	0	0	0	0	0	0	0	0	0	2551	-5986	12121	19157	-7867	-158	-27	974	196	-1	-1	0	-27	961	192	1606974592
0	-51	-48	-57	0	0	-68	-68	-72	-76	-73	-71	-69	-69	0	0	0	-74	-75	-76	0	-81	-74	-75	0	0	0	-94	-92	0	0	-91	-92	-57	-60	0	0	0	0	0	0	0	0	0	0	0	0	0	0	0	0	0	0	0	0	0	0	0	0	0	0	0	0	0	0	0	0	0	0	0	0	0	0	0	0	0	0	0	0	0	0	-59	0	0	0	0	0	0	0	0	0	0	0	0	0	0	0	0	0	0	0	0	0	0	0	0	0	0	0	0	0	0	0	0	0	0	2520	-5970	12031	19157	-7863	-158	-28	973	195	-1	-1	-1	-27	961	193	1606974594
-54	-52	-48	0	-58	-59	0	-71	-72	-77	-71	-72	-70	0	0	0	0	-75	-75	-76	0	-84	-75	-75	0	0	-92	-88	-90	0	-90	-90	-90	-56	0	0	0	0	0	0	0	0	0	0	0	0	0	0	0	0	0	0	0	0	0	0	0	0	0	0	0	0	0	0	0	0	0	0	0	0	0	0	0	0	0	0	0	0	0	0	0	0	0	0	0	0	0	0	0	0	0	0	0	0	0	0	0	0	0	0	0	0	0	0	0	0	0	0	0	0	0	0	0	0	0	0	2551	-5971	12106	19157	-7866	-158	-28	974	194	-1	0	0	-27	961	192	1606974596
-52	-52	-49	-52	-55	-60	-71	-70	-72	0	-71	-71	-76	-71	0	0	0	-81	-80	-82	0	0	-82	-81	0	0	-90	-90	-91	0	-91	-90	-89	-56	-65	-90	-88	-88	0	-88	-87	0	0	0	0	0	0	0	0	0	0	0	0	0	0	0	0	0	0	0	0	0	0	0	0	0	0	0	0	0	0	0	0	0	0	0	0	0	0	0	0	-56	0	0	0	0	0	0	0	0	0	0	0	0	0	0	0	0	0	0	0	0	0	0	0	0	0	0	0	0	0	0	0	0	0	0	2550	-6000	12046	19157	-7860	-157	-29	975	195	-1	-1	-1	-27	960	193	1606974597
-49	-51	-47	-53	-56	-59	-68	-68	-72	-76	-72	-73	-76	-69	0	0	-80	-80	-81	-82	-82	-79	-81	-81	-80	-80	0	-91	-89	0	-89	-89	-89	-57	0	-90	-88	-89	0	-88	-88	-89	0	0	0	0	0	0	0	0	0	0	0	0	0	0	0	0	0	0	0	0	0	0	0	0	0	0	0	0	0	0	0	0	0	0	0	0	0	0	0	0	0	0	0	0	0	0	0	0	0	0	0	0	0	0	0	0	0	0	0	0	0	0	0	0	0	0	0	0	0	0	0	0	0	0	2551	-6016	12106	19157	-7863	-158	-28	973	195	-1	-1	-1	-27	961	193	1606974599
-50	0	-48	-52	-56	-59	-70	-70	-72	-75	-73	-72	-77	-71	0	0	0	-80	-82	-82	0	-82	-81	-81	0	0	0	-90	-89	0	-90	-89	-90	-57	0	-88	-87	-89	0	-88	-88	0	0	0	0	0	0	0	0	0	0	0	0	0	0	0	0	0	0	0	0	0	0	0	0	0	0	0	0	0	0	0	0	0	0	0	0	0	0	0	0	-59	0	0	0	0	0	0	0	0	0	0	0	-92	0	0	0	0	0	0	0	0	0	0	0	0	0	0	0	0	0	0	0	0	0	0	2505	-6015	12046	19156	-7862	-158	-27	974	196	-1	-1	0	-27	961	193	1606974600
-49	-49	-47	-50	-55	-59	-70	-70	-70	0	-72	-71	-76	-71	0	0	-82	-80	-80	-80	-81	-81	-81	-82	-81	-80	0	-90	-91	0	-90	-89	-90	-57	-60	-88	-88	-88	0	0	-88	0	0	0	0	0	0	0	0	0	0	0	0	0	0	0	0	0	0	0	0	0	0	0	0	0	0	0	0	0	0	0	0	0	0	0	0	0	0	0	0	-61	0	0	0	0	0	0	0	0	0	0	0	0	0	0	0	0	0	0	0	0	0	0	0	0	0	0	0	0	0	0	0	0	0	0	2521	-6015	12061	19156	-7862	-159	-28	974	195	-1	-1	-1	-28	960	193	1606974602
-52	-51	-42	-52	-54	-58	-66	0	-72	-73	-73	-73	-75	-67	0	0	0	-81	-81	-81	0	-80	-82	-81	0	0	0	-90	-89	0	-89	-89	-89	-57	0	-88	-90	-88	0	-88	-88	-86	0	-89	0	0	0	0	0	0	0	0	0	0	0	0	0	0	0	0	0	0	0	0	0	0	0	0	0	0	0	0	0	0	0	0	0	0	0	0	0	-64	0	0	0	0	0	0	0	0	0	0	0	0	0	0	0	0	0	0	0	0	0	0	0	0	0	0	0	0	0	0	0	0	0	0	2505	-5985	11979	19156	-7859	-158	-29	974	196	-1	-1	0	-27	960	194	1606974603
-48	-53	-43	-52	-49	-59	-69	-68	-71	-79	-72	-71	-76	-69	0	0	0	-81	-82	-81	0	-84	-81	-80	0	0	0	-90	-89	0	-90	-89	-91	-57	0	-88	-88	-88	0	-88	-87	0	0	-90	0	0	0	-84	0	0	0	0	0	0	0	0	0	0	0	0	0	0	0	0	0	0	0	0	0	-89	0	0	0	0	0	0	0	0	0	0	0	-71	0	0	0	0	0	0	0	0	0	0	0	0	0	0	0	0	0	0	0	0	0	0	0	0	0	0	0	0	0	0	0	0	0	0	2566	-5993	12076	19156	-7861	-158	-27	975	195	-1	-1	-1	-28	960	193	1606974605
-51	-59	-46	-53	-53	-58	-68	-69	-73	-78	-72	-72	-75	-68	0	0	0	-80	-81	-81	0	0	-81	-80	0	0	0	-91	-92	0	-90	-89	-90	-58	0	-89	-88	-87	0	-87	-87	0	0	0	0	0	0	0	0	0	0	0	0	0	0	0	0	0	0	0	0	0	0	0	0	0	0	0	0	0	0	0	0	0	0	0	0	0	0	0	0	-66	0	0	0	0	0	0	0	0	0	0	0	0	0	0	0	0	0	0	0	0	0	0	0	0	0	0	0	0	0	0	0	0	0	0	2550	-6000	12061	19156	-7858	-159	-29	974	196	-1	-1	-1	-28	960	194	1606974606
-52	-56	-45	-55	-54	-58	-69	-68	-72	0	-72	-73	-75	-71	0	0	-84	-81	-81	-82	-83	-85	-81	-81	-83	-85	0	-91	-91	0	-90	-90	-90	-58	0	-88	-88	-88	0	-88	-89	0	0	0	0	0	0	-85	0	0	0	0	0	0	0	0	0	0	0	0	0	0	0	0	0	0	0	0	0	0	0	0	0	0	0	0	0	0	0	0	0	-65	0	0	0	0	0	0	0	0	0	0	0	0	0	0	0	0	0	0	0	0	0	0	0	0	0	0	0	0	0	0	0	0	0	0	2566	-6001	12061	19156	-7860	-159	-28	973	196	-1	-1	-1	-28	960	193	1606974608
-50	-51	-48	-54	-55	-60	-68	-68	-72	0	-73	-72	-76	-69	0	0	0	-81	-82	-81	-81	-81	-80	-81	-82	-81	0	-89	-90	0	-89	-89	-91	-58	0	-88	-88	-89	0	-87	-88	-87	0	0	0	0	0	0	0	0	0	0	0	-90	0	0	0	0	0	0	0	0	0	0	0	0	0	0	0	-89	0	0	0	0	0	0	0	0	0	0	0	-62	0	0	0	0	0	0	0	0	0	0	0	0	0	0	0	0	0	0	0	0	0	0	0	0	0	0	0	0	0	0	0	0	0	0	2550	-5978	12069	19157	-7865	-158	-28	974	195	-1	-1	0	-27	961	193	1606974610
-49	-53	-44	-52	-55	-58	-70	-70	-72	-78	-73	-73	-76	-67	0	0	0	-80	-81	-81	0	-80	-81	-82	0	0	0	-90	-90	0	-89	-89	-90	-56	0	-89	-88	-88	0	-88	-90	0	0	0	0	0	0	0	0	0	0	0	0	0	0	0	0	0	0	0	0	0	0	0	0	0	0	0	0	-89	0	0	0	0	0	0	0	0	0	0	0	-68	0	0	0	0	0	0	0	0	0	0	0	0	0	0	0	0	0	0	0	0	0	0	0	0	0	0	0	0	0	0	0	0	0	0	2550	-5970	12076	19156	-7859	-158	-28	974	195	-1	-1	-1	-28	960	194	1606974611
-51	-54	0	-53	-55	-59	-68	-69	-73	-78	-72	-73	-76	-68	0	0	-83	-80	-80	-81	-81	-81	-81	-81	-82	-81	0	-90	-91	0	-91	-89	-90	-57	0	-88	-87	-87	0	-89	-87	0	0	0	0	0	0	0	0	0	0	0	0	0	0	0	0	0	0	0	0	0	0	0	0	0	0	0	0	-92	0	0	0	0	0	0	0	0	0	0	0	-61	0	0	0	0	0	0	0	0	0	0	0	0	0	0	0	0	0	0	0	0	0	0	0	0	0	0	0	0	0	0	0	0	0	0	2581	-6000	12054	19156	-7859	-159	-28	974	195	-1	-1	0	-28	960	193	1606974613
0	-50	-49	-54	-54	0	-67	-67	-73	-77	-71	-72	-70	-67	0	0	-81	-74	-74	-75	-81	-80	-75	-75	-82	-80	0	-91	-90	0	-90	-91	-91	-56	0	0	0	0	0	0	0	-89	0	0	0	0	0	0	0	0	0	0	0	0	0	0	0	0	0	0	0	0	0	0	0	0	0	0	0	0	0	0	0	0	0	0	0	0	0	0	0	-69	0	0	0	0	0	0	0	0	0	0	0	0	0	0	0	0	0	0	0	0	0	0	0	0	0	0	0	0	0	0	0	-93	0	0	2581	-5986	12069	19157	-7863	-158	-28	975	194	-1	-1	-1	-27	961	193	1606974614
-51	0	-49	-53	-55	0	-69	-66	-72	0	-73	-72	-76	-69	0	0	-82	-81	-80	-80	-80	-84	-82	-81	-81	0	0	-90	-90	0	-89	-90	-90	-57	0	-87	-89	-88	0	-88	-87	0	0	0	0	0	0	-85	0	0	0	0	0	0	0	0	0	0	0	0	0	0	0	0	0	0	0	0	0	-90	0	0	0	0	0	0	0	0	0	0	0	-65	0	0	0	0	0	0	0	0	0	0	0	0	0	0	0	0	0	0	0	0	0	0	0	0	0	0	0	0	0	0	0	0	0	0	2520	-6000	12032	19156	-7859	-158	-29	974	195	-1	-1	0	-27	960	194	1606974616
-46	-51	0	-53	-55	0	-66	-67	-72	-76	-72	-72	-76	-66	0	0	-80	-81	-81	-82	0	-85	-81	-81	-84	-81	0	-88	-90	0	-90	-90	-89	-57	0	-88	-87	-88	0	-86	-88	-88	0	0	0	0	0	0	0	0	0	0	0	0	0	0	0	0	0	0	0	0	0	0	0	0	0	0	0	-89	0	0	0	0	0	0	0	0	0	0	0	-63	0	0	0	0	0	0	0	0	0	0	0	0	0	0	0	0	0	0	0	0	0	0	0	0	0	0	0	0	0	0	0	0	0	0	2521	-5985	12114	19156	-7858	-158	-28	974	196	-1	-1	0	-27	960	194	1606974618
-50	-53	-47	-53	-54	-58	-69	-69	-72	-79	-74	-72	-76	-67	0	0	-83	-81	-80	-82	-82	-81	-82	-81	-80	-80	0	-90	-88	0	-90	-89	-89	-56	0	-88	-88	-88	0	-89	-88	0	0	0	0	0	0	0	0	0	0	0	0	0	0	0	0	0	0	0	0	0	0	0	0	0	0	0	0	0	0	0	0	0	0	0	0	0	0	0	0	-63	0	0	0	0	0	0	0	0	0	0	0	0	0	0	0	0	0	0	0	0	0	0	0	0	0	0	0	0	0	0	0	0	0	0	2550	-5985	12054	19157	-7863	-157	-27	974	195	-1	-1	0	-27	961	193	1606974619
-51	-55	0	-53	-53	0	-70	-70	-72	-79	-72	-72	-70	-67	0	0	0	-74	-75	-75	0	-81	-75	-76	0	0	0	-90	-90	0	-90	-89	-89	-56	0	0	0	0	0	0	0	0	0	0	0	0	0	0	0	0	0	0	0	0	0	0	0	0	0	0	0	0	0	0	0	0	0	0	0	0	0	0	0	0	0	0	0	0	0	0	0	-65	0	0	0	0	0	0	0	0	0	0	0	0	0	0	0	0	0	0	0	0	0	0	0	0	0	0	0	0	0	0	0	0	0	0	2566	-6000	12032	19157	-7860	-158	-27	975	195	-1	-1	0	-27	960	193	1606974621
-46	-53	-45	-54	-54	-59	-68	-69	-72	0	-73	-73	-75	-71	0	0	-80	-81	-82	-82	-82	-82	-82	-82	-79	-80	0	-90	-90	0	-89	-90	-90	-58	0	-89	-87	-87	0	-87	-88	0	0	0	0	0	0	0	0	0	0	0	0	-96	0	0	0	0	0	0	0	0	0	0	0	0	0	0	0	-88	0	0	0	0	0	0	0	0	0	0	0	-70	0	0	0	0	0	0	0	0	0	0	0	0	0	0	0	0	0	0	0	0	0	0	0	0	0	0	0	0	0	0	0	0	0	0	2550	-5993	12076	19156	-7861	-159	-27	974	196	-1	-1	-1	-28	960	193	1606974623
-49	-54	0	-53	-55	0	-68	-70	-73	0	-73	-73	-70	-70	0	0	0	-74	-74	-75	0	-81	-75	-75	0	0	0	-90	-90	0	-88	-90	-90	-57	-65	0	0	0	0	0	0	0	0	0	0	0	0	0	0	0	0	0	0	0	0	0	0	0	0	0	0	0	0	0	0	0	0	0	0	0	0	0	0	0	0	0	0	0	0	0	0	-63	0	0	0	0	0	0	0	0	0	0	0	0	0	0	0	0	0	0	0	0	0	0	0	0	0	0	0	0	0	0	0	0	0	0	2521	-6015	12076	19156	-7866	-159	-28	974	195	-1	-1	-1	-28	961	192	1606974624
-49	-53	-44	-54	-54	0	0	-67	-72	0	-73	-73	-76	-69	0	0	0	-80	-81	-81	0	-83	-81	-82	0	0	0	-90	-89	0	-90	-89	-91	-57	-61	-88	-87	-89	0	-88	-88	-88	0	0	0	0	0	0	0	0	0	0	0	0	0	0	0	0	0	0	0	0	0	0	0	0	0	0	0	-88	0	0	0	0	0	0	0	0	0	0	0	-61	0	0	0	0	0	0	0	0	0	0	0	0	0	0	0	0	0	0	0	0	0	0	0	0	0	0	0	0	0	0	0	0	0	0	2551	-6015	12061	19156	-7861	-158	-27	974	196	-1	-1	-1	-27	960	193	1606974626
-50	0	-43	-53	-55	-58	-68	-69	-72	-79	-73	-73	-76	-68	0	0	0	-81	-80	-81	0	-82	-81	-81	0	0	0	-90	-90	0	-90	-90	-91	-56	0	-89	-88	-89	0	-87	-89	0	0	-90	0	0	0	0	0	0	0	0	0	0	0	0	0	0	0	0	0	0	0	0	0	0	0	0	0	-89	0	0	0	0	0	0	0	0	0	0	0	-66	0	0	0	0	0	0	0	0	0	0	0	0	0	0	0	0	0	0	0	0	0	0	0	0	0	0	0	0	0	0	0	0	0	0	2513	-6015	12016	19156	-7864	-159	-28	975	194	-1	-1	-1	-28	961	193	1606974627
-49	0	-44	-54	-54	-59	-68	-70	-72	-77	-71	-72	-69	-69	0	0	-81	-76	-74	-75	-82	-80	-75	-75	-81	-83	0	-90	-89	0	-89	-89	-89	-56	0	0	0	0	0	0	0	0	0	0	0	0	0	0	0	0	0	0	0	0	0	0	0	0	0	0	0	0	0	0	0	0	0	0	0	0	0	0	0	0	0	0	0	0	0	0	0	-63	0	0	0	0	0	0	0	0	0	0	0	0	0	0	0	0	0	0	0	0	0	0	0	0	0	0	0	0	0	0	0	0	0	0	2521	-5986	12129	19156	-7863	-159	-27	975	194	-1	-1	-1	-28	961	193	1606974629
-46	-48	-44	-52	-55	-60	-70	-69	-71	-77	-72	-71	-75	-69	0	0	-81	-80	-81	-80	-84	-81	-80	-81	-81	-82	0	-90	-90	0	-90	-89	-89	-56	0	-89	-88	-90	-93	-90	-88	0	-93	0	0	0	0	-87	0	0	0	0	0	0	0	0	0	0	0	0	0	0	0	0	0	0	0	0	0	-87	0	0	0	0	0	0	0	0	0	0	0	0	0	0	0	0	0	0	0	0	0	0	0	0	0	0	0	0	0	0	0	0	0	0	0	0	0	0	0	0	0	0	0	0	0	0	2581	-6000	12039	19157	-7863	-157	-28	973	194	-1	-1	0	-27	961	193	1606974630
-51	-50	0	-51	-56	-56	-69	-72	-71	-78	-72	-72	-75	-70	0	0	0	-81	-80	-81	0	-81	-81	-80	0	0	-90	-90	-90	0	-89	-89	-90	-58	0	-89	-88	-89	0	-88	-88	0	0	0	0	0	0	0	0	0	0	0	0	0	0	0	0	0	0	0	0	0	0	0	0	0	0	0	0	-91	0	0	0	0	0	0	0	0	0	0	0	0	0	0	0	0	0	0	0	0	0	0	0	0	0	0	0	0	0	0	0	0	0	0	0	0	0	0	0	0	0	0	0	0	0	0	2566	-5986	12069	19156	-7864	-159	-28	975	195	-1	0	-1	-28	961	193	1606974632
-51	-55	-44	-55	-59	-57	-71	-70	-73	-78	-74	-74	-76	-69	0	0	-83	-82	-83	-81	-81	-84	-82	-82	-83	-84	0	-90	-89	0	-90	-90	-90	-57	0	-89	-88	-89	0	-90	-87	0	0	0	0	0	0	0	0	0	0	0	0	0	0	0	0	0	0	0	0	0	0	0	0	0	0	0	0	-91	0	0	0	0	0	0	0	0	0	0	0	-67	0	0	0	0	0	0	0	0	0	0	0	0	0	0	0	0	0	0	0	0	0	0	0	0	0	0	0	0	0	0	0	0	0	0	2550	-5970	12076	19157	-7865	-158	-29	975	195	-1	-1	0	-28	961	193	1606974633
-49	-53	-46	-57	-59	-59	-68	-70	-72	-76	-71	-72	-77	-70	0	-85	0	-81	-81	-82	0	0	-82	-81	0	0	0	-90	-90	0	-90	-90	-90	-55	0	-89	-89	0	0	-89	-88	-88	0	0	0	0	0	0	0	0	0	0	0	0	0	0	0	0	0	0	0	0	0	0	0	0	0	0	0	0	0	0	0	0	0	0	0	0	0	0	0	-66	0	0	0	0	0	0	0	0	0	0	0	0	0	0	0	0	0	0	0	0	0	0	0	0	0	0	0	0	0	0	0	0	0	0	2520	-6000	12032	19156	-7865	-159	-28	974	194	-1	-1	0	-28	961	193	1606974635
-51	0	-45	-56	-54	0	-68	-68	-71	-78	-73	-73	-70	-68	0	0	0	-75	-76	-76	0	-82	-75	-76	0	0	0	-89	-90	0	-90	-90	-90	-57	0	0	0	0	0	0	0	0	0	-88	0	0	0	0	0	0	0	0	0	0	0	0	0	0	0	0	0	0	0	0	0	0	0	0	0	0	0	0	0	0	0	0	0	0	0	0	0	-68	0	0	0	0	0	0	0	0	0	0	0	0	0	0	0	0	0	0	0	0	0	0	0	0	0	0	0	0	0	0	0	0	0	0	2550	-5970	12046	19156	-7863	-158	-27	975	195	-1	-1	-1	-28	961	193	1606974637
-49	-52	-44	-54	-58	0	-70	-69	-72	-80	-73	-72	-75	-68	0	0	0	-80	-82	-81	0	0	-81	-81	0	0	0	-89	-89	0	-90	-90	-89	-59	0	-90	-88	-87	0	-88	-88	0	0	0	0	0	0	0	0	0	0	0	0	0	0	0	0	0	0	0	0	0	0	0	0	0	0	0	0	-88	0	0	0	0	0	0	0	0	0	0	0	-67	0	0	0	0	0	0	0	0	0	0	0	0	0	0	0	0	0	0	0	0	0	0	0	0	0	0	0	0	0	0	0	0	0	0	2581	-6031	12032	19157	-7866	-158	-28	975	194	-1	-1	-1	-27	961	192	1606974638
-49	-51	-45	-52	-58	0	-70	-69	-71	-76	-72	-71	-77	-69	0	0	0	-83	-82	-83	0	0	-83	-82	0	0	0	-91	-89	0	-89	-90	-91	-58	0	-89	-91	-89	0	-90	-89	0	0	0	0	0	0	-86	0	0	0	0	0	0	0	0	0	0	0	0	0	0	0	0	0	0	0	0	0	0	0	0	0	0	0	0	0	0	0	0	0	-68	0	0	0	0	0	0	0	0	0	0	0	0	0	0	0	0	0	0	0	0	0	0	0	0	0	0	0	0	0	0	0	0	0	0	2626	-5971	12032	19157	-7863	-158	-27	975	195	-1	-1	0	-27	961	193	1606974640
-49	-51	0	-54	-58	0	-68	-69	-73	0	-76	-73	-69	-68	0	0	0	-75	-74	-75	-81	-80	-75	-75	-81	-82	0	-89	-91	0	-90	-89	0	-57	0	0	0	0	0	0	0	0	0	0	0	0	0	0	0	0	0	0	0	0	0	0	0	0	0	0	0	0	0	0	0	0	0	0	0	0	0	0	0	0	0	0	0	0	0	0	0	-71	0	0	0	0	0	0	0	0	0	0	0	0	0	0	0	0	0	0	0	0	0	0	0	0	0	0	0	0	0	0	0	-94	0	0	2445	-5985	12054	19157	-7861	-158	-28	974	195	-1	-1	-1	-27	960	193	1606974641
0	-54	-44	-53	0	-60	-72	-71	-72	0	-73	-73	-68	-71	0	0	-81	-75	-75	-75	-80	-81	-75	-75	-82	-80	0	-89	-89	0	-89	-90	-90	-57	0	0	0	0	0	0	0	-89	0	0	0	0	0	0	0	0	0	0	0	0	0	0	0	0	0	0	0	0	0	0	0	0	0	0	0	0	0	0	0	0	0	0	0	0	0	0	0	-69	0	0	0	0	0	0	0	0	0	0	0	0	0	0	0	0	0	0	0	0	0	0	0	0	0	0	0	0	0	0	0	0	0	0	2551	-5971	12121	19156	-7863	-159	-29	974	194	0	-1	-1	-28	961	193	1606974643
-47	-55	-44	-54	-57	-58	-69	0	-71	0	-71	-72	-76	-67	0	0	0	-81	-82	-82	-81	-81	-82	-82	0	0	0	-91	-89	0	-88	-88	-89	-55	0	-88	-89	-88	0	-88	-89	0	0	0	0	0	0	0	0	0	0	0	0	0	0	0	0	0	0	0	0	0	0	0	0	0	0	0	0	0	0	0	0	0	0	0	0	0	0	0	0	0	0	0	0	0	0	0	0	0	0	0	0	0	0	0	0	0	0	0	0	0	0	0	0	0	0	0	0	0	0	0	0	0	0	0	2566	-5993	12136	19157	-7866	-158	-27	974	195	-1	-1	-1	-28	961	192	1606974645
-48	-54	-46	-54	-59	-57	-69	-70	-73	-77	-73	-71	-76	-70	0	0	0	-80	-80	-80	0	-81	-81	-81	0	0	0	-91	-90	0	0	-90	-90	-59	0	-92	-92	-93	0	-91	-91	-89	-94	0	0	0	0	0	0	0	0	0	0	0	0	0	0	0	0	0	0	0	0	0	0	0	0	0	0	0	0	0	0	0	0	0	0	0	0	0	0	-66	0	0	0	0	0	0	0	0	0	0	0	0	0	0	0	0	0	0	0	0	0	0	0	0	0	0	0	0	0	0	0	0	0	0	2505	-5985	12024	19156	-7862	-159	-28	974	196	-1	-1	-1	-28	960	193	1606974646
-48	-54	-43	-53	-64	-59	0	-70	-69	-77	-72	-68	-77	-68	0	0	0	-80	-81	-82	0	-80	-81	-81	0	0	0	0	0	0	0	0	0	-59	0	0	0	0	0	0	0	0	0	0	0	0	0	0	0	0	0	0	0	0	0	0	0	0	0	0	0	0	0	0	0	0	0	0	0	0	0	0	0	0	0	0	0	0	0	0	0	-66	0	0	0	0	0	0	0	0	0	0	0	0	0	0	0	0	0	0	0	0	0	0	0	0	0	0	0	0	0	0	0	0	0	0	2513	-5940	12069	19156	-7864	-159	-28	974	195	-1	-1	0	-28	961	193	1606974648
-49	-54	-46	-55	-54	0	-72	-67	-72	0	0	-71	-70	-68	0	0	0	-74	-75	-75	0	-83	-75	-75	0	0	0	-89	-89	0	-91	-89	-90	-56	0	0	0	0	0	0	0	0	0	0	0	0	0	0	0	0	0	0	0	0	0	0	0	0	0	0	0	0	0	0	0	0	0	0	0	-91	0	0	0	0	0	0	0	0	0	0	0	-67	0	0	0	0	0	0	0	0	0	0	0	0	0	0	0	0	0	0	0	0	0	0	0	0	0	0	0	0	0	0	0	0	0	0	2475	-6000	12076	19156	-7864	-159	-27	974	195	-1	-1	-1	-28	961	193	1606974649
-52	-54	-44	-57	-52	-56	-70	-69	-72	-80	-72	-73	-76	-68	0	0	0	-80	-80	-80	0	-82	-79	-80	0	0	0	-89	-90	0	-88	-90	-90	-55	0	-90	-89	-91	0	-90	-90	-88	0	0	0	0	0	0	0	0	0	0	0	0	0	0	0	0	0	0	0	0	0	0	0	0	0	0	0	-89	0	0	0	0	0	0	0	0	0	0	0	-64	0	0	0	0	0	0	0	0	0	0	0	0	0	0	0	0	0	0	0	0	0	0	0	0	0	0	0	0	0	0	0	0	0	0	2505	-6030	12054	19156	-7866	-159	-28	973	194	-1	-1	0	-28	961	192	1606974651
0	-52	0	-56	0	-59	-70	-66	-74	-78	0	-72	-76	-70	0	0	0	-80	-82	-80	0	-82	-81	-81	0	0	0	-89	-89	0	-89	-88	-90	-57	-65	-87	-88	-87	-94	-88	-88	-87	0	0	0	0	0	0	0	0	0	0	0	0	0	0	0	0	0	0	0	0	0	0	0	0	0	0	0	-90	0	0	0	0	0	0	0	0	0	0	0	-66	0	0	0	0	0	0	0	0	0	0	0	0	0	0	0	0	0	0	0	0	0	0	0	0	0	0	0	0	0	0	0	0	0	0	2505	-5978	12061	19156	-7864	-159	-29	974	194	-1	-1	-1	-28	961	193	1606974653
-53	-53	-44	-56	-56	0	-70	-69	-71	0	-69	-70	-77	-69	-88	0	0	-81	-81	-82	0	0	-81	-80	0	0	-91	0	-92	0	0	-91	0	-56	0	-88	-88	-88	-93	-89	-88	0	-93	0	0	0	0	0	0	0	0	0	0	0	0	0	0	0	0	0	0	0	0	0	0	0	0	0	0	0	0	0	0	0	0	0	0	0	0	0	0	-62	0	0	0	0	0	0	0	0	0	0	0	0	0	0	0	0	0	0	0	0	0	0	0	0	0	0	0	0	0	0	0	0	0	0	2566	-5978	12061	19157	-7868	-159	-28	974	195	0	0	-1	-28	961	192	1606974654
-53	-59	-44	-53	-56	-58	-70	0	-71	-76	-70	-72	-75	-73	0	0	0	-80	-81	-80	0	-83	-80	-81	0	0	0	-89	-89	0	-88	-89	-89	-58	0	-89	-88	-88	0	-89	-87	0	0	0	0	0	0	-85	0	0	0	0	0	0	0	0	0	0	0	0	0	0	0	0	0	0	0	0	0	0	0	0	0	0	0	0	0	0	0	0	0	-63	0	0	0	0	0	0	0	0	0	0	0	0	0	0	0	0	0	0	0	0	0	0	0	0	0	0	0	0	0	0	0	0	0	0	2558	-6023	12077	19156	-7865	-159	-29	974	195	-1	0	-1	-28	961	192	1606974656
-50	-54	-44	-55	-54	0	-69	-69	-71	-77	-72	-71	-69	-68	0	-90	0	-75	-75	-74	0	-83	-75	-74	0	0	0	-90	-90	0	-89	-90	-92	-57	0	0	0	0	0	0	0	0	0	0	0	0	0	-85	0	0	0	0	0	0	0	0	0	0	0	0	0	0	0	0	0	0	0	0	0	0	0	0	0	0	0	0	0	0	0	0	0	-64	0	0	0	0	0	0	0	0	0	0	0	0	0	0	0	0	0	0	0	0	0	0	0	0	0	0	0	0	0	0	0	0	0	0	2566	-5986	12061	19156	-7865	-159	-29	975	195	0	0	0	-28	961	192	1606974658
-51	-50	-43	-51	-52	-61	-66	-70	-72	0	-71	-72	-70	-67	0	0	0	-75	-75	-75	0	-82	-75	-75	0	0	0	-90	-90	0	0	-90	-90	-58	0	0	0	0	0	0	0	0	0	0	0	0	0	0	0	0	0	0	0	0	0	0	0	0	0	0	0	0	0	0	0	0	0	0	0	0	0	0	0	0	0	0	0	0	0	0	0	-64	0	0	0	0	0	0	0	0	0	0	0	0	0	0	0	0	0	0	0	0	0	0	0	0	0	0	0	0	0	0	0	0	0	0	2551	-6001	12099	19156	-7867	-159	-28	974	194	-1	-1	-1	-28	961	192	1606974659
-51	-51	-44	-51	-58	-57	-68	-67	-71	-79	-72	-71	-76	-68	0	0	-82	-81	-82	-81	-81	-82	-81	-81	-82	-81	0	-90	-90	0	-90	-89	-90	-58	0	-88	-89	-88	0	-89	-88	0	0	0	0	0	0	0	0	0	0	0	0	0	0	0	0	0	0	0	0	0	0	0	0	0	0	0	0	0	0	0	0	0	0	0	0	0	0	0	0	-63	0	0	0	0	0	0	0	0	0	0	0	0	0	0	0	0	0	0	0	0	0	0	0	0	0	0	0	0	0	0	0	0	0	0	2551	-6015	12061	19156	-7865	-159	-28	974	195	0	0	-1	-28	961	192	1606974661
-54	-49	-44	0	-56	-60	0	0	-71	-76	-72	-72	-70	0	0	0	-81	-74	-75	-75	-80	-81	-75	-75	-81	-82	0	-89	-88	0	-89	-89	-90	-57	0	0	0	0	0	0	0	0	0	0	0	0	0	-86	0	0	0	0	0	0	0	0	0	0	0	0	0	0	0	0	0	0	0	0	0	0	0	0	0	0	0	0	0	0	0	0	0	-65	0	0	0	0	0	0	0	0	0	0	0	0	0	0	0	0	0	0	0	0	0	0	0	0	0	0	0	0	0	0	0	0	0	0	2551	-6008	12046	19156	-7865	-159	-28	974	195	-1	-1	-1	-28	961	192	1606974663
-51	-53	-45	-53	-56	0	-67	0	-71	0	-70	-71	-69	0	0	0	0	-75	-76	-75	0	-82	-76	-75	0	0	0	-90	-89	0	-90	-89	-88	-57	-65	0	0	0	0	0	0	-88	0	0	0	0	0	0	0	0	0	0	0	0	0	0	0	0	0	0	0	0	0	0	0	0	0	0	0	-88	0	0	0	0	0	0	0	0	0	0	0	-66	0	0	0	0	0	0	0	0	0	0	0	0	0	0	0	0	0	0	0	0	0	0	0	0	0	0	0	0	0	0	0	0	0	0	2573	-6015	12039	19157	-7870	-159	-28	974	195	0	0	0	-28	961	192	1606974664
-50	-54	-43	-53	-57	-59	-69	-70	-71	-79	-71	-71	-77	-67	0	0	0	-80	-80	-80	0	-81	-81	-81	0	0	0	-89	-91	0	-91	-90	-89	-55	0	-88	-89	-88	0	0	-87	0	0	0	0	0	0	0	0	0	0	0	0	0	0	0	0	0	0	0	0	0	0	0	0	0	0	0	0	0	0	0	0	0	0	0	0	0	0	0	0	-67	0	0	0	0	0	0	0	0	0	0	0	0	0	0	0	0	0	0	0	0	0	0	0	0	0	0	0	0	0	0	0	0	0	0	2581	-6001	12076	19156	-7866	-159	-28	975	195	0	0	0	-28	961	192	1606974666
-48	-53	-43	-52	-52	-57	-66	-70	-71	-77	-71	-71	-76	-71	0	0	0	-80	-81	-80	0	0	-80	-80	0	0	0	-88	0	0	-90	-90	-90	-56	0	-87	-88	-88	0	-88	-89	0	0	0	0	0	0	0	0	0	0	0	0	0	0	0	0	0	0	0	0	0	0	0	0	0	0	0	0	-92	0	0	0	0	0	0	0	0	0	0	0	-63	0	0	0	0	0	0	0	0	0	0	0	0	0	0	0	0	0	0	0	0	0	0	0	0	0	0	0	0	0	0	0	0	0	0	2475	-6000	12106	19156	-7863	-159	-28	974	195	-1	-1	0	-28	961	193	1606974667
-50	-51	-44	-54	-55	0	-69	-70	-72	-77	-71	-71	-76	-69	0	0	0	-80	-81	-80	0	0	-82	-81	0	0	0	-90	-91	0	-90	-89	-89	-57	0	-88	-90	-89	0	-89	-88	-86	0	0	0	0	0	0	0	0	0	0	0	0	0	0	0	0	0	0	0	0	0	0	0	0	0	0	0	-89	0	0	0	0	0	0	0	0	0	0	0	0	0	0	0	0	0	0	0	0	0	0	0	0	0	0	0	0	0	0	0	0	0	0	0	0	0	0	0	0	0	0	0	0	0	0	2550	-5940	12076	19156	-7869	-159	-28	975	193	-1	-1	0	-28	961	192	1606974669
-48	-51	-44	-53	-55	-58	-68	-68	-71	-76	-71	-71	-77	-69	0	0	0	-81	-80	-80	0	-82	-80	-80	0	0	-91	-89	-90	0	-89	-89	-90	-56	0	-89	-88	-88	0	-88	-87	-88	0	0	0	0	0	0	0	0	0	0	0	0	0	0	0	0	0	0	0	0	0	0	0	0	0	0	0	-88	0	0	0	0	0	0	0	0	0	0	0	-65	0	0	0	0	0	0	0	0	0	0	0	0	0	0	0	0	0	0	0	0	0	0	0	0	0	0	0	0	0	0	0	0	0	0	2550	-6000	12061	19156	-7863	-159	-28	974	195	0	0	0	-28	961	193	1606974671
-52	-53	-44	-52	-55	-59	-67	-69	-71	-75	-71	-72	-70	-68	0	0	0	-75	-76	-75	0	0	-75	-75	0	0	0	-90	-90	0	-90	-89	-90	-56	0	0	0	0	0	0	0	-86	0	0	0	0	0	-83	0	-93	0	0	0	0	0	0	0	0	0	0	0	0	0	0	0	0	0	0	0	-88	0	0	0	0	0	0	0	0	0	0	0	-68	0	0	0	0	0	0	0	0	0	0	0	0	0	0	0	0	0	0	0	0	0	0	0	0	0	0	0	0	0	0	0	0	0	0	2550	-6000	12046	19156	-7864	-159	-28	975	194	0	-1	0	-28	961	193	1606974672
-52	-52	-43	-52	-56	0	-68	-68	-72	0	-71	-71	-69	-70	0	0	-82	-76	-77	-74	-83	-81	-75	-75	-83	-83	0	-90	-90	0	-91	-89	-90	-56	0	0	0	0	0	0	0	-88	-93	0	0	0	0	0	0	0	0	0	0	0	0	0	0	0	0	0	0	0	0	0	0	0	0	0	0	-90	0	0	0	0	0	0	0	0	0	0	0	-68	0	0	0	0	0	0	0	0	0	0	0	0	0	0	0	0	0	0	0	0	0	0	0	0	0	0	0	0	0	0	0	-94	0	0	2558	-6000	12032	19157	-7869	-159	-28	975	193	0	0	-1	-28	961	192	1606974674
0	-54	-43	-51	-55	-57	-66	-67	-70	0	-71	-71	-76	-69	0	0	0	-82	-80	-81	0	0	-82	-81	0	0	-91	-91	-90	0	-90	-92	-90	-55	0	-88	-89	-88	0	-88	-89	0	0	0	0	0	0	-84	0	0	0	0	0	0	0	0	0	0	0	0	0	0	0	0	0	0	0	0	0	0	0	0	0	0	0	0	0	0	0	0	0	-67	0	0	0	0	0	0	0	0	0	0	0	0	0	0	0	0	0	0	0	0	0	0	0	0	0	0	0	0	0	0	0	0	0	0	2521	-6008	12032	19156	-7863	-159	-29	974	195	0	0	0	-28	961	193	1606974676
-49	-51	-45	-52	-55	0	-67	-67	-72	-77	-72	-71	-69	-70	0	0	0	-75	-75	-75	0	-82	-75	-75	0	0	0	-90	-91	0	-89	-90	-89	-56	0	0	0	0	0	0	0	-86	0	0	0	0	0	-84	0	0	0	0	0	0	0	0	0	0	0	0	0	0	0	0	0	0	0	0	0	0	0	0	0	0	0	0	0	0	0	0	0	-66	0	0	0	0	0	0	0	0	0	0	0	0	0	0	0	0	0	0	0	0	0	0	0	0	0	0	0	0	0	0	0	0	0	0	2566	-5985	12032	19156	-7863	-160	-28	975	195	0	0	0	-28	961	193	1606974677
-47	-51	-44	-52	-56	0	-67	-67	-73	0	-71	-71	-76	-70	0	0	-82	-80	-81	-81	-82	-84	-80	-80	-81	-82	0	-91	-89	0	-89	-89	-90	-56	0	-87	-88	-88	0	-88	-89	0	0	0	0	0	0	0	0	0	0	0	0	0	0	0	0	0	0	0	0	0	0	0	0	0	0	0	0	0	0	0	0	0	0	0	0	0	0	0	0	-68	0	0	0	0	0	0	0	0	0	0	0	0	0	0	0	0	0	0	0	0	0	0	0	0	0	0	0	0	0	0	0	0	0	0	2565	-6000	12017	19157	-7865	-158	-28	974	195	0	0	0	-28	961	193	1606974679
-51	-52	-45	-52	-55	0	-67	-67	0	-79	-71	0	-77	-69	0	0	0	-81	-81	-80	0	0	-82	-80	0	0	0	-90	-91	0	-90	-89	-90	-57	0	-88	-89	-88	-95	-88	-88	0	0	0	0	0	0	-83	0	0	0	0	0	0	0	0	0	0	0	0	0	0	0	0	0	0	0	0	0	0	0	0	0	0	0	0	0	0	0	0	0	-71	0	0	0	0	0	0	0	0	0	0	0	0	0	0	0	0	0	0	0	0	0	0	0	0	0	0	0	0	0	0	0	0	0	0	2550	-6000	12046	19156	-7866	-159	-28	974	196	0	0	-1	-28	961	192	1606974680
-51	-49	-44	-52	-55	-60	-67	-67	-71	-77	-71	-72	-69	-68	0	0	0	-74	-74	-74	0	0	-76	-75	0	0	0	-90	-89	0	-90	-88	-89	-56	0	0	0	0	0	0	0	0	0	0	0	0	0	0	0	0	0	0	0	0	0	0	0	0	0	0	0	0	0	0	0	0	0	0	0	-87	0	0	0	0	0	0	0	0	0	0	0	0	0	0	0	0	0	0	0	0	0	0	0	0	0	0	0	0	0	0	0	0	0	0	0	0	0	0	0	0	0	0	0	0	0	0	2611	-6023	12077	19156	-7863	-159	-28	973	196	0	0	-1	-28	961	193	1606974682
-52	-53	-45	-52	-54	-59	-67	-67	-72	-78	-71	-71	-75	-67	0	0	-81	-81	-81	-81	-81	-83	-80	-81	-82	-82	0	-90	0	0	-90	-90	-90	-58	0	-90	-88	-88	0	-88	-88	-90	0	0	0	0	0	0	0	0	0	0	0	0	0	0	0	0	0	0	0	0	0	0	0	0	0	0	0	-89	0	0	0	0	0	0	0	0	0	0	0	-74	0	0	0	0	0	0	0	0	0	0	0	0	0	0	0	0	0	0	0	0	0	0	0	0	0	0	0	0	0	0	0	0	0	0	2611	-5971	12061	19157	-7866	-158	-28	974	194	0	0	0	-27	961	192	1606974683
-51	-50	-46	-51	-56	-59	-69	-69	-71	-77	-72	-71	-75	-67	0	0	0	-81	-81	-81	0	-81	-80	-80	0	0	0	-90	-90	0	-89	-89	-89	-57	0	-90	-86	-87	-95	-88	-89	0	0	0	0	0	0	0	0	-90	0	0	0	0	0	-91	0	0	0	0	0	0	0	0	0	0	0	0	0	0	0	0	0	0	0	0	0	0	0	0	0	-73	0	0	0	0	0	0	0	0	0	0	0	0	0	0	0	0	0	0	0	0	0	0	0	0	0	0	0	0	0	0	0	0	0	0	2551	-6001	12106	19156	-7864	-158	-28	974	195	0	0	0	-28	961	193	1606974685
-50	-48	-45	-51	-54	-57	-69	-66	-72	-78	-71	-72	-75	-70	0	-87	0	-81	-81	-81	0	0	-81	-81	0	0	0	-89	-88	0	-90	-90	-90	-58	0	-89	-88	-89	0	-88	-88	0	0	0	0	0	0	0	0	0	0	0	0	0	0	0	0	0	0	0	0	0	0	0	0	0	0	0	0	0	0	0	0	0	0	0	0	0	0	0	0	0	0	0	0	0	0	0	0	0	0	0	0	0	0	0	0	0	0	0	0	0	0	0	0	0	0	0	0	0	0	0	0	0	0	0	2551	-6015	12046	19156	-7865	-159	-28	974	196	0	0	0	-28	961	193	1606974687
-50	-53	-46	-52	-51	-58	-68	-67	-72	0	-72	-72	-74	-69	0	0	0	-81	-81	-82	0	-80	-81	-81	0	0	0	-90	-90	0	-91	-88	-89	-56	0	-89	-88	-89	-93	-89	-88	0	-92	0	0	0	0	-86	0	-90	0	0	0	0	0	0	0	0	0	0	0	0	0	0	0	0	0	0	0	0	0	0	0	0	0	0	0	0	0	0	0	-71	0	0	0	0	0	0	0	0	0	0	0	0	0	0	0	0	0	0	0	0	0	0	0	0	0	0	0	0	0	0	0	0	0	0	2550	-5940	11972	19156	-7863	-159	-28	974	194	0	0	-1	-28	961	193	1606974688
-52	-50	0	-51	-55	-60	-67	-67	-72	-77	-72	-71	-70	-69	0	0	0	-75	-76	-75	0	0	-75	-75	0	0	0	-89	-89	0	0	-89	-90	-57	0	0	0	0	0	0	0	0	0	0	0	0	0	0	0	0	0	0	0	0	0	0	0	0	0	0	0	0	0	0	0	0	0	0	0	0	0	0	0	0	0	0	0	0	0	0	0	-70	0	0	0	0	0	0	0	0	0	0	0	0	0	0	0	0	0	0	0	0	0	0	0	0	0	0	0	0	0	0	0	0	0	0	2430	-6037	12046	19157	-7864	-158	-28	973	196	0	-1	0	-27	961	193	1606974690
0	-49	-46	-53	0	0	0	-67	-73	-77	-72	-72	-70	-67	0	0	0	-75	-75	-75	0	0	-75	-75	0	0	0	-88	0	0	-88	-88	-88	-56	-64	0	0	0	0	0	0	0	0	0	0	0	0	-86	0	0	0	0	0	0	0	0	0	0	0	0	0	0	0	0	0	0	0	0	0	0	0	0	0	0	0	0	0	0	0	0	0	0	0	0	0	0	0	0	0	0	0	0	0	0	0	0	0	0	0	0	0	0	0	0	0	0	0	0	0	0	0	0	0	0	0	0	2520	-6000	12002	19156	-7863	-159	-28	974	195	0	0	0	-28	961	193	1606974691
-50	-53	-47	-52	-55	0	-68	-66	-71	-77	-72	-71	-76	-67	0	0	0	-82	-82	-82	0	-81	-81	-82	0	0	0	-88	-89	0	-88	-89	-89	-57	-65	-88	-88	-88	0	-89	-89	-86	0	0	0	0	0	0	0	0	0	0	0	0	0	-95	0	0	0	0	0	0	0	0	0	0	0	0	0	0	0	0	0	0	0	0	0	0	0	0	0	-73	0	0	0	0	0	0	0	0	0	0	0	0	0	0	0	0	0	0	0	0	0	0	0	0	0	0	0	0	0	0	0	0	0	0	2588	-6001	12106	19156	-7865	-159	-28	974	194	0	-1	0	-28	961	193	1606974693
-51	-49	-46	-51	-55	0	-69	-67	-72	0	-72	-71	-75	-68	0	0	0	-81	-82	-81	0	-80	-80	-82	0	0	0	-88	-89	0	-88	-88	-89	-58	0	-90	-87	-89	-93	-87	-88	0	0	0	0	0	0	0	0	-90	0	0	0	0	0	0	0	0	0	0	0	0	0	0	0	0	0	0	0	0	0	0	0	0	0	0	0	0	0	0	0	-73	0	0	0	0	0	0	0	0	0	0	0	0	0	0	0	0	0	0	0	0	0	0	0	0	0	0	0	0	0	0	0	0	0	0	2521	-6001	12136	19157	-7866	-158	-28	973	194	0	0	0	-27	961	192	1606974695
-52	-49	-46	-52	-55	0	-67	-69	-71	0	-72	-72	-75	-68	0	0	-80	-81	-82	-82	-80	-79	-80	-81	-81	-81	0	-90	-89	0	-90	-89	-90	-56	0	-88	-89	-90	0	-89	-88	-87	0	0	0	0	0	0	0	0	0	0	0	0	0	0	0	0	0	0	0	0	0	0	0	0	0	0	0	0	0	0	0	0	0	0	0	0	0	0	0	-74	0	0	0	0	0	0	0	0	0	0	0	0	0	0	0	0	0	0	0	0	0	0	0	0	0	0	0	0	0	0	0	0	0	0	2566	-5986	12091	19157	-7863	-158	-27	974	195	0	0	0	-27	961	193	1606974696
-50	-52	-46	-52	-54	0	-67	-70	-72	0	-72	-72	-75	-68	0	0	0	-81	-81	-81	0	-81	-81	-80	0	0	0	-90	-90	0	-89	-89	-90	-57	0	-88	-88	-88	0	0	-88	0	0	0	0	0	0	0	0	0	0	0	0	0	0	0	0	0	0	0	0	-88	0	0	0	0	0	0	0	-90	0	0	0	0	0	0	0	0	0	0	0	-71	0	0	0	0	0	0	0	0	0	0	0	0	0	0	0	0	0	0	0	0	0	0	0	0	0	0	0	0	0	0	0	0	0	0	2521	-6023	12076	19156	-7863	-160	-28	974	193	0	0	-1	-28	961	193	1606974698
-50	0	-45	0	-54	0	0	0	-71	0	-71	-72	-71	0	0	0	0	-75	-75	-74	0	-81	-75	-75	0	0	0	-90	-89	0	-90	-88	-90	-56	0	0	0	0	0	0	0	0	0	0	0	0	0	0	0	0	0	0	0	0	0	0	0	0	0	0	0	0	0	0	0	0	0	0	0	-88	0	0	0	0	0	0	0	0	0	0	0	-72	0	0	0	0	0	0	0	0	0	0	0	0	0	0	0	0	0	0	0	0	0	0	0	0	0	0	0	0	0	0	0	0	0	0	2581	-6016	12061	19156	-7867	-159	-28	974	195	0	0	-1	-28	961	192	1606974699
-51	-48	-43	-52	-55	0	-64	-67	-72	-76	-72	-72	-75	-68	0	0	-83	-81	-82	-82	-81	-82	-81	-81	-82	-84	0	-89	-88	0	-91	-88	-90	-58	0	-88	-88	-90	-94	-89	-88	0	0	-89	0	0	0	-84	0	0	0	-91	-87	0	0	0	0	0	0	0	0	0	0	0	0	0	0	0	0	0	0	0	0	0	0	0	0	0	0	0	0	-71	0	0	0	0	0	0	0	0	0	0	0	0	0	0	0	0	0	0	0	0	0	0	0	0	0	0	0	0	0	0	0	0	0	0	2566	-6068	12024	19156	-7865	-160	-28	974	195	0	0	0	-28	961	192	1606974701
-52	-49	-44	-52	-55	-57	-68	-69	-72	0	-72	-72	-75	-67	0	0	0	-81	-81	-82	0	-83	-82	-81	0	0	0	-90	-89	0	-90	-90	-89	-56	-64	-88	-87	-88	-92	-88	-87	0	0	0	0	0	0	0	0	0	0	0	0	0	0	0	0	0	0	0	0	0	0	0	0	0	0	0	0	0	0	0	0	0	0	0	0	0	0	0	0	-66	0	0	0	0	0	0	0	0	0	0	0	0	0	0	0	0	0	0	0	0	0	0	0	0	0	0	0	0	0	0	0	0	0	0	2581	-5971	12069	19156	-7863	-159	-28	974	195	0	0	0	-28	961	193	1606974703
-52	-52	-44	-53	-50	0	-69	-67	-72	0	-72	-72	-75	-68	0	0	0	-81	-82	-81	0	-82	-81	-81	0	0	0	-89	-89	0	-89	-89	-90	-56	0	-89	-88	-89	-93	-88	-87	-89	0	0	0	0	0	0	0	0	0	0	0	0	0	0	0	0	0	0	0	0	0	0	0	0	0	0	0	0	0	0	0	0	0	0	0	0	0	0	0	-72	0	0	0	0	0	0	0	0	0	0	0	0	0	0	0	0	0	0	0	0	0	0	0	0	0	0	0	0	0	0	0	0	0	0	2581	-6016	12076	19157	-7868	-159	-28	975	195	0	0	0	-28	961	192	1606974704
-52	-48	-44	-51	-55	0	-67	-69	-71	-78	-72	-72	-75	-67	0	-84	-81	-82	-82	-81	-83	-81	-81	-82	-81	-80	0	-89	-89	0	-90	-90	-90	-57	0	-87	-89	-87	0	-88	-88	0	0	0	0	0	0	0	0	0	0	0	0	0	0	0	0	0	0	0	0	0	0	0	0	0	0	0	0	0	0	0	0	0	0	0	0	0	0	0	0	-73	0	0	0	0	0	0	0	0	0	0	0	0	0	0	0	0	0	0	0	0	0	0	0	0	0	0	0	0	0	0	0	0	0	0	2581	-6001	12076	19156	-7865	-159	-28	974	196	0	0	0	-28	961	193	1606974706
-49	-48	-48	-52	-54	0	-68	-67	-72	-78	-71	-71	-74	-69	0	0	-81	-81	-82	-82	-81	-72	-82	-82	-81	-81	0	-89	-90	0	-88	-89	-89	-59	0	-87	-88	-88	0	-88	-87	0	0	0	0	0	0	0	0	0	0	0	0	0	0	0	0	0	0	0	0	0	0	0	0	0	0	0	0	-91	0	0	0	0	0	0	0	0	0	0	0	-71	0	0	0	0	0	0	0	0	0	0	0	0	0	0	0	0	0	0	0	0	0	0	0	0	0	0	0	0	0	0	0	0	0	0	2566	-6001	12114	19156	-7866	-160	-28	974	195	0	0	0	-28	961	192	1606974707
-50	-52	-43	-52	-54	0	-67	-67	-70	-78	-71	-71	-74	-67	0	0	-81	-81	-82	-83	0	-81	-82	-81	-83	0	0	-88	-89	0	-89	-89	-88	-57	0	-89	-87	-89	0	-89	-88	-86	0	0	0	0	0	0	0	0	0	0	0	0	0	0	0	0	0	0	0	0	0	0	0	0	0	0	0	-90	0	0	0	0	0	0	0	0	0	0	0	-72	0	0	0	0	0	0	0	0	0	0	0	0	0	0	0	0	0	0	0	0	0	0	0	0	0	0	0	0	0	0	0	0	0	0	2611	-5986	12099	19156	-7866	-160	-28	974	195	0	0	0	-28	961	192	1606974709
-49	-48	-44	-52	-54	0	-68	-68	-71	-77	-72	-72	-74	-68	0	-88	0	-81	-82	-81	0	0	-83	-82	0	0	0	-89	-90	0	-88	-89	-89	-57	0	-87	-88	-89	0	-87	-89	0	0	0	0	0	0	0	0	0	0	0	0	0	0	0	0	0	0	0	0	0	0	0	0	0	0	0	0	-88	0	0	0	0	0	0	0	0	0	0	0	0	0	0	0	0	0	0	0	0	0	0	0	0	0	0	0	0	0	0	0	0	0	0	0	0	0	0	0	0	0	0	0	0	0	0	2611	-5971	12061	19156	-7864	-159	-28	973	196	0	0	0	-28	961	193	1606974711
-51	-47	0	-51	0	0	-69	-69	-72	0	-72	-71	-75	-68	0	-87	0	-81	-82	-81	-81	-80	-81	-81	-82	-81	0	-90	-88	0	-89	-91	-90	-58	0	-87	-88	-87	0	-89	-89	0	0	0	0	0	0	0	0	0	0	-91	0	0	0	0	0	0	0	0	0	0	0	0	0	0	0	0	0	-89	0	0	0	0	0	0	0	0	0	0	0	-71	0	0	0	0	0	0	0	0	0	0	0	0	0	0	0	0	0	0	0	0	0	0	0	0	0	0	0	0	0	0	0	0	0	0	2566	-6016	12076	19156	-7866	-159	-27	974	194	0	0	0	-28	961	192	1606974712
-51	-48	-45	-52	-55	0	-69	-69	-71	-77	-72	-72	-75	-68	0	0	-80	-80	-81	-82	-83	-81	-82	-82	-81	-81	0	-89	-90	0	-90	-89	-89	-58	0	-89	-88	-88	0	-88	-88	0	0	-90	0	0	0	0	0	0	0	0	0	0	0	0	0	0	0	0	0	0	0	0	0	0	0	0	0	0	0	0	0	0	0	0	0	0	0	0	0	-74	0	0	0	0	0	0	0	0	0	0	0	0	0	0	0	0	0	0	0	0	0	0	0	0	0	0	0	0	0	0	0	0	-91	0	2581	-5971	12136	19156	-7867	-159	-28	975	196	0	0	0	-28	961	192	1606974714
-51	-51	-45	-53	-54	0	-67	-69	-71	0	-72	-71	-74	-68	0	0	-81	-82	-82	-81	-80	-81	-81	-81	-81	0	0	-89	-89	0	-90	-90	-89	-58	0	-87	-88	-87	0	-87	-87	0	0	-89	0	0	0	-84	0	0	0	0	0	0	0	0	0	0	0	0	0	0	0	0	0	0	0	0	0	0	0	0	0	0	0	0	0	0	0	0	0	-73	0	0	0	0	0	0	0	0	0	0	0	0	0	0	0	0	0	0	0	0	0	0	0	0	0	0	0	0	0	0	0	0	0	0	2550	-6000	12061	19156	-7866	-159	-28	974	195	0	0	-1	-28	961	192	1606974716
-45	0	-45	-53	-55	0	-68	-67	-72	-80	0	-71	-69	-68	0	0	0	-74	-75	-75	-81	-81	-75	-75	-82	-81	0	-90	0	0	-90	-89	-91	-55	0	0	0	0	0	0	0	-89	0	0	0	0	0	0	0	0	0	0	0	0	0	0	0	0	0	0	0	0	0	0	0	0	0	0	0	0	0	0	0	0	0	0	0	0	0	0	0	-71	0	0	0	0	0	0	0	0	0	0	0	0	0	0	0	0	0	0	0	0	0	0	0	0	0	0	0	0	0	0	0	-94	0	0	2551	-5986	12136	19156	-7864	-160	-29	974	195	-1	0	-1	-28	961	193	1606974717
-51	-50	-44	-53	-55	-60	-69	-69	-72	0	-71	-72	-70	-70	0	0	0	-75	-74	-74	0	-82	-75	-75	0	0	0	-89	-90	0	-90	-89	-89	-55	0	0	0	0	0	0	0	-86	0	0	0	0	0	0	0	0	0	0	0	0	0	0	0	0	0	0	0	0	0	0	0	0	0	0	0	0	0	0	0	0	0	0	0	0	0	0	0	-70	0	0	0	0	0	0	0	0	0	0	0	0	0	0	0	0	0	0	0	0	0	0	0	0	0	0	0	0	0	0	0	0	0	0	2505	-5978	12061	19156	-7869	-159	-28	973	194	0	0	0	-28	961	192	1606974719
0	-48	-45	-52	-55	0	-68	-69	-72	0	-72	-72	-69	-69	-84	0	0	-75	-75	-75	0	0	-75	-75	0	0	0	-89	-90	0	-88	-88	-89	-56	0	0	0	0	0	0	0	0	-92	0	0	0	0	0	0	0	0	0	0	0	0	-91	0	0	0	0	0	0	0	0	0	0	0	0	0	-89	0	0	0	0	0	0	0	0	0	0	0	0	0	0	0	0	0	0	0	0	0	0	0	0	0	0	0	0	0	0	0	0	0	0	0	0	0	0	0	0	0	0	0	-95	0	0	2521	-6030	12076	19156	-7863	-159	-29	974	195	0	-1	0	-28	961	193	1606974720
-50	-52	-45	-52	-51	-59	-68	-67	-72	0	-73	-72	-70	-67	0	-85	0	-75	-75	-75	0	-81	-75	-75	0	0	0	-89	-89	0	-89	-89	-89	-56	0	0	0	0	0	0	0	0	0	0	0	0	0	0	0	0	0	0	0	0	0	-90	-80	0	0	0	0	0	0	0	0	0	0	0	0	0	0	0	0	0	0	0	0	0	0	0	0	-74	0	0	0	0	0	0	0	0	0	0	0	0	0	0	0	0	0	0	0	0	0	0	0	0	0	0	0	0	0	0	0	0	0	0	2520	-5940	12076	19156	-7867	-159	-28	974	195	0	0	0	-28	961	192	1606974722
-51	-48	0	-52	-55	-58	-68	-67	-72	0	-71	-70	-74	-67	0	0	0	-81	-82	-81	0	-81	-81	-83	0	0	0	-89	-89	0	-90	-91	-90	-57	0	-88	-88	-87	0	-89	-88	-86	0	0	0	0	0	0	0	0	0	0	0	0	0	0	0	0	0	0	0	0	0	0	0	0	0	0	0	-89	0	0	0	0	0	0	0	0	0	0	0	-71	0	0	0	0	0	0	0	0	0	0	0	0	0	0	0	0	0	0	0	0	0	0	0	0	0	0	0	0	0	0	0	0	0	0	2505	-5985	12061	19156	-7867	-159	-29	973	195	0	-1	0	-28	961	192	1606974724
0	-52	-46	-51	-54	0	-69	-68	-72	0	-72	-72	-69	-68	0	0	0	-76	-75	-74	0	0	-75	-75	0	0	0	-90	-90	0	-89	-90	-89	-56	0	0	0	0	0	0	0	-88	0	-89	0	0	0	0	0	0	0	0	0	0	0	0	0	0	0	0	0	0	0	0	0	0	0	0	0	0	0	0	0	0	0	0	0	0	0	0	0	0	0	0	0	0	0	0	0	0	0	0	0	0	0	0	0	0	0	0	0	0	0	0	0	0	0	0	0	0	0	0	0	0	0	0	2498	-6030	12061	19157	-7866	-158	-28	974	195	-1	-1	0	-28	961	192	1606974725
0	0	0	-52	-55	0	-69	-68	-72	0	-72	-71	-74	-69	0	0	0	-81	-82	-82	0	0	-82	-81	0	0	0	-89	-89	0	0	-89	-90	-57	-63	-87	-88	-88	-94	-89	-87	0	0	0	0	0	0	0	0	0	0	0	0	0	0	0	0	0	0	0	0	0	0	0	0	0	0	0	0	-89	0	0	0	0	0	0	0	0	0	0	0	-76	0	0	0	0	0	0	0	0	0	0	0	0	0	0	0	0	0	0	0	0	0	0	0	0	0	0	0	0	0	0	0	0	0	0	2581	-5985	12039	19156	-7862	-160	-28	974	195	0	-1	0	-28	960	193	1606974727
-49	-50	0	-52	-54	-59	-69	-68	-71	-79	-72	-73	-70	-68	0	-85	0	-75	-75	-75	0	-82	-75	-75	0	0	0	-90	-89	0	-90	-91	-89	-56	0	0	0	0	0	0	0	0	0	0	0	0	0	0	0	-91	0	0	0	0	0	0	0	0	0	0	0	0	0	0	0	0	0	0	0	0	0	0	0	0	0	0	0	0	0	0	0	-76	0	0	0	0	0	0	0	0	0	0	0	0	0	0	0	0	0	0	0	0	0	0	0	0	0	0	0	0	0	0	0	0	0	0	2566	-5993	12032	19156	-7867	-159	-28	974	195	0	0	0	-28	961	192	1606974728
-51	-50	-46	-52	-54	0	-69	-68	-72	0	-73	-73	-70	-68	0	0	0	-74	-75	-75	0	0	-75	-76	0	0	0	-90	-89	0	-88	-89	-90	-56	0	0	0	0	0	0	0	0	0	0	0	0	0	0	0	0	0	0	0	0	0	0	0	0	0	0	0	0	0	0	0	0	0	0	0	-91	0	0	0	0	0	0	0	0	0	0	0	-68	0	0	0	0	0	0	0	0	0	0	0	0	0	0	0	0	0	0	0	0	0	0	0	0	0	0	0	0	0	0	0	0	0	0	2536	-6000	12069	19156	-7867	-159	-29	974	195	0	0	-1	-28	961	192	1606974730
-48	-50	-44	-53	-54	-58	-69	-68	-72	-78	-72	-72	-75	-68	0	0	-81	-81	-81	-81	-83	-82	-82	-82	-82	-81	0	-88	-89	0	-89	-89	-89	-57	0	-88	-88	-88	-93	-88	-90	0	0	0	0	0	0	-84	0	0	0	0	-91	0	0	0	0	0	0	0	0	0	0	0	0	0	0	0	0	-89	0	0	0	0	0	0	0	0	0	0	0	-69	0	0	0	0	0	0	0	0	0	0	0	0	0	0	0	0	0	0	0	0	0	0	0	0	0	0	0	0	0	0	0	0	0	0	2505	-5985	12076	19156	-7865	-160	-29	974	195	0	0	0	-28	961	192	1606974732
-46	-50	-45	-52	-54	-58	-69	-68	-71	0	-72	-72	-74	-69	0	0	0	-81	-82	-81	0	-80	-82	-81	0	0	0	-90	-90	0	-90	-89	-89	-59	0	-88	-88	-88	-93	-88	-88	-87	0	0	0	0	0	0	0	0	0	0	-91	0	0	0	0	0	0	0	0	0	0	0	0	0	0	0	0	0	0	0	0	0	0	0	0	0	0	0	0	-68	0	0	0	0	0	0	0	0	0	0	0	0	0	0	0	0	0	0	0	0	0	0	0	0	0	0	0	0	0	0	0	0	0	0	2521	-6015	12032	19156	-7865	-159	-28	974	194	0	0	0	-28	961	193	1606974733
-50	-53	-45	-52	-51	-59	-68	-68	-72	-78	-72	-72	-74	-67	0	0	-81	-81	-82	-82	-81	-79	-82	-82	-81	-81	0	-88	-91	0	-89	-90	-89	-58	0	-88	-87	-87	0	-89	-89	-87	0	0	0	0	0	0	0	0	0	0	0	0	0	0	0	0	0	0	0	0	0	0	0	0	0	0	0	0	0	0	0	0	0	0	0	0	0	0	0	-71	0	0	0	0	0	0	0	0	0	0	0	0	0	0	0	0	0	0	0	0	0	0	0	0	0	0	0	0	0	0	0	0	0	0	2573	-6000	12032	19156	-7868	-160	-28	974	195	0	-1	-1	-28	961	192	1606974735
0	-47	-44	-53	0	0	-68	-68	-71	-79	-71	-71	-75	-68	0	0	0	-81	-81	-83	0	-81	-81	-82	0	0	0	-92	-90	0	-89	-89	-89	-58	-63	-88	-89	-86	0	-88	-88	0	0	0	0	0	0	0	0	0	0	0	0	0	0	0	0	0	0	0	0	0	0	0	0	0	0	0	0	-90	0	0	0	0	0	0	0	0	0	0	0	-72	0	0	0	0	0	0	0	0	0	0	0	0	0	0	0	0	0	0	0	0	0	0	0	0	0	0	0	0	0	0	0	0	0	0	2566	-6016	12121	19156	-7866	-160	-28	974	194	0	-1	-1	-28	961	192	1606974736
-49	-46	-45	-52	-53	-58	-68	-69	-71	-78	-73	-72	-77	-68	0	-88	-83	-81	-81	-82	-81	-82	-82	-82	-81	-82	0	-90	-90	0	-90	-90	-89	-55	0	-89	-90	-90	0	-89	-88	-88	0	0	0	0	0	0	0	0	0	0	0	0	0	0	0	0	0	0	0	0	0	0	0	0	0	0	0	0	0	0	0	0	0	0	0	0	0	0	0	-67	0	0	0	0	0	0	0	0	0	0	0	0	0	0	0	0	0	0	0	0	0	0	0	0	0	0	0	0	0	0	0	0	0	0	2490	-5985	12061	19153	-7898	-144	-25	976	179	2	-1	1	-25	962	187	1606974738
-49	-57	-58	-58	-55	0	-71	-71	-78	-77	-78	-78	-74	-71	0	0	0	-86	-87	-86	0	0	-87	-86	0	0	0	-89	-90	0	-91	-89	-90	-53	0	-91	-92	-92	0	-91	-91	0	0	0	0	0	0	0	0	0	0	0	0	0	0	0	0	0	0	0	0	0	0	0	0	0	0	0	0	-90	0	0	0	0	0	0	0	0	0	0	0	-67	0	0	0	0	0	0	0	0	0	0	0	0	0	0	0	0	0	0	0	0	0	0	0	0	0	0	0	0	0	0	0	0	0	0	1293	-5057	10443	19168	-8106	-28	-3	981	161	-1	-1	-1	-5	968	152	1606974740
-56	-54	-49	-56	-57	0	-77	-78	-77	0	-80	-78	-74	-76	0	-83	0	-86	-86	-87	0	0	-87	-87	0	0	-87	0	0	0	0	-92	0	-53	-65	-91	-90	-92	0	-90	0	0	0	0	-89	-90	-88	-91	-87	0	-89	-91	0	0	0	0	0	0	0	0	0	0	0	0	0	0	0	0	0	0	0	0	0	0	0	0	0	0	0	0	0	-64	0	0	0	0	0	0	0	0	0	0	0	0	0	0	0	0	0	0	0	0	0	0	0	0	0	0	0	0	0	0	0	0	0	0	1308	-5057	10391	19170	-8091	-26	-5	981	156	0	0	-1	-5	968	154	1606974741
-56	-46	-47	-55	-58	-56	-75	-75	-69	0	-69	-69	-71	-73	0	0	0	-81	-82	-81	0	-85	-82	-81	0	0	-85	-91	-91	0	0	-92	0	-47	0	-91	-91	-92	0	-92	-90	-92	0	0	0	0	0	0	0	0	0	0	0	0	0	0	0	0	0	0	0	0	0	0	0	0	0	0	0	-91	0	0	0	0	0	0	0	0	0	0	0	-62	0	0	0	0	0	0	0	0	0	0	0	0	0	0	0	0	0	0	0	0	0	0	0	0	0	0	0	0	0	0	0	0	0	-91	1293	-5087	10398	19170	-8095	-26	-5	982	155	0	0	-1	-5	968	154	1606974743
-56	-53	-45	-54	-57	-56	0	0	-78	-72	-80	-79	-73	0	0	-83	0	-86	-85	-86	0	-85	-85	-87	0	0	-89	-92	-93	0	0	-92	0	-52	0	-92	-91	-90	0	-90	-93	0	0	0	0	0	0	0	0	0	0	0	0	0	0	0	0	0	0	0	0	0	0	0	0	0	0	0	0	0	0	0	0	0	0	0	0	0	0	0	0	-67	0	0	0	0	0	0	0	0	0	0	0	0	0	0	0	0	0	0	0	0	0	0	0	0	0	0	0	0	0	0	0	0	0	0	1270	-5042	10398	19170	-8094	-26	-4	982	156	0	-1	-1	-5	968	154	1606974745
-43	-47	0	-63	-56	-55	-78	-76	-78	-70	-80	-77	-74	-76	0	0	0	-86	-85	-85	0	0	-85	-86	0	0	-85	-94	0	-92	0	-93	0	-53	0	-91	-92	-90	0	-91	-91	0	0	0	0	0	0	0	0	0	0	0	0	0	0	0	0	0	0	0	0	0	0	0	0	0	0	0	0	0	0	0	0	0	0	0	0	0	0	0	0	-61	0	0	0	0	0	0	0	0	0	0	0	0	0	0	0	0	0	0	0	0	0	0	0	0	0	0	0	0	0	0	0	0	0	0	1309	-5102	10458	19170	-8094	-26	-5	981	156	0	-1	0	-5	968	154	1606974746
-46	-51	0	-57	-58	0	0	-75	-68	-72	-68	-68	-72	-75	0	-83	0	-82	-82	-82	0	0	-83	-82	0	0	-90	-93	-92	-94	0	-94	0	-47	0	-91	-92	-90	0	-92	-93	0	0	0	0	0	0	0	0	0	0	0	0	0	0	0	0	0	0	0	0	0	0	0	0	0	0	0	0	0	0	0	0	0	0	0	0	0	0	0	0	-70	0	0	0	0	0	0	0	0	0	0	0	0	0	0	0	0	0	0	0	0	0	0	0	0	0	0	0	0	0	0	0	0	0	0	1248	-5034	10428	19170	-8094	-26	-5	982	156	-1	-1	-1	-5	968	154	1606974748
-55	-48	0	-55	-58	0	-75	-75	-77	0	-78	-77	-75	-75	0	-83	0	-86	-87	-87	0	-84	-86	-87	0	0	-89	-91	-91	0	0	-91	0	-53	0	-91	-90	-91	0	-92	-91	0	0	0	0	0	0	-87	0	0	0	0	0	0	0	0	0	0	0	0	0	0	0	0	0	0	0	0	0	-90	0	0	0	0	0	0	0	0	0	0	0	-71	0	0	0	0	0	0	0	0	0	0	0	0	0	0	0	0	0	0	0	0	0	0	0	0	0	0	0	0	0	0	0	0	0	0	1278	-5020	10458	19170	-8095	-26	-5	981	156	-1	-1	-1	-5	968	154	1606974749
-43	-47	-47	-57	-57	0	-75	-75	-77	-72	-76	-77	-77	-76	0	-83	-85	-87	-86	-87	-85	-85	-87	-87	-83	-87	-87	0	-94	0	0	-93	0	-52	0	-90	-92	-92	0	-92	-92	-91	0	0	0	0	0	0	0	0	0	0	0	0	0	0	0	0	0	0	0	0	0	0	0	0	0	0	0	-90	-85	0	0	0	0	0	0	0	0	0	0	-63	0	0	0	0	0	0	0	0	0	0	0	0	0	0	0	0	0	0	0	0	0	0	0	0	0	0	0	0	0	0	0	0	0	0	1218	-5057	10443	19170	-8094	-26	-5	982	155	0	0	-1	-5	968	154	1606974751
-45	-49	-48	-57	-57	0	0	0	-75	-74	-76	-78	-78	-78	0	-85	0	-88	-88	-88	0	0	-87	-87	0	0	-89	-92	0	-92	0	-90	0	-51	0	-91	-91	-92	0	-91	-90	0	0	0	0	0	0	0	0	-85	0	-91	-93	-87	0	0	0	0	0	0	0	0	0	0	0	0	0	0	0	0	0	0	0	0	0	0	0	0	0	0	0	-64	0	0	0	0	0	0	0	0	0	0	0	0	0	0	0	0	0	0	0	0	0	0	0	0	0	0	0	0	0	0	0	0	0	0	1278	-5019	10398	19171	-8092	-25	-6	981	157	-1	-1	-1	-5	968	154	1606974752
-43	-46	-47	-55	-58	0	-79	0	-77	-72	-77	-77	-76	0	0	-85	-84	-87	-88	-88	0	0	-89	-88	0	-86	-86	-91	-92	-92	0	0	0	-51	0	-92	-90	-91	0	-90	-91	0	0	0	-89	0	0	0	0	0	-87	0	0	0	0	-91	0	0	0	0	0	0	0	0	0	0	0	0	0	0	-84	0	0	0	0	0	0	0	0	0	0	-58	0	0	0	0	0	0	0	0	0	0	0	0	0	0	0	0	0	0	0	0	0	0	0	0	0	0	0	0	0	0	0	0	0	0	1338	-5057	10398	19171	-8096	-25	-5	981	156	-1	0	-1	-5	968	154	1606974754
-43	-46	0	-55	-60	0	-77	-74	-77	0	-76	-76	-77	0	0	-84	0	-87	-87	-89	0	0	-87	-87	0	0	-91	0	-92	0	0	0	0	-51	0	-91	-91	-92	0	-91	-92	0	0	0	-89	0	-90	-88	-91	0	0	0	0	0	0	0	0	0	0	0	0	0	0	0	0	0	0	0	0	0	0	0	0	0	0	0	0	0	0	0	0	-58	0	0	0	0	0	0	0	0	0	0	0	0	0	0	0	0	0	0	0	0	0	0	0	0	0	0	0	0	0	0	0	0	0	0	1308	-5050	10443	19171	-8091	-25	-4	982	156	0	-1	-1	-5	968	154	1606974755
-43	-52	-47	-55	-59	0	-77	-78	-78	-72	-77	-78	0	-78	0	0	0	-86	-88	-88	0	-86	-87	-87	0	-86	-90	0	0	0	0	0	0	-52	0	-91	-91	-91	0	-91	0	0	0	0	0	0	0	0	0	-88	0	0	0	0	0	0	0	0	0	0	0	0	0	0	0	0	0	0	0	0	0	0	0	0	0	0	0	0	0	0	0	-58	0	0	0	0	0	0	0	0	0	0	0	0	0	0	0	0	0	0	0	0	0	0	0	0	0	0	0	0	0	0	0	0	0	0	1248	-5057	10398	19171	-8095	-24	-4	982	155	0	-1	0	-5	968	154	1606974757
0	0	0	-56	-58	-56	0	-76	-68	-71	-69	-68	-72	-78	0	0	0	-81	-81	-80	0	0	-82	-81	0	0	0	-92	0	-92	0	-91	0	-47	0	-93	-91	-90	0	-93	-91	0	0	0	0	0	0	0	0	0	0	0	0	0	0	0	0	0	0	0	0	0	0	0	0	0	0	0	0	0	0	0	0	0	0	0	0	0	0	0	0	-68	0	0	0	0	0	0	0	0	0	0	0	0	0	0	0	0	0	0	0	0	0	0	0	0	0	0	0	0	0	0	0	0	0	0	1248	-5057	10473	19172	-8100	-23	-5	982	155	-1	0	0	-4	968	153	1606974758
-43	-53	0	-55	-57	-57	-76	-77	-79	0	-79	-78	-78	-77	0	-85	0	-88	-88	-88	0	0	-88	-89	0	0	-87	-93	-92	-93	0	0	0	-52	0	-90	-93	-91	-94	-93	-90	0	0	0	0	0	0	0	0	0	0	-89	0	0	0	0	0	0	0	0	0	0	0	0	0	0	0	0	0	0	0	0	0	0	0	0	0	0	0	0	0	-62	0	0	0	0	0	0	0	0	0	0	0	0	0	0	0	0	0	0	0	0	0	0	0	0	0	0	0	0	0	0	0	0	0	0	1233	-5011	10398	19171	-8095	-24	-5	982	157	-1	-1	-1	-4	968	154	1606974760
-57	-53	-49	-56	-57	0	-77	-77	-67	-73	-68	-67	-72	-75	0	0	0	-81	-82	-81	0	0	-80	-82	0	0	0	-92	0	-92	0	-92	0	-48	0	-91	-92	-92	0	0	0	0	0	0	0	0	0	0	0	0	0	0	0	0	0	0	0	0	0	0	0	0	0	0	0	0	0	0	0	0	0	0	0	0	0	0	0	0	0	0	0	-67	0	0	0	0	0	0	0	0	0	0	0	0	0	0	0	0	0	0	0	0	0	0	0	0	0	0	0	0	0	0	0	0	-85	0	1248	-5049	10458	19171	-8093	-24	-5	982	155	-1	-1	-1	-5	968	154	1606974762
-44	0	-58	-55	-60	0	-76	-77	-76	-72	-79	-78	-74	-75	0	0	-87	-89	-87	-87	0	-85	-88	-88	0	-85	-88	-92	0	0	0	0	0	-51	0	-91	-92	-92	-95	-90	-92	0	0	0	0	0	0	0	0	0	0	0	0	0	0	0	0	0	0	0	0	0	0	0	0	0	0	0	0	0	0	0	0	0	0	0	0	0	0	0	0	-70	0	0	0	0	0	0	0	0	0	0	0	0	0	0	0	0	0	0	0	0	0	0	0	0	0	0	0	0	0	0	0	0	0	0	1263	-5042	10428	19171	-8098	-24	-4	981	155	-1	0	-1	-5	968	153	1606974763
-56	-46	-52	-55	-57	-55	-75	-77	-77	-70	-78	-76	-74	-76	0	0	0	-87	-87	-88	0	0	-87	-88	0	0	-89	0	-93	0	0	0	0	-51	0	-93	-91	-90	0	0	-91	0	-93	0	0	0	0	-90	0	-89	0	0	0	0	0	0	0	0	0	0	0	0	0	0	0	0	0	0	0	0	0	0	0	0	0	0	0	0	0	0	0	-63	0	0	0	0	0	0	0	0	0	0	0	0	0	0	0	0	0	0	0	0	0	0	0	0	0	0	0	0	0	0	0	0	0	0	1248	-5087	10406	19171	-8098	-23	-4	982	155	-1	-1	-1	-4	968	153	1606974765
-43	-54	0	-59	-66	0	-70	0	-66	-74	-66	-66	-71	0	0	-81	0	-83	-82	-82	0	-86	-83	-82	0	0	-88	0	0	-91	0	-91	0	-48	-62	0	-90	-92	0	-92	0	0	0	0	0	0	0	0	0	0	0	0	0	0	0	0	0	0	0	0	0	0	0	0	0	0	0	0	0	-90	0	0	0	0	0	0	0	0	0	0	0	-57	0	0	0	0	0	0	0	0	0	0	0	0	0	0	0	0	0	0	0	0	0	0	0	0	0	0	0	0	0	0	0	0	0	0	1278	-5057	10435	19171	-8097	-23	-4	982	156	-1	0	0	-4	968	153	1606974767
-51	-51	0	0	-61	-59	0	-76	-67	0	-67	-68	-72	-74	0	0	0	-80	-81	-80	0	0	-81	-81	0	0	-86	-92	-90	-92	0	-90	0	-49	0	-91	-91	-91	0	-91	-92	0	0	0	0	0	0	0	0	0	0	0	0	0	0	0	0	0	0	0	0	0	0	0	0	0	0	0	0	0	0	0	0	0	0	0	0	0	0	0	0	-62	0	0	0	0	0	0	0	0	0	0	0	0	0	0	0	0	0	0	0	0	0	0	0	0	0	0	0	0	0	0	0	0	0	0	1278	-4989	10383	19171	-8098	-24	-5	982	153	-1	-1	-1	-4	968	153	1606974768
0	-49	-49	-53	0	-54	0	-70	-79	-74	-78	-76	-75	-71	0	-83	-87	-86	-86	-87	-84	-86	-87	-87	-85	-84	-88	-93	-93	-92	0	-91	0	-52	-65	-89	-91	-91	0	-90	-90	0	0	-87	0	0	0	-86	0	0	-87	0	0	0	0	0	0	0	0	0	0	0	0	0	0	0	0	0	0	0	0	0	0	0	0	0	0	0	0	0	0	-58	0	0	0	0	0	0	0	0	0	0	0	0	0	0	0	0	0	0	0	0	0	0	0	0	0	0	0	0	0	0	0	0	0	0	1248	-5042	10443	19172	-8099	-23	-5	982	155	-1	-1	-1	-4	968	153	1606974770
-43	-53	-47	-56	-58	-57	-76	-71	0	-76	-68	-67	-72	-71	0	-82	0	-82	-82	-82	0	0	-82	-83	0	0	-85	0	0	0	0	0	0	-47	0	0	-91	-93	0	-92	0	0	0	-85	0	0	-87	0	-85	0	0	0	0	0	0	0	0	0	0	0	0	0	0	0	0	0	0	0	0	-94	0	0	0	0	0	0	0	0	0	0	0	-56	0	0	0	0	0	0	0	0	0	0	0	0	0	0	0	0	0	0	0	0	0	0	0	0	0	0	0	0	0	0	0	0	0	0	1248	-5072	10443	19172	-8098	-23	-4	982	155	-1	-1	0	-4	968	153	1606974771
-42	-48	-47	-64	-58	-56	-73	-67	-75	-76	-78	-77	-74	-76	0	-82	0	-87	-87	-87	0	0	-87	-88	0	0	-84	0	-91	0	0	-91	0	-52	0	-92	-91	-89	0	-91	-92	0	0	-87	0	0	0	0	0	0	0	0	0	0	0	-90	0	0	0	0	0	0	0	0	0	0	0	0	0	0	0	0	0	0	0	0	0	0	0	0	0	-56	0	0	0	0	0	0	0	0	0	0	0	0	0	0	0	0	0	0	0	0	0	0	0	0	0	0	0	0	0	0	0	0	0	0	1278	-5057	10443	19171	-8096	-23	-4	982	155	-1	-1	0	-4	968	154	1606974773
-54	-51	0	-60	-60	0	-72	0	-66	-71	-67	-67	-72	0	0	-82	0	-79	-79	-79	0	-85	-78	-79	0	0	-89	-90	-92	0	0	-89	-90	-48	0	-91	-91	-92	0	-92	-92	0	0	0	0	0	0	0	0	0	0	0	0	0	0	0	0	0	0	0	0	0	0	0	0	0	0	0	0	0	0	0	0	0	0	0	0	0	0	0	0	-63	0	0	0	0	0	0	0	0	0	0	0	0	0	0	0	0	0	0	0	0	0	0	0	0	0	0	0	0	0	0	0	0	0	0	1293	-5049	10428	19172	-8101	-24	-4	982	155	-1	-1	-1	-4	968	153	1606974775
-55	0	-49	-54	-60	0	0	-74	-77	-70	-79	-77	-76	-76	0	0	0	-87	-87	-87	0	0	-87	-87	0	0	-87	-94	-92	0	0	-93	0	-52	0	-90	-92	-90	0	-93	-92	0	0	0	0	0	0	-85	0	0	0	0	0	0	0	0	0	0	0	0	0	0	0	0	0	0	0	0	0	0	0	0	0	0	0	0	0	0	0	0	0	-65	0	0	0	0	0	0	0	0	0	0	0	0	0	0	0	0	0	0	0	0	0	0	0	0	0	0	0	0	0	0	0	0	0	0	1293	-5012	10428	19172	-8097	-23	-4	981	156	-1	-1	-1	-4	968	153	1606974776
-57	-53	-48	-53	-58	0	0	0	-77	-71	-79	-76	-76	0	0	-86	-86	-88	-87	-87	0	0	-87	-87	0	-86	0	-92	-91	0	0	-92	0	-52	0	-91	-92	-91	0	-91	-91	-93	0	0	0	0	0	0	0	-93	0	0	0	0	0	0	0	0	0	0	0	0	0	0	0	0	0	0	0	0	0	0	0	0	0	0	0	0	0	0	0	-65	0	0	0	0	0	0	0	0	0	0	0	0	0	0	0	0	0	0	0	0	0	0	0	0	0	0	0	0	0	0	0	0	0	0	1278	-4997	10458	19172	-8097	-22	-4	982	154	-1	-1	-1	-4	968	153	1606974778
-42	-47	-47	-55	-57	0	-74	-77	-78	-71	-76	-77	-75	-76	0	-83	0	-89	-88	-89	0	0	-87	-88	0	0	-85	-90	-92	0	0	-92	0	-51	0	-91	-91	-92	0	-91	-91	0	0	0	0	0	0	-88	0	0	0	0	0	0	0	0	0	0	0	0	0	0	0	0	0	0	0	0	0	-90	0	0	0	0	0	0	0	0	0	0	0	-70	0	0	0	0	0	0	0	0	0	0	0	0	0	0	0	0	0	0	0	0	0	0	0	0	0	0	0	0	0	0	0	0	0	0	1233	-5027	10428	19172	-8098	-22	-4	982	155	-1	-1	0	-4	968	153	1606974779
-44	-47	-47	-55	-58	0	0	0	-77	-71	-79	-79	0	-77	0	0	0	-89	-87	-88	0	0	-88	-88	0	0	-87	-93	-91	0	0	-92	0	-51	0	-90	-91	-91	0	-91	-91	0	0	0	0	0	0	0	0	-87	0	0	0	0	0	0	0	0	0	0	0	0	0	0	0	0	0	0	0	0	0	0	0	0	0	0	0	0	0	0	0	-64	0	0	0	0	0	0	0	0	0	0	0	0	0	0	0	0	0	0	0	0	0	0	0	0	0	0	0	0	0	0	0	0	0	0	1293	-5042	10443	19172	-8099	-22	-4	982	155	-1	-1	-1	-4	968	153	1606974781
-56	-48	-47	-55	-57	-56	0	-77	-66	-71	-67	-68	-71	-75	0	0	0	-81	-81	-81	0	0	-81	-81	0	0	-87	0	0	0	0	-92	0	-47	0	-91	-91	-90	0	-92	-93	0	0	0	0	0	0	0	0	0	0	0	0	0	0	0	0	0	0	0	0	0	0	0	0	0	0	0	0	0	0	0	0	0	0	0	0	0	0	0	0	-65	0	0	0	0	0	0	0	0	0	0	0	0	0	0	0	0	0	0	0	0	0	0	0	0	0	0	0	0	0	0	0	0	0	0	1308	-5042	10443	19172	-8099	-21	-4	982	153	-1	-1	-1	-4	968	153	1606974783
-43	-55	-47	-55	-58	-55	-76	-77	-76	-70	-77	-77	0	0	0	0	0	-87	-87	-88	0	0	-88	-87	0	-87	0	-92	-91	0	0	-91	0	-52	0	-91	-91	-92	-93	-91	-92	0	0	-88	0	0	-91	-88	0	0	-89	0	0	0	0	0	0	0	0	0	0	0	0	0	0	0	0	0	0	0	0	0	0	0	0	0	0	0	0	0	0	-63	0	0	0	0	0	0	0	0	0	0	0	0	0	0	0	0	0	0	0	0	0	0	0	0	0	0	0	0	0	0	0	0	0	0	1278	-5072	10383	19172	-8101	-21	-4	982	155	-1	0	0	-4	968	153	1606974784
-56	-48	-46	-55	-57	-54	0	-76	-77	-71	-79	-76	-75	0	0	0	0	-87	-88	-87	0	0	-88	-88	0	0	0	-93	0	0	0	-93	0	-51	0	-91	-91	-92	0	-91	-90	0	0	0	0	0	-90	0	0	-92	-89	0	0	0	0	0	0	0	0	0	0	0	0	0	0	0	0	0	0	-91	0	0	0	0	0	0	0	0	0	0	0	-59	0	0	0	0	0	0	0	0	0	0	0	0	0	0	0	0	0	0	0	0	0	0	0	0	0	0	0	0	0	0	0	0	0	0	1248	-5072	10398	19172	-8100	-22	-5	982	153	-1	-1	-1	-4	968	153	1606974786
-43	-54	-47	-55	-58	-57	-75	-76	-68	-71	-67	-68	-72	-76	0	0	0	-81	-81	-81	0	0	-81	-82	0	0	-86	-92	-91	0	0	-91	0	-48	0	0	-93	-93	0	-92	-91	0	0	0	0	0	0	0	0	0	0	0	0	0	0	0	0	0	0	0	0	0	0	0	0	0	0	0	0	-92	0	0	0	0	0	0	0	0	0	0	0	-63	0	0	0	0	0	0	0	0	0	0	0	0	0	0	0	0	0	0	0	0	0	0	0	0	0	0	0	0	0	0	0	0	0	0	1293	-4997	10435	19172	-8101	-21	-4	983	153	-1	0	-1	-4	968	153	1606974787
-56	-47	0	-54	-58	0	-75	-75	-68	0	-67	-68	-72	-75	0	-83	0	-80	-81	-82	0	0	-81	-81	0	0	-87	0	-92	0	0	-92	0	-47	-65	0	-92	-92	0	-92	0	0	0	0	0	0	0	0	0	0	0	-92	0	0	0	0	0	0	0	0	0	0	0	0	0	0	0	0	0	0	0	0	0	0	0	0	0	0	0	0	0	-63	0	0	0	0	0	0	0	0	0	0	0	0	0	0	0	0	0	0	0	0	0	0	0	0	0	0	0	0	0	0	0	0	0	0	1263	-5057	10435	19172	-8102	-22	-4	982	154	-1	0	-1	-4	968	153	1606974789
-42	-48	-48	-55	-58	0	-75	-75	-78	-71	-78	-78	-76	-77	0	-81	-85	-86	-88	-86	0	0	-87	-86	0	-88	-87	-92	-92	-95	0	0	0	-52	0	-91	-92	-91	-93	0	-91	-94	0	0	0	0	0	0	0	0	0	0	-87	0	0	0	0	0	0	0	0	0	0	0	0	0	0	0	0	-90	0	0	0	0	0	0	0	0	0	0	0	-59	0	0	0	0	0	0	0	0	0	0	0	0	0	0	0	0	0	0	0	0	0	0	0	0	0	0	0	0	0	0	0	0	0	0	1142	-5004	10398	19173	-8102	-21	-4	983	154	-1	-1	0	-4	968	153	1606974791
-43	-49	-48	-53	-57	0	-76	-77	-75	-71	-76	-76	-74	0	0	-83	0	-88	-86	-87	0	0	-87	-87	0	0	-87	0	-94	-91	0	0	0	-51	0	-91	-91	-90	-92	-91	-91	0	0	0	0	0	0	-90	0	0	0	0	0	0	0	0	0	0	0	0	0	0	0	0	0	0	0	0	0	-92	0	0	0	0	0	0	0	0	0	0	0	-62	0	0	0	0	0	0	0	0	0	0	0	0	0	0	0	0	0	0	0	0	0	0	0	0	0	0	0	0	0	0	0	0	0	0	1248	-5004	10398	19173	-8103	-20	-3	982	154	-1	-1	-1	-4	968	152	1606974792
-43	-48	-46	-54	-57	0	-75	0	-77	-72	-76	-76	-74	0	0	0	-85	-87	-87	-87	-85	0	-87	-87	0	-85	-85	-93	-94	0	0	-90	0	-52	0	-90	-91	-92	0	-92	-91	-91	0	0	0	0	0	0	0	0	0	0	0	0	0	0	0	0	0	0	0	0	0	0	0	0	0	0	0	0	0	0	0	0	0	0	0	0	0	0	0	-59	0	0	0	0	0	0	0	0	0	0	0	0	0	0	0	0	0	0	0	0	0	0	0	0	0	0	0	0	0	0	0	0	0	0	1248	-5042	10398	19173	-8104	-21	-3	982	154	-1	-1	-1	-4	968	152	1606974794
-43	-53	-48	-55	-57	-57	-75	-76	-67	0	-68	-66	-71	-75	0	-82	-85	-81	-80	-82	-86	-85	-81	-81	-85	-88	-88	0	-92	0	0	-93	0	-47	0	-92	-90	-91	0	-91	-93	0	0	0	0	0	0	0	0	-90	0	0	-90	-90	0	0	0	0	0	0	0	0	0	0	0	0	0	0	0	0	0	0	0	0	0	0	0	0	0	0	0	-63	0	0	0	0	0	0	0	0	0	0	0	0	0	0	0	0	0	0	0	0	0	0	0	0	0	0	0	0	0	0	0	0	-87	0	1248	-5042	10398	19173	-8103	-21	-3	982	156	-1	-1	-1	-4	968	153	1606974795
-57	-52	-48	-55	-57	-56	0	-77	-79	-72	-78	-77	-74	-78	0	0	-85	-88	-88	-86	0	-84	-87	-88	-84	0	-87	-92	-92	-91	0	0	0	-52	0	-93	-91	-91	0	-90	-91	0	0	0	0	0	0	0	0	0	0	0	0	0	0	0	0	0	0	0	0	0	0	0	0	0	0	0	0	0	0	0	0	0	0	0	0	0	0	0	0	0	0	0	0	0	0	0	0	0	0	0	0	0	0	0	0	0	0	0	0	0	0	0	0	0	0	0	0	0	0	0	0	0	-87	0	1285	-5011	10338	19172	-8099	-22	-3	981	155	-1	-1	-1	-4	968	153	1606974797
-56	-54	-47	-55	-57	0	0	-77	-66	0	-68	-66	-73	-76	0	0	-82	-81	-81	-82	-86	-87	-82	-81	-86	-85	0	-92	-91	0	0	-90	0	-48	0	-91	-92	-91	0	-92	-91	0	0	0	0	0	0	0	0	0	0	0	0	0	0	0	0	0	0	0	0	0	0	0	0	0	0	0	0	0	0	0	0	0	0	0	0	0	0	0	0	-75	0	0	0	0	0	0	0	0	0	0	0	0	0	0	0	0	0	0	0	0	0	0	0	0	0	0	0	0	0	0	0	0	0	0	1248	-5072	10443	19173	-8103	-21	-4	982	154	-1	-1	-1	-4	968	152	1606974799
-42	-49	0	-55	-57	0	-76	0	-76	-71	-78	-76	-75	0	0	0	0	-88	-88	-88	0	0	-89	-87	0	0	0	0	-94	-91	0	-90	0	-52	0	-92	-92	-91	-94	0	-91	0	0	0	0	0	0	0	0	-91	0	0	0	0	0	0	0	0	0	0	0	0	0	0	0	0	0	0	0	0	0	0	0	0	0	0	0	0	0	0	0	-67	0	0	0	0	0	0	0	0	0	0	0	0	0	0	0	0	0	0	0	0	0	0	0	0	0	0	0	0	0	0	0	0	0	0	1278	-5057	10435	19172	-8100	-21	-4	982	153	-1	-1	0	-4	968	153	1606974800
0	-49	0	-56	-58	0	-75	-77	-79	-71	-77	-80	-75	-76	0	-83	0	-87	-88	-87	0	0	-87	-87	0	0	-86	-92	-93	-92	0	-91	0	-52	0	-92	-91	-90	-94	-90	-91	0	-92	0	0	0	-90	0	0	0	-91	0	0	0	0	0	0	0	0	0	0	0	0	0	0	0	0	0	0	-92	0	0	0	0	0	0	0	0	0	0	0	-68	0	0	0	0	0	0	0	0	0	0	0	0	0	0	0	0	0	0	0	0	0	0	0	0	0	0	0	0	0	0	0	0	-90	0	1233	-5064	10398	19172	-8094	-20	-4	981	156	-1	-1	0	-4	968	154	1606974802
-52	-49	-55	0	-62	-56	-73	0	-67	-71	-69	-67	-74	0	0	-87	0	-80	-80	-81	0	0	-81	-81	0	0	-89	-93	-91	0	0	-92	0	-46	0	-90	-92	-92	0	-92	-91	0	0	0	0	0	0	0	0	0	0	0	0	0	0	-89	-84	0	0	0	0	-86	0	-85	-85	0	0	0	0	0	0	0	0	0	0	0	0	0	0	0	0	-62	0	0	0	0	0	0	0	0	0	0	0	0	0	0	0	0	0	0	0	0	0	0	0	0	0	0	0	0	0	0	0	0	0	0	1203	-5087	10480	19173	-8097	-19	-5	983	156	-1	-1	0	-4	968	154	1606974804
-50	-47	-55	-54	-53	-56	0	-72	-76	-69	-79	-79	-75	-72	0	0	0	-87	-88	-87	0	0	-87	-87	0	0	-89	-91	-91	0	0	-91	0	-51	0	-92	-92	-92	-93	-90	-91	0	0	0	0	0	0	0	0	0	0	0	0	-93	0	0	0	0	0	0	0	0	0	0	0	0	0	0	0	0	0	0	0	0	0	0	0	0	0	0	0	-59	0	0	0	0	0	0	0	0	0	0	0	0	0	0	0	0	0	0	0	0	0	0	0	0	0	0	0	0	0	0	0	0	0	0	1203	-5079	10458	19172	-8091	-20	-4	983	156	-1	-1	-1	-4	968	155	1606974805
-46	-54	0	-53	-52	0	-74	-67	-67	-69	0	-68	-72	-67	0	0	0	-81	-81	-81	0	-84	-81	-81	0	0	-86	-93	-92	0	0	-92	0	-47	0	-92	-93	-91	0	-92	-91	-89	0	0	0	0	0	0	0	0	0	0	0	0	0	0	0	0	0	0	0	0	0	0	0	0	0	0	0	0	0	0	0	0	0	0	0	0	0	0	0	-65	0	0	0	0	0	0	0	0	0	0	0	0	0	0	0	0	0	0	0	0	0	0	0	0	0	0	0	0	0	0	0	0	0	0	1249	-5132	10458	19172	-8092	-20	-3	981	156	-1	-1	-1	-4	968	154	1606974807
-52	-51	-53	-54	-53	0	-72	-68	-78	-71	-80	-77	-75	-72	0	0	-86	-88	-87	-87	-86	-92	-87	-88	-87	-86	-86	-93	-92	0	0	0	0	-52	0	-92	-94	-91	-93	-91	-94	-92	0	0	0	0	0	0	0	0	0	0	0	0	0	0	0	0	0	0	0	0	0	0	0	0	0	0	0	0	0	0	0	0	0	0	0	0	0	0	0	-68	0	0	0	0	0	0	0	0	0	0	0	0	0	0	0	0	0	0	0	0	0	0	0	0	0	0	0	0	0	0	0	0	0	0	1203	-5087	10458	19173	-8095	-19	-3	982	157	-1	-1	-1	-4	968	154	1606974808
-46	-51	-56	-53	-52	0	0	-68	-76	-70	-79	-79	-76	0	0	0	0	-86	-86	-87	0	-84	-87	-87	0	0	-89	-91	-94	0	0	0	0	-52	0	-90	-91	-91	-92	-91	-93	0	0	0	0	0	0	-86	0	0	0	0	0	0	0	0	0	0	0	0	0	0	0	0	0	0	0	0	0	0	0	0	0	0	0	0	0	0	0	0	0	-60	0	0	0	0	0	0	0	0	0	0	0	0	0	0	0	0	0	0	0	0	0	0	0	0	0	0	0	0	0	0	0	0	-87	0	1233	-5087	10473	19172	-8091	-20	-4	981	155	0	0	-1	-4	968	155	1606974810
-52	-50	0	-53	-53	-56	-69	-74	-67	-70	-67	-68	-73	-73	0	-85	0	-80	-82	-82	0	-87	-81	-81	0	0	-93	-93	-92	0	0	-92	0	-46	0	-93	-91	-92	0	-93	-91	0	0	0	0	0	0	0	0	0	0	0	0	0	0	0	0	0	0	0	0	0	0	0	0	0	0	0	0	0	0	0	0	0	0	0	0	0	0	0	0	-63	0	0	0	0	0	0	0	0	0	0	0	0	0	0	0	0	0	0	0	0	0	0	0	0	0	0	0	0	0	0	0	0	0	0	1233	-5072	10487	19172	-8091	-20	-4	981	157	-1	0	-1	-4	968	155	1606974811
0	-50	0	-54	0	0	-73	-73	-67	-69	-66	-68	-73	-73	0	-89	-86	-83	-83	-82	-86	-87	-82	-82	-85	-86	-88	-91	-93	0	0	-90	0	-46	0	-91	-91	-92	0	-94	0	0	0	0	0	0	0	0	0	0	0	0	0	0	0	0	0	0	0	0	0	0	0	0	0	0	0	0	0	0	0	0	0	0	0	0	0	0	0	0	0	-63	0	0	0	0	0	0	0	0	0	0	0	0	0	0	0	0	0	0	0	0	0	0	0	0	0	0	0	0	0	0	0	0	0	0	1233	-5072	10458	19173	-8096	-20	-4	982	155	-1	0	0	-4	968	154	1606974813
-51	-50	0	-53	-53	-55	-73	-72	-66	-70	-67	-68	-73	-68	0	0	-84	-81	-82	-82	0	-85	-82	-82	-86	-83	0	-92	-93	0	0	-91	0	-46	0	-91	-92	-92	0	-91	0	0	0	0	0	0	0	0	0	0	0	0	0	0	0	0	0	0	0	0	0	0	0	0	0	0	0	0	0	0	0	0	0	0	0	0	0	0	0	0	0	-66	0	0	0	0	0	0	0	0	0	0	0	0	0	0	0	0	0	0	0	0	0	0	0	0	0	0	0	0	0	0	0	0	0	0	1218	-5042	10473	19172	-8090	-19	-4	981	157	-1	-1	-1	-4	968	155	1606974814
-47	-57	0	-53	-53	0	-71	-72	-68	-70	-68	-68	-72	-68	0	0	-86	-82	-81	-81	-87	-85	-82	-82	-85	-85	-91	-91	-91	0	0	-92	0	-46	-63	0	-91	-92	0	-93	-92	0	0	0	0	0	0	0	0	0	0	0	0	0	0	0	0	0	0	0	0	0	0	0	0	0	0	0	0	0	0	0	0	0	0	0	0	0	0	0	0	-64	0	0	0	0	0	0	0	0	0	0	0	0	0	0	0	0	0	0	0	0	0	0	0	0	0	0	0	0	0	0	0	0	0	0	1248	-5012	10472	19172	-8091	-19	-4	982	156	-1	0	0	-4	968	154	1606974816
-51	-52	0	-54	-52	0	-73	-73	-80	-70	-77	-80	-75	-73	0	0	-86	-87	-86	-86	-86	-86	-86	-86	-86	-85	-88	-90	0	0	0	-93	0	-52	0	-90	-92	-90	-93	0	-91	0	0	0	0	0	0	0	0	0	0	0	0	0	0	0	0	0	0	0	0	0	0	0	0	0	0	0	0	0	0	0	0	0	0	0	0	0	0	0	0	-65	0	0	0	0	0	0	0	0	0	0	0	0	0	0	0	0	0	0	0	0	0	0	0	0	0	0	0	0	0	0	0	0	0	0	1278	-5072	10458	19172	-8089	-19	-3	982	156	0	0	0	-4	968	155	1606974818
-49	-50	-52	-53	-53	0	-67	-67	-77	0	-80	-77	-76	-72	0	-83	0	-89	-86	-87	0	-85	-88	-87	0	0	-87	-92	-92	0	0	0	0	-52	0	-92	-91	-92	-93	-91	-91	0	0	0	0	0	0	0	0	-89	0	0	0	0	0	0	0	0	0	0	0	0	0	0	0	0	0	0	0	0	0	0	0	0	0	0	0	0	0	0	0	-65	0	0	0	0	0	0	0	0	0	0	0	0	0	0	0	0	0	0	0	0	0	0	0	0	0	0	0	0	0	0	0	0	0	0	1143	-5087	10458	19172	-8090	-19	-3	981	158	-1	-1	0	-4	968	155	1606974819
-46	-56	-52	-54	-53	0	0	-67	-79	0	-78	-80	-76	-65	0	-81	0	-88	-88	-86	0	-86	-88	-87	0	0	-88	-90	-93	0	0	-92	0	-52	0	0	-91	-91	0	-91	-91	0	0	0	0	0	-85	0	0	0	-86	0	0	0	0	0	0	0	0	0	0	0	0	0	0	0	0	0	0	0	0	0	0	0	0	0	0	0	0	0	0	-77	0	0	0	0	0	0	0	0	0	0	0	0	0	0	0	0	0	0	0	0	0	0	0	0	0	0	0	0	0	0	0	0	-86	0	1218	-5087	10458	19172	-8088	-20	-4	982	156	-1	0	-1	-4	968	155	1606974821
-46	-52	-54	0	-53	-57	0	-66	-69	-69	-68	-68	-74	0	0	0	-85	-82	-82	-82	-86	-86	-82	-82	-86	-85	-90	0	-91	0	0	-94	0	-47	0	0	0	-92	0	-90	0	0	0	0	0	0	0	-87	0	0	0	0	0	0	0	0	0	0	0	0	0	0	0	0	0	0	0	0	0	0	0	0	0	0	0	0	0	0	0	0	0	-63	0	0	0	0	0	0	0	0	0	0	0	0	0	0	0	0	0	0	0	0	0	0	0	0	0	0	0	0	0	0	0	0	0	0	1293	-5057	10458	19172	-8092	-20	-4	982	156	0	0	-1	-4	968	154	1606974822
-46	0	0	0	-53	-56	0	0	-78	-70	-78	-78	-76	-73	0	-81	-85	-86	-87	-87	-86	0	-87	-87	-88	-86	0	-93	-92	0	0	-91	0	-52	0	-91	-92	-93	0	-90	-92	0	0	0	0	0	-88	0	0	0	-89	0	0	0	0	0	0	0	0	0	0	0	0	0	0	-93	0	0	0	-93	0	0	0	0	0	0	0	0	0	0	0	0	0	0	0	0	0	0	0	0	0	0	0	0	0	0	0	0	0	0	0	0	0	0	0	0	0	0	0	0	0	0	0	0	0	0	1316	-5087	10518	19172	-8087	-19	-4	982	157	0	0	0	-4	968	155	1606974824
-45	-57	-55	-54	-53	-56	-72	-67	-80	0	-78	-81	-75	-71	0	0	-87	-87	-87	-86	0	-86	-87	-88	0	-84	0	-93	-91	0	0	-92	0	-52	-65	-92	-93	-90	-95	-91	-92	0	0	0	0	0	-88	-86	-88	0	-88	0	0	0	0	0	0	0	0	0	0	0	0	0	0	0	0	0	0	0	0	0	0	0	0	0	0	0	0	0	0	-79	0	0	0	0	0	0	0	0	0	0	0	0	0	0	0	0	0	0	0	0	0	0	0	0	0	0	0	0	0	0	0	0	0	0	1293	-5072	10443	19172	-8088	-20	-3	981	157	0	0	-1	-4	968	155	1606974826
-48	-55	-55	-53	-54	-55	-72	-66	-80	-70	-80	-80	-76	-72	0	0	0	-87	-86	-87	0	0	-87	-87	0	0	-89	-93	-93	0	0	0	0	-52	0	-91	-91	-92	0	-90	-91	0	0	0	0	0	0	-85	0	0	-87	0	0	0	0	0	0	0	0	0	0	0	0	0	0	0	0	0	0	0	0	0	0	0	0	0	0	0	0	0	0	-68	0	0	0	0	0	0	0	0	0	0	0	0	0	0	0	0	0	0	0	0	0	0	0	0	0	0	0	0	0	0	0	0	-89	0	1278	-5072	10473	19172	-8089	-19	-3	981	157	0	0	0	-4	968	155	1606974827
0	-51	-54	-54	0	0	-67	-72	-67	-71	-67	-67	-73	-72	0	0	0	-82	-82	-82	0	0	-82	-81	0	0	0	-91	-91	0	0	0	0	-47	0	-92	-91	-91	0	-91	-93	0	0	-86	0	0	-89	-84	0	0	-87	0	0	0	0	0	0	0	0	0	0	0	0	0	0	0	0	0	0	0	0	0	0	0	0	0	0	0	0	0	0	0	0	0	0	0	0	0	0	0	0	0	0	0	0	0	0	0	0	0	0	0	0	0	0	0	0	0	0	0	0	0	0	0	0	0	1278	-5057	10443	19172	-8090	-19	-4	982	157	0	0	0	-4	968	155	1606974829
-47	-56	-56	-54	-53	-55	-67	-72	-66	-70	-69	-68	-73	-72	0	0	0	-81	-82	-82	0	0	-82	-82	0	0	-89	-92	-93	0	0	-91	0	-47	0	-93	-91	-91	0	-92	-91	0	0	0	0	0	0	0	0	0	0	0	0	0	0	-87	0	0	0	0	0	0	0	0	0	0	0	0	0	0	0	0	0	0	0	0	0	0	0	0	0	-68	0	0	0	0	0	0	0	0	0	0	0	0	0	0	0	0	0	0	0	0	0	0	0	0	0	0	0	0	0	0	0	0	0	0	1196	-5057	10480	19172	-8088	-20	-4	982	156	-1	-1	0	-4	968	155	1606974830
-43	-57	-54	-53	-52	-57	-66	-73	-80	-70	-80	-80	-75	-67	0	0	0	-86	-87	-87	0	0	-86	-86	0	0	-90	-92	-92	0	0	-91	0	-52	0	-93	-91	-92	-93	-91	-91	0	0	0	0	0	0	0	0	-89	0	0	0	0	0	0	0	0	0	0	0	0	0	0	0	0	0	0	0	0	0	0	0	0	0	0	0	0	0	0	0	-63	0	0	0	0	0	0	0	0	0	0	0	0	0	0	0	0	0	0	0	0	0	0	0	0	0	0	0	0	0	0	0	0	0	0	1233	-5057	10487	19172	-8087	-20	-4	982	157	0	-1	-1	-4	968	155	1606974832
-48	-51	-54	0	-53	0	0	-73	-67	-69	-66	-69	-72	0	0	0	0	-82	-82	-82	0	0	-82	-81	0	0	0	-92	-92	0	0	-92	0	-46	0	-90	-92	-91	0	-93	-91	0	0	0	0	0	0	0	0	0	0	0	0	0	0	0	0	0	0	0	0	0	0	0	0	0	0	0	0	0	0	0	0	0	0	0	0	0	0	0	0	-64	0	0	0	0	0	0	0	0	0	0	0	0	0	0	0	0	0	0	0	0	0	0	0	0	0	0	0	0	0	0	0	0	0	0	1293	-5057	10473	19173	-8093	-18	-3	982	157	0	0	0	-4	968	154	1606974834
-51	-53	-54	-54	-52	0	-72	-67	-77	0	-78	-78	-75	-66	0	-81	0	-87	-87	-87	0	0	-87	-87	0	0	-86	-91	-92	0	0	-93	0	-52	0	-91	-92	-92	0	-91	-92	0	0	0	0	0	0	0	0	0	0	0	0	0	0	0	0	0	0	0	0	0	0	0	0	0	0	0	0	0	0	0	0	0	0	0	0	0	0	0	0	-74	0	0	0	0	0	0	0	0	0	0	0	0	0	0	0	0	0	0	0	0	0	0	0	0	0	0	0	0	0	0	0	0	0	0	1248	-5087	10473	19172	-8086	-18	-4	981	157	0	0	0	-4	968	155	1606974835
-47	-52	-55	-54	-53	0	-73	-72	-78	-71	-80	-77	-74	-73	0	-79	0	-87	-88	-87	0	0	-87	-87	0	0	-87	-91	-92	0	-92	-91	0	-52	0	-90	-91	-90	0	-91	-91	0	0	0	0	0	-88	0	0	0	-88	0	0	0	0	0	0	0	0	0	0	0	0	0	0	0	0	0	0	0	0	0	0	0	0	0	0	0	0	0	0	-65	0	0	0	0	0	0	0	0	0	0	0	0	0	0	0	0	0	0	0	0	0	0	0	0	0	0	0	0	0	0	0	0	0	0	1203	-5147	10458	19173	-8088	-17	-3	982	157	0	0	-1	-3	968	155	1606974837
-51	-52	-53	-54	-53	0	-67	-73	-66	-71	-67	-67	-73	-72	0	-80	0	-81	-81	-81	0	0	-82	-82	0	0	0	-91	0	0	0	-92	0	-46	0	-91	-92	-92	0	-92	-92	0	0	-87	0	0	0	0	0	0	0	0	0	0	0	0	0	0	0	0	0	0	0	0	0	0	0	0	0	0	0	0	0	0	0	0	0	0	0	0	0	0	0	0	0	0	0	0	0	0	0	0	0	0	0	0	0	0	0	0	0	0	0	0	0	0	0	0	0	0	0	0	0	0	0	0	1203	-5132	10473	19173	-8091	-19	-4	983	157	0	0	-1	-4	968	154	1606974838
-49	-55	-54	-54	-53	-57	-73	-67	-78	-71	-77	-79	-74	-73	0	-81	0	-86	-86	-86	0	0	-86	-86	0	0	-89	0	-93	0	0	-92	0	-53	0	-90	-91	-90	-93	-91	-91	0	0	0	0	0	0	0	0	-91	0	0	0	0	0	0	0	0	0	0	0	0	0	0	0	0	0	0	0	0	0	0	0	0	0	0	0	0	0	0	0	-65	0	0	0	0	0	0	0	0	0	0	0	0	0	0	0	0	0	0	0	0	0	0	0	0	0	0	0	0	0	0	0	0	0	0	1241	-5057	10473	19172	-8087	-19	-3	982	157	0	0	-1	-4	968	155	1606974840
-46	-51	-53	-54	-53	0	-73	-73	-67	-71	-67	-68	-72	-69	0	0	0	-80	-80	-82	0	0	-81	-81	0	0	-88	-91	-92	0	0	-90	-92	-47	0	-91	-91	-93	0	-91	0	0	0	0	0	0	0	0	0	0	0	0	0	0	0	0	0	0	0	0	0	0	0	0	0	0	0	0	0	0	0	0	0	0	0	0	0	0	0	0	0	-68	0	0	0	0	0	0	0	0	0	0	0	0	0	0	0	0	0	0	0	0	0	0	0	0	0	0	0	0	0	0	0	0	0	0	1233	-5042	10458	19172	-8086	-19	-3	981	158	0	0	0	-4	968	155	1606974842
-42	-50	-55	-54	-54	0	-67	0	-79	0	-77	-77	-75	0	0	0	0	-87	-86	-86	0	0	-87	-86	0	0	0	-92	-92	0	0	-90	0	-52	-64	-92	-91	-93	0	-91	-91	0	0	0	0	-88	-88	-85	-87	0	-88	0	0	0	0	0	0	0	0	0	0	0	0	0	0	0	0	0	0	0	0	0	0	0	0	0	0	0	0	0	0	-64	0	0	0	0	0	0	0	0	0	0	0	0	0	0	0	0	0	0	0	0	0	0	0	0	0	0	0	0	0	0	0	0	0	0	1248	-5042	10487	19172	-8090	-19	-4	981	156	0	0	-1	-4	968	155	1606974843
0	-52	0	-54	-53	0	-67	-73	-80	0	-78	-79	-74	-68	0	-81	0	-87	-86	-89	0	0	-88	-86	0	0	-92	-90	-91	0	0	-92	-90	-53	-63	-91	-92	-92	0	-91	-90	-89	0	0	0	0	0	0	0	0	0	0	0	0	0	0	0	0	0	-94	0	0	0	0	0	0	0	0	0	0	0	0	0	0	0	0	0	0	0	0	0	-63	0	0	0	0	0	0	0	0	0	0	0	0	0	0	0	0	0	0	0	0	0	0	0	0	0	0	0	0	0	0	0	0	0	0	1248	-5087	10473	19172	-8087	-19	-3	982	156	0	0	-1	-4	968	155	1606974845
-51	-55	-54	-54	-53	0	-73	-66	-77	-71	-78	-77	-75	-71	0	0	0	-86	-87	-88	0	0	-88	-88	0	0	-88	-91	-92	0	0	-92	0	-52	0	-92	-91	-91	-93	-92	-91	-90	0	-90	0	0	0	0	0	0	0	0	0	0	0	0	0	0	0	0	0	0	0	0	0	0	0	0	0	0	-86	0	0	0	0	0	0	0	0	0	0	-65	0	0	0	0	0	0	0	0	0	0	0	0	0	0	0	0	0	0	0	0	0	0	0	0	0	0	0	0	0	0	0	0	0	0	1218	-5102	10413	19172	-8087	-20	-4	981	157	0	0	-1	-4	968	155	1606974846
-50	-52	-52	-54	-52	0	-73	-73	-79	-69	-77	-79	-74	-68	0	-81	0	-86	-88	-87	0	-84	-88	-89	0	0	-87	-92	-93	0	0	-91	0	-53	0	-91	-90	-91	-93	-92	-90	-91	0	0	0	0	0	0	0	0	0	0	0	0	0	0	0	0	0	0	0	0	0	0	0	0	0	0	0	0	0	0	0	0	0	0	0	0	0	0	0	-63	0	0	0	0	0	0	0	0	0	0	0	0	0	0	0	0	0	0	0	0	0	0	0	0	0	0	0	0	0	0	0	0	0	0	1263	-5087	10458	19172	-8091	-19	-5	982	157	0	0	-1	-4	968	154	1606974848
-46	-52	-52	-52	-53	0	-73	0	-80	-70	-78	-77	-75	0	0	-81	-84	-87	-87	-87	0	-74	-87	-87	-86	-86	-90	-93	-91	0	0	-92	0	-53	0	-91	-91	-92	-91	-91	-93	0	-92	0	0	0	0	0	0	0	0	0	0	0	0	0	0	0	0	0	0	0	0	0	0	0	0	0	0	0	0	0	0	0	0	0	0	0	0	0	0	-62	0	0	0	0	0	0	0	0	0	0	0	0	0	0	0	0	0	0	0	0	0	0	0	0	0	0	0	0	0	0	0	0	0	0	1241	-5042	10473	19172	-8086	-20	-3	982	158	0	0	0	-4	968	155	1606974850
-46	-52	-53	-53	-53	0	-67	-72	-80	-72	-80	-79	-75	-73	0	-81	0	-87	-87	-88	0	-86	-88	-87	0	0	0	0	0	0	0	-93	0	-52	0	-91	-92	-90	-92	-90	-91	0	0	0	0	0	0	-84	0	0	0	0	0	0	0	0	0	0	0	0	0	0	0	0	0	0	0	0	0	0	0	0	0	0	0	0	0	0	0	0	0	-69	0	0	0	0	0	0	0	0	0	0	0	0	0	0	0	0	0	0	0	0	0	0	0	0	0	0	0	0	0	0	0	0	0	0	1286	-5087	10473	19172	-8085	-20	-4	981	157	0	0	-1	-4	968	156	1606974851
-46	-51	0	-54	-53	0	-72	-72	-78	0	-78	-78	-75	-67	0	-82	-85	-88	-88	-87	-85	-84	-88	-87	-84	-84	-87	-91	-92	0	0	-90	0	-53	0	-90	-91	-91	0	-91	-90	0	0	0	0	0	0	0	0	0	0	0	0	0	0	0	0	0	0	0	0	0	0	0	0	0	0	0	0	0	0	0	0	0	0	0	0	0	0	0	0	-64	0	0	0	0	0	0	0	0	0	0	0	0	0	0	0	0	0	0	0	0	0	0	0	0	0	0	0	0	0	0	0	0	0	0	1233	-5057	10473	19171	-8084	-21	-4	981	157	0	0	0	-4	968	156	1606974853
-51	-52	-52	-54	-53	0	-67	-72	-78	-71	-77	-80	-74	-67	0	-81	0	-87	-87	-87	0	-85	-87	-87	0	0	-90	-93	-91	0	0	-92	0	-53	0	-93	-90	-91	-94	0	-93	0	0	0	0	0	0	0	0	0	0	0	0	0	0	0	0	0	0	-95	0	0	0	0	0	0	0	0	0	0	0	0	0	0	0	0	0	0	0	0	0	-63	0	0	0	0	0	0	0	0	0	0	0	0	0	0	0	0	0	0	0	0	0	0	0	0	0	0	0	0	0	0	0	0	-88	0	1308	-5042	10473	19172	-8087	-20	-4	982	157	0	0	0	-4	968	155	1606974854
-45	-52	-55	-54	-52	0	-67	-71	-78	0	-80	-77	-75	-71	0	-83	0	-88	-88	-87	0	0	-87	-88	0	0	-88	-92	-93	0	0	-92	-91	-53	0	-90	-91	-91	0	-90	-91	-90	0	0	0	0	0	0	0	0	0	0	0	0	0	0	-83	0	0	0	0	-81	0	0	-81	0	0	0	0	0	0	0	0	0	0	0	0	0	0	0	0	-66	0	0	0	0	0	0	0	0	0	0	0	0	0	0	0	0	0	0	0	0	0	0	0	0	0	0	0	0	0	0	0	0	0	0	1203	-5057	10472	19172	-8084	-20	-4	982	158	0	0	-1	-4	968	156	1606974856
-46	-52	0	-54	-52	0	-72	-73	-81	0	-78	-80	-74	-72	0	-81	-85	-86	-86	-88	-85	-86	-87	-87	-86	-83	0	-91	-91	0	0	-92	0	-53	0	-90	-93	-90	0	-91	-91	0	0	0	0	0	0	0	0	0	0	0	0	0	0	0	0	0	0	0	0	0	0	0	0	0	0	0	0	0	0	0	0	0	0	0	0	0	0	0	0	-66	0	0	0	0	0	0	0	0	0	0	0	0	0	0	0	0	0	0	0	0	0	0	0	0	0	0	0	0	0	0	0	0	-89	0	1248	-5012	10487	19172	-8088	-21	-3	981	157	0	0	0	-4	968	155	1606974857
-51	-52	-52	-54	-52	0	0	-67	-78	-71	-80	-80	-75	0	0	0	0	-88	-87	-88	0	-86	-88	-88	0	0	-90	0	-91	0	0	-93	0	-53	0	-91	-91	-90	-95	-92	-92	0	0	0	0	0	-87	-88	0	0	0	0	0	0	0	0	0	0	0	0	0	0	0	0	0	0	0	0	0	0	0	0	0	0	0	0	0	0	0	0	0	-63	0	0	0	0	0	0	0	0	0	0	0	0	0	0	0	0	0	0	0	0	0	0	0	0	0	0	0	0	0	0	0	0	0	0	1248	-5072	10458	19172	-8083	-20	-4	982	157	0	0	-1	-4	968	156	1606974859
-45	-51	0	-54	-53	-54	0	0	-67	0	-67	-67	-73	0	0	-82	0	-81	-82	-82	0	-85	-81	-82	0	0	0	-91	-92	0	0	-91	0	-45	0	-91	-91	-90	0	-91	-92	0	0	0	0	0	0	0	0	0	0	0	0	0	0	0	0	0	0	0	0	0	0	0	0	0	0	0	0	0	0	0	0	0	0	0	0	0	0	0	0	-69	0	0	0	0	0	0	0	0	0	0	0	0	0	0	0	0	0	0	0	0	0	0	0	0	0	0	0	0	0	0	0	0	-88	0	1248	-5072	10458	19171	-8084	-21	-4	981	158	0	0	0	-4	968	156	1606974861
-51	-51	0	-54	-53	-57	0	-68	-76	-70	-77	-79	-75	-67	0	0	-87	-87	-86	-87	-86	-86	-86	-87	-86	-87	-90	0	0	0	0	-92	0	-53	-64	-91	-94	-92	0	-94	-92	0	0	0	0	0	0	0	0	0	0	0	0	0	0	0	0	0	0	0	0	0	0	0	0	0	0	0	0	0	0	0	0	0	0	0	0	0	0	0	0	-67	0	0	0	0	0	0	0	0	0	0	0	0	0	0	0	0	0	0	0	0	0	0	0	0	0	0	0	0	0	0	0	0	0	0	1278	-5072	10458	19172	-8086	-20	-3	981	157	0	0	-1	-4	968	155	1606974862
-51	-51	-55	-54	-52	-57	-73	-72	-77	-67	-77	-78	-75	-68	0	-79	0	-88	-87	-87	0	-86	-88	-88	0	0	-89	-92	-92	0	0	-91	0	-53	0	-92	-92	-91	-92	-92	-91	0	0	0	0	0	0	0	0	0	0	0	0	0	0	0	0	0	0	0	0	0	0	0	0	0	0	0	0	0	0	0	0	0	0	0	0	0	0	0	0	-65	0	0	0	0	0	0	0	0	0	0	0	0	0	0	0	0	0	0	0	0	0	0	0	0	0	0	0	0	0	0	0	0	0	0	1248	-5071	10383	19172	-8085	-20	-4	982	159	0	0	0	-4	968	155	1606974864
-45	-51	-55	-55	-53	-56	-72	-72	-67	-69	-66	-67	0	-66	0	-81	0	-82	-82	-82	0	0	-82	-82	0	0	0	-90	-95	0	0	-93	0	-46	0	-91	-92	-91	0	-92	-91	0	0	0	0	0	0	0	0	0	0	0	0	0	0	0	0	0	0	0	0	0	0	0	0	0	0	0	0	-89	0	0	0	0	0	0	0	0	0	0	0	-65	0	0	0	0	0	0	0	0	0	0	0	0	0	0	0	0	0	0	0	0	0	0	0	0	0	0	0	0	0	0	0	0	0	0	1278	-5147	10428	19172	-8083	-20	-4	981	157	0	0	-1	-4	968	156	1606974865
-52	0	-54	0	-53	0	0	0	-66	-70	-68	-67	-74	0	0	-81	-84	-81	-81	-81	-86	-87	-82	-81	-86	-84	-88	-92	-91	0	0	0	0	-46	0	-91	-91	-93	0	-92	0	0	0	0	0	0	0	0	0	0	0	0	0	0	0	0	0	0	0	0	0	0	0	0	0	0	0	0	0	0	0	0	0	0	0	0	0	0	0	0	0	-65	0	0	0	0	0	0	0	0	0	0	0	0	0	0	0	0	0	0	0	0	0	0	0	0	0	0	0	0	0	0	0	0	0	-92	1248	-5094	10465	19172	-8083	-19	-3	982	157	0	0	0	-4	968	156	1606974867
-52	-56	-55	0	-53	-56	0	0	-67	-70	-67	-66	-73	0	0	-81	-87	-82	-82	-82	-86	-86	-82	-82	-87	-86	-91	-90	-93	0	0	-92	0	-46	0	-90	-90	-90	0	-91	-91	0	0	0	0	0	0	0	0	0	0	0	0	0	0	0	0	0	0	0	0	0	0	0	0	0	0	0	0	0	0	0	0	0	0	0	0	0	0	0	0	0	0	0	0	0	0	0	0	0	0	0	0	0	0	0	0	0	0	0	0	0	0	0	0	0	0	0	0	0	0	0	0	0	-89	0	1278	-5072	10547	19172	-8088	-19	-3	982	157	0	0	0	-4	968	155	1606974868
-45	-56	-54	-54	-52	-57	-68	-67	-77	-60	-80	-77	-76	-72	0	0	0	-87	-86	-87	0	-88	-88	-87	0	0	-91	0	-91	0	0	0	0	-54	0	-92	-92	-91	-94	-90	-90	0	0	0	0	0	0	0	0	0	0	0	0	0	0	0	0	0	0	0	0	0	0	0	0	0	0	0	0	0	0	0	0	0	0	0	0	0	0	0	0	0	0	0	0	0	0	0	0	0	0	0	0	0	0	0	0	0	0	0	0	0	0	0	0	0	0	0	0	0	0	0	0	0	0	0	1248	-5057	10458	19172	-8083	-20	-4	981	158	0	0	-1	-4	968	156	1606974870
-47	-52	0	-54	-54	-57	-68	-73	-80	0	-78	-77	-75	-66	0	0	0	-87	-88	-88	0	-87	-86	-87	0	0	-89	-91	0	0	0	-93	0	-53	0	-90	-90	-91	-93	-92	-91	0	0	0	0	0	0	-86	0	0	-89	0	0	0	0	0	0	0	0	0	0	0	0	0	0	0	0	0	0	-92	0	0	0	0	0	0	0	0	0	0	0	-78	0	0	0	0	0	0	0	0	0	0	0	0	0	0	0	0	0	0	0	0	0	0	0	0	0	0	0	0	0	0	0	0	-90	0	1233	-5042	10487	19172	-8084	-20	-4	982	157	-1	-1	-1	-4	968	156	1606974871
-45	-52	-55	0	-51	-56	0	-72	-66	-70	-67	-67	-73	-71	0	0	0	-82	-82	-83	0	-86	-82	-82	0	0	-88	-92	-91	0	0	-93	0	-46	0	-91	-91	-92	0	0	0	0	0	0	0	0	-90	0	0	-90	-88	0	0	0	0	0	0	0	0	0	0	0	0	0	0	0	0	0	0	-91	0	0	0	0	0	0	0	0	0	0	0	0	0	0	0	0	0	0	0	0	0	0	0	0	0	0	0	0	0	0	0	0	0	0	0	0	0	0	0	0	0	0	0	0	0	0	1293	-5049	10443	19172	-8080	-20	-3	982	158	0	-1	-1	-4	968	156	1606974873
-45	-52	-55	-55	-52	-55	-73	-67	-77	0	-79	-80	-75	-73	0	0	0	-86	-86	-87	0	0	-87	-87	0	0	0	-92	-92	0	0	-93	0	-53	0	-91	-91	-92	0	-92	-92	0	0	0	0	0	0	0	0	0	-89	0	0	0	0	-90	0	0	0	0	0	0	0	0	0	0	0	0	0	0	0	0	0	0	0	0	0	0	0	0	0	-64	0	0	0	0	0	0	0	0	0	0	0	0	0	0	0	0	0	0	0	0	0	0	0	0	0	0	0	0	0	0	0	0	0	0	1248	-5042	10458	19172	-8082	-20	-4	982	158	0	-1	-1	-4	968	156	1606974874
-44	-52	-57	0	-52	-55	0	0	-78	-71	-79	-77	-75	0	0	0	0	-87	-88	-87	0	0	-88	-87	0	0	-88	-90	-92	0	0	-93	0	-53	0	-92	-92	-92	-93	-91	-91	0	0	0	0	0	0	0	0	0	0	0	0	0	0	0	0	0	0	0	0	0	0	0	0	0	0	0	0	0	0	0	0	0	0	0	0	0	0	0	0	0	0	0	0	0	0	0	0	0	0	0	0	0	0	0	0	0	0	0	0	0	0	0	0	0	0	0	0	0	0	0	0	0	0	0	1263	-5087	10473	19171	-8081	-20	-4	982	158	0	0	0	-4	968	156	1606974876
-51	-52	-55	-54	-53	-56	-68	-67	-77	-71	-79	-78	-75	-67	0	0	0	-87	-87	-87	0	-86	-88	-88	0	0	0	-91	-91	0	0	-91	0	-52	0	-91	-91	-92	-93	-93	-91	0	0	0	0	0	-89	0	0	0	0	0	0	0	0	-87	0	0	0	0	0	0	0	0	0	0	0	0	0	0	0	0	0	0	0	0	0	0	0	0	0	-65	0	0	0	0	0	0	0	0	0	0	0	0	0	0	0	0	0	0	0	0	0	0	0	0	0	0	0	0	0	0	0	0	0	0	1248	-5087	10473	19172	-8085	-19	-3	982	158	0	0	0	-4	968	156	1606974878
-46	-51	-54	-54	-53	-55	-73	-72	-78	-71	-78	-77	-75	-72	0	0	-85	-86	-86	-86	-88	-85	-87	-88	-87	-88	0	-92	0	0	0	-93	0	-53	0	-93	-93	-92	-94	-91	-91	0	0	0	0	0	-89	0	0	0	0	0	0	0	0	0	0	0	0	0	0	0	0	0	0	0	0	0	0	0	0	0	0	0	0	0	0	0	0	0	0	-63	0	0	0	0	0	0	0	0	0	0	0	0	0	0	0	0	0	0	0	0	0	0	0	0	0	0	0	0	0	0	0	0	0	0	1196	-5064	10472	19171	-8084	-21	-4	981	158	0	-1	-1	-4	968	156	1606974879
-45	-56	-53	-55	-53	-55	0	0	-80	-70	-77	-78	-75	0	0	0	0	-86	-87	-86	0	-85	-87	-86	0	0	-89	-93	-92	0	0	0	0	-53	0	-90	-91	-91	-92	-94	-91	0	0	0	0	0	0	0	0	0	0	0	0	0	0	0	0	0	0	0	0	0	0	0	0	0	0	0	0	0	0	0	0	0	0	0	0	0	0	0	0	-69	0	0	0	0	0	0	0	0	0	0	0	0	0	0	0	0	0	0	0	0	0	0	0	0	0	0	0	0	0	0	0	0	-91	0	1233	-4982	10472	19172	-8083	-20	-3	981	158	0	0	0	-4	968	156	1606974881
-46	-56	-54	-54	-53	0	-72	0	-67	0	-68	-68	-74	-72	0	0	0	-81	-82	-82	-83	-86	-82	-82	-86	-88	0	-92	-94	0	0	0	0	-46	0	0	-91	-91	0	-92	-93	0	0	-87	0	0	0	0	0	0	0	0	0	0	0	0	0	0	0	0	0	0	0	0	0	0	0	0	0	0	0	0	0	0	0	0	0	0	0	0	0	-63	0	0	0	0	0	0	0	0	0	0	0	0	0	0	0	0	0	0	0	0	0	0	0	0	0	0	0	0	0	0	0	0	0	0	1248	-5012	10428	19172	-8087	-20	-4	981	157	-1	0	-1	-4	968	155	1606974882
-51	-51	-53	-54	-54	-56	-73	-72	-68	0	-68	-68	-73	-67	0	0	0	-81	-81	-82	0	0	-82	-83	0	0	-91	-93	0	0	0	-93	0	-46	0	-91	-91	-91	0	-92	0	0	0	0	0	0	0	0	0	0	0	0	0	0	0	0	0	0	0	0	0	0	0	0	0	0	0	0	0	0	0	0	0	0	0	0	0	0	0	0	0	0	0	0	0	0	0	0	0	0	0	0	0	0	0	0	0	0	0	0	0	0	0	0	0	0	0	0	0	0	0	0	0	0	0	0	1248	-5057	10473	19171	-8082	-20	-4	982	158	0	0	-1	-4	968	156	1606974884
-45	-56	-53	-56	-48	0	-67	-72	-68	-70	-69	-68	-74	-67	0	0	0	-81	-82	-83	0	0	-82	-82	0	0	0	-93	-91	0	0	-91	0	-46	0	-92	-92	-92	0	-92	-92	0	0	0	0	0	0	0	0	0	0	0	0	0	0	0	0	0	0	0	0	0	0	0	0	0	0	0	0	0	0	0	0	0	0	0	0	0	0	0	0	0	0	0	0	0	0	0	0	0	0	0	0	0	0	0	0	0	0	0	0	0	0	0	0	0	0	0	0	0	0	0	0	0	0	0	1248	-5027	10472	19172	-8085	-20	-4	982	157	0	0	0	-4	968	156	1606974886
-47	-52	-54	-53	-53	-58	-67	0	-79	-71	-78	-81	-76	0	0	0	0	-87	-87	-87	0	0	-87	-87	0	0	0	0	0	0	0	0	0	-52	0	-92	-91	-91	-94	-91	-92	0	0	-88	0	0	-90	0	0	0	0	0	-91	-89	0	0	0	0	0	0	0	0	0	0	0	0	0	0	0	0	0	0	0	0	0	0	0	0	0	0	0	-67	0	0	0	0	0	0	0	0	0	0	0	0	0	0	0	0	0	0	0	0	0	0	0	0	0	0	0	0	0	0	0	0	0	0	1248	-5042	10443	19172	-8086	-20	-3	982	158	0	0	-1	-4	968	155	1606974887
-52	-52	-55	-54	-53	-55	-72	0	-81	-70	-78	-78	-76	0	0	0	0	-86	-86	-87	0	0	-86	-86	0	0	-90	-93	0	0	0	-92	0	-52	0	-93	-89	-91	-93	-91	-91	0	0	0	0	0	0	0	0	0	0	0	0	0	0	0	0	0	0	0	0	0	0	0	0	0	0	0	0	0	0	0	0	0	0	0	0	0	0	0	0	-79	0	0	0	0	0	0	0	0	0	0	0	0	0	0	0	0	0	0	0	0	0	0	0	0	0	0	0	0	0	0	0	0	-90	0	1294	-5237	10444	19172	-8082	-20	-4	982	157	0	0	-1	-4	968	156	1606974889
-45	-58	-55	-53	-49	0	-67	-72	-78	-71	-79	-78	-76	0	0	0	0	-86	-87	-86	0	0	-86	-86	0	0	-88	-94	0	0	0	0	0	-52	0	-90	-91	-92	-94	-92	-91	0	0	0	-88	0	-88	0	0	0	-89	0	0	0	0	0	0	0	0	0	0	0	0	0	0	-92	0	0	0	-90	0	0	0	0	0	0	0	0	0	0	0	-63	0	0	0	0	0	0	0	0	0	0	0	0	0	0	0	0	0	0	0	0	0	0	0	0	0	0	0	0	0	0	0	0	0	0	1301	-5035	10487	19171	-8080	-20	-4	981	158	0	-1	-1	-4	968	156	1606974890
-45	-51	-54	-53	-53	0	-67	-72	-66	-71	-69	-66	-74	-73	0	0	0	-82	-82	-82	0	0	-83	-81	0	0	0	0	-92	0	0	0	0	-46	0	0	-91	-92	0	-91	0	-87	0	0	0	0	0	0	0	0	0	0	0	0	0	0	0	0	0	0	0	0	0	0	0	0	0	0	0	-91	0	0	0	0	0	0	0	0	0	0	0	-63	0	0	0	0	0	0	0	0	0	0	0	0	0	0	0	0	0	0	0	0	0	0	0	0	0	0	0	0	0	0	0	0	0	0	1293	-5065	10458	19172	-8087	-21	-4	982	157	0	0	-1	-4	968	155	1606974892
-48	-57	-55	-54	-53	-57	-73	-72	-67	0	-67	-66	-74	-67	0	0	0	-81	-82	-82	0	0	-82	-82	0	0	-79	-91	-92	0	0	-91	0	-46	-63	-91	-90	-90	0	-91	-92	0	0	0	0	0	0	0	0	0	0	0	0	0	0	0	0	0	0	0	0	0	0	0	0	0	0	0	0	-92	0	0	0	0	0	0	0	0	0	0	0	-77	0	0	0	0	0	0	0	0	0	0	0	0	0	0	0	0	0	0	0	0	0	0	0	0	0	0	0	0	0	0	0	0	0	0	1278	-5087	10465	19171	-8081	-21	-4	982	157	-1	0	-1	-4	968	156	1606974893
-46	-52	-55	-54	-53	0	-67	-72	-67	0	-67	-66	-75	-66	0	0	0	-81	-81	-82	0	0	-82	-82	0	0	-89	-92	-92	0	0	-92	0	-47	0	-92	-91	-91	0	-92	-92	0	0	0	0	0	0	0	0	0	0	0	0	0	0	0	0	0	0	0	0	0	0	0	0	0	0	0	0	0	0	0	0	0	0	0	0	0	0	0	0	-66	0	0	0	0	0	0	0	0	0	0	0	0	0	0	0	0	0	0	0	0	0	0	0	0	0	0	0	0	0	0	0	0	0	0	1203	-5057	10442	19172	-8084	-21	-4	982	158	0	0	0	-4	968	156	1606974895
-51	-51	-55	-53	-53	-56	-73	-67	-66	-70	-67	-66	-74	-68	0	0	0	-81	-82	-81	0	0	-82	-82	0	0	0	-91	0	0	0	-92	0	-47	0	-92	-92	-91	0	-92	-91	0	0	0	0	0	0	0	0	0	0	0	0	0	0	0	0	0	0	0	0	0	0	0	0	0	0	0	0	0	0	0	0	0	0	0	0	0	0	0	0	-68	0	0	0	0	0	0	0	0	0	0	0	0	0	0	0	0	0	0	0	0	0	0	0	0	0	0	0	0	0	0	0	0	0	0	1233	-5049	10487	19171	-8083	-21	-4	983	157	0	0	-1	-4	968	156	1606974897
-45	-55	-55	-54	-50	-56	-72	-73	-78	-70	-78	-80	-76	-73	0	0	0	-86	-86	-86	0	0	-87	-86	0	0	0	0	-92	0	0	-90	0	-53	0	-91	-92	-92	0	-93	-90	0	0	0	0	0	0	-85	0	0	0	0	-93	0	0	0	0	0	0	0	0	0	0	0	0	0	0	0	0	0	0	0	0	0	0	0	0	0	0	0	0	-64	0	0	0	0	0	0	0	0	0	0	0	0	0	0	0	0	0	0	0	0	0	0	0	0	0	0	0	0	0	0	0	0	-90	0	1173	-5049	10472	19172	-8084	-20	-3	982	157	0	0	0	-4	968	156	1606974898
-46	-52	-55	-54	-53	-56	-72	-66	-81	-71	-81	-78	0	-67	0	0	0	-86	-86	-87	0	0	-88	-86	0	0	-88	-92	-92	0	0	-92	0	-52	0	-90	-91	-91	-92	-92	-91	0	0	0	0	0	0	0	0	0	0	0	0	0	0	-90	0	0	0	0	0	0	0	0	0	0	0	0	0	0	-90	0	0	0	0	0	0	0	0	0	0	-64	0	0	0	0	0	0	0	0	0	0	0	0	0	0	0	0	0	0	0	0	0	0	0	0	0	0	0	0	0	0	0	0	0	0	1278	-5087	10435	19171	-8082	-20	-4	982	158	0	0	0	-4	968	156	1606974900
-50	-51	-55	-54	-53	0	-66	-73	-66	-71	-66	-69	-74	-67	0	0	0	-81	-81	-82	0	0	-82	-81	0	0	0	-92	0	0	0	-91	0	-47	0	-90	0	-93	0	-92	-91	0	0	0	0	0	0	0	0	0	0	0	0	0	0	0	0	0	0	0	0	0	0	0	0	0	0	0	0	-92	0	0	0	0	0	0	0	0	0	0	0	0	0	0	0	0	0	0	0	0	0	0	0	0	0	0	0	0	0	0	0	0	0	0	0	0	0	0	0	0	0	0	0	0	0	0	1203	-5072	10502	19172	-8084	-19	-3	981	157	0	0	-1	-4	968	156	1606974902
-45	-51	-56	-54	-52	0	-66	-72	-81	-70	-78	-78	-76	-67	0	0	0	-86	-86	-86	0	0	-86	-85	0	0	-90	-93	-93	0	0	-90	0	-52	0	-91	0	-90	-93	-90	-90	0	0	0	0	0	-89	0	0	0	-88	0	0	0	0	0	0	0	0	0	0	0	0	0	0	0	0	0	0	0	0	0	0	0	0	0	0	0	0	0	0	-62	0	0	0	0	0	0	0	0	0	0	0	0	0	0	0	0	0	0	0	0	0	0	0	0	0	0	0	0	0	0	0	0	0	0	1203	-5072	10472	19172	-8085	-20	-4	982	158	0	0	0	-4	968	156	1606974903
-47	-51	-55	-54	0	0	-73	-72	-81	0	-77	-79	-76	0	0	0	0	-86	-87	-86	0	0	-86	-87	0	0	-88	-92	-92	0	0	0	0	-53	0	0	-91	-91	-91	-93	-90	0	0	0	0	0	-87	0	0	0	-90	0	0	0	0	0	0	0	0	0	0	0	0	0	0	0	0	0	0	0	0	0	0	0	0	0	0	0	0	0	0	-65	0	0	0	0	0	0	0	0	0	0	0	0	0	0	0	0	0	0	0	0	0	0	0	0	0	0	0	0	0	0	0	0	0	0	1248	-5057	10502	19172	-8082	-20	-3	982	158	0	0	0	-4	968	156	1606974905
-52	0	-55	-54	-53	0	-72	-73	-78	-69	-80	-77	-75	0	0	0	0	-87	-87	-86	0	0	-87	-87	0	0	-89	-92	0	0	0	-91	0	-52	0	-91	-91	-91	-93	-90	-92	0	0	0	0	0	-88	-85	0	0	-86	0	0	0	0	0	0	0	0	0	0	0	0	0	0	0	0	0	0	0	0	0	0	0	0	0	0	0	0	0	0	0	0	0	0	0	0	0	0	0	0	0	0	0	0	0	0	0	0	0	0	0	0	0	0	0	0	0	0	0	0	0	0	0	-90	0	1271	-5102	10458	19172	-8085	-20	-4	982	157	0	0	0	-4	968	156	1606974906
-46	0	-55	-54	-49	0	-67	-67	-77	0	-78	-80	-76	-67	0	0	0	-86	-87	-86	0	0	-87	-86	0	0	-89	-92	-93	0	0	-91	0	-52	0	-90	-91	-90	-92	-91	-91	0	0	-88	0	0	0	0	0	0	0	0	0	0	0	0	0	0	0	0	0	0	0	0	0	0	0	0	0	0	0	0	0	0	0	0	0	0	0	0	0	-67	0	0	0	0	0	0	0	0	0	0	0	0	0	0	0	0	0	0	0	0	0	0	0	0	0	0	0	0	0	0	0	0	0	0	1233	-5042	10443	19172	-8084	-19	-4	982	159	0	-1	0	-4	968	156	1606974908
-51	-50	-55	-55	-53	-56	-67	-67	-66	0	-68	-68	-74	-72	0	0	-86	-82	-82	-82	-87	-87	-81	-82	-87	-86	-89	-93	-92	0	0	-93	0	-46	-61	-91	-92	-91	0	0	-92	0	0	0	0	0	0	0	0	0	0	0	0	0	0	0	0	0	0	0	0	0	0	0	0	0	0	0	0	0	0	0	0	0	0	0	0	0	0	0	0	-77	0	0	0	0	0	0	0	0	0	0	0	0	0	0	0	0	0	0	0	0	0	0	0	0	0	0	0	0	0	0	0	0	0	0	1286	-5050	10473	19171	-8083	-21	-4	981	158	0	0	-1	-4	968	156	1606974910
-46	-57	-54	-54	-53	0	-67	0	-67	0	-66	-68	-74	0	0	0	-85	-82	-82	-82	-86	-87	-82	-82	-84	-86	-88	-91	-95	0	0	-91	0	-46	0	-91	-91	-91	0	-92	0	0	0	0	0	0	0	0	0	0	0	0	0	0	0	0	0	0	0	0	0	0	0	0	0	0	0	0	0	0	0	0	0	0	0	0	0	0	0	0	0	-67	0	0	0	0	0	0	0	0	0	0	0	0	0	0	0	0	0	0	0	0	0	0	0	0	0	0	0	0	0	0	0	0	0	0	1308	-5042	10458	19172	-8082	-20	-4	982	158	0	0	-1	-4	968	156	1606974911
-46	-52	0	-54	-53	0	-71	-72	-80	-70	-81	-80	-77	-73	0	0	-86	-87	-87	-88	-84	-87	-87	-86	-85	-87	-90	0	-91	0	0	-92	0	-53	0	-92	-92	-91	-92	-91	-93	0	0	0	0	0	0	0	0	0	0	0	0	0	0	0	0	0	0	0	0	0	0	0	0	0	0	0	0	0	0	0	0	0	0	0	0	0	0	0	0	-66	0	0	0	0	0	0	0	0	0	0	0	0	0	0	0	0	0	0	0	0	0	0	0	0	0	0	0	0	0	0	0	0	0	0	1286	-5102	10428	19172	-8086	-20	-3	982	157	0	0	-1	-4	968	155	1606974913
-44	-52	-55	-53	-53	0	-66	-67	-68	0	-67	-67	-74	-66	0	0	0	-83	-82	-82	0	0	-83	-83	0	0	0	0	0	0	0	0	0	-46	0	-90	-90	-90	0	-93	-90	0	0	0	0	0	0	0	0	0	0	0	0	-92	0	0	0	0	0	0	0	0	0	0	0	0	0	0	0	0	0	0	0	0	0	0	0	0	0	0	0	-67	0	0	0	0	0	0	0	0	0	0	0	0	0	0	0	0	0	0	0	0	0	0	0	0	0	0	0	0	0	0	0	0	0	0	1293	-5057	10458	19172	-8081	-18	-4	981	158	0	-1	-1	-4	968	156	1606974914
-50	0	-54	-55	-55	-56	0	-67	-66	-70	-67	-67	-76	-67	0	0	0	-81	-82	-82	0	0	-83	-82	0	0	-89	-91	0	0	0	-92	0	-46	0	-91	-90	-92	0	-91	-92	0	0	0	0	0	0	-85	0	0	0	0	0	0	0	0	0	0	0	0	0	0	0	0	0	0	0	0	0	0	0	0	0	0	0	0	0	0	0	0	0	-65	0	0	0	0	0	0	0	0	0	0	0	0	0	0	0	0	0	0	0	0	0	0	0	0	0	0	0	0	0	0	0	0	0	0	1248	-5012	10458	19172	-8084	-19	-4	982	158	0	0	0	-4	968	156	1606974916
-46	0	-54	-54	-47	0	-66	-67	-68	-70	-68	-66	-75	-73	0	0	0	-83	-82	-83	0	0	-82	-82	0	0	-89	0	-92	0	0	0	0	-46	0	-90	-90	-92	0	-91	0	0	0	0	0	0	0	0	0	0	0	0	0	0	0	0	0	0	0	0	0	0	0	0	0	0	0	0	0	0	0	0	0	0	0	0	0	0	0	0	0	-68	0	0	0	0	0	0	0	0	0	0	0	0	0	0	0	0	0	0	0	0	0	0	0	0	0	0	0	0	0	0	0	0	0	0	1233	-5012	10428	19172	-8089	-19	-4	982	157	0	0	0	-4	968	155	1606974917
-51	-52	-54	-55	-50	0	-67	0	-81	0	-80	-78	-75	-67	0	0	0	-87	-86	-87	0	0	-87	-87	0	0	-89	-91	-91	-95	0	-92	0	-52	0	-92	-91	-91	-92	-90	-91	0	0	0	0	0	0	0	0	0	0	0	0	0	0	0	0	0	0	0	0	0	0	0	0	0	0	0	0	-91	0	0	0	0	0	0	0	0	0	0	0	-76	0	0	0	0	0	0	0	0	0	0	0	0	0	0	0	0	0	0	0	0	0	0	0	0	0	0	0	0	0	0	0	0	0	0	1248	-5042	10458	19172	-8086	-19	-4	981	157	0	0	-1	-4	968	155	1606974919
-51	-52	-54	-54	0	0	-66	-73	-78	-70	-80	-77	-75	-72	0	0	0	-86	-86	-87	0	0	-86	-87	0	0	-89	0	-92	0	0	-92	0	-51	0	-90	-90	-92	-92	-92	-91	-89	0	0	0	0	0	0	0	0	0	0	0	0	0	0	0	0	0	0	0	0	0	0	0	0	0	0	0	0	0	0	0	0	0	0	0	0	0	0	0	-75	0	0	0	0	0	0	0	0	0	0	0	0	0	0	0	0	0	0	0	0	0	0	0	0	0	0	0	0	0	0	0	0	0	0	1294	-5102	10443	19172	-8083	-18	-3	982	157	0	0	0	-4	968	156	1606974920
-51	-59	-55	-53	-52	0	-72	-72	-80	0	-80	-77	-75	-72	0	0	0	-87	-87	-86	0	0	-87	-86	0	0	-89	-92	-95	0	0	-91	0	-51	0	-90	-91	-92	-93	-91	-93	0	0	0	0	0	-86	0	0	0	-86	0	0	0	0	0	0	0	0	0	0	0	0	0	0	0	0	0	0	-90	0	0	0	0	0	0	0	0	0	0	0	-63	0	0	0	0	0	0	0	0	0	0	0	0	0	0	0	0	0	0	0	0	0	0	0	0	0	0	0	0	0	0	0	0	0	0	1248	-5057	10473	19172	-8088	-19	-3	982	157	0	0	0	-4	968	155	1606974922
-50	-58	-55	-54	-53	0	-67	-67	-80	-71	-78	-81	-75	-66	0	0	0	-85	-87	-87	0	0	-86	-87	0	0	0	0	-94	0	0	-93	0	-51	0	-91	-90	-90	-91	-92	-91	0	0	0	0	0	0	0	0	0	0	0	0	0	0	-93	0	0	0	0	0	0	0	0	0	0	0	0	0	-91	0	0	0	0	0	0	0	0	0	0	0	-68	0	0	0	0	0	0	0	0	0	0	0	0	0	0	0	0	0	0	0	0	0	0	0	0	0	0	0	0	0	0	0	0	0	0	1263	-5057	10517	19172	-8086	-19	-4	982	157	0	0	0	-4	968	155	1606974923
-49	-56	-55	-54	-53	0	-68	-73	-78	0	-78	-80	-75	-66	0	0	0	-87	-87	-87	0	0	-88	-87	0	0	-87	0	0	0	0	0	0	-53	0	-93	-90	-92	-92	-93	-92	0	0	0	0	0	0	0	0	0	0	0	0	0	0	0	0	0	0	0	0	0	0	0	0	0	0	0	0	0	0	0	0	0	0	0	0	0	0	0	0	0	0	0	0	0	0	0	0	0	0	0	0	0	0	0	0	0	0	0	0	0	0	0	0	0	0	0	0	0	0	0	0	0	0	0	1233	-5094	10443	19172	-8085	-19	-4	982	157	0	0	-1	-4	968	156	1606974925
-50	-51	-54	-54	-53	0	-74	-68	-79	0	-77	-79	-75	-73	0	0	0	-88	-87	-88	0	0	-87	-87	0	0	-89	-90	-92	0	0	0	0	-53	0	-91	-92	-91	-93	0	-92	0	0	0	0	0	-87	0	0	0	0	0	0	0	0	-91	0	0	0	0	0	0	0	0	0	0	0	0	0	0	0	0	0	0	0	0	0	0	0	0	0	-65	0	0	0	0	0	0	0	0	0	0	0	0	0	0	0	0	0	0	0	0	0	0	0	0	0	0	0	0	0	0	0	0	0	0	1233	-5057	10443	19172	-8089	-20	-4	981	156	0	0	0	-4	968	155	1606974927
-45	0	-55	-54	-53	0	-69	-68	-68	-71	-67	-68	-72	-72	0	0	0	-83	-83	-82	0	0	-83	-83	0	0	0	-91	-91	0	0	-92	0	-46	0	-92	-93	-92	0	-92	0	0	0	0	0	0	0	0	0	0	0	0	0	0	0	0	0	0	0	0	0	0	0	0	0	0	0	0	0	0	0	0	0	0	0	0	0	0	0	0	0	-76	0	0	0	0	0	0	0	0	0	0	0	0	0	0	0	0	0	0	0	0	0	0	0	0	0	0	0	0	0	0	0	0	0	0	1233	-5132	10488	19172	-8085	-19	-3	981	157	0	0	0	-4	968	155	1606974928
-46	-50	-51	-54	-52	-56	-72	-68	-66	-70	-66	-68	-72	-68	0	0	0	-82	-82	-83	0	0	-82	-82	0	0	0	-92	-91	0	0	-92	0	-46	-60	-92	-92	-91	0	-92	-91	0	0	0	0	0	0	0	0	0	0	0	0	0	0	0	0	0	0	0	0	0	0	0	0	0	0	0	0	0	0	0	0	0	0	0	0	0	0	0	0	-63	0	0	0	0	0	0	0	0	0	0	0	0	0	0	0	0	0	0	0	0	0	0	0	0	0	0	0	0	0	0	0	0	0	0	1233	-5004	10472	19172	-8088	-19	-4	982	158	0	0	0	-4	968	155	1606974930
-51	-52	-50	-54	-53	0	-67	0	-67	0	-67	-66	-74	-72	0	-89	0	-82	-83	-82	0	0	-83	-82	0	0	-89	-93	-91	0	0	-91	0	-46	-65	0	-91	-91	0	-94	-91	0	0	0	0	0	0	0	0	0	0	0	0	0	0	-91	0	0	0	0	0	0	0	0	0	0	0	0	0	-91	-87	0	0	0	0	0	0	0	0	0	0	0	0	0	0	0	0	0	0	0	0	0	0	0	0	0	0	0	0	0	0	0	0	0	0	0	0	0	0	0	0	0	0	0	0	0	1203	-5079	10458	19172	-8087	-20	-4	982	157	0	0	-1	-4	968	155	1606974931
-46	-51	-52	-55	-54	0	-73	-73	-76	-69	-77	-80	-76	-72	0	0	0	-86	-87	-86	0	0	-86	-87	0	0	-90	-93	-92	0	0	-92	0	-53	0	-90	-91	-90	-92	-92	-91	0	0	0	0	0	0	0	0	-89	0	0	-90	0	0	0	0	0	0	0	0	0	0	0	0	0	0	0	0	0	0	0	0	0	0	0	0	0	0	0	0	0	0	0	0	0	0	0	0	0	0	0	0	0	0	0	0	0	0	0	0	0	0	0	0	0	0	0	0	0	0	0	0	0	-90	0	1256	-5064	10487	19172	-8089	-20	-4	982	158	0	0	-1	-4	968	155	1606974933
-49	-50	-50	-54	-53	0	0	-72	-79	-69	-78	-79	-76	0	0	0	0	-86	-86	-86	0	0	-86	-86	0	0	-88	0	0	0	0	-93	0	-52	0	-91	-93	-90	-94	-91	-91	0	0	0	0	0	0	0	0	0	0	0	0	0	0	0	0	0	0	0	0	0	0	0	0	0	0	0	0	-88	0	0	0	0	0	0	0	0	0	0	0	0	0	0	0	0	0	0	0	0	0	0	0	0	0	0	0	0	0	0	0	0	0	0	0	0	0	0	0	0	0	0	0	0	0	0	1278	-5057	10428	19172	-8083	-19	-3	982	157	-1	-1	0	-4	968	156	1606974934
-49	-53	-49	-55	-59	0	-69	-74	-79	0	-79	-78	-77	-73	0	0	-83	-85	-87	-85	-85	-87	-86	-87	0	-83	-89	-92	-94	0	0	-92	0	-53	0	-94	-92	-93	-93	-93	-93	0	0	0	0	0	0	0	0	0	0	0	0	0	0	0	0	0	0	0	0	0	0	0	0	0	0	0	0	0	0	0	0	0	0	0	0	0	0	0	0	-73	0	0	0	0	0	0	0	0	0	0	0	0	0	0	0	0	0	0	0	0	0	0	0	0	0	0	0	0	0	0	0	0	0	0	1278	-5050	10480	19172	-8089	-19	-3	982	157	0	-1	-1	-4	968	155	1606974936
