-59	-54	-49	-58	-56	0	0	-70	-83	0	-82	-82	-78	-71	0	0	0	-89	-89	-89	0	0	-88	-88	0	0	-87	-89	-90	0	-90	-91	-91	-58	0	0	-92	-92	-90	-93	0	0	0	0	0	0	0	0	0	-88	0	0	0	0	0	0	0	0	0	0	0	0	0	0	0	0	0	0	0	0	0	0	0	0	0	0	0	0	0	0	0	-67	0	0	0	0	0	0	0	0	0	0	0	0	0	0	0	0	0	0	0	0	0	0	0	0	0	0	0	0	0	0	3749	-2738	2648	22862	-7622	-235	-41	967	230	-1	0	0	-41	951	233	1606974583
-54	0	0	-60	-56	-54	-70	-71	-76	0	-76	-77	-75	0	0	0	0	-86	-85	-86	0	0	-88	-86	0	0	0	-91	-90	0	0	-91	0	-56	0	0	-94	-94	0	-95	0	0	0	0	0	0	0	0	0	-88	0	0	0	0	0	0	0	0	0	0	0	0	0	0	0	0	0	0	0	0	0	0	0	0	0	0	0	0	0	0	0	0	0	0	0	0	0	0	0	0	0	0	0	0	0	0	0	0	0	0	0	0	0	0	0	0	0	0	0	0	0	0	3749	-2753	2633	22872	-7653	-232	-40	966	232	0	0	0	-40	952	228	1606974585
-49	-51	-48	-55	-60	-62	-67	-66	-83	0	-82	-82	-80	-72	0	0	0	-85	-84	-85	0	-81	-85	-85	0	0	-88	-90	-90	0	-90	-89	-90	-60	0	-93	-96	-93	-90	-95	0	0	0	0	0	0	0	0	0	0	0	0	0	0	0	0	0	0	0	0	0	0	0	0	0	0	0	0	0	0	0	0	0	0	0	0	0	0	0	0	0	0	0	0	0	0	0	0	0	0	0	0	0	0	0	0	0	0	0	0	0	0	0	0	0	0	0	0	0	0	0	0	3734	-2723	2618	22868	-7640	-233	-41	966	234	0	0	-1	-40	952	230	1606974586
0	-53	-49	-55	0	0	-67	-67	-75	0	-77	-76	-76	-67	0	0	0	-86	-88	-87	0	-85	-87	-87	0	0	-85	-88	-89	0	-90	-87	-88	-57	0	0	-94	-94	0	-93	0	0	0	0	0	0	0	0	0	0	0	0	0	0	0	0	0	0	0	0	0	0	0	0	0	0	0	0	0	0	0	0	0	0	0	0	0	0	0	0	0	-63	0	0	0	0	0	0	0	0	0	0	0	0	0	0	0	0	0	0	0	0	0	0	0	0	0	0	0	0	0	0	3734	-2692	2663	22866	-7632	-233	-41	966	234	0	0	-1	-40	952	231	1606974588
-50	-50	0	-57	-58	-58	-70	-70	-76	-82	-75	-75	-75	-72	0	0	0	-88	-87	-87	-82	-83	-87	-87	-84	-84	-85	-89	-90	0	-89	-89	-89	-57	0	0	-95	-95	0	0	0	0	0	0	0	0	0	0	0	-89	0	0	0	0	0	0	0	0	0	0	0	0	0	0	0	0	0	0	0	0	0	0	0	0	0	0	0	0	0	0	0	-65	0	0	0	0	0	0	0	0	0	0	0	0	0	0	0	0	0	0	0	0	0	0	0	0	0	0	0	0	0	0	3651	-2722	2633	22866	-7632	-233	-41	966	235	0	0	-1	-40	952	231	1606974589
-51	-53	0	-57	-60	-64	-70	-70	-82	-78	-80	-80	-79	-69	0	-84	0	-88	-87	-86	0	0	-86	-86	0	0	-87	-90	-90	0	-89	-90	-89	-60	0	-92	-93	-94	-92	-93	-94	0	0	0	0	0	0	0	0	0	0	0	0	0	0	0	0	0	0	0	0	0	0	0	0	0	0	0	0	0	0	0	0	0	0	0	0	0	0	0	0	-67	0	0	0	0	0	0	0	0	0	0	0	0	0	0	0	0	0	0	0	0	0	0	0	0	0	0	0	0	0	0	3726	-2722	2648	22866	-7631	-233	-41	966	235	0	0	-1	-40	952	231	1606974591
-50	-54	-52	-57	-59	-65	-69	-70	-82	0	-83	-81	-80	-69	0	0	0	-86	-88	-86	0	0	-87	-88	0	0	-86	-90	-90	0	-89	-91	-90	-59	0	0	-93	-93	-89	-92	-93	0	0	0	0	0	0	0	0	0	0	0	0	0	0	0	0	0	0	0	0	0	0	0	0	0	0	0	0	0	-79	0	0	0	0	0	0	0	0	0	0	-68	0	0	0	0	0	0	0	0	0	0	0	0	0	0	0	0	0	0	0	0	0	0	0	0	0	0	0	0	0	0	3764	-2723	2648	22865	-7627	-231	-41	966	235	-1	-1	-1	-40	951	232	1606974592
-49	-49	-51	0	-57	-62	0	-69	-84	0	-83	-84	-83	0	0	0	0	-87	-87	-87	0	-82	-87	-86	0	0	-89	-90	-91	0	-90	-91	-89	-59	0	-92	-95	-93	0	-93	0	0	0	0	0	0	0	0	0	0	0	0	0	0	0	0	0	0	0	0	0	0	0	0	0	0	0	0	0	0	0	0	0	0	0	0	0	0	0	0	0	-67	0	0	0	0	0	0	0	0	0	0	-91	0	0	0	0	0	0	0	0	0	0	0	0	0	0	0	0	0	0	0	3734	-2737	2574	22864	-7626	-233	-41	966	235	-1	-1	-1	-40	951	232	1606974594
-47	-54	-49	-54	-57	0	-67	-70	-76	0	-76	-76	-75	-66	0	-84	0	-88	-88	-88	0	0	-88	-89	0	0	-86	-89	-90	0	-89	-88	-89	-56	0	0	-93	-94	-94	-94	0	0	0	0	0	0	0	0	0	0	0	0	0	0	0	0	0	0	0	0	0	0	0	0	0	0	0	0	-94	0	0	0	0	0	0	0	0	0	0	0	0	-62	0	0	0	0	0	0	0	0	0	0	0	0	0	0	0	0	0	0	0	0	0	0	0	0	0	0	0	0	0	0	3704	-2737	2588	22865	-7628	-232	-40	966	235	0	-1	-1	-40	951	232	1606974596
-51	-54	-46	-55	-67	0	-69	-69	-78	0	-77	-77	-76	-70	-75	0	0	-86	-87	-87	0	0	-85	-86	0	0	-85	-91	-90	0	-89	-91	-91	0	0	0	0	0	-94	0	0	0	0	0	0	0	0	0	0	0	0	0	0	0	0	0	0	0	0	0	0	0	0	0	0	0	0	0	-96	0	0	0	0	0	0	0	0	0	0	0	0	-62	0	0	0	0	0	0	0	0	0	0	0	0	0	0	0	0	0	0	0	0	0	0	0	0	0	0	0	0	0	0	3734	-2737	2589	22864	-7624	-233	-41	966	235	-1	-1	-1	-40	951	233	1606974597
-54	-48	-45	-57	-58	0	0	-71	-82	0	-81	-81	-81	-69	0	0	0	-85	-86	-85	0	0	-85	-85	0	0	-86	-89	-92	0	-88	-90	-91	-63	-66	0	-95	-93	-92	-93	0	0	0	0	0	0	0	0	0	0	0	0	0	0	0	0	0	0	0	-95	0	0	0	0	0	0	0	0	0	0	-80	0	0	0	0	0	0	0	0	0	0	-68	0	0	0	0	0	0	0	0	0	0	0	0	0	0	0	0	0	0	0	0	0	0	0	0	0	0	0	0	0	0	3749	-2738	2619	22864	-7625	-232	-41	966	236	-1	-1	0	-40	951	232	1606974599
-52	-53	-48	-58	-62	0	-68	-68	-80	-79	-82	-80	-80	-72	0	-83	0	-85	-85	-86	0	-78	-86	-85	0	0	-87	-92	-90	0	-91	-88	-90	-62	0	0	-92	-93	-92	-94	0	0	0	0	0	0	0	0	0	0	0	0	0	0	0	0	0	0	0	0	0	0	0	0	0	0	0	0	0	0	0	0	0	0	0	0	0	0	0	0	0	-60	0	0	0	0	0	0	0	0	0	0	0	0	0	0	0	0	0	0	0	0	0	0	0	0	0	0	0	0	0	0	3764	-2745	2633	22865	-7628	-231	-41	966	235	-1	-1	0	-40	951	232	1606974600
-48	-53	-49	-56	-62	0	0	-88	-77	-79	-77	-77	-76	-71	0	0	0	-85	-85	-84	0	-77	-85	-85	0	0	0	-90	-89	0	-90	-90	-91	-56	0	0	-95	0	-95	0	0	0	0	0	0	0	0	0	0	0	0	0	0	0	0	0	0	0	0	0	0	0	0	0	0	0	0	0	0	0	0	0	0	0	0	0	0	0	0	0	0	-64	0	0	0	0	0	0	0	0	0	0	0	0	0	0	0	0	0	0	0	0	0	0	0	0	0	0	0	0	0	0	3749	-2723	2671	22864	-7625	-232	-41	966	235	-1	-1	-1	-40	951	233	1606974602
-53	-52	0	0	-62	0	0	-70	-81	0	-82	-80	-80	0	0	-83	0	-87	-87	-86	0	0	-86	-86	0	0	-88	-91	-89	0	0	-91	-90	-61	0	-94	-92	-94	-91	-91	-91	0	0	0	0	0	0	0	0	0	0	0	0	0	0	0	-84	0	0	0	0	-81	0	-82	-82	0	0	0	0	0	0	0	0	0	0	0	0	0	0	0	0	0	0	0	0	0	0	0	0	0	0	0	0	0	0	0	0	0	0	0	0	0	0	0	0	0	0	0	0	0	0	0	3719	-2730	2618	22864	-7624	-233	-41	966	235	-1	-1	-1	-40	951	233	1606974603
-49	-52	-49	-56	-63	-59	-72	-70	-83	0	-81	-82	-80	-67	0	0	0	-88	-87	-89	0	0	-88	-88	0	0	-85	-90	-89	0	-90	-89	-88	-61	0	0	-93	-95	-91	-95	0	-94	0	0	0	0	0	0	0	0	0	0	0	0	0	0	0	0	0	-94	0	0	0	0	0	0	0	0	0	0	0	0	0	0	0	0	0	0	0	0	0	-60	0	0	0	0	0	0	0	0	0	0	0	0	0	0	0	0	0	0	0	0	0	0	0	0	0	0	0	0	0	0	3749	-2692	2618	22865	-7627	-232	-41	965	235	-1	-1	0	-40	951	232	1606974605
-48	-49	-49	-55	-63	-59	-71	-72	-84	0	-82	-84	-81	-69	0	-85	0	-89	-89	-88	0	-78	-88	-89	0	0	-86	-90	-90	0	-90	-89	-90	-60	0	0	-94	-95	-93	-94	0	0	0	0	0	0	0	0	0	0	0	0	0	0	0	0	0	0	0	-93	0	0	0	0	0	0	0	0	0	0	0	0	0	0	0	0	0	0	0	0	0	-59	0	0	0	0	0	0	0	0	0	0	0	0	0	0	0	0	0	0	0	0	0	0	0	0	0	0	0	0	0	0	3704	-2737	2618	22864	-7624	-233	-41	966	235	-1	-1	-1	-40	951	233	1606974606
-50	-52	0	0	-61	-59	-65	-67	-83	-81	-82	-83	-80	-67	0	0	0	-90	-88	-90	0	0	-89	-88	0	0	0	-90	-90	0	-90	-89	-90	-60	0	-92	-94	-94	-91	-95	-92	0	0	0	0	0	0	0	0	0	0	0	0	0	0	0	0	0	0	0	0	0	0	0	0	0	0	0	0	0	0	0	0	0	0	0	0	0	0	0	0	-59	0	0	0	0	0	0	0	0	0	0	0	0	0	0	0	0	0	0	0	0	0	0	0	0	0	0	0	0	0	0	3764	-2692	2633	22864	-7624	-233	-41	966	235	-1	-1	0	-40	951	233	1606974608
-51	-50	0	-55	-62	-59	-67	0	-82	0	-82	-82	-80	-71	0	-84	0	-91	-89	-88	0	-78	-90	-89	0	0	-86	-89	-89	0	-89	-90	-90	-62	0	0	-93	-95	-91	-95	0	0	0	0	0	0	0	0	0	0	0	0	0	0	0	0	0	0	0	0	0	0	0	0	0	0	0	0	0	0	0	0	0	0	0	0	0	0	0	0	0	-67	0	0	0	0	0	0	0	0	0	0	0	0	0	0	0	0	0	0	0	0	0	0	0	0	0	0	0	0	0	0	3734	-2692	2633	22865	-7627	-232	-41	966	235	-1	-1	0	-40	951	232	1606974610
-50	-49	-47	-55	-64	-56	-67	-70	-76	0	-76	-76	-76	-70	-78	0	0	-85	-85	-85	0	0	-85	-86	0	0	-86	-91	-91	0	-92	-90	-90	-58	0	0	-96	-93	0	0	0	0	0	0	0	0	0	0	0	0	0	0	0	0	0	0	0	0	0	0	0	0	0	0	0	0	0	0	-92	0	0	0	0	0	0	0	0	0	0	0	0	-66	0	0	0	0	0	0	0	0	0	0	0	0	0	0	0	0	0	0	0	0	0	0	0	0	0	0	0	0	0	0	3734	-2700	2648	22864	-7623	-232	-41	966	236	-1	-1	0	-40	951	233	1606974611
-50	-52	-47	-55	-62	-60	-68	0	-81	-78	-80	-80	-80	-67	0	0	0	-90	-89	-89	0	-83	-89	-89	0	0	-86	-89	-91	0	-90	-90	-90	-60	0	0	-94	-92	-92	-94	0	-93	0	0	0	0	0	0	0	0	0	0	0	0	0	0	0	0	0	0	0	0	0	0	0	0	0	0	0	0	-79	0	0	0	0	0	0	0	0	0	0	-63	0	0	0	0	0	0	0	0	0	0	0	0	0	0	0	0	0	0	0	0	0	0	0	0	0	0	0	0	0	0	3787	-2723	2648	22863	-7623	-232	-41	966	235	-1	-1	0	-40	951	233	1606974613
-50	-51	-49	-56	-61	-57	-72	0	-77	-80	-77	-77	-75	0	0	0	0	-85	-85	-86	0	-82	-85	-86	0	0	-87	-90	-90	0	-90	-90	-88	-57	0	0	0	0	0	0	0	0	0	0	0	0	-87	0	-87	0	0	0	0	0	0	0	0	0	0	0	0	0	0	0	0	0	0	0	0	0	0	0	0	0	0	0	0	0	0	0	0	-58	0	0	0	0	0	0	0	0	0	0	0	0	0	0	0	0	0	0	0	0	0	0	0	0	0	0	0	0	0	0	3741	-2662	2618	22865	-7628	-231	-41	966	234	-1	-1	0	-40	951	232	1606974614
-49	-50	-48	-56	-63	-59	0	0	-81	0	-81	-81	-79	0	0	0	0	-88	-88	-88	0	-81	-88	-89	0	0	-87	-90	-90	0	-90	-91	-90	-61	0	0	-92	-93	0	0	-93	0	0	0	0	0	-86	0	0	0	0	0	0	0	0	0	0	0	0	0	0	0	0	0	0	0	0	0	0	0	0	0	0	0	0	0	0	0	0	0	0	-57	0	0	0	0	0	0	0	0	0	0	0	0	0	0	0	0	0	0	0	0	0	0	0	0	0	0	0	0	0	0	3749	-2730	2618	22864	-7624	-232	-41	966	235	-1	-1	-1	-40	951	233	1606974616
-49	-51	-49	-55	0	-60	-73	0	-82	-79	-81	-81	-79	0	0	0	0	-89	-89	-89	0	0	-89	-88	0	0	-86	-90	-90	0	-90	-90	-89	-61	0	-92	-94	-93	-92	0	-94	0	0	0	0	0	0	0	0	0	0	0	0	0	0	0	0	0	0	0	0	0	0	0	0	0	0	0	0	0	0	0	0	0	0	0	0	0	0	0	0	-66	0	0	0	0	0	0	0	0	0	0	0	0	0	0	0	0	0	0	0	0	0	0	0	0	0	0	0	0	0	0	3734	-2737	2648	22863	-7622	-231	-41	966	236	-1	-1	0	-40	951	233	1606974618
-50	-50	-48	-56	-62	-59	0	0	-83	-79	-81	-81	-80	-68	0	0	0	-88	-89	-87	0	0	-88	-89	0	0	-86	-89	-90	0	-89	-90	-91	-60	-67	0	-95	-93	-90	0	-94	0	0	0	0	0	0	0	0	0	0	0	0	0	0	0	0	0	0	-93	0	0	0	0	0	0	0	0	0	0	0	0	0	0	0	0	0	0	0	0	0	-67	0	0	0	0	0	0	0	0	0	0	0	0	0	0	0	0	0	0	0	0	0	0	0	0	0	0	0	0	0	0	3734	-2677	2648	22864	-7624	-231	-41	966	236	-1	-1	-1	-40	951	233	1606974619
0	-50	-47	-56	0	-59	-71	0	-81	0	-81	-82	-80	-72	0	0	0	-86	-87	-87	0	-82	-86	-87	0	0	0	-90	-92	0	-91	-89	-90	-61	0	0	-95	0	-91	0	0	0	0	0	0	0	0	0	0	0	0	0	0	0	0	0	0	0	0	-95	0	0	0	0	0	0	0	0	0	0	0	0	0	0	0	0	0	0	0	0	0	-58	0	0	0	0	0	0	0	0	0	0	0	0	0	0	0	0	0	0	0	0	0	0	0	0	0	0	0	0	0	0	3749	-2775	2626	22863	-7621	-231	-41	966	236	-1	-1	-1	-40	951	233	1606974621
-50	-51	-48	-54	-62	-59	-69	-67	-82	-80	-82	-82	-80	-69	0	-86	0	-87	-87	-86	0	0	-86	-86	0	0	-86	-90	-90	0	-90	-90	-91	-60	0	0	-95	-96	-89	0	0	0	0	0	0	0	0	0	0	0	0	0	0	0	0	0	-86	0	0	0	0	-84	0	-85	-82	0	0	0	0	0	-80	0	0	0	0	0	0	0	0	0	0	0	0	0	0	0	0	0	0	0	0	0	0	0	0	0	0	0	0	0	0	0	0	0	0	0	0	0	0	0	0	0	3749	-2738	2648	22863	-7621	-230	-41	966	236	-1	-1	-1	-40	951	233	1606974623
-49	-50	0	-55	-61	-59	0	0	-82	0	-83	-82	-79	-68	0	0	0	-87	-86	-87	0	-78	-87	-87	0	0	-87	-91	-89	0	-90	-90	-92	-60	0	0	-93	-95	-91	0	0	0	0	0	0	0	0	0	0	0	0	0	0	0	0	0	0	0	0	0	0	0	0	0	0	0	0	0	0	0	0	0	0	0	0	0	0	0	0	0	0	-70	0	0	0	0	0	0	0	0	0	0	0	0	0	0	0	0	0	0	0	0	0	0	0	0	0	0	0	-92	0	0	3659	-2737	2618	22864	-7625	-232	-40	966	235	-1	-1	-1	-40	951	232	1606974624
-50	-49	0	0	-62	-60	0	-67	-82	0	-84	-83	-80	0	0	0	0	-87	-87	-88	0	0	-87	-87	0	0	0	-91	-90	0	-90	-91	-90	-60	0	0	-93	-94	-92	0	0	0	0	0	0	0	0	0	0	0	0	0	0	0	0	0	0	0	0	0	0	0	0	0	0	0	0	0	0	0	-80	0	0	0	0	0	0	0	0	0	0	-63	0	0	0	0	0	0	0	0	0	0	0	0	0	0	0	0	0	0	0	0	0	0	0	0	0	0	0	0	0	0	3659	-2737	2618	22864	-7622	-231	-40	966	236	-1	-1	0	-40	951	233	1606974626
0	-51	-46	-55	-61	0	-72	-67	-77	0	-76	-77	-76	-71	0	0	0	-87	-87	-87	0	-79	-87	-86	0	0	-87	-91	-91	0	-88	-90	-91	-57	0	0	-93	-94	0	0	0	0	0	0	-87	0	0	-87	0	0	0	0	0	0	0	0	0	0	0	0	0	0	0	0	0	0	0	0	0	0	0	0	0	0	0	0	0	0	0	0	0	-58	0	0	0	0	0	0	0	0	0	0	0	0	0	0	0	0	0	0	0	0	0	0	0	0	0	0	0	0	0	0	3704	-2722	2611	22864	-7624	-231	-41	966	236	-1	-1	-1	-40	951	233	1606974627
-51	-51	0	-54	-61	0	-71	-68	-80	0	-82	-81	-79	-69	0	0	0	-89	-88	-86	0	-79	-86	-87	0	0	0	-90	-91	0	-89	-90	-91	-60	0	0	-95	-93	-94	0	0	0	0	0	0	0	0	0	0	-93	0	0	0	0	0	0	0	0	0	0	0	0	0	0	0	0	0	0	0	0	0	0	0	0	0	0	0	0	0	0	0	-58	0	0	0	0	0	0	0	0	0	0	0	0	0	0	0	0	0	0	0	0	0	0	0	0	0	0	0	-92	0	0	3749	-2745	2648	22865	-7628	-231	-41	966	235	-1	-1	-1	-40	951	232	1606974629
-49	-50	-48	-54	-61	0	-71	0	-82	0	-82	-81	-79	-68	0	0	0	-88	-88	-87	0	-80	-88	-87	0	0	-86	-90	-89	0	-90	-90	-92	-61	0	0	-94	-94	-92	0	0	0	0	0	0	0	0	0	0	0	0	0	0	0	0	0	0	0	0	0	0	0	0	0	0	0	0	0	0	0	0	0	0	0	0	0	0	0	0	0	0	-73	0	0	0	0	0	0	0	0	0	0	0	0	0	0	0	0	0	0	0	0	0	0	0	0	0	0	0	0	0	0	3749	-2723	2641	22864	-7623	-231	-41	966	236	-1	-1	0	-40	951	233	1606974630
0	-50	0	0	0	0	0	-69	-82	0	-82	-82	-80	-70	0	0	0	-88	-88	-88	0	-79	-88	-90	0	0	-87	-91	-90	0	-90	-89	-90	-61	0	0	-93	-93	0	0	0	0	0	0	0	0	0	0	0	0	0	0	0	-83	0	0	0	0	0	0	0	0	0	0	0	0	0	0	0	0	0	0	0	0	0	0	0	0	0	0	0	-57	0	0	0	0	0	0	0	0	0	0	0	0	0	0	0	0	0	0	-90	0	0	0	0	0	0	0	0	0	0	0	3734	-2752	2648	22864	-7623	-231	-41	966	236	-1	-1	0	-40	951	233	1606974632
-49	-50	0	-55	-58	0	0	0	-84	0	-81	-82	-80	0	0	-84	0	-85	-86	-85	0	-79	-85	-85	0	0	-87	-90	-91	0	-90	-90	-89	-62	0	-93	-92	-93	-92	0	0	0	0	-86	0	0	0	0	0	0	0	0	0	0	0	0	0	0	0	0	0	0	0	0	0	0	0	0	0	0	0	0	0	0	0	0	0	0	0	0	0	-55	0	0	0	0	0	0	0	0	0	0	0	0	0	0	0	0	0	0	0	0	0	0	0	0	0	0	0	0	0	0	3704	-2692	2663	22866	-7629	-231	-41	966	235	-1	-1	0	-40	951	232	1606974633
-53	-51	-46	-56	-62	0	0	0	-83	-76	-83	-83	-81	-72	0	-84	0	-86	-85	-86	0	0	-86	-86	0	0	-86	-90	-88	0	-90	-89	-89	-62	0	0	-92	-92	0	0	-94	0	0	0	0	0	0	0	0	0	0	0	0	0	0	0	-82	0	0	0	0	-82	0	-83	-83	0	0	0	0	0	0	0	0	0	0	0	0	0	0	0	0	0	0	0	0	0	0	0	0	0	0	0	0	0	0	0	0	0	0	0	0	0	0	0	0	0	0	0	0	0	0	0	3757	-2783	2633	22864	-7623	-231	-41	966	235	-1	-1	0	-40	951	233	1606974635
-53	-52	0	0	-61	0	-70	-67	-81	0	-83	-83	-80	-71	0	0	0	-86	-86	-86	0	-80	-85	-87	0	0	-89	-89	-89	0	-90	-89	-90	-62	0	-91	-92	-92	0	0	0	0	0	0	0	0	0	0	0	-84	0	0	0	0	0	0	0	0	0	0	0	0	0	0	0	0	0	0	0	0	0	0	0	0	0	0	0	0	0	0	0	0	0	0	0	0	0	0	0	0	0	0	0	0	0	0	0	0	0	0	0	0	0	0	0	0	0	0	0	0	0	0	3764	-2745	2648	22864	-7624	-231	-41	966	235	-1	-1	-1	-40	951	233	1606974637
-53	0	0	0	-62	-56	0	0	-76	0	-77	-77	-76	0	0	-84	0	-84	-85	-86	0	-79	-85	-84	0	0	-87	-89	-89	0	-91	-89	-89	-55	0	0	-93	0	0	0	0	0	0	0	0	0	0	0	0	0	0	0	0	0	0	0	-84	0	0	0	0	-83	0	-83	-84	0	0	0	0	0	0	0	0	0	0	0	0	0	0	0	0	-63	0	0	0	0	0	0	0	0	0	0	0	0	0	0	0	0	0	0	0	0	0	0	0	0	0	0	0	0	0	0	3659	-2737	2618	22865	-7629	-232	-40	966	235	-1	-1	-1	-40	951	232	1606974638
-50	-50	-48	-56	-61	-62	-71	-71	-84	-78	-84	-84	-79	-71	0	-84	0	-87	-85	-86	0	0	-86	-87	0	0	-87	-89	-89	0	-89	-89	-89	-61	0	0	-91	-92	-89	0	-92	0	0	0	0	-88	-89	0	0	0	-92	0	-85	0	0	0	0	0	0	0	0	0	0	0	0	0	0	0	0	0	0	0	0	0	0	0	0	0	0	0	0	-55	0	0	0	0	0	0	0	0	0	0	0	0	0	0	0	0	0	0	0	0	0	0	0	0	0	0	0	0	0	0	3734	-2752	2648	22864	-7626	-232	-41	966	235	-1	-1	-1	-40	951	232	1606974640
-52	-54	0	-57	-62	0	-71	-71	-82	-77	-80	-82	-80	0	0	0	0	-86	-86	-86	0	-79	-86	-85	0	0	0	-90	-89	0	-90	-90	-89	-61	0	0	-92	-91	-90	0	-94	0	0	0	0	0	0	0	0	0	-89	0	0	0	0	0	0	0	0	0	0	0	0	0	0	0	0	0	0	0	0	0	0	0	0	0	0	0	0	0	0	-59	0	0	0	0	0	0	0	0	0	0	0	0	0	0	0	0	0	0	0	0	0	0	0	0	0	0	0	0	0	0	3734	-2752	2619	22864	-7624	-232	-41	966	235	-1	-1	-1	-40	951	233	1606974641
-49	-53	-47	-50	-62	0	-67	0	-81	-78	-81	-83	-80	0	0	-85	0	-86	-86	-87	0	-78	-86	-86	0	0	-86	-90	-90	0	-90	-90	-89	-61	0	-92	-91	-92	0	0	0	0	0	0	0	0	0	0	0	0	0	0	0	0	0	0	0	0	0	0	0	0	0	0	0	0	0	0	0	0	0	0	0	0	0	0	0	0	0	0	0	-59	0	0	0	0	0	0	0	0	0	0	0	0	0	0	0	0	0	0	0	0	0	0	0	0	0	0	0	0	0	0	3689	-2722	2648	22865	-7629	-232	-41	966	234	-1	-1	0	-40	951	232	1606974643
0	0	-48	-57	-61	0	-68	-68	-81	0	-83	-83	-80	-68	0	0	0	-86	-88	-85	0	-80	-86	-86	0	0	0	-90	-90	0	-88	-89	-90	-61	0	-94	-92	-91	0	0	0	0	0	0	0	0	0	0	0	0	0	0	0	0	0	0	0	0	0	0	0	0	0	0	0	0	0	0	0	0	0	0	0	0	0	0	0	0	0	0	0	-59	0	0	0	0	0	0	0	0	0	0	0	0	0	0	0	0	0	0	0	0	0	0	0	0	0	0	0	0	0	0	3734	-2692	2648	22864	-7625	-233	-41	966	235	-1	-1	0	-40	951	232	1606974645
-49	-53	-48	-58	-61	0	-72	0	-84	0	-82	-84	-80	0	0	0	0	-86	-86	-85	0	0	-86	-86	0	0	0	-90	-90	0	-90	-89	-89	-61	0	-94	-93	-91	-90	0	-92	0	0	0	0	0	0	0	0	-86	0	0	-87	-85	0	0	0	0	0	0	0	0	0	0	0	0	0	0	0	0	0	0	0	0	0	0	0	0	0	0	0	-70	0	0	0	0	0	0	0	0	0	0	0	0	0	0	0	0	0	0	0	0	0	0	0	0	0	0	0	0	0	0	3764	-2723	2633	22864	-7625	-233	-41	966	235	-1	-1	-1	-40	951	233	1606974646
-50	-48	0	-57	-62	0	-72	-71	-83	-78	-83	-82	-79	-68	0	0	0	-86	-86	-86	0	-79	-86	-86	0	0	0	0	0	0	0	0	0	-61	0	-92	-93	-92	-91	0	-94	0	0	0	0	0	0	0	0	0	0	0	0	0	0	0	0	0	0	0	0	0	0	0	0	0	0	0	0	0	0	0	0	0	0	0	0	0	0	0	0	-59	0	0	0	0	0	0	0	0	0	0	0	0	0	0	0	0	0	0	0	0	0	0	0	0	0	0	0	0	0	0	3764	-2753	2619	22866	-7630	-232	-41	966	234	-1	-1	-1	-40	951	232	1606974648
-51	-47	-48	-57	-59	0	-68	0	-77	-78	-77	-77	-77	0	0	-82	0	-84	-85	-84	0	0	-84	-84	0	0	-87	-89	-91	0	-88	-89	-88	-54	0	0	0	0	-94	0	0	0	0	0	0	0	0	0	0	0	0	0	0	0	0	0	0	0	0	0	0	-83	0	-84	0	0	0	0	0	0	0	0	0	0	0	0	0	0	0	0	0	-69	0	0	0	0	0	0	0	0	0	0	0	0	0	0	0	0	0	0	0	0	0	0	0	0	0	0	0	0	0	0	3719	-2768	2723	22863	-7624	-233	-41	966	236	-1	-1	-1	-40	951	233	1606974649
-49	-52	-48	-58	-59	0	0	-70	-82	-76	-81	-82	-79	0	0	0	0	-86	-86	-86	0	0	-85	-87	0	0	-87	-89	-90	0	-89	-89	-88	-61	0	-93	-93	-92	-90	0	0	0	0	0	0	0	0	0	0	0	0	0	0	0	0	0	0	0	0	0	0	0	0	0	0	0	0	0	0	0	0	0	0	0	0	0	0	0	0	0	0	-58	0	0	0	0	0	0	0	0	0	0	0	0	0	0	0	0	0	0	0	0	0	0	0	0	0	0	0	-91	0	0	3757	-2753	2656	22865	-7627	-231	-41	965	235	-1	-1	0	-40	951	232	1606974651
-52	0	0	-57	-61	-56	-68	-68	-77	-77	-77	-78	-76	-70	0	0	0	-85	-84	-84	0	-85	-85	-84	0	0	0	-89	-89	0	-89	-89	-91	-55	0	0	-94	-95	-91	0	0	0	0	-86	0	0	0	0	0	0	0	0	0	0	0	0	0	0	0	0	0	0	0	0	0	0	0	0	0	0	0	0	0	0	0	0	0	0	0	0	0	-58	0	0	0	0	0	0	0	0	0	0	0	0	0	0	0	0	0	0	0	0	0	0	0	0	0	0	0	0	0	0	3734	-2767	2648	22865	-7627	-232	-41	966	235	-1	0	-1	-40	951	232	1606974653
-50	0	0	0	-60	-57	0	-71	-76	0	-76	-76	-76	0	0	0	0	-85	-85	-84	0	0	-85	-85	0	0	-87	-89	-89	0	-89	-89	-89	-57	0	0	0	0	0	0	0	0	0	0	0	0	0	0	0	0	0	0	0	0	0	0	0	0	0	0	0	0	0	0	0	0	0	0	0	0	0	-94	0	0	0	0	0	0	0	0	0	-59	0	0	0	0	0	0	0	0	0	0	0	0	0	0	0	0	0	0	0	0	0	0	0	0	0	0	0	0	0	0	3734	-2730	2633	22865	-7628	-232	-41	966	235	-1	-1	-1	-40	951	232	1606974654
0	-50	-48	-59	0	-62	-68	-70	-85	0	-85	-83	-80	-69	0	-85	0	-86	-86	-86	0	-86	-85	-87	0	0	-85	-89	-89	0	-89	-89	-90	-61	0	-92	-93	-93	-89	0	0	0	0	0	0	0	0	0	0	0	0	0	0	0	0	0	0	0	0	0	0	0	0	0	0	0	0	0	0	0	0	0	0	0	0	0	0	0	0	0	0	0	0	0	0	0	0	0	0	0	0	0	0	0	0	0	0	0	0	0	0	0	0	0	0	0	0	0	0	0	0	0	3749	-2738	2618	22865	-7627	-232	-41	966	235	-1	-1	-1	-40	951	232	1606974656
-51	-51	-47	-59	0	-60	0	-69	-85	0	-84	-85	-80	-70	0	0	0	-88	-89	-89	0	0	-88	-89	0	0	-86	-89	-89	0	-90	-89	-90	-61	0	0	-95	-94	0	0	0	0	0	0	0	0	0	0	0	0	0	0	0	0	0	0	0	0	0	0	0	0	0	0	0	0	0	0	0	0	-79	0	0	0	0	0	0	0	0	0	0	-57	0	0	0	0	0	0	0	0	0	0	0	0	0	0	0	0	0	0	0	0	0	0	0	0	0	0	0	0	0	0	3764	-2753	2619	22865	-7628	-233	-41	966	235	0	0	0	-40	951	232	1606974658
0	-50	-47	0	0	-61	-70	0	-82	0	-82	-83	-80	-70	0	-86	0	-87	-86	-87	0	-82	-86	-87	0	0	-88	-89	-91	0	-90	-90	-89	-59	0	-92	-93	-92	-91	0	0	0	0	0	0	0	0	0	0	0	0	0	0	0	0	0	-84	0	0	0	0	-82	0	-86	-87	0	0	0	0	0	0	0	0	0	0	0	0	0	0	0	0	-59	0	0	0	0	0	0	0	0	0	0	0	0	0	0	0	0	0	0	0	0	0	0	0	0	0	0	0	0	0	0	3734	-2767	2648	22865	-7630	-233	-41	966	235	-1	-1	-1	-40	951	232	1606974659
-47	0	-49	0	-59	0	0	0	-77	0	-78	-78	-77	0	0	0	0	-88	-88	-86	0	-83	-88	-87	0	0	0	-89	-88	0	-89	-88	-90	-58	0	0	-95	-93	0	0	0	0	0	0	0	0	0	0	0	0	0	0	0	0	0	0	0	0	0	0	0	0	0	0	0	0	0	0	0	0	0	0	0	0	0	0	0	0	0	0	0	-63	0	0	0	0	0	0	0	0	0	0	0	0	0	0	0	0	0	0	0	0	0	0	0	0	0	0	0	0	0	0	3749	-2737	2611	22864	-7627	-233	-41	966	235	-1	-1	-1	-40	951	232	1606974661
0	-51	0	-59	0	-59	-73	-74	-79	0	-78	-78	-76	-70	0	0	0	-88	-87	-87	0	-84	-87	-87	0	0	-88	-89	-89	0	-89	-88	-90	-56	0	0	-94	-94	0	0	0	0	0	0	0	0	0	0	0	0	0	0	0	0	0	0	0	0	0	0	0	0	0	0	0	0	0	0	0	0	0	0	0	0	0	0	0	0	0	0	0	-59	0	0	0	0	0	0	0	0	0	0	0	0	0	0	0	0	0	0	0	0	0	0	0	0	0	0	0	0	0	0	3764	-2730	2641	22865	-7630	-233	-41	966	235	-1	0	-1	-40	951	232	1606974663
-49	-49	-52	-58	-58	-62	-70	0	-83	-75	-82	-81	-78	-74	0	0	0	-87	-87	-87	0	-81	-87	-87	0	0	-89	-89	-89	0	-90	-91	-91	-59	0	0	0	-92	-92	0	0	0	0	0	0	0	0	0	0	0	0	0	0	0	0	0	0	0	0	0	0	0	0	0	0	0	0	0	0	0	0	0	0	0	0	0	0	0	0	0	0	-59	0	0	0	0	0	0	0	0	0	0	0	0	0	0	0	0	0	0	0	0	0	0	0	0	0	0	0	0	0	0	3749	-2723	2663	22866	-7631	-232	-41	966	235	-1	-1	0	-40	952	231	1606974664
-50	0	-50	-57	-60	-62	-71	-75	-80	-81	-82	-80	-79	-73	0	0	0	-87	-87	-87	0	0	-86	-87	0	0	-88	-89	-89	0	-91	-89	-89	-59	0	0	-93	-93	-91	0	0	0	-91	0	0	0	0	0	0	0	0	0	0	0	0	0	0	0	0	0	0	0	0	0	0	0	0	0	0	0	0	0	0	0	0	0	0	0	0	0	0	-57	0	0	0	0	0	0	0	0	0	0	0	0	0	0	0	0	0	0	0	0	0	0	0	0	0	0	0	0	0	0	3734	-2782	2648	22865	-7629	-233	-41	966	235	-1	-1	-1	-40	951	232	1606974666
-50	-50	0	-58	-59	-62	-70	-70	-82	-81	-82	-81	-79	0	0	-83	0	-87	-87	-87	0	-81	-86	-86	0	0	-87	-90	-89	0	-90	-90	-89	-59	0	0	-95	-94	0	0	0	0	0	-84	0	0	0	0	0	0	0	0	0	0	0	0	-82	0	0	0	0	-85	0	-84	-82	0	0	0	0	0	-77	0	0	0	0	0	0	0	0	0	0	-63	0	0	0	0	0	0	0	0	0	0	0	0	0	0	0	0	0	0	0	0	0	0	0	0	0	0	0	0	0	0	3704	-2722	2588	22865	-7627	-233	-41	966	235	-1	-1	-1	-40	951	232	1606974667
-50	-50	-50	-57	-60	-59	0	-72	-77	0	-78	-78	-94	-70	0	-82	0	-88	-89	-88	0	-79	-88	-88	0	0	-87	-90	-91	0	0	-90	-90	-57	0	0	-94	-94	0	0	0	0	0	0	0	0	0	0	0	0	0	0	0	0	0	0	0	0	0	0	0	0	-95	-84	0	0	0	0	0	0	-78	0	0	0	0	0	0	0	0	0	0	-69	0	0	0	0	0	0	0	0	0	0	0	0	0	0	0	0	0	0	0	0	0	0	0	0	0	0	0	0	0	0	3734	-2767	2648	22865	-7628	-233	-41	966	235	-1	-1	-1	-40	951	232	1606974669
-50	-51	-50	0	-59	0	0	0	-77	-77	-78	-77	-77	0	0	-83	0	-87	-88	-87	0	0	-88	-86	0	0	-89	-89	-90	0	-89	-90	-90	-56	0	0	-93	-94	0	0	0	0	0	0	0	0	0	0	0	0	0	0	0	0	0	0	-84	0	0	0	0	-83	0	0	-83	0	0	0	0	0	-78	0	0	0	0	0	0	0	0	0	0	-71	0	-92	0	0	0	0	0	0	0	0	0	0	0	0	0	0	0	0	0	0	0	0	0	0	0	0	0	0	0	0	3749	-2692	2633	22865	-7628	-232	-41	966	235	-1	-1	-1	-40	951	232	1606974671
-49	-51	-50	-58	-60	0	-71	-72	-77	-81	-77	-77	-76	-71	0	0	0	-89	-88	-87	0	0	-88	-89	0	0	-87	-91	-90	0	-91	-90	-91	-58	0	0	-95	-95	0	0	0	0	0	0	0	0	0	0	0	0	0	0	0	0	0	0	0	0	0	0	0	0	0	0	0	0	0	0	0	0	0	0	0	0	0	0	0	0	0	0	0	-57	0	0	0	0	0	0	0	0	0	0	0	0	0	0	0	0	0	0	0	0	0	0	0	0	0	0	0	0	0	0	3749	-2752	2596	22865	-7627	-232	-41	966	235	-1	-1	-1	-40	951	232	1606974672
-49	0	0	-58	-60	0	-71	-72	-83	-80	-83	-82	-80	-72	0	0	0	-86	-87	-86	0	0	-87	-87	0	0	-88	-90	-89	0	-89	-90	-91	-60	0	0	-94	0	0	0	0	0	0	0	0	0	0	0	0	0	0	0	0	0	0	0	0	0	0	0	0	0	0	0	0	0	0	0	0	0	0	0	0	0	0	0	0	0	0	0	0	-59	0	0	0	0	0	0	0	0	0	0	0	0	0	0	0	0	0	0	0	0	0	0	0	0	0	0	0	0	0	0	3734	-2722	2589	22866	-7632	-232	-41	966	234	-1	-1	0	-40	952	231	1606974674
-49	-51	-50	-57	-60	0	-71	-71	-77	0	-77	-77	-76	-75	0	-84	0	-87	-88	-88	0	0	-87	-88	0	0	-88	-89	-89	0	-90	-89	-89	-57	0	0	0	0	0	0	0	0	0	0	0	0	0	0	0	0	0	0	0	-88	0	0	0	0	0	0	0	-85	0	0	0	0	0	0	0	0	0	0	0	0	0	0	0	0	0	0	0	0	0	0	0	0	0	0	0	0	0	0	0	0	0	0	0	0	0	0	0	0	0	0	0	0	0	0	0	0	0	0	3734	-2752	2641	22865	-7627	-233	-41	966	235	-1	-1	-1	-40	951	232	1606974676
-49	0	0	-57	-59	0	-72	-70	-83	-71	-83	-83	-79	-74	0	-86	0	-87	-86	-87	0	0	-86	-86	0	0	-86	0	0	0	0	0	-91	-59	0	-94	-92	-92	-93	0	0	0	0	0	0	0	0	0	0	0	0	0	0	0	0	0	0	0	0	0	0	0	0	0	0	0	0	0	0	0	0	0	0	0	0	0	0	0	0	0	0	-62	0	0	0	0	0	0	0	0	0	0	0	0	0	0	0	0	0	0	0	0	0	0	0	0	0	0	0	0	0	0	3734	-2723	2663	22865	-7629	-233	-41	965	235	-1	-1	0	-40	951	232	1606974677
-49	-52	-51	0	-59	0	-72	-70	-78	-75	-78	-77	-77	-73	0	-86	0	-87	-88	-88	0	0	-89	-88	0	0	-89	-89	-90	0	-90	-91	-89	-56	0	0	-93	-94	0	0	0	0	0	0	0	0	0	0	0	0	0	0	0	0	0	0	0	0	0	0	0	0	0	0	0	0	0	0	0	0	0	0	0	0	0	0	0	0	0	0	0	-60	0	0	0	0	0	0	0	0	0	0	0	0	0	0	0	0	0	0	0	0	0	0	0	0	0	0	0	0	0	0	3734	-2737	2633	22866	-7633	-233	-41	966	234	-1	-1	0	-40	952	231	1606974679
-50	-51	-50	-57	-59	0	-69	-70	-81	0	-83	-83	-81	0	0	0	0	-86	-87	-87	0	0	-87	-86	0	0	-88	-90	-90	0	-90	-91	-90	-60	0	0	-94	-92	-94	0	0	0	0	0	0	0	0	0	0	0	0	0	0	0	0	0	0	0	0	0	0	0	0	0	0	0	0	0	0	0	0	0	0	0	0	0	0	0	0	0	0	0	0	0	0	0	0	0	0	0	0	0	0	0	0	0	0	0	0	0	0	0	0	0	0	0	0	0	0	0	0	-84	3704	-2737	2648	22865	-7629	-233	-41	966	235	-1	0	0	-40	951	232	1606974680
-49	-50	-50	-57	-59	0	0	0	-81	0	-83	-82	-80	0	0	0	0	-85	-86	-87	0	-80	-87	-86	0	0	-88	-91	-89	0	-91	-89	-89	-60	0	0	-95	-92	0	0	0	0	0	0	0	0	0	0	0	0	0	0	0	0	0	0	0	0	0	0	0	0	0	0	0	0	0	0	0	0	0	0	0	0	0	0	0	0	0	0	0	0	0	0	0	0	0	0	0	0	0	0	0	0	0	0	0	0	0	0	0	0	0	0	0	0	0	0	0	0	0	0	3734	-2752	2633	22865	-7628	-233	-41	966	235	-1	-1	0	-40	951	232	1606974682
-47	-50	0	0	-59	0	0	-71	-81	0	-82	-82	-79	0	0	0	0	-87	-87	-87	0	-79	-86	-86	0	0	-87	-89	-90	0	-90	-89	-89	-60	0	0	-93	-92	0	0	0	0	0	0	0	0	0	0	0	0	0	0	0	0	0	0	0	0	0	0	0	0	0	0	0	0	0	0	0	0	0	0	0	0	0	0	0	0	0	0	0	0	0	0	0	0	0	0	0	0	0	0	0	0	0	0	0	0	0	0	0	0	0	0	0	0	0	0	0	0	0	0	3719	-2752	2619	22866	-7630	-232	-41	965	234	-1	-1	0	-40	951	232	1606974683
-49	0	-52	0	-57	-58	0	-72	-77	0	-80	-77	-77	0	0	0	0	-85	-87	-86	0	0	-86	-86	0	0	-88	-89	-90	0	-90	-90	-89	-57	0	-93	0	0	0	0	0	0	0	0	0	0	0	0	0	-88	0	0	0	0	0	0	0	0	0	0	0	0	0	0	0	0	0	0	0	0	0	0	0	0	0	0	0	0	0	0	0	-70	0	0	0	0	0	0	0	0	0	0	0	0	0	0	0	0	0	0	0	0	0	0	0	0	0	0	0	0	0	0	3749	-2678	2663	22865	-7629	-233	-41	965	235	-1	0	-1	-40	951	232	1606974685
-50	-52	-47	-57	-60	-62	-71	-70	-81	0	-82	-82	-80	-70	0	0	0	-89	-89	-90	0	0	-88	-89	0	0	0	-90	-90	0	-90	-92	-91	-59	0	0	0	-93	-91	0	0	0	0	0	0	0	0	0	0	0	0	0	0	0	0	0	0	0	0	0	0	0	0	0	0	0	0	0	0	0	0	0	0	0	0	0	0	0	0	0	0	-62	0	0	0	0	0	0	0	0	0	0	0	0	0	0	0	0	0	0	0	0	0	0	0	0	0	0	0	0	0	0	3749	-2685	2648	22865	-7630	-233	-41	966	234	-1	-1	-1	-40	951	232	1606974687
-47	-51	-47	-56	-59	-62	0	-70	-84	0	-81	-81	-80	-70	0	0	0	-89	-88	-88	0	-81	-88	-89	0	0	-85	-90	0	0	-91	-89	-90	-59	0	0	0	-94	0	0	0	0	0	0	0	0	0	0	0	0	0	0	0	0	0	0	0	0	0	0	0	0	0	0	0	0	0	0	0	0	0	0	0	0	0	0	0	0	0	0	0	0	0	0	0	0	0	0	0	0	0	0	0	0	0	0	0	0	0	0	0	0	0	0	0	0	0	0	0	0	0	0	3696	-2685	2603	22866	-7633	-233	-41	966	234	-1	-1	0	-40	952	231	1606974688
0	0	-48	0	0	0	-69	0	-79	0	-79	-78	-76	0	0	0	0	-86	-87	-86	0	0	-87	-86	0	0	-88	-89	-90	0	-90	-89	-89	-63	0	0	0	0	0	0	0	0	0	0	0	0	0	0	0	0	0	0	0	0	0	0	0	0	0	0	0	0	0	0	0	0	0	0	0	0	0	0	0	0	0	0	0	0	0	0	0	-60	0	0	0	0	0	0	0	0	0	0	0	0	0	0	0	0	0	0	0	0	0	0	0	0	0	0	0	0	0	0	3748	-2640	2573	22865	-7628	-233	-41	965	235	-1	-1	0	-40	951	232	1606974690
-47	-52	0	-55	-59	-57	-69	-70	-78	-74	-79	-78	-76	-70	0	0	0	-87	-87	-86	0	0	-86	-87	0	0	-87	-89	-90	0	-91	-90	-90	-64	0	0	0	0	0	0	0	0	0	0	0	0	0	0	0	-86	0	0	0	0	0	0	0	0	0	0	0	0	0	0	0	0	0	0	0	0	0	0	0	0	0	0	0	0	0	0	0	-60	0	0	0	0	0	0	0	0	0	0	0	0	0	0	0	0	0	0	0	0	0	0	0	0	0	0	0	0	0	0	3734	-2722	2589	22865	-7629	-233	-41	966	235	-1	-1	0	-40	951	232	1606974691
-46	-51	-47	-54	-57	-62	-71	-69	-84	-73	-82	-83	-81	-69	0	-84	0	-88	-89	-88	0	0	-89	-90	0	0	-87	-89	-90	0	-90	-89	-89	-59	0	0	0	-94	-87	0	0	0	0	0	0	0	0	0	0	-89	0	0	-89	-86	0	0	0	0	0	0	0	0	0	0	0	0	0	0	0	0	0	0	0	0	0	0	0	0	0	0	0	-61	0	0	0	0	0	0	0	0	0	0	0	0	0	0	0	0	0	0	0	0	0	0	0	0	0	0	0	0	0	0	3734	-2737	2648	22865	-7630	-233	-41	966	234	-1	-1	-1	-40	951	232	1606974693
-48	-53	-47	-55	-58	-59	-70	-70	-78	0	-79	-78	-76	-71	0	0	0	-86	-87	-88	0	0	-87	-87	0	0	-90	-91	-90	0	-90	-89	-90	-61	0	0	0	-96	0	0	0	0	0	0	0	0	0	0	0	0	0	0	0	0	0	0	0	0	0	0	0	0	0	0	0	0	0	0	0	0	0	0	0	0	0	0	0	0	0	0	0	-59	0	0	0	0	0	0	0	0	0	0	0	0	0	0	0	0	0	0	0	0	0	0	0	0	0	0	0	0	0	0	3749	-2723	2618	22865	-7628	-232	-41	965	235	-1	-1	0	-40	951	232	1606974695
-49	-52	-47	-55	-59	-59	-71	-71	-79	0	-78	-78	-77	-72	0	-84	0	-87	-87	-87	0	-77	-88	-87	0	0	-87	-90	-89	0	-91	-90	-91	-60	0	0	0	-95	0	0	0	0	0	0	0	0	0	0	0	0	0	0	0	0	0	0	-85	0	0	0	0	-83	0	0	-85	0	0	0	0	0	-78	0	0	0	0	0	0	0	0	0	0	-56	0	0	0	0	0	0	0	0	0	0	0	0	0	0	0	0	0	0	0	0	0	0	0	0	0	0	0	0	0	0	3749	-2753	2633	22865	-7628	-232	-41	966	235	-1	-1	0	-40	951	232	1606974696
-48	-52	-47	-55	-57	-59	-73	-71	-83	-74	-83	-83	-81	-71	0	0	0	-87	-87	-87	0	0	-86	-87	0	0	0	-90	-92	0	-89	-89	-90	-57	0	0	0	-94	0	0	0	0	0	0	0	0	0	0	0	-86	0	0	-87	0	0	0	0	0	0	0	0	0	0	0	0	0	0	0	0	0	0	0	0	0	0	0	0	0	0	0	0	0	0	0	0	0	0	0	0	0	0	0	0	0	0	0	0	0	0	0	0	0	0	0	0	0	0	0	0	0	0	0	3742	-2752	2619	22866	-7634	-233	-41	966	234	-1	-1	0	-40	952	231	1606974698
-47	-53	-47	-56	-60	-60	-72	-74	-82	-73	-84	-83	-80	-72	0	0	0	-86	-86	-85	0	-80	-85	-85	0	0	-89	-91	-90	0	-90	-90	-89	-60	0	-93	0	-92	0	0	0	0	0	0	0	0	-90	0	0	0	0	0	0	0	0	0	0	0	0	-95	0	0	0	0	0	0	0	0	0	0	0	0	0	0	0	0	0	0	0	0	0	-58	0	0	0	0	0	0	0	0	0	0	0	0	0	0	0	0	0	0	0	0	0	0	0	0	0	0	0	0	0	0	3704	-2745	2633	22865	-7628	-233	-41	966	235	-1	-1	-1	-40	951	232	1606974699
-49	-49	-50	0	-59	0	0	-76	-78	0	-77	-77	-76	-71	0	-85	0	-87	-87	-86	0	0	-86	-87	0	0	-90	-89	-90	0	-89	-90	-90	-55	0	0	0	0	0	0	0	0	0	0	0	0	0	0	0	0	0	0	0	0	0	0	0	0	0	0	0	0	0	0	0	0	0	0	0	0	-80	0	0	0	0	0	0	0	0	0	0	-59	0	0	0	0	0	0	0	0	0	0	0	0	0	0	0	0	0	0	0	0	0	0	0	0	0	0	0	0	0	0	3749	-2738	2648	22866	-7631	-232	-41	966	235	-1	-1	-1	-40	952	231	1606974701
-48	-53	-50	-58	-60	-58	-72	-71	-76	-80	-77	-76	-76	-73	0	0	0	-87	-87	-86	0	-78	-87	-86	0	-77	-89	-89	-89	0	-89	-89	-89	-54	0	0	0	-92	0	0	0	0	0	0	0	0	0	0	0	0	0	0	0	0	0	0	0	0	0	0	0	0	0	0	0	0	0	0	0	0	0	0	0	0	0	0	0	0	0	0	0	-59	0	0	0	0	0	0	0	0	0	0	0	0	0	0	0	0	0	0	0	0	0	0	0	0	0	0	0	0	0	0	3734	-2752	2581	22866	-7630	-231	-40	966	235	-1	-1	0	-40	951	232	1606974703
-47	-53	0	-57	-59	0	-71	-74	-77	0	-77	-77	-75	-74	0	-85	0	-86	-86	-86	0	-79	-88	-87	0	0	-89	-90	-89	0	-89	-88	-89	-54	0	0	0	-94	0	0	0	0	0	0	0	0	0	0	0	0	0	0	0	0	0	0	0	0	0	0	0	0	0	0	0	0	0	0	0	0	0	0	0	0	0	0	0	0	0	0	0	0	0	0	0	0	0	0	0	0	0	-92	0	0	0	0	0	0	0	0	0	0	0	0	0	0	0	0	-91	0	0	0	3734	-2767	2574	22866	-7631	-231	-41	965	234	-1	-1	0	-40	952	232	1606974704
-51	-50	0	-58	-60	0	0	-71	-84	-79	-84	-84	-79	-74	0	0	0	-87	-87	-86	-80	-79	-87	-86	0	0	-88	-89	-91	0	-90	-88	-88	-59	0	0	0	-94	0	0	0	0	0	0	0	0	0	0	0	0	0	0	0	0	0	0	0	0	0	0	0	0	0	0	0	0	0	0	0	0	0	0	0	0	0	0	0	0	0	0	0	-56	0	0	0	0	0	0	0	0	0	0	0	0	0	0	0	0	0	0	0	0	0	0	0	0	0	0	0	0	0	0	3749	-2677	2641	22865	-7629	-232	-41	966	235	-1	-1	0	-40	951	232	1606974706
-50	-51	0	0	-58	0	0	0	-85	-79	-83	-83	-79	0	0	0	0	-84	-86	-86	0	-80	-86	-86	0	0	-88	-90	-89	0	-90	-88	-89	-59	0	0	0	-93	0	0	0	0	0	0	0	0	0	0	0	0	0	0	0	0	0	0	0	0	0	-95	0	0	0	0	0	0	0	0	0	0	0	0	0	0	0	0	0	0	0	0	0	-63	0	0	0	0	0	0	0	0	0	0	0	0	0	0	0	0	0	0	0	0	0	0	0	0	0	0	0	0	0	0	3749	-2723	2633	22864	-7627	-234	-41	966	235	-1	-1	-1	-40	951	232	1606974707
-48	-50	0	-59	-58	0	0	0	-84	0	-85	-85	-79	0	0	0	0	-85	-86	-87	0	0	-86	-86	0	0	-90	-90	-90	0	-90	-88	-89	-59	0	0	0	-94	0	0	0	0	0	0	0	0	-89	0	0	-88	0	0	0	-82	0	0	0	0	0	0	0	0	0	0	0	0	0	0	0	0	0	0	0	0	0	0	0	0	0	0	0	-66	0	0	0	0	0	0	0	0	0	0	0	0	0	0	0	0	0	0	0	0	0	0	0	0	0	0	0	0	0	0	3779	-2723	2626	22866	-7631	-231	-41	966	235	-1	-1	0	-40	951	232	1606974709
-50	0	-51	-59	-60	0	0	-74	-77	-79	-76	-77	-75	0	0	0	0	-86	-86	-87	0	0	-86	-86	0	0	-87	-89	-90	0	-89	-87	-89	-55	0	0	0	-95	0	0	0	0	0	0	0	0	0	0	0	-87	0	0	0	0	0	-86	0	0	0	0	0	0	0	0	0	0	0	0	0	0	0	0	0	0	0	0	0	0	0	0	0	-63	0	0	0	0	0	0	0	0	0	0	-89	0	0	0	0	0	0	0	0	0	0	0	0	0	0	0	0	0	0	0	3749	-2738	2633	22865	-7628	-232	-41	966	235	-1	-1	0	-40	951	232	1606974711
-50	-49	-52	-58	-60	0	-76	-72	-76	-79	-77	-78	-75	-72	-78	0	0	-86	-86	-87	0	-79	-87	-87	0	0	0	-88	-88	0	0	-89	-92	-55	0	0	0	-93	0	0	0	0	0	0	0	0	0	0	0	0	0	0	0	0	0	0	0	0	-72	0	0	0	0	0	0	0	0	0	0	0	0	0	0	0	0	0	0	0	0	0	0	-68	0	0	0	0	0	0	0	0	0	0	0	0	0	0	0	0	0	0	0	0	0	0	0	0	0	0	0	0	0	0	3749	-2738	2633	22865	-7628	-232	-41	966	234	-1	-1	-1	-40	951	232	1606974712
-49	-52	-52	-59	-60	0	-72	0	-84	0	-86	-84	-78	0	0	-88	0	-86	-86	-87	0	0	-86	-86	0	0	-89	-89	-88	0	-89	-87	-88	-59	0	0	0	-92	0	0	0	0	0	0	0	0	0	0	0	0	0	0	0	0	0	0	0	0	0	-94	0	0	0	0	0	0	0	0	0	0	0	0	0	0	0	0	0	0	0	0	0	-56	0	0	0	0	0	0	0	0	0	0	0	0	0	0	0	0	0	0	0	0	0	0	0	0	0	0	0	0	0	0	3749	-2723	2678	22865	-7628	-232	-41	965	235	-1	-1	0	-40	951	232	1606974714
-50	-55	0	-58	0	0	-73	-73	-81	-80	-82	-81	-78	-74	0	0	0	-87	-87	-87	0	0	-86	-86	0	0	-91	-89	-89	0	0	-89	-89	-58	0	0	0	-95	0	0	0	0	0	0	0	0	0	0	0	0	0	0	0	0	0	0	0	0	0	-94	0	0	0	0	0	0	0	0	0	0	-79	0	0	0	0	0	0	0	0	0	0	-58	0	0	0	0	0	0	0	0	0	0	0	0	0	0	0	0	0	0	0	0	0	0	0	0	0	0	0	0	0	0	3749	-2723	2648	22864	-7626	-232	-41	966	235	0	0	0	-40	951	232	1606974716
-48	-55	-51	-59	-60	0	-75	0	-77	0	-77	-77	-74	0	0	0	-79	-87	-87	-87	-82	0	-86	-88	-79	0	-86	-88	-89	0	-88	-88	-88	-54	0	0	0	-92	0	0	0	0	0	0	0	0	0	0	0	-90	0	0	-90	0	0	0	0	0	0	0	0	0	0	0	0	0	0	0	0	0	0	0	0	0	0	0	0	0	0	0	0	-62	0	0	0	0	0	0	0	0	0	0	0	0	0	0	0	0	0	0	0	0	0	0	0	0	0	0	0	0	0	0	3734	-2767	2648	22864	-7627	-234	-41	966	235	0	0	0	-40	951	232	1606974717
-50	-54	0	-57	-57	0	-74	-73	-83	-79	-83	-82	-79	-73	0	0	0	-86	-86	-86	0	-79	-87	-86	0	0	-89	-89	-88	0	-90	-88	-88	-58	0	0	0	-96	0	0	0	0	0	0	0	0	0	0	0	0	0	0	0	0	0	0	0	0	0	0	0	0	0	0	0	0	0	0	0	0	0	0	0	0	0	0	0	0	0	0	0	-62	0	0	0	0	0	0	0	0	0	0	0	0	0	0	0	0	0	0	0	0	0	0	0	0	0	0	0	0	0	0	3734	-2722	2589	22865	-7629	-232	-41	966	235	0	0	0	-40	951	232	1606974719
-49	-54	-52	-58	-60	0	0	-74	-81	-78	-81	-82	-77	-73	0	0	0	-87	-86	-86	0	-78	-86	-86	0	0	-92	-89	-90	0	-90	-88	-89	-57	0	0	0	-94	0	0	0	-95	0	0	0	0	0	0	0	0	-89	0	0	0	0	0	0	0	0	0	0	0	0	0	0	-91	0	0	0	0	0	0	0	0	0	0	0	0	0	0	0	-55	0	-88	0	0	0	0	0	0	0	0	0	0	0	0	0	0	0	0	0	0	0	0	0	0	0	0	0	0	0	0	3749	-2738	2648	22865	-7628	-233	-41	965	235	0	0	0	-40	951	232	1606974720
0	-53	0	0	0	0	-71	-72	-81	0	-81	-81	-79	-71	0	-87	0	-86	-87	-86	0	0	-86	-86	0	0	-87	-88	-89	0	-88	-88	-91	-58	0	-93	0	-94	0	0	0	0	0	0	0	0	0	0	0	0	0	0	0	0	0	0	-86	0	0	0	0	-86	0	-85	-86	0	0	0	0	0	0	0	0	0	0	0	0	0	0	0	0	-62	0	0	0	0	0	0	0	0	0	0	0	0	0	0	0	0	0	0	0	0	0	0	0	0	0	0	0	0	0	0	3764	-2722	2589	22864	-7627	-234	-41	965	235	0	0	-1	-40	951	232	1606974722
-48	-52	0	-57	-53	0	-71	-72	-77	-79	-77	-77	-74	-73	0	0	0	-89	-87	-87	0	-79	-87	-90	0	0	-88	-89	-89	0	0	-88	-89	-54	0	0	0	-94	0	0	0	0	0	0	0	0	0	0	0	0	0	0	0	0	0	0	0	0	0	0	0	0	0	0	0	0	0	0	0	0	0	0	0	0	0	0	0	0	0	0	0	-61	0	0	0	0	0	0	0	0	0	0	0	0	0	0	0	0	0	0	0	0	0	0	0	0	0	0	0	0	0	0	3772	-2738	2633	22865	-7631	-234	-41	965	235	0	0	0	-40	952	231	1606974724
-51	-55	-52	-58	-59	0	-71	-74	-82	0	-82	-82	-78	-72	0	0	0	-87	-87	-86	0	-80	-86	-86	0	0	-89	-89	-90	0	-89	-90	-88	-59	-67	-92	0	-94	0	0	0	0	0	0	0	0	0	0	0	0	0	0	0	0	0	0	0	0	0	0	0	0	0	0	0	0	0	0	0	0	0	0	0	0	0	0	0	0	0	0	0	-55	0	0	0	0	0	0	0	0	0	0	0	0	0	0	0	0	0	0	0	0	0	0	0	0	0	0	0	0	0	0	3704	-2670	2633	22864	-7628	-234	-41	965	235	0	0	0	-40	951	232	1606974725
-49	-53	0	-58	-60	0	-71	-73	-82	-81	-84	-83	-79	-72	0	-88	0	-86	-87	-86	0	0	-86	-85	0	0	-89	-89	-90	0	-88	-88	-89	-59	0	0	0	-92	0	0	0	0	0	0	0	0	0	0	0	0	0	0	0	0	0	0	-85	0	0	0	0	-86	0	0	0	0	0	0	0	0	-80	0	0	0	0	0	0	0	0	0	0	-62	0	0	0	0	0	0	0	0	0	0	0	0	0	0	0	0	0	0	0	0	0	0	0	0	0	0	0	0	0	0	3703	-2677	2573	22865	-7629	-233	-41	966	234	0	0	0	-40	951	232	1606974727
-49	-54	-52	-57	-60	0	-71	-71	-84	0	-83	-84	-79	-72	0	0	0	-86	-87	-86	0	-82	-86	-86	0	0	0	-88	-89	0	-90	-89	-90	-59	0	0	0	-93	0	0	0	0	0	0	0	0	0	0	0	0	0	0	0	0	0	0	0	0	0	0	0	0	0	0	0	0	0	0	0	0	0	0	0	0	0	0	0	0	0	0	0	-54	0	0	0	0	0	0	0	0	0	0	0	0	0	0	0	0	0	0	0	0	0	0	0	0	0	0	0	0	0	0	3734	-2745	2648	22865	-7630	-233	-41	965	235	0	0	-1	-40	951	232	1606974728
-49	-58	-51	-58	-59	0	-72	-70	-84	-80	-85	-83	-79	-72	0	0	0	-87	-86	-86	0	-79	-87	-86	0	0	-87	-88	-89	0	-88	-90	-89	-60	0	0	0	-94	0	0	0	0	0	0	0	0	0	0	0	0	-89	0	0	0	0	0	0	0	0	0	0	0	0	0	0	0	0	0	0	0	0	0	0	0	0	0	0	0	0	0	0	-56	0	0	0	0	0	0	0	0	0	0	0	0	0	0	0	0	0	0	0	0	0	0	0	0	0	0	0	0	0	0	3757	-2753	2663	22865	-7629	-233	-41	965	235	0	0	-1	-40	951	232	1606974730
-48	-57	-52	-58	-59	0	-72	0	-84	-80	-84	-83	-79	-75	0	0	0	-86	-86	-86	0	-79	-86	-87	0	0	-87	-90	-90	0	-89	-89	-90	-59	0	0	0	-93	0	-92	0	0	0	0	0	0	0	0	0	-90	0	0	0	0	0	0	0	0	0	0	0	0	0	0	0	0	0	0	0	0	0	0	0	0	0	0	0	0	0	0	0	-67	0	0	0	0	0	0	0	0	0	0	0	0	0	0	0	0	0	0	0	0	0	0	0	0	0	0	0	0	0	0	3749	-2753	2663	22865	-7630	-233	-41	965	235	0	0	-1	-40	951	232	1606974732
-48	-51	-53	-58	-58	-59	-73	-72	-77	0	-76	-78	-78	-72	0	0	-78	-86	-85	-86	0	-80	-86	-87	-77	0	-87	-91	-91	0	-92	-91	-90	-58	0	0	0	-91	0	-94	0	0	0	0	0	0	0	0	0	-90	0	0	0	0	0	0	0	0	0	0	0	0	0	0	0	0	0	0	-92	0	0	0	0	0	0	0	0	0	0	0	0	-63	0	0	0	0	0	0	0	0	0	0	0	0	0	0	0	0	0	0	0	0	0	0	0	0	0	0	0	0	0	0	3696	-2737	2641	22866	-7632	-233	-41	965	235	0	0	-1	-40	952	231	1606974733
-48	-52	0	-57	-62	-59	-73	-70	-80	-79	-82	-82	-81	-72	0	0	0	-87	-87	-86	0	-83	-88	-86	0	0	-88	-92	-89	0	-90	-92	-89	-59	0	-93	0	-90	0	-93	0	0	0	0	0	0	0	-90	0	0	0	0	0	0	0	0	0	0	0	0	0	0	0	0	0	0	0	0	0	0	0	0	0	0	0	0	0	0	0	0	0	-68	0	0	0	0	0	0	0	0	0	0	0	0	0	0	0	0	0	0	0	0	0	0	0	0	0	0	0	0	0	0	3801	-2678	2641	22865	-7629	-232	-41	966	235	0	0	0	-40	951	232	1606974735
-51	-52	0	-59	-59	0	0	-67	-77	-73	-77	-77	-78	-73	0	0	0	-86	-86	-86	0	-81	-87	-86	0	0	-87	-90	-90	0	-88	-90	-90	-54	0	0	0	0	0	0	0	0	0	0	0	0	0	0	0	0	0	0	0	0	0	0	0	0	0	0	0	0	0	0	0	0	0	0	0	0	0	0	0	0	0	0	0	0	0	0	0	0	0	0	0	0	0	0	0	0	0	0	0	0	0	0	0	0	0	0	0	0	0	0	0	0	0	0	0	0	0	0	3734	-2737	2648	22866	-7631	-232	-40	966	235	0	0	0	-40	951	232	1606974736
-47	-51	0	-59	-58	0	-72	-68	-81	-73	-83	-82	-80	-71	0	0	0	-87	-86	-86	0	0	-87	-86	0	0	0	-89	-90	0	-91	-90	-90	-59	0	0	0	0	0	-94	0	0	0	0	0	0	0	0	0	0	0	0	0	0	0	0	0	0	0	0	0	0	0	0	0	0	0	0	0	0	0	0	0	0	0	0	0	0	0	0	0	-58	0	0	0	0	0	0	0	0	0	0	0	0	0	0	0	0	0	0	0	0	0	0	0	0	0	0	0	0	0	0	3734	-2737	2618	22866	-7632	-232	-41	966	235	0	0	0	-40	952	231	1606974738
-47	-52	-48	0	-57	0	0	0	-79	-73	-82	-80	-80	0	0	0	0	-86	-87	-86	0	0	-87	-86	0	0	0	-89	-90	0	-91	-91	-91	-60	0	0	0	0	0	-94	0	0	0	0	0	0	0	0	0	-91	0	0	0	0	0	0	0	0	0	0	0	0	0	0	0	0	0	0	0	0	0	0	0	0	0	0	0	0	0	0	0	-58	0	0	0	0	0	0	0	0	0	0	0	0	0	0	0	0	0	0	0	0	0	0	0	0	0	0	0	0	0	0	3749	-2692	2618	22865	-7629	-233	-41	966	235	0	-1	0	-40	951	232	1606974740
-47	-51	-47	-58	-58	0	-68	-67	-80	-73	-82	-80	-81	-68	0	0	0	-86	-86	-87	0	-79	-87	-88	0	0	-85	-91	-90	0	-92	-92	-91	-61	0	-95	0	0	0	-91	0	-90	0	0	0	0	-88	0	0	-90	0	0	0	0	0	0	0	0	0	0	0	0	0	0	0	0	0	0	0	0	0	0	0	0	0	0	0	0	0	0	0	-65	0	0	0	0	0	0	0	0	0	0	0	0	0	0	0	0	0	0	0	0	0	0	0	0	0	0	0	0	0	0	3749	-2783	2626	22865	-7630	-233	-41	965	235	0	0	0	-40	951	232	1606974741
-50	0	0	0	0	-54	0	0	-78	-73	-78	-78	-78	0	0	0	-79	-84	-85	-85	-79	-79	-85	-84	-78	-79	-86	-90	-91	0	-92	-90	-90	-58	0	0	0	0	-91	0	0	0	0	0	0	0	0	0	0	0	0	0	0	0	0	0	0	0	0	0	0	0	0	0	0	0	0	0	0	0	0	0	0	0	0	0	0	0	0	0	0	0	0	0	0	0	0	0	0	0	0	0	0	0	0	0	0	0	0	0	0	0	0	0	0	0	0	0	0	0	0	0	3749	-2768	2648	22867	-7633	-232	-41	966	235	0	0	0	-40	952	231	1606974743
-47	-53	0	-59	-58	-59	-69	-73	-79	0	-80	-82	-81	-69	0	0	0	-86	-88	-86	0	-78	-87	-87	0	0	-86	-91	-92	0	0	-90	-92	-60	0	0	0	0	0	-94	0	0	0	0	0	0	0	0	0	0	0	0	0	0	0	0	0	0	0	0	0	0	0	0	0	0	0	0	0	0	0	0	0	0	0	0	0	0	0	0	0	-64	0	0	0	0	0	0	0	0	0	0	0	0	0	0	0	0	0	0	0	0	0	0	0	0	0	0	0	0	0	0	3704	-2752	2618	22865	-7627	-232	-41	965	235	0	-1	0	-40	951	232	1606974745
-50	-53	0	-59	-57	-58	-70	0	-79	0	-80	-80	-80	-68	0	0	0	-86	-87	-86	0	0	-86	-86	0	0	-86	-91	-91	0	0	-90	-91	-60	0	-92	0	0	0	-93	0	0	0	0	0	0	0	0	0	0	0	0	0	0	0	0	0	0	0	0	0	0	0	0	0	0	0	0	0	0	0	0	0	0	0	0	0	0	0	0	0	0	0	0	0	0	0	0	0	0	0	0	0	0	0	0	0	0	0	0	0	0	0	0	0	0	0	0	0	0	0	0	3794	-2723	2619	22864	-7626	-232	-41	966	235	0	-1	0	-40	951	232	1606974746
-49	-54	-47	-60	0	0	-68	-67	-78	0	-77	-78	-77	-71	0	0	-77	-85	-85	-86	0	0	-86	-84	-77	-78	0	-91	-91	0	-90	-90	-90	-55	0	0	0	0	0	-94	0	0	0	0	0	0	0	0	0	0	0	0	0	0	0	0	0	0	0	0	0	0	0	0	0	0	0	0	-92	0	0	0	0	0	0	0	0	0	0	0	0	-63	0	0	0	0	0	0	0	0	0	0	0	0	0	0	0	0	0	0	0	0	0	0	0	0	0	0	0	0	0	0	3794	-2753	2619	22865	-7629	-232	-41	966	234	0	-1	0	-40	951	232	1606974748
-47	-56	-48	-58	-58	0	-71	-71	-81	-74	-80	-80	-80	0	0	0	0	-86	-87	-87	0	0	-87	-88	0	0	-87	-91	-90	0	-90	-91	-90	-60	0	0	0	0	0	-93	0	0	0	0	0	0	0	0	0	0	0	0	0	0	0	0	0	0	0	0	0	0	0	0	0	0	0	0	0	0	0	0	0	0	0	0	0	0	0	0	0	-64	0	0	0	0	0	0	0	0	0	0	0	0	0	0	0	0	0	0	0	0	0	0	0	0	0	0	0	0	0	0	3658	-2662	2663	22865	-7629	-232	-41	965	235	0	-1	0	-40	951	232	1606974749
-47	-55	0	0	-59	0	0	0	-81	-65	-82	-83	-79	-70	0	-85	0	-89	-88	-88	0	0	-88	-88	0	0	-88	-89	-91	0	0	-90	0	0	0	0	0	0	0	-93	0	0	0	0	0	0	0	0	0	0	0	0	0	0	0	0	0	0	0	0	0	0	0	0	0	0	0	0	0	0	0	0	0	0	0	0	0	0	0	0	0	-64	0	0	0	0	0	0	0	0	0	0	0	0	0	0	0	0	0	0	0	0	0	0	0	0	0	0	0	0	0	0	3704	-2692	2648	22864	-7627	-233	-41	966	235	0	-1	0	-40	951	232	1606974751
-49	-54	-48	-57	-59	0	-71	-68	-80	0	-80	-80	-79	-71	0	0	0	-90	-89	-88	0	0	-89	-89	0	0	0	-89	-90	0	-90	-91	-91	-60	0	0	0	0	0	-94	0	0	0	0	0	0	0	0	0	0	0	0	0	0	0	0	0	0	0	0	0	0	0	0	0	0	0	0	0	0	0	0	0	0	0	0	0	0	0	0	0	-67	0	0	0	0	0	0	0	0	0	0	-94	0	0	0	0	0	0	0	0	0	0	0	0	0	0	0	0	0	0	0	3764	-2723	2648	22865	-7629	-233	-41	965	234	0	-1	0	-40	951	232	1606974752
-46	-56	-48	-57	-59	0	-72	-70	-82	0	-80	-80	-80	-69	0	-85	0	-88	-89	-88	0	-78	-88	-88	0	0	-88	-89	-90	0	0	-90	-90	-60	0	0	0	0	0	-94	0	0	0	0	0	0	0	0	0	0	0	0	0	0	0	0	0	0	0	0	0	0	0	0	0	0	0	0	0	0	0	0	0	0	0	0	0	0	0	0	0	-54	0	0	0	0	0	0	0	0	0	0	0	0	0	0	0	0	0	0	0	0	0	0	0	0	0	0	0	0	0	0	3749	-2753	2663	22865	-7628	-233	-41	966	235	0	0	0	-40	951	232	1606974754
-47	-53	-47	-56	0	-55	0	-70	-79	0	-79	-78	-77	-69	0	0	0	-85	-85	-84	0	0	-86	-85	0	0	-90	-91	-90	0	-88	-91	0	-64	0	0	0	0	0	0	0	0	0	0	0	0	0	0	0	0	0	0	0	0	0	0	0	0	0	0	0	0	0	0	0	0	0	0	-93	0	0	0	0	0	0	0	0	0	0	0	0	-56	0	0	0	0	0	0	0	0	0	0	0	0	0	0	0	0	0	0	0	0	0	0	0	0	0	0	0	0	0	0	3749	-2768	2648	22864	-7626	-233	-41	965	235	0	0	-1	-40	951	232	1606974755
-49	-56	0	-56	-57	-63	-69	-69	-85	0	-85	-82	-79	-69	0	0	0	-89	-87	-89	0	-78	-89	-89	0	0	-90	-89	-91	0	-90	-92	-90	-59	0	0	0	0	0	-94	0	0	0	0	0	0	0	0	0	0	0	0	0	0	0	0	0	0	0	0	0	0	0	0	0	0	0	0	0	0	0	0	0	0	0	0	0	0	0	0	0	-56	0	0	0	0	0	0	0	0	0	0	0	0	0	0	0	0	0	0	0	0	0	0	0	0	0	0	0	-90	0	0	3749	-2753	2619	22866	-7633	-232	-41	966	233	0	0	0	-40	952	231	1606974757
-49	-51	-46	-55	-59	-61	0	-73	-84	-72	-84	-82	-80	-72	0	0	0	-85	-85	-86	0	-78	-85	-85	0	0	-89	-91	-91	0	-91	-90	-90	-62	0	-93	0	0	-90	-93	0	0	0	-86	0	0	0	0	0	0	0	0	0	0	0	0	0	0	0	0	0	0	0	0	0	0	0	0	0	0	0	0	0	0	0	0	0	0	0	0	0	-57	0	0	0	0	0	0	0	0	0	0	0	0	0	0	0	0	0	0	0	0	0	0	0	0	0	0	0	0	0	0	3824	-2745	2589	22865	-7629	-233	-41	966	235	0	-1	0	-40	951	232	1606974758
-52	-55	-51	-58	-58	-57	-70	0	-76	-80	-77	-76	-75	-70	0	0	0	-87	-88	-85	0	-79	-86	-87	0	0	-90	-90	-90	0	-91	-90	-89	-56	0	0	0	0	0	-94	0	0	0	0	0	0	0	0	0	0	0	0	0	0	0	0	0	0	0	0	0	0	0	0	0	0	0	0	-91	0	0	0	0	0	0	0	0	0	0	0	0	-56	0	0	0	0	0	0	0	0	0	0	0	0	0	0	0	0	0	0	0	0	0	0	0	0	0	0	0	0	0	0	3719	-2745	2618	22864	-7627	-233	-41	965	235	0	0	0	-40	951	232	1606974760
-48	0	-50	-58	-60	-61	-72	-73	-83	0	-82	-83	0	-73	0	0	0	-86	-85	-86	0	-81	-87	-86	-76	0	-87	-90	-89	0	-89	-89	-90	-58	0	0	0	0	0	-94	0	0	0	0	0	0	0	0	0	-88	0	0	0	0	0	0	0	0	0	0	0	0	0	0	0	0	0	0	0	0	0	0	0	0	0	0	0	0	0	0	0	-56	0	0	0	0	0	0	0	0	0	0	0	0	0	0	0	0	0	0	0	0	0	0	0	0	0	0	0	0	0	0	3704	-2692	2618	22864	-7627	-233	-41	965	235	0	0	0	-40	951	232	1606974762
0	-56	-48	0	0	0	0	-71	-76	0	-78	-76	-75	0	0	0	-78	-86	-86	-86	0	-82	-88	-86	0	0	-88	-89	-89	0	-89	-89	-88	-55	0	0	0	0	0	-96	0	0	0	0	0	0	0	0	0	0	0	0	0	0	0	0	0	0	0	0	0	0	0	0	0	0	0	0	-94	0	0	0	0	0	0	0	0	0	0	0	0	-55	0	0	0	0	0	0	0	0	0	0	0	0	0	0	0	0	0	0	0	0	0	0	0	0	0	0	0	-88	0	0	3749	-2730	2618	22864	-7628	-233	-41	965	235	0	0	-1	-40	951	232	1606974763
0	-53	-50	-59	0	0	-72	-72	-85	-80	-85	-85	-79	-73	0	0	0	-87	-87	-87	0	-80	-86	-87	0	0	-87	-89	-88	0	-89	-90	-89	-58	0	-96	0	0	0	-94	0	0	0	0	0	0	0	0	0	0	0	0	0	0	0	0	0	0	0	0	0	0	0	0	0	0	0	0	0	0	0	0	0	0	0	0	0	0	0	0	0	-55	0	0	0	0	0	0	0	0	0	0	0	0	0	0	0	0	0	0	0	0	0	0	0	0	0	0	0	0	0	0	3719	-2767	2626	22864	-7626	-232	-41	965	235	0	0	0	-40	951	232	1606974765
0	-53	-51	-57	0	0	-73	-71	-85	-77	-84	-87	-79	-72	0	0	0	-86	-87	-86	-75	-79	-87	-87	0	0	-89	-91	-88	0	-88	-89	-89	-59	0	0	0	0	0	-94	0	0	0	-87	0	0	0	0	0	0	0	0	0	0	0	0	0	0	0	0	0	0	0	0	0	0	0	0	0	0	0	0	0	0	0	0	0	0	0	0	0	-55	0	0	0	0	0	0	0	0	0	0	0	0	0	0	0	0	0	0	0	0	0	0	0	0	0	0	0	0	0	0	3749	-2730	2633	22864	-7626	-233	-41	966	235	0	0	0	-40	951	232	1606974767
-49	0	-50	-58	0	0	0	-72	-85	0	-85	-84	-79	0	0	-84	0	-86	-88	-85	0	0	-86	-86	0	0	-87	-89	-89	0	-89	-88	-88	-59	0	0	0	0	0	-94	0	0	0	0	0	0	0	0	0	0	0	0	0	0	0	0	0	0	0	0	0	0	0	0	0	0	0	0	0	0	0	0	0	0	0	0	0	0	0	0	0	-69	0	0	0	0	0	0	0	0	0	0	0	0	0	0	0	0	0	0	0	0	0	0	0	0	0	0	0	0	0	0	3749	-2723	2633	22864	-7627	-233	-41	965	235	0	0	0	-40	951	232	1606974768
-47	-53	0	-58	-59	-58	-72	-72	-77	0	-76	-77	-76	-71	0	-84	0	-86	-87	-86	0	0	-86	-86	0	0	-85	-89	-89	0	-90	-89	-89	-54	0	0	0	0	0	-93	0	0	0	0	0	0	0	0	0	0	0	0	0	0	0	0	0	0	0	0	0	0	0	0	0	0	0	0	0	0	0	0	0	0	0	0	0	0	0	0	0	-63	0	0	0	0	0	0	0	0	0	0	0	0	0	0	0	0	0	0	0	0	0	0	0	0	0	0	0	0	0	0	3719	-2700	2648	22864	-7626	-233	-41	965	235	0	0	0	-40	951	232	1606974770
-48	-53	-52	-57	0	-61	-73	-72	-85	-78	-84	-85	-79	-72	0	0	0	-86	-86	-87	0	0	-85	-86	0	0	0	-88	-89	0	-90	-88	-90	-59	0	0	0	0	0	0	0	0	0	0	0	0	0	0	0	0	0	0	0	0	0	0	0	0	0	-93	0	0	0	0	0	0	0	0	0	0	0	0	0	0	0	0	0	0	0	0	0	-62	0	0	0	0	0	0	0	0	0	0	0	0	0	0	0	0	0	0	0	0	0	0	0	0	0	0	0	0	0	0	3734	-2767	2589	22865	-7628	-233	-41	965	235	0	0	0	-40	951	232	1606974771
-48	-52	-50	-58	0	-61	0	0	-84	0	-84	-86	-79	0	0	0	0	-87	-86	-86	0	0	-86	-86	0	0	-86	-88	-89	0	-88	-88	-89	-57	0	0	0	0	0	-93	0	0	0	0	0	0	-90	0	0	0	0	0	0	0	0	0	0	0	0	-94	0	0	0	0	0	0	0	0	0	0	0	0	0	0	0	0	0	0	0	0	0	0	0	0	0	0	0	0	0	0	0	0	0	0	0	0	0	0	0	0	0	0	0	0	0	0	0	0	0	0	0	0	3794	-2738	2619	22865	-7629	-233	-41	965	235	0	-1	0	-40	951	232	1606974773
-48	-52	-51	0	-59	-61	-70	-71	-84	0	-84	-84	-78	0	0	0	0	-86	-86	-87	0	0	-86	-86	0	0	0	-88	-89	0	-88	-89	-90	-58	0	0	0	0	0	-94	0	0	0	0	0	0	0	0	0	0	0	0	0	0	0	0	0	0	0	0	0	0	0	0	0	0	0	0	0	0	0	0	0	0	0	0	0	0	0	0	0	-56	0	0	0	0	0	0	0	0	0	0	0	0	0	0	0	0	0	0	0	0	0	0	0	0	0	0	0	0	0	0	3764	-2663	2655	22864	-7628	-234	-41	965	235	0	0	-1	-40	951	232	1606974775
-51	-54	0	-57	-53	-61	-72	-73	-84	0	-84	-85	-79	-71	0	0	0	-85	-86	-86	0	-84	-86	-86	0	0	-88	-88	-90	0	-89	-89	-91	-58	0	0	0	0	0	-93	0	0	0	0	0	0	0	0	0	0	0	0	0	0	0	0	-87	0	0	-93	0	-86	0	0	0	0	0	0	0	0	0	0	0	0	0	0	0	0	0	0	0	-62	0	0	0	0	0	0	0	0	0	0	0	0	0	0	0	0	0	0	0	0	0	0	0	0	0	0	0	0	0	0	3749	-2723	2663	22864	-7626	-234	-41	965	236	0	-1	-1	-40	951	232	1606974776
-48	-52	-51	-59	-59	-56	-73	-73	-77	-78	-78	-77	-76	0	0	-88	0	-86	-87	-86	0	-84	-86	-85	0	0	-88	-89	-89	0	-90	-90	-89	-56	0	0	0	0	0	-93	0	0	0	0	0	0	0	0	0	0	0	0	0	0	0	0	-84	0	0	0	0	-84	0	-84	-85	0	0	0	-93	0	0	0	0	0	0	0	0	0	0	0	0	-58	0	0	0	0	0	0	0	0	0	0	0	0	0	0	0	0	0	0	0	0	0	0	0	0	0	0	0	0	0	0	3749	-2730	2648	22865	-7629	-233	-41	965	235	-1	0	-1	-40	951	232	1606974778
-50	-43	-52	0	-53	-61	0	0	-85	-79	-83	-85	-78	0	0	0	0	-85	-86	-86	-84	-84	-86	-86	0	0	-88	-89	-90	0	-89	-89	-89	-59	0	0	0	0	0	-93	0	0	0	0	0	0	0	0	0	0	0	0	0	0	0	0	0	0	0	-93	0	0	0	0	0	0	0	0	0	0	0	0	0	0	0	0	0	0	0	0	0	-56	0	0	0	0	0	0	0	0	0	0	0	0	0	0	0	0	0	0	0	0	0	0	0	0	0	0	0	0	0	0	3764	-2738	2618	22865	-7628	-233	-41	966	235	0	0	-1	-40	951	232	1606974779
-48	-53	-50	-58	0	-61	-73	-72	-85	-78	-84	-84	-80	-72	0	0	0	-86	-87	-87	0	0	-86	-87	0	0	-89	-89	-90	0	-90	-89	-89	-59	0	0	0	0	0	0	-92	0	0	0	0	0	0	0	0	0	0	0	0	0	0	0	0	0	0	-93	0	0	0	0	0	0	0	0	0	0	0	0	0	0	0	0	0	0	0	0	0	-67	0	0	0	0	0	0	0	0	0	0	0	0	0	0	0	0	0	0	0	0	0	0	0	0	0	0	0	0	0	0	3704	-2752	2618	22865	-7629	-233	-41	966	235	-1	0	-1	-40	951	232	1606974781
-46	0	-50	-58	0	0	-73	-70	-77	-77	-77	-78	-76	-71	0	0	0	-86	-87	-86	0	-85	-86	-87	0	0	0	-89	-91	0	-89	-89	-90	-54	0	0	0	0	0	-93	0	0	0	0	0	0	0	0	0	0	0	0	0	0	0	0	0	0	0	0	0	0	0	0	0	0	0	0	0	0	0	0	0	0	0	0	0	0	0	0	0	-57	0	0	0	0	0	0	0	0	0	0	0	0	0	0	0	0	0	0	0	0	0	0	0	0	0	0	0	0	0	0	3749	-2752	2604	22866	-7632	-232	-41	965	235	0	0	-1	-40	952	231	1606974783
-48	-51	0	0	-60	0	-73	-71	-84	-78	-87	-85	-80	-71	0	0	0	-87	-86	-87	0	0	-86	-86	0	0	-88	-88	-89	0	-90	-90	-89	-58	-68	0	0	0	0	-95	0	0	0	0	0	0	0	0	0	0	0	0	0	0	0	0	0	0	0	0	0	0	0	0	0	0	0	0	0	0	0	0	0	0	0	0	0	0	0	0	0	-56	0	0	0	0	0	0	0	0	0	0	0	0	0	0	0	0	0	0	0	0	0	0	0	0	0	0	0	0	0	0	3742	-2752	2619	22865	-7628	-233	-41	965	235	-1	-1	-1	-40	951	232	1606974784
0	-54	-49	-58	0	0	-72	-72	-84	0	-85	-84	-79	-73	0	0	0	-86	-88	-87	0	-85	-86	-87	0	0	-88	-89	-90	0	-91	-88	-89	-58	0	0	0	0	0	-94	-95	0	0	0	0	0	0	0	0	0	0	0	0	-89	0	0	0	0	0	0	0	0	0	0	0	0	0	0	0	0	0	0	0	0	0	0	0	0	0	0	0	-63	0	0	0	0	0	0	0	0	0	0	0	0	0	0	0	0	0	0	0	0	0	0	0	0	0	0	0	0	0	0	3651	-2752	2633	22865	-7628	-232	-41	965	235	-1	-1	-1	-40	951	232	1606974786
-49	-51	0	-59	-59	0	-71	-71	-84	-80	-85	-83	-79	-72	0	0	0	-87	-87	-88	0	0	-88	-86	0	0	-86	-89	-89	0	-89	-89	-89	-57	0	0	0	0	0	-94	0	0	0	0	0	0	0	0	0	0	0	0	0	0	0	0	0	0	0	0	0	0	0	0	0	0	0	0	0	0	0	0	0	0	0	0	0	0	0	0	0	-58	0	0	0	0	0	0	0	0	0	0	0	0	0	0	0	0	0	0	0	0	0	0	0	0	0	0	0	0	0	0	3756	-2730	2633	22867	-7635	-233	-41	965	235	-1	-1	-1	-40	952	231	1606974787
-48	-51	-50	-58	-60	0	-71	-71	-83	0	-83	-84	0	-71	0	0	0	-86	-87	-86	0	-80	-87	-87	0	0	-85	-90	-90	0	-89	-88	-89	-58	0	0	0	0	0	-94	-93	0	0	0	0	0	0	0	0	0	0	0	0	0	0	0	0	0	0	0	0	0	0	0	0	0	0	0	0	0	0	0	0	0	0	0	0	0	0	0	0	-61	0	0	0	0	0	0	0	0	0	0	0	0	0	0	0	0	0	0	0	0	0	0	0	0	0	0	0	0	0	0	3794	-2738	2633	22865	-7630	-233	-41	965	235	-1	-1	0	-40	951	232	1606974789
-48	-53	-49	-58	0	0	-72	-72	-86	0	-84	-85	-79	-73	0	0	0	-86	-87	-87	-82	-79	-87	-87	-79	-79	-88	-90	-90	0	-91	-89	-90	-59	-67	0	0	0	0	-93	-93	0	0	0	0	0	0	0	0	0	0	0	0	0	0	0	0	0	0	-96	0	0	0	0	0	0	0	0	0	0	0	0	0	0	0	0	0	0	0	0	0	-62	0	0	0	0	0	0	0	0	0	0	0	0	0	0	0	0	0	0	0	0	0	0	0	0	0	0	0	0	0	0	3734	-2692	2633	22865	-7629	-234	-41	965	235	-1	-1	-1	-40	951	232	1606974791
-47	-49	0	-58	-60	0	0	-74	-84	0	-83	-82	-79	-71	0	0	-78	-88	-88	-87	-79	-80	-88	-89	-79	-79	-84	0	-91	0	-90	-90	-90	-61	0	0	0	0	0	-94	0	0	0	0	0	0	0	0	0	0	0	0	0	0	0	0	0	0	0	0	0	0	0	0	0	0	0	0	0	0	0	0	0	0	0	0	0	0	0	0	0	-56	0	0	0	0	0	0	0	0	0	0	0	0	0	0	0	0	0	0	0	0	0	0	0	0	0	0	0	0	0	0	3689	-2752	2633	22866	-7633	-234	-41	965	235	-1	-1	-1	-40	952	231	1606974792
-50	-51	-49	0	-61	0	0	-70	-82	0	-82	-82	-81	0	0	-86	0	-87	-86	-87	0	0	-87	-86	0	0	-88	-90	-89	0	-88	-89	-89	-61	0	0	0	0	0	-92	-93	0	0	0	0	0	0	0	0	0	0	0	0	0	0	0	0	0	0	0	0	0	0	0	0	0	0	0	0	0	-79	0	0	0	0	0	0	0	0	0	0	-53	0	0	0	0	0	0	0	0	0	0	0	0	0	0	0	0	0	0	0	0	0	0	0	0	0	0	0	0	0	0	3749	-2753	2633	22865	-7630	-235	-41	965	235	-1	-1	-1	-41	951	232	1606974794
-50	-50	-49	-58	-61	0	-71	-69	-82	-75	-83	-83	-79	-72	0	0	0	-86	-87	-87	0	0	-87	-88	0	0	-89	-89	-89	0	-88	-89	-89	-61	0	0	0	0	0	0	0	0	0	0	0	0	0	0	0	0	0	0	0	0	0	0	0	0	0	0	0	0	0	0	0	0	0	0	0	0	0	0	0	0	0	0	0	0	0	0	0	-61	0	0	0	0	0	0	0	0	0	0	0	0	0	0	0	0	0	0	0	0	0	0	0	0	0	0	0	0	0	0	3734	-2752	2619	22865	-7632	-235	-41	965	235	-1	-1	-1	-41	952	231	1606974795
-50	-52	-48	-56	-59	0	-70	-70	-85	0	-87	-86	0	-70	0	0	0	-86	-86	-87	0	-80	-85	-86	0	0	-87	-90	-89	0	-89	-90	-89	-60	0	0	0	0	0	-92	0	0	0	-85	0	0	0	0	0	0	0	0	0	0	0	0	0	0	0	-94	0	0	0	0	0	0	0	0	0	0	0	0	0	0	0	0	0	0	0	0	0	-59	0	0	0	0	0	0	0	0	0	0	0	0	0	0	0	0	0	0	0	0	0	0	0	0	0	0	0	0	0	0	3734	-2737	2618	22866	-7635	-235	-41	965	234	-1	-1	-1	-40	952	231	1606974797
-51	-51	-49	-58	-59	0	-72	-73	-84	0	-82	-82	-79	0	0	0	0	-85	-86	-87	0	-78	-86	-86	0	0	-88	-89	-90	0	-89	-89	-89	-59	0	0	0	0	0	-94	0	0	0	-84	0	0	0	0	0	0	0	0	0	0	0	0	0	0	0	-94	0	0	0	0	0	0	0	0	0	0	0	0	0	0	0	0	0	0	0	0	0	-62	0	0	0	0	0	0	0	0	0	0	0	0	0	0	0	0	0	0	0	0	0	0	0	0	0	0	0	0	0	0	3749	-2753	2686	22865	-7631	-235	-41	965	235	-1	-1	-1	-41	951	232	1606974799
0	-52	-50	-58	0	-57	0	-71	-77	0	-77	-77	-75	-73	0	0	0	-86	-86	-86	0	0	-86	-86	0	0	-86	-89	-89	0	-89	-89	-91	-54	0	0	0	0	0	0	0	0	0	0	0	0	0	0	0	-86	0	0	0	0	0	0	0	0	0	0	0	0	0	0	0	0	0	0	0	0	0	0	0	0	0	0	0	0	0	0	0	0	0	0	0	0	0	0	0	0	0	0	0	0	0	0	0	0	0	0	0	0	0	0	0	0	0	0	0	0	0	0	3749	-2738	2663	22865	-7631	-233	-41	965	235	-1	-1	-1	-40	951	232	1606974800
-46	-51	0	-58	-60	0	-72	-72	-78	0	-77	-77	-76	-72	0	0	0	-85	-86	-87	0	-78	-86	-87	0	0	0	-89	-89	0	-89	-90	-89	-54	0	0	0	0	0	-94	0	0	0	0	0	0	0	0	0	-91	0	0	-88	0	0	0	0	0	0	0	0	0	0	0	0	0	0	0	-91	0	0	0	0	0	0	0	0	0	0	0	0	-56	0	0	0	0	0	0	0	0	0	0	0	0	0	0	0	0	0	0	0	0	0	0	0	0	0	0	0	0	0	0	3734	-2685	2633	22867	-7636	-235	-41	965	234	-1	-1	-1	-41	952	231	1606974802
-46	-53	0	-57	-59	-58	-71	-74	-78	-77	-76	-76	-76	-71	0	0	0	-86	-86	-86	0	-81	-86	-87	0	0	-88	-89	-88	0	0	-89	-90	-56	0	0	-95	0	0	-94	0	0	0	0	0	0	0	0	0	-92	0	0	0	0	-95	0	0	0	0	0	0	0	0	0	0	0	0	0	0	0	-79	-93	0	0	0	0	0	0	0	0	0	-54	0	0	0	0	0	0	0	0	0	0	0	0	0	0	0	0	0	0	0	0	0	0	0	0	0	0	0	0	0	0	3764	-2745	2648	22866	-7633	-233	-41	965	234	-1	-1	-1	-40	952	231	1606974804
-50	-50	0	0	-60	-60	0	0	-84	-79	-84	-84	-80	0	0	0	0	-86	-87	-86	0	-78	-87	-87	0	0	-89	-90	-90	0	-90	-91	-90	-59	0	0	-94	0	0	-96	-94	0	0	0	0	0	0	0	0	0	0	0	0	0	0	0	0	0	0	0	0	0	0	0	0	0	0	0	0	0	0	0	0	0	0	0	0	0	0	0	0	-62	0	0	0	0	0	0	0	0	0	0	0	0	0	0	0	0	0	0	0	0	0	0	0	0	0	0	0	0	0	0	3741	-2737	2589	22865	-7630	-235	-41	966	235	-1	-1	-1	-41	951	232	1606974805
-50	-54	0	-59	0	0	-72	-70	-78	0	-77	-76	-75	-71	0	0	0	-87	-86	-86	0	-81	-86	-87	0	0	-90	-90	-89	0	-90	-89	-90	-54	0	0	0	0	0	0	0	0	0	0	0	0	0	0	0	0	0	0	0	0	0	0	0	0	0	0	0	0	0	0	0	0	0	0	0	0	0	0	0	0	0	0	0	0	0	0	0	-55	0	0	0	0	0	0	0	0	0	0	0	0	0	0	0	0	0	0	0	0	0	0	0	0	0	0	0	0	0	0	3734	-2752	2633	22867	-7636	-235	-41	965	234	-1	-1	-1	-41	952	231	1606974807
-48	-55	-51	-58	-60	0	-71	-73	-83	0	-84	-84	-79	-71	0	0	0	-86	-86	-87	0	-80	-86	-87	0	0	-87	-89	-89	0	-91	-88	-89	-59	0	0	-93	0	0	-93	-93	0	0	0	0	0	-89	0	0	0	0	0	0	0	0	0	0	0	0	0	0	0	0	0	0	0	0	0	0	0	0	0	0	0	0	0	0	0	0	0	0	-57	0	0	0	0	0	0	0	0	0	0	0	0	0	0	0	0	0	0	0	0	0	0	0	0	0	0	0	0	0	0	3749	-2753	2663	22865	-7631	-234	-41	965	235	-1	-1	-1	-40	951	231	1606974808
-48	-51	-52	-58	-58	0	-71	-70	-82	0	-82	-84	-79	-71	0	0	0	-86	-86	-86	-78	-80	-87	-86	0	0	0	-89	-89	0	-89	-89	-89	-59	0	0	0	0	0	-95	-92	0	0	0	0	0	0	0	0	0	0	0	0	0	0	-86	0	0	0	-93	0	0	0	0	0	0	0	0	0	0	0	0	0	0	0	0	0	0	0	0	0	-56	0	0	0	0	0	0	0	0	0	0	0	0	0	0	0	0	0	0	0	0	0	0	0	0	0	0	0	0	0	0	3749	-2768	2633	22865	-7631	-234	-41	965	235	-1	-1	-1	-40	951	231	1606974810
-50	-51	0	-58	0	0	-71	-71	-82	0	-83	-84	-79	-70	0	0	0	-85	-86	-87	0	-80	-87	-87	0	0	-87	-89	-89	0	-90	-88	-91	-59	0	0	-93	0	0	-94	0	0	0	0	0	0	0	0	0	0	0	0	0	-89	0	0	0	0	-73	-95	0	0	0	0	0	0	0	0	0	0	0	0	0	0	0	0	0	0	0	0	0	-68	0	0	0	0	0	0	0	0	0	0	0	0	0	0	0	0	0	0	0	0	0	0	0	0	0	0	0	0	0	0	3734	-2722	2633	22866	-7632	-233	-41	965	234	-1	-1	-1	-40	952	231	1606974811
-47	-51	-52	-58	-60	0	0	-73	-83	0	-83	-82	-79	0	0	0	0	-86	-87	-86	0	0	-86	-86	0	0	0	-89	-90	0	-89	-90	-90	-58	0	0	-94	0	0	-94	0	0	0	0	0	0	0	0	0	0	0	0	0	0	0	-86	0	0	0	0	0	0	0	0	0	0	0	0	0	0	0	0	0	0	0	0	0	0	0	0	0	-67	0	0	0	0	0	0	0	0	0	0	0	0	0	0	0	0	0	0	0	0	0	0	0	0	0	0	0	0	0	0	3749	-2753	2663	22866	-7632	-233	-41	966	235	-1	-1	-1	-40	952	231	1606974813
-50	-50	0	-58	-61	-58	-72	-72	-77	0	-78	-78	-75	-72	0	0	0	-87	-87	-86	-79	-79	-87	-86	0	0	0	-87	-90	0	-89	-89	-89	-54	0	0	-96	0	0	0	0	0	0	0	0	0	0	0	0	-90	0	0	0	0	0	0	0	0	0	0	0	0	0	0	0	0	0	0	0	0	0	0	0	0	0	0	0	0	0	0	0	-56	0	0	0	0	0	0	0	0	0	0	0	0	0	0	0	0	0	0	0	0	0	0	0	0	0	0	0	0	0	0	3704	-2737	2633	22866	-7632	-233	-41	965	234	-1	-1	-1	-40	952	231	1606974814
-50	-52	0	-57	-60	0	-71	-73	-78	0	-78	-77	-76	-73	0	0	0	-87	-87	-86	0	0	-87	-87	0	0	-89	-88	-88	0	0	-90	-89	-54	-67	0	-94	0	0	-95	0	0	0	0	-88	0	0	0	0	0	0	0	0	0	0	0	0	0	0	0	0	0	-95	0	0	0	0	0	0	0	0	0	0	0	0	0	0	0	0	0	0	-62	0	0	0	0	0	0	0	0	0	0	0	0	0	0	0	0	0	0	0	0	0	0	0	0	0	0	0	0	0	0	3719	-2737	2648	22865	-7631	-235	-41	965	234	-1	-1	-1	-41	952	231	1606974816
-48	-51	-50	-59	-54	-57	-72	-74	-77	0	-77	-79	-75	-73	0	0	0	-87	-87	-88	0	-79	-88	-87	0	0	0	-90	-89	0	-89	-88	-90	-55	0	0	-95	0	0	-95	0	0	0	0	0	0	0	0	0	-89	0	0	0	0	0	0	0	0	0	0	0	0	0	0	0	0	0	0	-93	0	0	0	0	0	0	0	0	0	0	0	0	-57	0	0	0	0	0	0	0	0	0	0	0	0	0	0	0	0	0	0	0	0	0	0	0	0	0	0	0	0	0	0	3704	-2722	2633	22866	-7634	-234	-41	966	234	-1	-1	-1	-40	952	231	1606974818
-48	-51	-51	-58	-60	-60	0	-72	-85	0	-85	-84	-79	-74	0	0	0	-86	-86	-87	0	0	-87	-86	0	0	-87	-89	-89	0	-88	-89	-89	-59	0	0	-91	0	0	-93	-94	0	0	0	0	0	0	0	0	0	0	0	0	0	0	0	0	0	0	0	0	0	0	0	0	0	0	0	0	0	0	0	0	0	0	0	0	0	0	0	0	-52	0	0	0	0	0	0	0	0	0	0	0	0	0	0	0	0	0	0	0	0	0	0	0	0	0	0	0	-91	0	0	3734	-2722	2589	22866	-7631	-233	-41	965	235	-1	-1	-1	-40	952	231	1606974819
-48	-54	-50	-57	-60	-60	-75	-74	-85	-79	-85	-85	-80	-72	0	0	0	-86	-86	-87	0	-79	-87	-86	0	0	-88	-90	-90	0	-89	-89	-90	-59	0	0	-94	0	0	-92	0	0	0	0	0	0	0	0	0	0	0	0	0	0	0	0	-84	0	0	0	0	-83	0	0	0	0	0	0	0	0	0	0	0	0	0	0	0	0	0	0	0	-68	0	0	0	0	0	0	0	0	0	0	0	0	0	0	0	0	0	0	0	0	0	0	0	0	0	0	0	0	0	0	3704	-2722	2603	22865	-7629	-234	-41	965	235	-1	-1	-1	-41	951	232	1606974821
-49	-56	0	-57	-58	-57	0	0	-78	0	-77	-78	-75	0	0	0	0	-87	-87	-87	0	0	-87	-87	0	0	-85	-91	-90	0	-89	-89	0	-56	-66	0	-94	0	0	0	0	0	0	0	0	0	0	0	0	0	0	0	0	0	0	0	-82	0	0	0	0	-86	0	0	0	0	0	0	-92	0	0	0	0	0	0	0	0	0	0	0	0	-54	0	0	0	0	0	0	0	0	0	0	0	0	0	0	0	0	0	0	0	0	0	0	0	0	0	0	0	0	0	0	3704	-2722	2633	22865	-7630	-233	-41	965	235	-1	-1	-1	-40	951	232	1606974822
-45	-53	0	-58	-59	-61	-72	0	-84	0	-84	-84	-79	-75	0	0	0	-87	-85	-86	0	0	-86	-87	0	0	-85	-89	-89	0	-90	-90	-90	-59	0	0	-96	0	0	-94	0	0	0	0	0	0	0	-91	0	0	0	0	0	0	0	0	0	0	0	0	0	0	0	0	0	0	0	0	0	0	0	0	0	0	0	0	0	0	0	0	0	-62	0	0	0	0	0	0	0	0	0	0	0	0	0	0	0	0	0	0	0	0	0	0	0	0	0	0	0	0	0	0	3756	-2692	2648	22865	-7629	-232	-41	966	235	-1	-1	-1	-40	951	232	1606974824
-50	-49	-49	-57	-58	-61	-77	-72	-84	-78	-84	-83	-80	-72	0	0	0	-86	-87	-86	0	-79	-86	-87	0	0	-90	-89	-90	0	-89	-89	-90	-58	0	0	-93	0	0	-95	0	0	0	0	0	0	0	0	0	0	0	0	0	0	0	0	0	0	0	0	0	0	0	0	0	0	0	0	0	0	0	0	0	0	0	0	0	0	0	0	0	0	0	0	0	0	0	0	0	0	0	0	0	0	0	0	0	0	0	0	0	0	0	0	0	0	0	0	0	0	0	0	3734	-2737	2626	22865	-7629	-233	-41	965	235	-1	-1	0	-40	951	232	1606974826
-49	-53	0	-58	-60	-61	-76	-76	-81	0	-82	-83	-78	-75	0	0	0	-86	-87	-86	0	-77	-86	-85	0	0	-85	-89	-90	0	0	-90	-89	-60	0	0	-95	0	0	0	0	0	0	0	0	0	0	0	0	0	0	0	0	0	0	0	0	0	0	0	0	0	0	0	0	0	0	0	0	0	0	0	0	0	0	0	0	0	0	0	0	-56	0	0	0	0	0	0	0	0	0	0	0	0	0	0	0	0	0	0	0	0	0	0	0	0	0	0	0	0	0	0	3787	-2723	2648	22865	-7631	-233	-41	966	235	-1	-1	-1	-40	951	232	1606974827
-48	-49	0	-57	-60	0	-76	-74	-80	0	-79	-80	-75	-73	0	0	0	-88	-87	-87	0	0	-89	-86	0	0	-85	-89	-89	0	-88	-88	-89	-56	0	0	-95	0	0	-96	-93	0	0	0	0	0	0	0	0	0	0	0	-86	-88	0	0	0	0	0	0	0	0	0	0	0	0	0	0	0	0	0	0	0	0	0	0	0	0	0	0	0	-55	0	0	0	0	0	0	0	0	0	0	0	0	0	0	0	0	0	0	0	0	0	0	0	0	0	0	0	0	0	0	3689	-2722	2588	22865	-7629	-234	-41	965	235	-1	-1	-1	-40	951	232	1606974829
-50	-54	-49	-57	-54	0	-76	0	-82	0	-83	-83	-79	-72	0	0	0	-85	-86	-86	0	-81	-86	-86	0	0	-87	-90	-90	0	-88	-91	-91	-59	0	0	-94	0	0	-92	0	0	0	0	0	0	0	0	0	0	0	0	-86	0	0	0	0	0	0	0	0	0	0	0	0	0	0	0	0	0	0	0	0	0	0	0	0	0	0	0	0	-69	0	0	0	0	0	0	0	0	0	0	0	0	0	0	0	0	0	0	0	0	0	0	0	0	0	0	0	0	0	0	3689	-2722	2618	22865	-7629	-233	-41	965	235	-1	-1	-1	-40	951	232	1606974830
-48	0	0	-57	-60	-57	-72	-71	-79	-78	-80	-79	-75	-76	0	0	0	-87	-87	-86	0	0	-87	-87	0	0	-87	-90	-89	0	-88	-92	-90	-56	0	0	-94	0	0	0	0	0	0	0	0	0	0	0	0	0	0	0	-90	0	0	0	0	0	0	0	0	0	0	0	0	0	0	0	-94	0	0	0	0	0	0	0	0	0	0	0	0	-63	0	0	0	0	0	0	0	0	0	-93	0	0	0	0	0	0	0	0	0	0	0	0	0	0	0	0	-90	0	0	0	3802	-2738	2619	22865	-7628	-233	-41	966	235	-1	0	-1	-40	951	232	1606974832
-49	-52	0	-57	-59	-59	-71	-72	-78	0	-78	-78	-76	-70	0	-88	0	-85	-86	-86	0	-79	-86	-86	0	0	-89	-89	-90	0	-91	-89	-89	-57	0	0	-95	0	0	-94	0	0	0	0	0	0	0	0	0	-86	0	0	-87	-88	0	0	-86	0	0	0	0	-85	0	-85	-86	0	0	0	0	0	0	0	0	0	0	0	0	0	0	0	0	-56	0	0	0	0	0	0	0	0	0	0	0	0	0	0	0	0	0	0	0	0	0	0	0	0	0	0	0	0	0	0	3749	-2738	2633	22864	-7627	-233	-41	965	235	-1	-1	-1	-40	951	232	1606974834
-48	-51	-46	-56	-61	-58	-71	-72	-82	-78	-81	-81	-80	-73	0	0	0	-86	-87	-86	0	-81	-86	-87	0	0	-87	-90	-89	0	-89	-91	-90	-59	-67	0	-92	0	0	-94	0	0	0	0	0	0	0	0	0	0	0	0	0	0	0	0	0	0	0	0	0	0	0	0	0	0	0	0	0	0	0	0	0	0	0	0	0	0	0	0	0	-57	0	0	0	0	0	0	0	0	0	0	0	0	0	0	0	0	0	0	0	0	0	0	0	0	0	0	0	0	0	0	3734	-2722	2633	22864	-7627	-234	-41	965	235	-1	-1	-1	-40	951	232	1606974835
-47	-52	-47	-59	-58	-57	-71	-70	-80	0	-81	-81	-81	-69	0	0	0	-86	-86	-86	0	-80	-86	-86	0	0	-87	-90	-91	0	-90	-90	-90	-58	0	0	-95	0	0	-94	0	0	0	0	0	0	0	0	0	0	0	0	-91	0	0	0	0	0	0	0	0	0	0	0	0	0	0	0	0	0	0	0	0	0	0	0	0	0	0	0	0	-64	0	0	0	0	0	0	0	0	0	0	0	0	0	0	0	0	0	0	0	0	0	0	0	0	0	0	0	0	0	0	3704	-2737	2663	22865	-7629	-233	-41	965	235	-1	-1	-1	-40	951	232	1606974837
0	-50	-48	-59	0	-58	-71	-72	-81	0	-80	-81	-80	-68	0	0	0	-86	-85	-86	0	-77	-86	-86	0	0	-87	-91	-91	0	-90	-92	-90	-58	0	0	-93	0	0	0	0	0	0	0	0	0	0	0	0	0	0	0	0	0	0	-89	0	0	0	0	0	0	0	0	0	0	0	0	0	0	0	0	0	0	0	0	0	0	0	0	0	-63	0	0	0	0	0	0	0	0	0	0	0	0	0	0	0	0	0	0	0	0	0	0	0	0	0	0	0	0	0	0	3749	-2707	2648	22864	-7628	-234	-41	966	235	-1	-1	-1	-40	951	232	1606974838
-51	-51	-47	-59	-56	-59	-69	-71	-81	-74	-81	-81	-80	-68	0	0	0	-85	-86	-87	0	-80	-86	-85	0	0	0	-90	-91	0	-90	-91	-92	-58	0	0	-93	0	0	-93	0	0	0	0	0	0	0	0	0	-87	0	0	-86	-90	0	0	0	0	0	0	0	0	0	0	0	0	0	0	0	0	0	0	0	0	0	0	0	0	0	0	0	-62	0	0	0	0	0	0	0	0	0	0	0	0	0	0	0	0	0	0	0	0	0	0	0	0	0	0	0	0	0	0	3749	-2692	2648	22865	-7628	-233	-41	966	235	0	0	-1	-40	951	232	1606974840
-52	-53	-47	-60	-57	-58	-68	-69	-78	-73	-78	-79	-77	-68	0	-84	0	-86	-87	-86	0	-79	-86	-86	0	0	-85	-90	-90	0	-90	-91	-91	-54	0	0	-97	0	-91	0	0	0	0	0	0	0	-87	0	0	-86	-90	0	-86	-86	0	0	0	0	0	0	0	0	0	0	0	0	0	0	0	0	-79	0	0	0	0	0	0	0	0	0	0	-63	0	0	0	0	0	0	0	0	0	0	0	0	0	0	0	0	0	0	0	0	0	0	0	0	0	0	0	0	0	0	3734	-2752	2619	22864	-7628	-235	-41	965	236	0	0	-1	-41	951	232	1606974842
0	-51	-47	-59	-53	-58	-73	-69	-82	0	-82	-82	-80	-72	0	0	0	-86	-86	-85	0	0	-87	-85	0	0	-86	-90	-91	0	-90	-90	-91	-57	0	0	-94	0	0	-91	-93	0	0	0	0	0	0	0	0	-90	0	0	0	0	0	0	0	0	0	0	0	0	0	0	0	0	0	0	0	0	0	0	0	0	0	0	0	0	0	0	0	-62	0	0	0	0	0	0	0	0	0	0	0	0	0	0	0	0	0	0	0	0	0	0	0	0	0	0	0	0	0	0	3688	-2692	2588	22864	-7628	-234	-41	965	235	-1	0	-1	-40	951	232	1606974843
-48	-53	0	-58	-58	0	-68	-72	-79	0	-79	-77	-78	-68	0	0	0	-86	-86	-85	0	0	-87	-86	0	0	-87	-92	-89	0	-90	-91	-91	-55	0	0	-94	0	0	-94	0	0	0	0	0	0	0	0	0	0	0	0	0	-90	-95	0	0	0	0	0	0	0	0	0	0	0	0	0	0	0	0	-94	0	0	0	0	0	0	0	0	0	0	0	0	0	0	0	0	0	0	0	0	0	0	0	0	0	0	0	0	0	0	0	0	0	0	0	0	0	0	0	0	3704	-2745	2618	22865	-7629	-233	-41	965	235	0	0	0	-40	951	232	1606974845
-51	0	-49	-59	-57	0	-70	-70	-81	0	-80	-80	-80	-68	0	-84	0	-86	-86	-87	0	-79	-87	-87	0	0	-86	-91	-92	0	-91	-89	-90	-57	0	0	-93	0	0	-94	0	0	0	0	0	0	0	0	0	-90	0	0	0	0	0	0	0	0	0	0	0	0	0	0	0	0	0	0	0	0	0	0	0	0	0	0	0	0	0	0	0	-57	0	0	0	0	0	0	0	0	0	0	0	0	0	0	0	0	0	0	0	0	0	0	0	0	0	0	0	0	0	0	3764	-2723	2633	22866	-7633	-233	-41	966	234	0	0	0	-40	952	231	1606974846
-49	0	0	-58	-58	-58	-68	-71	-78	0	-79	-78	-77	-71	0	0	0	-87	-86	-87	0	0	-86	-86	0	0	-85	-90	-91	0	-89	-91	-91	-53	0	0	-94	-93	-92	-96	0	0	0	0	0	0	0	0	0	0	0	0	0	0	0	0	0	0	0	0	0	0	0	0	0	0	0	0	0	0	0	0	0	0	0	0	0	0	0	0	0	-65	0	0	0	0	0	0	0	0	0	0	0	0	0	0	0	0	0	0	0	0	0	0	0	0	0	0	0	0	0	0	3764	-2738	2618	22865	-7630	-233	-41	965	235	0	0	0	-40	951	232	1606974848
-51	-52	-47	-59	-58	-58	-72	-72	-80	-74	-82	-81	-80	-69	0	0	0	-86	-86	-86	0	-81	-87	-87	0	0	-86	-90	-91	0	-89	-90	-90	-58	0	0	-91	-93	0	-95	-93	0	0	0	0	0	0	0	0	0	0	0	0	0	0	0	0	0	0	0	0	0	0	0	0	0	0	0	0	0	0	0	0	0	0	0	0	0	0	0	0	-64	0	0	0	0	0	0	0	0	0	0	0	0	0	0	0	0	0	0	0	0	0	0	0	0	0	0	0	0	0	0	3764	-2753	2633	22865	-7629	-233	-41	965	235	0	0	-1	-40	951	232	1606974850
-50	-52	0	-59	-58	0	0	-71	-80	0	-79	-79	-78	-71	0	0	0	-86	-86	-86	0	-78	-86	-85	0	0	-87	-91	-91	0	0	-90	-90	-60	0	0	0	0	-93	0	0	0	0	0	0	0	0	0	0	0	0	0	0	0	0	0	0	0	0	0	0	0	0	0	0	0	0	0	-92	0	0	0	0	0	0	0	0	0	0	0	0	-62	0	0	0	0	0	0	0	0	0	0	0	0	0	0	0	0	0	0	0	0	0	0	0	0	0	0	0	0	0	0	3734	-2737	2633	22866	-7632	-233	-41	966	234	0	0	0	-40	952	231	1606974851
-49	-52	0	0	-60	-57	0	0	-78	-73	-79	-79	-77	0	0	0	0	-86	-86	-86	0	0	-87	-86	0	0	-85	-91	-90	0	-90	-91	-90	-55	0	0	-94	-95	0	0	0	0	0	0	0	0	0	0	0	0	0	0	0	0	0	0	0	0	0	0	0	0	0	0	0	0	0	0	-93	0	0	0	0	0	0	0	0	0	0	0	0	-51	0	0	0	0	0	0	0	0	0	0	0	-91	0	0	0	0	0	0	0	0	0	0	0	0	0	0	0	0	0	0	3734	-2722	2618	22866	-7632	-232	-41	966	235	0	0	-1	-40	952	231	1606974853
-47	-50	0	-60	-59	-58	0	-71	-79	-73	-79	-81	-79	-71	0	-85	0	-86	-85	-86	0	0	-86	-86	0	0	-86	-90	-90	0	0	-90	-90	-58	0	0	-93	-95	0	-93	0	0	0	0	0	0	0	0	0	0	0	0	0	0	0	0	0	0	0	0	0	0	0	0	0	0	0	0	0	0	0	0	0	0	0	0	0	0	0	0	0	-64	0	0	0	0	0	0	0	0	0	0	0	0	0	0	0	0	0	0	0	0	0	0	0	0	0	0	0	0	0	0	3741	-2737	2626	22865	-7629	-234	-41	965	235	0	0	-1	-40	951	232	1606974854
-47	-53	-48	-60	-58	-58	0	-72	-81	-72	-79	-80	-80	-68	0	0	0	-86	-87	-87	0	0	-87	-87	0	0	-88	-90	-90	0	-91	-90	-91	-58	0	0	-93	-93	0	-94	-94	0	0	0	0	0	0	0	0	0	0	0	0	-87	0	0	0	0	0	0	0	0	0	0	0	0	0	0	0	0	0	0	0	0	0	0	0	0	0	0	0	-61	0	0	0	0	0	0	0	0	0	0	0	0	0	0	0	0	0	0	0	0	0	0	0	0	0	0	0	0	0	0	3749	-2662	2633	22866	-7633	-233	-41	965	233	0	0	0	-40	952	231	1606974856
-50	-51	-47	-59	-58	-57	-71	0	-79	0	-79	-80	-77	-70	0	0	0	-86	-86	-87	0	-83	-86	-86	0	0	-86	-88	-92	0	-89	-89	-91	-55	0	0	0	0	0	-94	0	0	0	0	0	0	0	0	0	0	0	0	0	0	0	0	0	0	0	0	0	0	0	0	0	0	0	0	0	0	0	0	0	0	0	0	0	0	0	0	0	-57	0	0	0	0	0	0	0	0	0	0	0	0	0	0	0	0	0	0	0	0	0	0	0	0	0	0	0	0	0	0	3704	-2737	2588	22865	-7631	-233	-41	966	235	0	0	-1	-40	951	232	1606974857
0	-50	-47	-59	0	-58	-70	-67	-80	0	-82	-79	-81	-71	0	0	0	-85	-86	-88	0	-85	-87	-86	0	0	0	-91	-89	0	-90	-89	-91	-58	0	0	-94	-93	0	-94	-93	0	0	0	0	0	0	0	0	-85	0	0	-90	0	0	0	0	0	0	0	0	0	0	0	0	0	0	0	0	0	0	0	0	0	0	0	0	0	0	0	0	-63	0	0	0	0	0	0	0	0	0	0	0	0	0	0	0	0	0	0	0	0	0	0	0	0	0	0	0	0	0	0	3704	-2737	2618	22865	-7630	-234	-41	965	235	0	0	-1	-40	951	232	1606974859
-50	-52	-49	0	-59	-58	0	0	-82	0	-81	-82	-82	0	0	0	0	-86	-86	-86	0	0	-85	-87	0	0	0	-91	-89	0	-90	-90	-90	-59	0	0	-92	-92	0	-95	-94	0	0	0	0	0	0	0	0	-87	0	0	0	0	0	0	0	0	0	0	0	0	0	0	0	0	0	0	0	0	0	0	0	0	0	0	0	0	0	0	0	-58	0	0	0	0	0	0	0	0	0	0	0	0	0	0	0	0	0	0	0	0	0	0	0	0	0	0	0	0	0	0	3749	-2738	2648	22866	-7632	-233	-41	965	234	0	0	-1	-40	952	231	1606974861
-47	-52	-49	-58	-59	-59	-68	-68	-82	0	-80	-80	-80	-72	0	0	0	-85	-86	-85	0	0	-86	-86	0	0	-85	-90	-89	0	-91	-90	-90	-58	0	0	-92	-94	0	-94	0	0	0	0	0	0	0	0	0	0	0	0	0	0	0	0	0	0	0	-95	0	0	0	0	0	0	0	0	0	0	0	0	0	0	0	0	0	0	0	0	0	-57	0	0	0	0	0	0	0	0	0	0	0	0	0	0	0	0	0	0	0	0	0	0	0	0	0	0	0	0	0	0	3764	-2730	2663	22866	-7632	-233	-41	966	234	0	0	-1	-40	952	231	1606974862
-47	-52	0	-60	-56	-57	0	-72	-80	0	-80	-83	-80	-72	0	-83	0	-86	-86	-86	0	0	-86	-87	0	0	-85	-90	-92	0	-89	-90	-90	-58	0	-94	-93	-92	-91	-96	-93	0	0	0	0	0	0	0	0	-89	0	0	0	0	0	0	0	0	0	0	0	0	0	0	0	0	0	0	0	0	-79	0	0	0	0	0	0	0	0	0	0	-70	0	0	0	0	0	0	0	0	0	0	0	0	0	0	0	0	0	0	0	0	0	0	0	0	0	0	0	0	0	0	3659	-2737	2656	22866	-7632	-234	-41	965	234	0	0	-1	-40	952	231	1606974864
-48	-49	-49	-61	-59	-58	-71	-70	-80	0	-83	-81	-79	-68	0	-85	0	-85	-86	-85	0	0	-87	-86	0	0	-87	-90	-91	0	-89	-91	-90	-57	0	0	-94	-94	0	-93	0	0	0	0	0	0	0	0	0	-84	0	0	0	0	0	0	0	0	0	0	0	0	0	0	0	0	0	0	0	0	0	0	0	0	0	0	0	0	0	0	0	-62	0	0	0	0	0	0	0	0	0	0	0	0	0	0	0	0	0	0	0	0	0	0	0	0	0	0	0	0	0	0	3659	-2722	2633	22865	-7630	-233	-41	966	234	-1	-1	-1	-40	951	232	1606974865
-48	-52	0	-60	-59	-57	0	-68	-81	0	-80	-81	-79	-68	0	0	0	-85	-85	-86	0	0	-86	-86	0	0	-85	-88	-90	0	-89	-88	-89	-58	0	0	-95	-92	0	-95	-94	0	0	0	0	0	0	0	0	0	0	0	0	0	0	0	0	0	0	0	0	0	0	0	0	0	0	0	0	0	0	0	0	0	0	0	0	0	0	0	0	0	0	0	0	0	0	0	0	0	0	0	0	0	0	0	0	0	0	0	0	0	0	0	0	0	0	0	0	0	0	0	3749	-2752	2589	22866	-7633	-232	-41	965	234	0	0	-1	-40	952	231	1606974867
-51	-50	-49	0	0	-58	0	-67	-82	0	-81	-82	-79	0	0	-87	0	-86	-86	-85	0	0	-86	-86	0	0	-87	-91	-90	0	-90	-91	-91	-58	0	0	-93	-94	0	-94	0	0	0	0	0	-88	0	0	0	-88	0	0	0	0	0	0	0	0	0	0	0	0	0	0	0	0	0	0	0	0	0	0	0	0	0	0	0	0	0	0	0	-61	0	0	0	0	0	0	0	0	0	0	0	0	0	0	0	0	0	0	0	0	0	0	0	0	0	0	0	0	0	0	3689	-2752	2626	22866	-7630	-232	-41	966	234	0	0	-1	-40	951	232	1606974868
-50	0	-49	-60	-58	0	-71	-68	-79	0	-77	-77	-77	-71	0	0	0	-85	-86	-88	0	0	-87	-86	0	0	-87	-90	-92	0	-89	-90	-89	-54	0	0	0	-95	0	-94	0	0	0	-87	0	0	0	0	0	-85	0	0	-89	-86	0	0	0	0	0	0	0	0	0	0	0	0	0	0	0	0	0	0	0	0	0	0	0	0	0	0	0	0	0	0	0	0	0	0	0	0	0	0	0	0	0	0	0	0	0	0	0	0	0	0	0	0	0	0	0	0	0	0	3704	-2737	2633	22866	-7634	-233	-41	966	233	0	0	-1	-40	952	231	1606974870
-51	-53	-49	-59	-57	0	0	-68	-82	-74	-79	-79	-80	-67	0	0	0	-87	-87	-85	0	0	-86	-86	0	0	-88	-90	-90	0	-89	-89	-91	-58	0	0	-94	-94	0	-95	0	0	0	0	0	0	0	0	0	-86	0	0	0	0	0	0	0	0	0	0	0	0	0	0	0	0	0	0	0	0	0	0	0	0	0	0	0	0	0	0	0	-61	0	0	0	0	0	0	0	0	0	0	0	0	0	0	0	0	0	0	0	0	0	0	0	0	0	0	0	0	0	0	3704	-2692	2633	22866	-7632	-232	-41	965	235	0	0	-1	-40	952	231	1606974871
-50	-51	0	-58	0	0	0	0	-82	-74	-80	-80	-80	-72	0	0	0	-86	-86	-86	0	0	-86	-86	0	0	-88	-90	-89	0	-91	-90	-90	-58	0	0	-94	-93	0	-95	0	0	0	0	0	0	0	0	0	0	0	0	0	0	0	0	0	0	0	-94	0	0	0	0	0	0	0	0	0	0	0	0	0	0	0	0	0	0	0	0	0	-62	0	0	0	0	0	0	0	0	0	0	0	0	0	0	0	0	0	0	0	0	0	0	0	0	0	0	0	0	0	0	3734	-2737	2633	22865	-7630	-233	-41	965	234	0	0	-1	-40	951	232	1606974873
-48	-49	-49	-59	-59	0	-69	-68	-78	0	-78	-78	-77	-68	0	0	0	-86	-86	-86	0	0	-85	-85	0	0	-89	-90	-89	0	-89	-90	-89	-54	0	0	0	0	0	0	0	0	0	0	0	0	0	0	0	0	0	0	0	0	0	0	0	0	0	0	0	-86	0	0	0	0	0	0	0	0	0	0	0	0	0	0	0	0	0	0	0	-59	0	0	0	0	0	0	0	0	0	0	0	0	0	0	0	0	0	0	0	0	0	0	0	0	0	0	0	0	0	0	3734	-2737	2633	22865	-7630	-233	-41	965	235	0	0	-1	-40	952	231	1606974874
-50	-51	0	-59	-59	-58	-72	-72	-79	0	-78	-78	-77	-71	0	0	0	-86	-86	-86	0	0	-85	-88	0	0	-87	-91	-90	0	0	-90	-91	-55	0	0	-95	-93	-92	-96	0	0	0	0	0	0	-90	0	0	0	-90	0	0	0	0	0	0	0	0	0	0	0	0	0	0	0	0	0	0	0	0	0	0	0	0	0	0	0	0	0	0	-56	0	0	0	0	0	0	0	0	0	0	0	0	0	0	0	0	0	0	0	0	0	0	0	0	0	0	-91	0	0	0	3704	-2722	2618	22867	-7636	-234	-41	966	234	0	0	-1	-40	952	231	1606974876
-50	-53	0	-59	-59	0	0	-71	-78	-74	-79	-79	-77	0	0	0	0	-85	-86	-86	0	0	-87	-86	0	0	0	-90	-90	0	-90	-89	-90	-54	-66	0	0	-94	-93	0	0	0	0	0	0	0	0	0	0	0	0	0	0	0	0	0	0	0	0	0	0	0	0	0	0	0	0	0	0	0	0	0	0	0	0	0	0	0	0	0	0	-61	0	0	0	0	0	0	0	0	0	0	0	0	0	0	0	0	0	0	0	0	0	0	0	0	0	0	0	0	0	0	3734	-2722	2589	22866	-7632	-233	-41	966	234	-1	-1	-1	-40	952	231	1606974878
-50	-52	-48	0	-59	0	-68	0	-81	-73	-79	-81	-80	0	0	-86	0	-86	-85	-86	0	0	-86	-86	0	0	-87	-92	-91	0	-90	-90	-91	-59	0	0	-96	-92	-90	-93	0	0	0	0	0	0	0	0	0	0	0	0	0	0	0	0	0	0	0	0	0	0	0	0	0	0	0	0	0	0	0	0	0	0	0	0	0	0	0	0	0	-57	0	0	0	0	0	0	0	0	0	0	0	0	0	0	0	0	0	0	0	0	0	0	0	0	0	0	0	0	0	0	3764	-2738	2618	22865	-7631	-233	-41	966	234	-1	-1	0	-40	951	232	1606974879
-50	-51	-47	-61	-58	0	0	0	-81	0	-81	-81	-79	0	0	0	0	-85	-86	-87	0	-78	-86	-87	0	0	-87	-91	-90	0	-91	-91	-92	-58	0	0	-94	-93	-93	-94	-93	0	0	0	0	0	0	0	0	0	0	0	0	0	0	-86	0	0	0	0	0	0	0	0	0	0	0	0	0	0	0	0	0	0	0	0	0	0	0	0	0	-59	0	0	0	0	0	0	0	0	0	0	0	0	0	0	0	0	0	0	0	0	0	0	0	0	0	0	0	0	0	0	3734	-2722	2618	22867	-7636	-233	-41	966	234	0	0	0	-40	952	231	1606974881
-50	-53	-48	-52	-58	0	-72	-72	-80	-73	-82	-80	-79	-67	0	0	0	-86	-86	-86	0	0	-85	-87	0	0	-87	-92	-91	0	-93	-90	-89	-60	0	0	-95	-94	-92	-94	0	0	0	0	0	0	0	0	0	0	0	0	0	0	0	0	0	0	0	0	0	0	0	0	0	0	0	0	0	0	0	0	0	0	0	0	0	0	0	0	0	-59	0	0	0	0	0	0	0	0	0	0	0	0	0	0	0	0	0	0	0	0	0	0	0	0	0	0	0	0	0	0	3733	-2692	2559	22866	-7633	-234	-41	965	234	0	0	0	-40	952	231	1606974882
-47	-52	-49	-58	-58	0	-72	-69	-82	0	-79	-80	-80	-72	0	0	0	-86	-86	-87	0	0	-86	-87	0	0	-87	-90	-91	0	-90	-90	-91	-58	0	-94	-91	-95	-91	-95	0	0	0	0	0	0	0	0	0	0	0	0	0	0	0	0	-84	0	0	0	0	-85	0	0	0	0	0	0	0	0	-80	0	0	0	0	0	0	0	0	0	0	-62	0	0	0	0	0	0	0	0	0	0	0	0	0	0	0	0	0	0	0	0	0	0	0	0	0	0	0	0	0	0	3704	-2737	2648	22866	-7633	-233	-41	965	234	0	0	0	-40	952	231	1606974884
-47	-56	-50	-58	-58	0	-71	-68	-81	-73	-82	-80	-81	-71	0	0	0	-87	-87	-88	0	-80	-87	-86	0	0	-87	-89	-91	0	-90	-91	-91	-60	0	-93	-93	-93	-92	-94	-93	0	0	0	0	0	0	0	0	-87	0	0	0	0	0	0	0	0	0	0	0	0	0	0	0	0	0	0	0	0	0	0	0	0	0	0	0	0	0	0	0	-60	0	0	0	0	0	0	0	0	0	0	0	0	0	0	0	0	0	0	0	0	0	0	0	0	0	0	0	0	0	0	3741	-2737	2589	22867	-7636	-234	-41	965	234	0	0	-1	-40	952	231	1606974886
-48	-54	-49	-60	-54	0	0	0	-79	0	-78	-79	-78	0	0	0	0	-86	-85	-86	0	-79	-85	-86	0	0	-88	-89	-91	0	-91	-91	-91	-55	0	0	0	-95	-93	0	0	0	0	0	0	0	0	0	0	0	0	0	0	0	0	0	0	0	0	0	0	0	0	0	0	0	0	0	0	0	-79	0	0	0	0	0	0	0	0	0	0	-61	0	0	0	0	0	0	0	0	0	0	0	0	0	0	0	0	0	0	0	0	0	0	0	0	0	0	0	0	0	0	3734	-2737	2544	22866	-7632	-234	-41	965	234	0	0	-1	-40	952	231	1606974887
0	-54	-49	0	-57	-57	0	0	-80	-71	-78	-78	-78	0	-78	0	0	-85	-85	-86	0	0	-85	-86	0	0	0	-90	-90	0	-91	-90	-93	-54	0	0	-94	-94	-94	0	0	0	0	0	0	0	0	0	0	0	0	0	0	0	0	0	0	0	0	0	0	0	0	0	0	0	0	0	-94	0	0	0	0	0	0	0	0	0	0	0	0	-56	0	0	0	0	0	0	0	0	0	0	0	0	0	0	0	0	0	0	0	0	0	0	0	0	0	0	0	0	0	0	3749	-2723	2633	22865	-7631	-234	-41	966	234	-1	-1	0	-41	951	231	1606974889
-48	-54	-49	-59	-58	0	-67	-71	-81	0	-82	-80	-80	-71	0	-85	0	-87	-87	-86	0	-78	-86	-86	0	0	-89	-90	-91	0	0	-92	-90	-59	0	0	-93	-93	-90	-93	-94	0	0	0	0	0	0	0	0	0	0	0	0	0	0	0	-86	0	-72	0	0	-85	0	-84	-84	0	0	0	0	0	-80	0	0	0	0	0	0	0	0	0	0	-58	0	0	0	0	0	0	0	0	0	0	0	0	0	0	0	0	0	0	0	0	0	0	0	0	0	0	0	0	0	0	3749	-2722	2589	22866	-7632	-234	-41	965	234	-1	0	0	-40	952	231	1606974890
-47	-53	-48	-60	-57	0	0	-68	-80	0	-79	-78	-80	-68	0	0	0	-86	-86	-86	0	-78	-86	-86	0	0	-87	-90	-90	0	-91	-90	-92	-59	0	0	-93	-91	-92	-95	0	0	0	0	0	0	0	0	0	0	0	0	-89	0	0	0	0	0	0	0	0	0	0	0	0	0	0	0	0	0	0	0	0	0	0	0	0	0	0	0	0	-71	0	0	0	0	0	0	0	0	0	0	0	0	0	0	0	0	0	0	0	0	0	0	0	0	0	0	0	0	0	0	3704	-2730	2618	22866	-7632	-233	-41	965	234	0	0	0	-40	952	231	1606974892
-48	-52	-48	-59	-52	0	0	-69	-79	0	-81	-78	-80	-69	0	0	0	-86	-86	-85	-80	-80	-87	-86	-79	-78	-86	-90	-90	0	0	-90	-91	-58	0	0	-95	-92	-91	-93	0	-92	0	0	0	0	0	0	0	0	0	0	0	0	0	0	0	0	0	0	0	0	0	0	0	0	0	0	0	0	0	0	0	0	0	0	0	0	0	0	0	-61	0	0	0	0	0	0	0	0	0	0	0	0	0	0	0	0	0	0	0	0	0	0	0	0	0	0	0	0	0	0	3749	-2692	2573	22866	-7632	-233	-41	966	234	-1	-1	0	-40	952	231	1606974893
-49	-52	-49	-59	-58	0	-69	-72	-78	0	-79	-77	-77	-71	0	0	0	-87	-87	-86	0	-79	-85	-87	0	0	-84	-90	-90	0	-89	-90	-90	-55	0	0	0	0	-94	0	0	0	0	0	0	0	0	0	0	0	0	0	0	0	0	-84	0	0	0	0	0	0	0	0	0	0	0	0	-94	0	0	0	0	0	0	0	0	0	0	0	0	-56	0	0	0	0	0	0	0	0	0	0	0	0	0	0	0	0	0	0	0	0	0	0	0	0	0	0	0	0	0	0	3704	-2722	2618	22867	-7636	-232	-41	966	234	-1	-1	0	-40	952	231	1606974895
-49	-52	-49	-59	-57	-57	-70	-69	-77	0	-77	-78	-77	-71	0	0	0	-87	-87	-87	0	-78	-86	-88	0	0	-87	-89	-89	0	-90	-90	-91	-54	0	0	-94	-94	-93	0	0	0	0	0	0	0	0	0	0	0	0	0	0	0	0	0	0	0	0	0	0	0	0	0	0	0	0	0	-94	0	0	0	0	0	0	0	0	0	0	0	0	-62	0	0	0	0	0	0	0	0	0	0	0	0	0	0	0	0	0	0	0	0	0	0	0	0	0	0	0	0	0	0	3734	-2737	2633	22866	-7632	-232	-41	965	234	-1	0	0	-40	952	231	1606974897
-49	-52	-49	-60	-58	-58	-69	-72	-82	0	-80	-79	0	-69	0	0	0	-85	-87	-86	0	0	-86	-86	0	0	-88	-91	-92	0	-91	-91	-89	-57	0	-93	-92	-92	-92	-93	0	0	0	0	0	0	0	0	0	0	0	0	-89	-85	0	0	0	0	0	0	0	0	0	0	0	0	0	0	0	0	0	0	0	0	0	0	0	0	0	0	0	-58	0	0	0	0	0	0	0	0	0	0	0	0	0	0	0	0	0	0	0	0	0	0	0	0	0	0	0	0	0	0	3704	-2775	2589	22866	-7632	-233	-41	965	234	-1	-1	0	-40	952	231	1606974898
0	-52	-48	-58	0	-58	-71	-70	-81	0	-81	-82	-79	-72	0	0	0	-87	-86	-86	0	-84	-86	-87	0	0	0	-89	-90	0	-91	-90	-91	-57	0	0	-94	-93	-92	-94	0	0	0	0	0	0	0	0	0	0	0	0	0	0	0	0	0	0	0	0	0	0	0	0	0	0	0	0	0	0	0	0	0	0	0	0	0	0	0	0	0	-59	0	0	0	0	0	0	0	0	0	0	0	0	0	0	0	0	0	0	0	0	0	0	0	0	0	0	0	0	0	0	3741	-2722	2589	22868	-7639	-233	-41	965	233	-1	0	0	-40	952	230	1606974900
-48	-52	-47	-58	0	0	-69	-68	-78	0	-79	-79	-78	-72	0	0	0	-87	-87	-86	0	0	-87	-87	0	0	0	-91	-91	0	-91	-91	-91	-54	0	0	0	-94	-92	0	0	0	0	0	0	0	0	0	0	0	0	0	0	0	-94	-86	0	0	0	0	0	0	0	0	0	0	0	0	0	0	0	-94	0	0	0	0	0	0	0	0	0	0	0	0	0	0	0	0	0	0	0	0	0	0	0	0	0	0	0	0	0	0	0	0	0	0	0	0	0	0	0	0	3696	-2737	2633	22867	-7634	-232	-41	965	234	-1	-1	0	-40	952	231	1606974902
-47	-56	0	-60	-58	0	-68	-69	-79	-74	-81	-81	-80	-71	0	0	0	-86	-87	-86	0	0	-87	-86	0	0	-85	-91	-91	0	0	-91	-91	-58	0	0	-93	-93	-93	-93	-95	0	0	0	0	0	0	0	0	0	0	0	-88	0	0	0	0	0	0	0	0	0	0	0	0	0	0	0	0	0	0	0	0	0	0	0	0	0	0	0	0	-58	0	0	0	0	0	0	0	0	0	0	0	0	0	0	0	0	0	0	0	0	0	0	0	0	0	0	0	0	0	0	3704	-2730	2618	22866	-7632	-232	-41	965	234	-1	-1	0	-40	952	231	1606974903
-48	-53	-49	-59	-58	0	-71	-69	-79	0	-79	-79	-78	-69	0	0	0	-87	-86	-86	0	0	-87	-86	0	0	-86	-91	-91	0	0	-92	-90	-54	0	0	0	-94	-93	0	0	0	0	0	0	0	0	0	0	0	0	0	-86	0	0	0	0	0	0	0	0	0	0	0	0	0	0	0	0	0	0	0	0	0	0	0	0	0	0	0	0	-58	0	0	0	0	0	0	0	0	0	0	0	0	0	0	0	0	0	0	0	0	0	0	0	0	0	0	0	0	0	0	3704	-2767	2618	22866	-7634	-234	-41	965	234	-1	-1	0	-40	952	231	1606974905
-49	-53	-48	-60	-57	0	-69	-71	-79	-73	-80	-78	-79	-71	0	0	0	-86	-87	-87	0	-82	-86	-86	0	0	-89	-91	-89	0	-90	-91	-90	-58	0	0	-94	-93	-93	-94	0	-92	-91	0	0	0	0	0	0	0	0	0	0	0	0	0	0	0	0	0	0	0	0	0	0	0	0	0	0	0	0	0	0	0	0	0	0	0	0	0	0	-62	0	0	0	0	0	0	0	0	0	0	0	0	0	0	0	0	0	0	0	0	0	0	0	0	0	0	0	0	0	0	3749	-2745	2618	22866	-7633	-233	-41	965	234	-1	-1	-1	-40	952	231	1606974906
-47	-52	-49	-59	-58	0	-69	-69	-79	0	-81	-79	-79	-70	0	0	0	-86	-86	-86	0	0	-87	-85	0	0	-85	-90	-91	0	0	-90	-91	-58	0	0	-94	-92	-91	-93	-93	0	0	0	0	0	0	0	0	0	0	0	-87	0	0	0	0	0	0	0	0	0	0	0	0	0	0	0	0	0	0	0	0	0	0	0	0	0	0	0	0	-71	0	0	0	0	0	0	0	0	0	0	0	0	0	0	0	0	0	0	0	0	0	0	0	0	0	0	0	0	0	0	3704	-2692	2618	22866	-7632	-234	-41	965	234	-1	0	0	-40	952	231	1606974908
-47	-51	0	-59	-58	0	-71	-70	-80	-73	-78	-78	-79	-70	0	0	0	-86	-87	-86	0	0	-86	-85	0	0	-87	-90	-90	0	-90	-90	-92	-57	0	0	-94	-95	0	-94	0	0	0	0	0	0	0	0	0	0	0	0	-90	0	0	0	0	0	0	0	0	0	0	0	0	0	0	0	0	0	0	0	0	0	0	0	0	0	0	0	0	-63	0	0	0	0	0	0	0	0	0	0	0	0	0	0	0	0	0	0	0	0	0	0	0	0	0	0	0	0	0	0	3711	-2722	2633	22867	-7636	-233	-41	965	233	-1	-1	0	-40	952	231	1606974910
-49	-53	-49	-59	-58	0	-70	0	-80	0	-81	-80	-81	-68	0	0	0	-86	-86	-86	0	0	-87	-87	0	0	-89	-89	-91	0	-91	-89	-88	-58	0	0	-93	-94	-93	-93	0	0	0	0	0	0	0	0	0	0	0	0	0	0	0	0	0	0	0	0	0	0	0	0	0	-92	0	0	0	0	0	0	0	0	0	0	0	0	0	0	0	-54	0	0	0	0	0	0	0	0	0	0	0	0	0	0	0	0	0	0	0	0	0	0	0	0	0	0	0	0	0	0	3749	-2723	2618	22866	-7633	-233	-41	965	234	-1	0	0	-40	952	231	1606974911
-47	-54	-47	-58	-57	0	-71	-69	-79	-74	-81	-79	-80	-69	0	0	0	-86	-86	-86	0	-79	-86	-86	0	0	-84	-91	-91	0	-91	-91	-91	-58	0	-92	-93	-94	0	-94	0	0	0	0	0	0	0	0	0	0	0	0	0	0	0	0	0	0	0	0	0	0	0	0	0	0	0	0	0	0	0	0	0	0	0	0	0	0	0	0	0	-66	0	0	0	0	0	0	0	0	0	0	0	0	0	0	0	0	0	0	0	0	0	0	0	0	0	0	0	0	0	0	3733	-2655	2618	22866	-7634	-234	-41	966	234	0	0	0	-40	952	231	1606974913
-48	0	-48	-59	-58	0	-68	-68	-79	0	-82	-83	-80	-69	0	0	0	-86	-85	-86	0	0	-86	-86	0	0	-87	-91	-90	0	-92	-90	-91	-59	0	-94	-92	-93	0	-95	0	0	0	0	0	0	0	0	0	0	0	0	0	0	0	0	0	0	0	0	0	0	0	0	0	0	0	0	0	0	0	0	0	0	0	0	0	0	0	0	0	-65	0	0	0	0	0	0	0	0	0	0	0	0	0	0	0	0	0	0	0	0	0	0	0	0	0	0	0	0	0	0	3749	-2723	2641	22866	-7634	-233	-41	966	233	0	0	0	-40	952	231	1606974914
-48	0	-50	-59	-57	0	-67	0	-80	-73	-82	-82	-80	0	0	0	0	-86	-85	-85	0	0	-85	-86	0	0	0	-90	-90	0	-92	-91	-89	-58	0	0	-93	-93	0	-94	0	0	0	0	0	0	0	0	0	-86	0	0	-85	-86	0	0	0	0	0	0	0	0	0	0	0	0	0	0	0	0	0	0	0	0	0	0	0	0	0	0	0	-59	0	0	0	0	0	0	0	0	0	0	0	0	0	0	0	0	0	0	0	0	0	0	0	0	0	0	0	0	0	0	3711	-2737	2618	22867	-7635	-233	-41	965	234	-1	0	0	-40	952	231	1606974916
-51	0	0	-59	-57	0	-70	-71	-82	0	-82	-79	-80	-68	0	0	0	-87	-86	-86	0	0	-86	-86	0	0	0	-90	-90	0	-91	-91	-90	-58	0	0	-95	-94	0	-94	-93	0	0	0	0	0	0	0	0	0	0	0	0	0	0	0	0	0	0	0	0	0	0	0	0	0	0	0	0	0	0	0	0	0	0	0	0	0	0	0	0	-59	0	0	0	0	0	0	0	0	0	0	0	0	0	0	0	0	0	0	0	0	0	0	0	0	0	0	0	0	0	0	3749	-2692	2633	22866	-7632	-233	-41	965	234	-1	0	-1	-40	952	231	1606974917
-50	-53	-48	-59	-58	0	-68	-71	-82	0	-80	-80	-81	-70	0	-85	0	-86	-86	-87	0	0	-86	-85	0	0	-86	-90	-91	0	-91	-92	-91	-59	0	0	-92	-93	-93	-94	0	-91	0	0	0	0	0	0	0	0	0	0	0	0	0	0	0	0	0	0	0	0	0	0	0	0	0	0	0	0	0	0	0	0	0	0	0	0	0	0	0	-58	0	0	0	0	0	0	0	0	0	0	0	0	0	0	0	0	0	0	0	0	0	0	0	0	0	0	0	0	0	0	3749	-2737	2551	22867	-7635	-232	-41	966	234	-1	-1	0	-40	952	231	1606974919
-48	-52	-47	-58	-58	-59	-68	0	-80	0	-80	-82	-81	-71	0	0	0	-85	-87	-87	0	0	-86	-86	0	0	0	-91	-90	0	-90	-91	-90	-58	0	0	-92	-93	-93	-95	0	0	0	0	0	0	0	0	0	-85	0	0	-87	0	0	0	0	0	0	-95	0	0	0	0	0	0	0	0	0	0	0	0	0	0	0	0	0	0	0	0	0	-63	0	0	0	0	0	0	0	0	0	0	0	0	0	0	0	0	0	0	0	0	0	0	0	0	0	0	0	0	0	0	3704	-2707	2633	22866	-7633	-233	-41	965	234	-1	-1	0	-40	952	231	1606974920
-47	-51	-47	-58	-58	-58	0	-69	-80	-74	-82	-83	-80	0	0	0	0	-86	-86	-87	0	0	-86	-87	0	0	0	-90	-89	0	-89	-91	-90	-58	0	0	-92	-94	-89	-94	0	0	0	0	0	0	-89	0	0	0	0	0	0	-87	0	-88	0	0	0	0	0	0	0	0	0	0	0	0	0	0	0	0	0	0	0	0	0	0	0	0	0	-63	0	0	0	0	0	0	0	0	0	0	0	0	0	0	0	0	0	0	0	0	0	0	0	0	0	0	0	0	0	0	3726	-2737	2618	22866	-7633	-234	-41	965	234	-1	0	0	-40	952	231	1606974922
-49	-52	-46	-59	-57	-57	-68	-72	-79	0	-78	-78	-78	-71	0	0	0	-85	-86	-86	0	0	-86	-87	0	0	-88	-90	-90	0	-90	-91	-91	-53	0	0	-93	0	-93	0	0	0	-90	0	0	0	0	0	0	0	0	0	-91	0	0	0	0	0	0	0	0	0	0	0	0	0	0	0	0	0	0	0	0	0	0	0	0	0	0	0	-88	-64	0	0	0	0	0	0	0	0	0	0	0	0	0	0	0	0	0	0	0	0	0	0	0	0	0	0	0	0	0	0	3704	-2737	2648	22867	-7636	-233	-41	965	233	0	-1	0	-40	952	231	1606974923
-50	-54	0	-59	-58	-57	-72	-69	-78	-73	-78	-79	0	-69	0	-83	0	-85	-87	-86	0	0	-86	-86	0	0	-86	-91	-91	0	-91	-90	-91	-54	0	0	0	-95	-94	0	0	0	0	0	0	0	0	0	0	-89	0	0	0	0	0	0	-84	0	0	0	0	-84	0	-85	-85	0	0	0	0	0	0	0	0	0	0	0	0	0	0	0	0	-64	0	0	0	0	0	0	0	0	0	0	0	0	0	0	0	0	0	0	0	0	0	0	0	0	0	0	0	0	0	0	3734	-2737	2618	22866	-7632	-233	-41	965	235	-1	0	0	-40	952	231	1606974925
-47	-53	-48	-60	-57	-58	-69	-71	-82	0	-82	-82	-80	-72	0	0	0	-86	-86	-85	0	0	-86	-85	0	0	-88	-91	-90	0	-90	-91	-91	-57	0	-92	-94	-93	-92	-94	0	0	0	0	0	0	0	0	0	0	0	0	-90	0	0	0	0	0	0	0	0	0	0	0	0	0	0	0	0	0	0	0	0	0	0	0	0	0	0	0	0	0	0	0	0	0	0	0	0	0	0	0	0	0	0	0	0	0	0	0	0	0	0	0	0	0	0	0	0	-90	0	0	3794	-2738	2589	22866	-7634	-233	-41	965	234	-1	0	0	-40	952	231	1606974927
-48	-54	0	-58	-58	-58	-71	-69	-80	-73	-82	-81	-80	-69	0	0	0	-86	-86	-87	0	0	-86	-87	0	0	0	-91	-90	0	-90	-91	-90	-58	0	0	-94	-94	-90	-91	0	0	0	0	0	0	0	0	0	0	0	0	-87	0	0	0	0	0	0	0	0	0	0	0	0	0	0	0	0	0	0	0	0	0	0	0	0	0	0	0	0	0	0	0	0	0	0	0	0	0	0	0	0	0	0	0	0	0	0	0	0	0	0	0	0	0	0	0	0	-90	0	0	3794	-2730	2633	22866	-7633	-233	-41	965	233	-1	0	-1	-40	952	231	1606974928
-48	-53	-47	-60	-56	-59	-68	0	-79	0	-81	-82	-81	-71	0	0	0	-86	-87	-87	0	0	-87	-86	0	0	-87	-91	-90	0	0	-90	-91	-58	0	-95	-93	-93	-92	-94	0	0	0	0	0	0	0	0	0	0	0	0	0	0	0	-86	0	0	0	0	0	0	0	0	0	0	0	0	0	0	0	0	0	0	0	0	0	0	0	0	0	-56	0	0	0	0	0	0	0	0	0	0	0	0	0	0	0	0	0	0	0	0	0	0	0	0	0	0	0	0	0	0	3794	-2723	2626	22867	-7636	-233	-41	965	234	-1	0	0	-40	952	231	1606974930
-48	-54	-48	-58	-59	-59	-71	-68	-80	0	-80	-79	-81	-68	0	0	0	-86	-86	-86	0	0	-86	-87	0	0	-85	-92	-91	0	-91	-90	-92	-58	0	-94	-91	-94	-92	-93	0	0	0	0	0	0	0	0	0	0	0	0	0	0	0	0	0	0	0	0	0	0	0	0	0	0	0	0	0	0	0	0	0	0	0	0	0	0	0	0	0	-61	0	0	0	0	0	0	0	0	0	0	0	0	0	0	0	0	0	0	0	0	0	0	0	0	0	0	0	0	0	0	3734	-2722	2589	22866	-7633	-232	-41	966	234	-1	-1	0	-40	952	231	1606974931
-50	-54	0	-60	-58	-58	0	-71	-79	0	-80	-82	-80	0	0	-84	0	-86	-86	-87	0	0	-86	-85	0	0	-86	-91	-90	0	-91	-90	-91	-58	0	-95	-93	-93	0	-93	0	0	0	0	0	0	0	0	0	0	0	0	0	0	0	0	-84	0	0	0	0	-84	0	0	-85	0	0	0	0	0	0	0	0	0	0	0	0	0	0	0	0	0	0	0	0	0	0	0	0	0	0	0	0	0	0	0	0	0	0	0	0	0	0	0	0	0	0	0	0	0	0	0	3779	-2738	2619	22866	-7636	-235	-41	965	233	-1	-1	-1	-41	952	231	1606974933
-50	-54	-47	-58	0	0	-72	-69	-79	0	-78	-78	-77	-68	0	0	0	-88	-86	-86	0	-81	-88	-86	0	0	-87	-91	-91	0	-90	-92	-91	-54	0	0	-96	-94	-93	-95	0	0	0	0	0	0	0	0	0	0	0	0	0	0	0	0	0	0	0	0	0	0	0	0	0	0	0	0	0	0	0	0	0	0	0	0	0	0	0	0	0	-56	0	0	0	0	0	0	0	0	0	0	0	0	0	0	0	0	0	0	0	0	0	0	0	0	0	0	0	0	0	0	3696	-2767	2618	22866	-7633	-233	-41	965	234	-1	0	0	-40	952	231	1606974934
0	-54	0	-59	0	0	0	-69	-80	-74	-80	0	-80	0	0	-85	0	-86	-86	-86	0	0	-86	-85	0	0	-87	-90	-91	0	-91	-90	-92	-59	0	-94	-92	-94	-92	-94	0	0	0	0	0	0	0	0	0	0	0	-90	0	0	0	0	-84	0	0	0	0	-85	0	-85	-86	0	0	0	0	0	0	0	0	0	0	0	0	0	0	0	0	-71	0	0	0	0	0	0	0	0	0	0	0	0	0	0	0	0	0	0	0	0	0	0	0	0	0	0	0	0	0	0	3749	-2723	2633	22865	-7632	-234	-41	965	234	0	0	-1	-41	952	231	1606974936
-50	-53	-47	-60	-59	0	-69	-71	-83	0	-83	-80	-80	-71	0	0	0	-85	-87	-86	0	0	-86	-88	0	0	-87	-91	-91	0	-91	-92	-90	-58	0	0	-94	0	-91	-93	0	0	0	0	0	0	0	0	0	0	0	0	0	0	0	0	0	0	0	0	0	0	0	0	0	0	0	0	0	0	0	0	0	0	0	0	0	0	0	0	0	-56	0	0	0	0	0	0	0	0	0	0	0	0	0	0	0	0	0	0	0	0	0	0	0	0	0	0	0	0	0	0	3749	-2723	2648	22867	-7638	-234	-41	965	233	-1	0	-1	-41	952	230	1606974938
-51	-52	-49	-59	-56	0	-71	-71	-82	0	-82	-80	-80	-71	0	0	0	-86	-85	-87	0	0	-87	-86	0	0	-87	-93	-91	0	-92	-90	-90	-58	0	0	-95	-95	-92	-94	-94	0	0	0	0	0	-86	0	0	0	0	0	0	0	0	0	0	0	0	0	0	0	0	0	0	0	0	0	0	0	0	0	0	0	0	0	0	0	0	0	0	-57	0	0	0	0	0	0	0	0	0	0	0	0	0	0	0	0	0	0	0	0	0	0	0	0	0	0	0	0	0	0	3764	-2730	2618	22866	-7634	-233	-41	965	234	0	0	0	-40	952	231	1606974939
-50	-53	-47	-60	-57	0	0	-68	-82	-72	-81	-79	-80	0	0	0	0	-86	-86	-86	0	0	-86	-86	0	0	-87	-91	-90	0	-91	-92	-91	-59	0	0	-93	-94	-91	-94	0	0	0	0	0	0	0	0	0	0	0	0	0	0	0	0	0	0	0	0	0	0	0	0	0	0	0	0	0	0	0	0	0	0	0	0	0	0	0	0	0	-66	0	0	0	0	0	0	0	0	0	0	0	0	0	0	0	0	0	0	0	0	0	0	0	0	0	0	0	0	0	0	3659	-2752	2603	22866	-7633	-234	-41	965	234	-1	-1	-1	-40	952	231	1606974941
0	0	-47	-60	0	0	-72	-70	-79	0	-80	-79	-80	-71	0	-86	0	-86	-87	-86	0	-82	-85	-86	0	0	-87	-90	-89	0	0	-90	-90	-59	0	0	-93	-92	-92	-97	0	0	0	0	0	0	0	0	0	0	0	0	0	0	0	0	0	0	0	0	0	0	0	0	0	0	0	0	0	0	0	0	0	0	0	0	0	0	0	0	0	-58	0	0	0	0	0	0	0	0	0	0	0	0	0	0	0	0	0	0	0	0	0	0	0	0	0	0	0	0	0	0	3734	-2745	2574	22866	-7633	-234	-41	966	234	0	-1	0	-40	952	231	1606974942
-48	-50	-47	-60	-57	0	-71	0	-79	-73	-79	-81	-79	-68	0	0	0	-88	-87	-86	0	0	-87	-87	0	0	-88	-91	-90	0	-90	-91	-90	-57	0	0	-94	-93	-91	-95	0	-93	0	0	0	0	-89	0	0	0	0	0	-87	0	0	0	0	0	0	0	0	0	0	0	0	0	0	0	0	0	0	0	0	0	0	0	0	0	0	0	0	-59	0	0	0	0	0	0	0	0	0	0	-93	0	0	0	0	0	0	0	0	0	0	0	0	0	0	0	0	0	0	0	3681	-2737	2573	22867	-7637	-233	-41	966	234	-1	0	0	-40	952	230	1606974944
-48	-52	-47	-59	-59	0	-68	-71	-79	-72	-79	-82	-81	-70	0	0	0	-87	-86	-86	0	-79	-86	-86	0	0	-87	-90	-90	0	-89	-88	-91	-57	0	0	-96	-93	-90	-92	0	0	0	0	0	0	0	0	0	0	0	0	0	0	0	0	0	0	0	0	0	0	0	0	0	0	0	0	0	0	0	0	0	0	0	0	0	0	0	0	0	-58	0	0	0	0	0	0	0	0	0	0	0	0	0	0	0	0	0	0	0	0	0	0	0	0	0	0	0	0	0	0	3764	-2737	2589	22866	-7634	-234	-41	965	234	0	-1	0	-40	952	231	1606974945
-49	-50	-47	-59	-58	0	-68	-70	-81	-73	-81	-80	-80	-68	0	-86	0	-86	-86	-86	0	0	-87	-86	0	0	-84	-90	-92	0	-90	-90	-89	-59	0	-93	-93	0	-91	-93	0	0	0	0	0	0	0	0	0	0	0	0	0	-88	0	0	0	0	0	-94	0	0	0	0	0	0	0	0	0	0	0	0	0	0	0	0	0	0	0	0	0	-64	0	0	0	0	0	0	0	0	0	0	0	0	0	0	0	0	0	0	0	0	0	0	0	0	0	0	0	0	0	0	3704	-2752	2618	22866	-7633	-233	-41	965	234	-1	-1	0	-40	952	231	1606974947
-49	0	-46	-60	-58	0	-68	-71	-80	-72	-81	-81	-80	-71	0	0	0	-86	-86	-85	0	0	-86	-87	0	0	-87	-90	-89	0	-92	-90	-91	-58	0	0	-94	-93	-91	-94	0	0	0	0	0	0	0	0	0	0	0	0	0	0	0	-86	0	0	0	0	0	0	0	0	0	0	0	0	0	0	0	0	0	0	0	0	0	0	0	0	0	-64	0	0	0	0	0	0	0	0	0	0	0	0	0	0	0	0	0	0	0	0	0	0	0	0	0	0	0	0	0	0	3703	-2692	2573	22866	-7634	-234	-41	965	234	-1	0	0	-40	952	231	1606974949
0	-50	-47	-60	0	-56	-71	-68	-78	-72	-78	-79	-77	-70	0	-85	0	-86	-87	-85	0	0	-86	-87	0	0	-89	-91	-91	0	-90	-91	-90	-54	0	0	-93	-94	-94	0	0	0	0	0	0	0	0	0	0	0	0	0	0	0	0	0	0	0	0	0	0	0	0	0	0	0	0	0	0	0	0	0	0	0	0	0	0	0	0	0	0	-65	0	0	0	0	0	0	0	0	0	0	0	0	0	0	0	0	0	0	0	0	0	0	0	0	0	0	0	0	0	0	3764	-2692	2633	22866	-7633	-233	-41	965	234	-1	0	-1	-40	952	231	1606974950
-49	-52	0	-60	-59	-59	-67	-70	-81	0	-81	-82	-80	-68	0	0	0	-86	-87	-86	0	0	-85	-86	0	0	-86	-90	-90	0	-90	-89	-90	-59	0	0	-93	-95	-92	-93	0	0	-94	-85	0	0	0	0	0	0	0	0	-88	-87	0	0	0	0	0	0	0	0	0	0	0	0	0	0	0	0	0	0	0	0	0	0	0	0	0	0	0	-59	0	0	0	0	0	0	0	0	0	0	0	0	0	0	0	0	0	0	0	0	0	0	0	0	0	0	0	0	0	0	3764	-2692	2559	22866	-7632	-233	-41	965	234	-1	-1	0	-40	952	231	1606974952
-48	-52	-46	-60	-58	-58	-68	-70	-81	-73	-79	-80	-80	-68	0	0	0	-86	-87	-86	0	0	-86	-87	0	0	-85	-91	-91	0	-91	-90	-90	-59	0	0	-92	-94	-93	-94	0	-93	0	0	0	0	0	0	0	0	0	0	-88	0	0	0	0	0	0	0	0	0	0	0	0	-90	0	0	0	0	0	0	0	0	0	0	0	0	0	0	0	-57	0	0	0	0	0	0	0	0	0	0	0	0	0	0	0	0	0	0	0	0	0	0	0	0	0	0	0	0	0	0	3734	-2745	2633	22867	-7635	-233	-41	965	234	-1	-1	0	-40	952	231	1606974953
-52	0	-47	-60	-58	-58	-70	-68	-81	-72	-81	-82	-80	-67	0	0	0	-87	-86	-86	0	0	-86	-86	0	0	-85	-88	-90	0	-91	-91	-91	-58	0	0	-95	-94	-93	-94	0	-92	0	0	0	0	0	0	0	0	0	0	-90	0	0	0	0	0	0	0	0	0	0	0	0	0	0	0	0	0	0	0	0	0	0	0	0	0	0	0	0	-57	0	0	0	0	0	0	0	0	0	0	0	0	0	0	0	0	0	0	0	0	0	0	0	0	0	0	0	0	0	0	3734	-2722	2544	22866	-7632	-233	-41	965	234	-1	-1	0	-40	952	231	1606974955
-50	-51	0	-60	-58	0	-71	-71	-78	-72	0	-78	-76	-70	0	0	0	-85	-86	-85	0	0	-86	-87	0	0	-85	-91	-89	0	-90	-89	-89	-54	0	0	0	-95	-92	0	0	0	0	0	0	0	0	0	0	0	0	0	-92	-89	0	0	0	0	0	0	0	0	0	0	0	0	0	0	0	0	-79	0	0	0	0	0	0	0	0	0	0	-57	0	0	0	0	0	0	0	0	0	0	0	0	0	0	0	0	0	0	0	0	0	0	0	0	0	0	0	0	0	0	3734	-2737	2618	22866	-7633	-232	-41	966	234	-1	-1	0	-40	952	231	1606974987
-50	-52	-47	-59	-60	0	0	0	-82	0	-82	-78	-80	0	0	0	0	-86	-86	-87	0	0	-87	-86	0	0	-84	-92	-92	0	-90	-89	-90	-58	0	0	-94	-93	-92	-93	0	0	0	0	0	0	0	0	0	-88	0	0	-89	0	0	0	0	0	0	0	0	0	0	0	0	0	0	0	0	0	-79	0	0	0	0	0	0	0	0	0	0	-54	0	0	0	0	0	0	0	0	0	0	0	0	0	0	0	0	0	0	0	0	0	0	0	0	0	0	0	0	0	0	3734	-2692	2633	22867	-7637	-234	-41	965	234	-1	-1	0	-40	952	231	1606974988
-51	-47	-52	0	0	0	0	-74	-83	0	-81	-79	-80	-74	0	0	0	-86	-85	-86	0	0	-88	-86	0	0	-87	-90	-88	0	-89	-89	-89	-60	0	0	-93	-93	-92	-93	0	0	0	0	0	0	0	0	0	0	0	0	0	0	0	0	0	0	0	0	0	0	0	0	0	0	0	0	0	0	0	0	0	0	0	0	0	0	0	0	0	-61	0	0	0	0	0	0	0	0	0	0	0	0	0	0	0	0	0	0	0	0	0	0	0	0	0	0	0	0	0	0	3734	-2737	2618	22866	-7633	-233	-40	965	231	-1	0	0	-40	952	231	1606974990
