-47	-49	-53	-58	-61	-65	-73	-74	-75	-76	-76	-76	-77	-79	-79	-83	-83	-84	-84	-84	-84	-85	-85	-85	-85	-87	-88	-90	-91	-91	-92	-92	-93	0	0	0	0	0	0	0	0	0	0	0	0	0	0	0	0	0	0	0	0	0	0	0	0	0	0	0	0	0	0	0	0	0	0	5510	-2819	2257	24311	-7838	-159	-28	971	204	-1	-1	-1	-28	960	197	1606974583
-50	-49	-54	-57	-64	0	-76	-76	-82	0	-80	-81	-78	-77	0	0	0	-87	-88	-88	0	-81	-87	-87	0	0	0	-89	-90	-90	-92	-90	-91	-56	-68	-92	-94	-94	0	0	0	0	0	0	0	0	0	0	0	0	0	0	0	0	0	0	0	0	0	0	0	0	0	0	0	0	0	5547	-2818	2175	24341	-7831	-158	-28	971	202	-1	-1	0	-27	959	198	1606974585
-45	-49	-54	-57	-60	0	-72	-75	-77	-76	-80	-79	-78	-71	0	0	-82	-90	-89	-88	0	-81	-88	-88	-78	0	0	-90	-89	-92	-90	-89	-91	-53	0	0	-93	-93	-92	-93	-93	0	0	0	0	0	0	0	0	0	0	0	0	0	0	0	0	0	0	0	0	0	0	0	0	0	0	5540	-2849	2190	24350	-7824	-157	-28	972	202	-1	-1	-1	-27	959	199	1606974586
-45	-45	-55	-55	-59	-63	0	0	-73	0	-75	-73	-79	0	0	0	0	-83	-84	-83	0	0	-85	-84	0	0	0	-90	-91	0	-92	-90	0	-56	0	0	0	0	0	0	0	-89	0	0	0	0	0	0	0	0	0	0	0	0	0	0	0	0	0	0	0	0	0	0	0	0	0	5510	-2818	2220	24349	-7822	-158	-28	972	202	-1	-1	-1	-28	959	200	1606974588
-46	-53	-53	-57	-59	0	-75	0	-75	-71	-75	-75	-77	-76	0	0	0	-82	-84	-83	0	-83	-83	-83	0	0	-88	-89	-89	0	-90	-89	-90	-54	0	0	0	0	0	0	0	-87	-80	0	0	0	0	0	0	0	0	0	0	0	0	0	0	0	0	0	0	0	0	0	0	0	0	5585	-2789	2220	24348	-7819	-158	-27	972	202	-1	-1	-1	-27	959	200	1606974589
-46	-48	-44	-58	-55	-65	0	0	-76	-75	-77	-76	-79	0	0	0	-77	-85	-84	-84	0	-76	-83	-83	-78	-77	-91	-88	-87	0	-89	-87	-88	-54	0	0	0	0	0	0	0	0	0	-86	-86	-86	-88	0	0	0	0	0	0	0	0	0	0	0	0	0	0	0	0	0	0	0	0	5540	-2819	2317	24348	-7820	-158	-28	972	203	-1	-1	-1	-27	959	200	1606974591
-47	-46	-48	0	-59	0	0	0	-78	-76	-78	-77	-76	0	0	0	0	-84	-84	-85	0	0	-84	-83	0	0	0	-89	-89	-91	-90	-89	-89	-55	0	0	0	0	0	0	0	0	-85	0	0	0	0	-82	0	0	0	0	0	0	0	0	0	0	0	0	0	0	0	0	0	0	0	5517	-2788	2205	24350	-7824	-158	-28	971	201	-1	-1	0	-28	959	199	1606974592
0	-50	-47	0	0	-65	-74	-74	-74	-72	-74	-75	-77	-77	0	0	0	-84	-84	-84	0	-78	-84	-85	0	0	0	-89	-88	0	-90	-88	-87	-54	-63	0	0	0	0	0	0	0	0	0	0	0	0	-83	0	0	0	0	0	0	0	0	0	0	0	0	0	0	0	0	0	0	0	5540	-2834	2220	24349	-7822	-158	-28	971	202	-1	-1	-1	-27	959	200	1606974594
-48	-46	-57	-56	-58	0	-72	0	-74	0	-74	-75	-76	-79	0	0	-81	-84	-83	-84	-81	-81	-84	-84	-81	-79	-93	-90	-89	-91	-89	-89	-91	-54	-63	0	0	0	0	0	0	0	0	0	0	0	0	-83	0	0	0	0	0	0	0	0	0	0	0	0	0	0	0	0	0	0	0	5540	-2834	2265	24349	-7822	-158	-29	972	202	-1	-1	-1	-27	959	200	1606974596
-49	-50	-51	0	-59	-63	0	0	-76	-73	-75	-75	-77	0	0	0	-82	-84	-86	-83	-80	-80	-84	-85	-81	-81	0	-89	-89	0	-88	-89	-89	-56	0	0	0	0	0	0	0	0	0	0	0	0	0	0	0	0	0	0	0	0	0	0	0	0	0	0	0	0	0	0	0	0	0	5540	-2819	2250	24349	-7821	-158	-27	972	201	-1	-1	-1	-27	959	200	1606974597
0	-49	0	-55	-62	0	-74	-73	-81	0	-81	-81	-79	-74	0	0	0	0	0	0	0	0	0	0	0	0	-93	-90	-89	-92	-91	-90	-90	-55	-64	0	0	0	-95	0	0	0	0	0	0	0	0	0	0	0	0	0	0	0	0	0	0	0	0	0	0	0	0	0	0	0	0	5540	-2819	2220	24349	-7823	-158	-28	972	202	-1	-1	0	-28	959	200	1606974599
-49	-50	-50	-57	-55	0	-74	-75	-79	-73	-79	-78	-81	-77	-82	0	0	-89	-88	-88	0	-82	-88	-88	0	0	0	-88	-89	-90	-89	-89	-90	-57	0	-92	-93	-92	0	-92	0	0	0	0	0	0	0	-81	0	0	0	0	0	0	0	0	0	0	0	0	0	0	0	0	0	0	0	5547	-2819	2212	24349	-7820	-158	-27	972	202	-1	0	-1	-27	959	200	1606974600
0	-50	-51	-56	0	-63	-75	0	-75	-73	-77	-76	-77	-75	0	0	0	-84	0	0	0	-80	0	0	0	0	-88	-91	-90	0	0	-91	-90	-55	-62	0	0	0	0	0	0	0	0	0	-90	-89	-89	0	-87	-90	0	0	0	0	0	0	0	0	0	0	0	0	0	0	0	0	0	5570	-2819	2295	24349	-7821	-157	-27	972	201	-1	-1	-1	-27	959	200	1606974602
-46	-47	0	-55	-50	0	-71	-73	-76	0	-75	-77	-78	-74	0	0	0	-83	-84	-84	0	-79	-83	-85	0	0	-91	-90	-90	-91	-89	-90	-90	-56	0	0	0	0	0	0	0	0	0	0	0	0	0	0	0	0	0	0	0	0	0	0	0	0	0	0	0	0	0	0	0	0	0	5555	-2834	2280	24349	-7821	-157	-28	972	202	-1	-1	0	-27	959	200	1606974603
-47	-47	0	-55	-62	-62	-72	-71	-75	0	-76	-76	-77	-71	0	0	0	-85	-84	-85	0	0	-84	-84	0	0	0	-89	-89	0	0	-88	-88	-54	0	0	0	0	0	0	0	0	0	0	0	0	0	0	0	0	0	0	0	0	0	0	0	0	0	0	0	0	0	0	0	0	0	5540	-2849	2235	24348	-7819	-158	-28	972	202	-1	-1	-1	-27	959	200	1606974605
-50	-47	-55	-57	-52	0	-75	0	-74	0	-74	-73	-77	0	0	0	0	-84	-85	-85	0	0	-85	-85	0	0	0	-89	-89	0	0	-89	0	-55	0	0	0	0	0	0	0	0	0	0	-88	0	-88	0	0	0	-89	0	0	0	0	0	0	0	0	0	0	0	0	0	0	0	0	5645	-2835	2295	24348	-7819	-156	-28	972	202	-1	-1	-1	-27	959	200	1606974606
-45	-51	0	-57	-56	0	-74	-73	-83	-77	-80	-82	-78	-72	0	0	0	-90	-88	-88	-81	0	-89	-89	0	0	0	-90	-90	0	-89	-90	-90	-55	0	-93	0	-92	0	-94	0	0	-85	0	0	0	0	0	0	0	0	0	0	0	0	0	0	0	0	0	0	0	0	0	0	0	0	5495	-2819	2287	24349	-7821	-156	-28	972	202	-1	-1	0	-27	959	200	1606974608
-46	-52	-54	-56	-55	-64	-76	-80	-77	-75	-78	-76	-77	-74	0	0	0	-83	-85	-85	0	-82	-85	-85	0	0	0	-89	-90	0	-89	-89	-90	-56	0	0	0	0	0	0	0	0	0	0	0	0	0	0	-88	0	-88	0	0	0	0	0	0	0	0	0	0	0	0	0	0	0	0	5540	-2849	2280	24348	-7819	-157	-28	971	201	-1	-1	-1	-27	959	200	1606974610
-47	-50	-56	-58	-55	-61	-79	-72	-81	0	-80	-81	-78	-72	-82	0	0	-90	-88	-88	0	0	-88	-87	0	0	-92	-89	-90	0	-90	-89	-91	-55	0	-94	-93	-94	-94	-91	-92	0	0	0	-87	0	0	0	0	0	0	0	0	0	0	0	0	0	0	0	0	0	0	0	0	0	0	5555	-2819	2354	24348	-7819	-157	-28	971	202	-1	-1	-1	-27	959	200	1606974611
-47	-51	-62	-56	-55	-63	-74	-75	-76	-76	-76	-77	-78	-73	-83	0	0	-83	-86	-85	0	-80	-84	-85	0	0	0	-89	-89	-89	-89	-89	-90	-55	0	0	0	0	0	0	0	0	-84	0	0	0	0	0	0	0	0	-90	0	0	0	0	0	0	0	0	0	0	0	0	0	0	0	5540	-2834	2295	24349	-7820	-156	-28	972	201	-1	-1	-1	-27	959	200	1606974613
-46	0	0	0	-55	0	-73	-73	-77	0	-77	-77	-78	-72	0	0	-82	-84	-84	-84	-81	-82	-85	-84	-80	0	0	-89	-89	-91	-90	-90	-89	-54	0	0	0	0	0	0	0	0	0	0	0	0	0	0	0	0	0	0	0	0	0	0	0	0	0	0	0	0	0	0	0	0	0	5555	-2834	2295	24348	-7818	-155	-28	971	201	-1	-1	0	-27	959	200	1606974614
0	-51	0	-56	-56	0	0	-71	-81	-75	-82	-81	-79	0	-81	0	-81	-88	-88	-87	-81	-82	-89	-88	-81	-83	-92	-88	-89	0	-88	-91	-89	-55	0	-93	-94	-93	0	-93	-93	0	0	0	-88	0	-89	0	-87	0	-88	0	0	0	0	0	0	0	0	0	0	0	0	0	0	0	0	5585	-2834	2310	24349	-7820	-156	-27	972	201	-1	-1	0	-27	959	200	1606974616
-45	-50	0	-57	-54	0	0	-71	-82	0	-82	-82	-79	-71	-80	0	0	-88	-87	-89	0	0	-88	-87	0	0	0	-89	-89	-91	0	-89	-89	-56	0	0	-94	-93	-95	-91	-94	0	0	0	0	0	0	0	0	0	0	0	0	0	0	0	0	0	0	0	0	0	0	0	0	0	0	5585	-2759	2309	24350	-7825	-156	-28	972	202	-1	-1	0	-27	959	199	1606974618
-48	-51	-53	-57	-54	-63	0	0	-76	0	-76	-76	-78	0	0	0	0	-83	-84	-84	0	-83	-84	-85	0	0	-88	-90	-89	0	-90	-89	-90	-55	0	0	0	0	0	0	0	0	0	0	0	0	0	0	0	-91	0	0	0	0	0	0	0	0	0	0	0	0	0	0	0	0	0	5510	-2819	2265	24349	-7820	-157	-28	972	202	-1	-1	0	-27	959	200	1606974619
-47	-50	-53	0	-55	-62	0	-72	-83	-75	-82	-82	-79	0	0	0	-81	-89	-88	-88	-81	-81	-90	-89	-81	-81	0	-89	-89	-91	0	-90	-89	-56	0	-93	-93	-92	-95	-93	0	0	-86	0	-87	-90	-87	0	0	0	-88	0	0	0	0	0	0	0	0	0	0	0	0	0	0	0	0	5555	-2826	2265	24349	-7820	-157	-27	972	202	-1	-1	-1	-27	959	200	1606974621
-48	-50	-54	0	-55	-61	-70	-71	-81	0	-83	-82	-78	-71	0	0	0	-88	-88	-88	0	-82	-88	-88	0	0	0	-90	-90	-92	0	-89	-88	-55	-62	-93	-91	-92	-93	-92	-94	0	0	0	0	0	0	0	0	0	0	0	-87	-89	0	0	0	0	0	0	0	0	0	0	0	0	0	5510	-2834	2265	24349	-7822	-156	-27	971	199	-1	-1	-1	-27	959	200	1606974623
-49	-48	-55	-57	-54	-62	-73	0	-81	-74	-81	-80	-78	-72	0	0	0	-88	-88	-87	0	-80	-89	-89	0	0	0	-90	-90	-92	-90	-89	-89	-55	0	-93	-94	-92	-94	-93	0	0	0	0	-88	-90	-88	0	-87	0	0	0	0	0	0	0	0	0	0	0	0	0	0	0	0	0	0	5510	-2849	2280	24349	-7821	-154	-28	971	202	-1	-1	0	-27	959	200	1606974624
-47	-48	-62	-56	-54	-61	-72	0	-82	0	-82	-82	-78	0	0	0	0	-90	-89	-89	0	-81	-89	-88	0	0	0	-90	-89	-92	-88	-89	-90	-55	0	0	-93	-92	-95	-94	-93	0	0	0	0	0	0	0	0	0	0	0	0	0	0	0	0	0	0	0	0	0	0	0	0	0	0	5540	-2834	2265	24349	-7820	-155	-27	972	202	-1	-1	0	-27	959	200	1606974626
-48	0	-62	-56	-54	-65	0	0	-79	-74	-78	-78	-77	0	0	0	-80	-84	-84	-85	0	-80	-85	-85	-80	0	0	-90	-89	0	-90	-88	-90	-56	0	0	0	0	0	0	0	0	0	0	0	0	0	0	0	0	0	0	0	0	0	0	0	0	0	0	0	0	0	0	0	0	0	5510	-2834	2295	24351	-7825	-155	-27	971	201	-1	-1	0	-27	959	199	1606974627
-48	-49	-62	-55	-55	-64	0	0	-77	0	-78	-80	-78	0	0	0	0	-84	-84	-84	0	-80	-86	-84	0	0	0	-89	-89	0	-88	-89	-89	-54	-64	0	0	0	0	0	0	0	0	0	-89	-88	-88	0	-89	0	-87	-92	0	0	0	0	0	0	0	0	0	0	0	0	0	0	0	5570	-2819	2280	24349	-7819	-156	-27	972	201	-1	-1	-1	-27	959	200	1606974629
-45	-48	-62	-57	-54	0	0	0	-82	-76	-82	-82	-79	0	0	0	0	-88	-88	-89	0	-80	-88	-88	0	0	0	-89	-91	-91	-89	0	-88	-55	0	-94	-92	-93	-94	0	-93	0	0	0	0	0	0	0	0	0	0	0	0	0	0	0	0	0	0	0	0	0	0	0	0	0	0	5495	-2864	2265	24349	-7820	-156	-28	972	201	-1	-1	-1	-27	959	200	1606974630
-47	-49	0	-54	-55	-64	0	-71	-78	0	-79	-77	-78	-73	0	0	0	-83	-83	-84	0	-82	-84	-84	0	0	-92	-89	-88	0	-90	-90	0	0	0	0	0	0	0	0	0	0	0	0	0	0	0	0	0	0	0	0	0	0	0	0	0	0	0	0	0	0	0	0	0	0	0	5420	-2818	2279	24349	-7820	-155	-28	972	200	-1	-1	-1	-27	959	200	1606974632
-49	-48	-50	-58	-57	0	0	0	-80	0	-80	-81	-78	-73	0	0	-80	-88	-87	-88	-83	-81	-88	-88	-80	-81	0	-89	-90	-91	0	-89	-90	-56	0	-92	-94	-94	0	-94	-92	0	0	0	0	0	0	-81	0	0	0	0	0	0	0	0	0	0	0	0	0	0	0	0	0	0	0	5495	-2834	2265	24350	-7823	-156	-28	972	201	-1	-1	0	-27	959	200	1606974633
-50	-49	-53	-57	-56	-64	-72	0	-79	0	-78	-79	-77	-72	0	0	0	-84	-84	-84	0	-81	-84	-85	0	0	0	-90	-89	-92	-90	-90	-90	-54	0	0	0	0	0	0	0	0	0	0	0	0	0	-83	0	0	0	0	0	-89	0	0	0	0	0	0	0	0	0	0	0	0	0	5585	-2834	2310	24349	-7821	-156	-28	972	201	-1	-1	-1	-27	959	200	1606974635
-49	-51	-53	-59	-55	0	0	0	-76	-75	-76	-76	-77	0	0	0	0	-84	-83	-83	0	-81	-84	-84	0	0	0	-89	-90	-89	-89	-89	-90	-55	0	0	0	0	0	0	0	0	0	0	0	0	0	0	0	0	-89	0	0	0	-93	0	0	0	0	0	0	0	0	0	0	0	0	5510	-2871	2250	24349	-7821	-156	-28	971	200	-1	-1	-1	-27	959	200	1606974637
-46	-51	-62	-55	-50	0	0	0	-83	-75	-82	-83	-78	0	0	0	-82	-89	-88	-89	-83	-82	-88	-89	-81	-81	0	-90	-91	0	-91	-89	-88	-57	0	-92	-94	-93	-93	-94	0	0	0	0	0	0	0	0	0	0	-89	0	0	0	0	0	0	0	0	0	0	0	0	0	0	0	0	5585	-2834	2265	24350	-7823	-155	-28	971	201	-1	-1	-1	-27	959	200	1606974638
-46	-51	-55	-56	-55	0	0	0	-78	-76	-77	-76	-78	-77	0	0	0	-84	-85	-85	0	-81	-85	-85	0	0	0	-90	-90	-90	-90	-88	-90	-56	-66	0	0	0	0	0	0	-89	0	0	0	0	0	-82	0	0	0	0	0	0	0	0	0	0	0	0	0	0	0	0	0	0	0	5540	-2819	2265	24349	-7820	-154	-28	972	200	-1	-1	-1	-27	959	200	1606974640
-48	-51	-54	0	-55	-61	0	0	-80	0	-81	-82	-78	0	0	0	-82	-88	-88	-88	0	-81	-88	-88	0	-82	0	-89	-89	-90	-89	-90	-90	-56	0	-94	-92	-95	-95	-93	-94	0	0	0	0	0	0	-81	0	0	0	0	0	0	0	-90	0	0	0	0	0	0	0	0	0	0	0	5555	-2819	2265	24349	-7821	-155	-28	972	200	-1	-1	-1	-27	959	200	1606974641
-50	-51	-54	-56	-55	-62	-78	-78	-81	0	-81	-81	-79	-72	0	0	0	-89	-89	-89	0	0	-88	-88	0	0	0	-90	-89	0	0	-90	-90	-55	0	0	-94	-94	0	0	-94	0	0	0	-88	0	-86	0	0	0	0	0	0	0	0	0	0	0	0	0	0	0	0	0	0	0	0	5540	-2879	2265	24350	-7825	-156	-28	971	201	-1	-1	0	-27	959	199	1606974643
-46	-52	-55	-58	-56	-62	-78	-72	-81	0	-81	-81	-79	-77	0	0	0	-89	-88	-88	0	-81	-89	-88	0	0	0	0	0	0	0	0	-89	-56	-62	-93	-93	-92	-96	-92	-92	0	0	0	0	-89	-88	0	0	-89	-88	0	0	0	0	0	-90	-90	0	0	0	0	0	0	0	0	0	5540	-2849	2287	24349	-7820	-155	-27	972	201	-1	-1	0	-27	959	200	1606974645
-48	-52	0	-57	-52	-64	-77	0	-78	-75	-78	-78	-78	0	0	0	0	-84	-84	-85	0	-82	-84	-84	0	0	0	-90	-88	0	0	-89	-89	-54	0	0	0	0	0	0	0	-86	0	0	0	0	0	-81	0	0	0	0	0	0	0	0	0	0	-77	0	0	0	0	0	0	0	0	5563	-2834	2280	24349	-7819	-155	-27	971	201	-1	-1	-1	-27	959	200	1606974646
-47	0	-55	-57	-49	0	0	-76	-78	-74	-78	-78	-78	0	0	0	-83	-84	-85	-84	0	0	-84	-85	-82	0	0	-89	-90	0	0	-90	-89	0	0	0	0	0	0	0	0	0	0	0	0	0	0	0	0	0	0	0	0	-89	0	0	0	0	0	0	0	0	0	0	0	0	0	5510	-2789	2294	24351	-7824	-154	-28	972	201	-1	-1	0	-27	959	199	1606974648
-47	-50	-54	-58	-55	0	0	-74	-81	-74	-82	-82	-79	0	0	0	-79	-88	-88	-88	0	0	-88	-88	-79	0	0	-89	-90	-91	-89	-90	-90	-56	0	-93	-94	-93	-95	-92	-93	0	0	0	0	0	0	0	0	0	-87	0	0	0	0	0	0	0	0	-94	0	0	0	0	0	0	0	5548	-2864	2310	24350	-7823	-155	-27	971	201	-1	-1	-1	-27	959	200	1606974649
-47	-52	0	-58	-55	-64	-74	-78	-77	-75	-78	-77	-79	-74	0	0	0	-84	-86	-85	0	-77	-84	-83	0	0	0	-89	-90	-90	-89	-90	-90	-56	0	0	0	0	0	0	0	0	0	0	0	0	0	0	0	0	0	0	0	0	0	0	0	0	0	0	0	0	0	0	0	0	0	5540	-2849	2324	24349	-7820	-155	-27	972	201	-1	-1	-1	-27	959	200	1606974651
-47	-50	0	0	-55	-61	0	0	-83	-74	-84	-84	-79	0	0	0	0	-88	-87	-88	0	-80	-87	-89	0	0	0	-89	-90	0	-88	-90	-90	-55	0	-93	-93	-95	-93	-95	-94	0	0	0	0	0	0	0	0	-89	0	0	-89	-89	0	0	0	0	0	0	0	0	0	0	0	0	0	5555	-2849	2310	24350	-7823	-154	-28	971	200	-1	-1	0	-27	959	200	1606974653
-48	-50	-54	-56	-55	0	-76	-77	-81	-76	-81	-82	-79	-73	-79	0	0	-88	-88	-88	0	-78	-88	-88	0	0	0	-90	-89	0	-90	-92	-91	-56	0	-93	-93	-95	-96	-93	-92	0	0	0	0	0	0	-83	0	0	0	0	0	0	0	0	0	0	0	0	0	0	0	0	0	0	0	5555	-2811	2279	24352	-7828	-155	-28	972	201	-1	-1	0	-27	959	199	1606974654
-49	-49	-54	0	-54	0	0	-72	-79	-75	-79	-79	-78	-71	-79	0	-79	-89	-89	-88	-78	-79	-88	-90	-79	-81	0	-90	-89	0	-89	-90	-89	-55	0	-93	-94	-93	-92	-94	-93	0	-85	0	-85	0	0	0	0	0	0	0	0	0	0	0	0	0	0	0	0	0	0	0	0	0	0	5555	-2864	2280	24351	-7827	-156	-28	972	201	-1	-1	0	-27	959	199	1606974656
-46	-50	-50	-56	-57	0	0	0	-84	0	-83	-84	-79	0	0	0	-80	-90	-89	-90	0	-80	-88	-88	0	0	0	-88	-89	0	-88	-89	-89	-56	0	-92	-92	-93	-94	-93	0	0	0	0	-88	0	-86	0	0	-89	-87	0	0	0	0	0	0	0	0	0	0	0	0	0	0	0	0	5540	-2834	2310	24353	-7832	-157	-27	971	201	0	-1	-1	-27	959	198	1606974658
-47	-47	-55	-56	-54	0	-77	-76	-82	-74	-82	-82	-78	-77	0	0	0	-90	-88	-89	0	0	-89	-89	0	0	-89	-89	-89	0	-90	-89	-88	-56	0	-91	-93	-93	0	-94	-92	0	0	0	0	0	0	0	0	0	0	0	0	0	0	0	0	0	0	0	0	0	0	0	0	0	0	5540	-2834	2280	24351	-7827	-157	-27	972	201	-1	-1	-1	-27	959	199	1606974659
-48	-46	-52	0	-55	0	-75	-75	-77	-76	-77	-76	-77	-76	0	0	-80	-84	-85	-83	-80	-80	-85	-84	-81	-80	0	-88	-92	0	-90	-89	-89	0	0	0	0	0	0	0	0	0	-85	-85	0	0	0	0	0	0	0	0	0	0	0	0	0	0	0	0	0	0	0	0	0	0	0	5525	-2849	2265	24351	-7827	-156	-27	972	201	-1	-1	0	-27	959	199	1606974661
-49	-49	-54	-58	-55	0	-76	-76	-81	-75	-83	-83	-78	-75	0	0	0	-89	-88	-88	0	0	-88	-87	0	0	0	-90	-90	0	0	-91	0	-56	0	-94	-93	-92	0	-93	-92	0	0	0	0	0	0	0	0	0	-89	0	0	-86	0	0	0	0	0	0	0	0	0	0	0	0	0	5555	-2842	2310	24353	-7832	-156	-29	971	200	-1	-1	0	-27	959	198	1606974663
-46	-50	-48	-56	-56	0	-75	-73	-79	0	-80	-81	-78	-77	0	0	-83	-88	-89	-89	0	-83	-87	-88	-82	-82	-89	-88	-89	-93	-87	-87	-89	-56	0	0	-93	0	-94	-94	0	0	0	0	0	0	0	0	0	0	0	0	0	0	0	0	0	0	0	0	0	0	0	0	0	0	0	5540	-2849	2295	24351	-7827	-156	-27	971	202	-1	-1	0	-27	959	199	1606974664
-50	-49	-48	-56	-57	0	-82	0	-83	0	-82	-83	-78	0	0	0	0	-88	-88	-88	0	-80	-88	-88	0	0	-90	-89	-88	0	-89	-89	-89	-56	0	-94	-93	-92	-92	-93	-95	0	0	0	0	0	0	0	0	0	0	0	0	0	0	0	0	0	0	0	0	0	0	0	0	0	0	5585	-2834	2325	24351	-7826	-156	-27	972	201	-1	-1	0	-27	959	199	1606974666
-44	-49	-50	-57	-56	0	-76	-78	-84	-74	-82	-82	-79	-77	0	0	-82	-89	-88	-88	-82	-83	-89	-88	-81	-82	-87	-90	-90	0	-90	-90	0	-56	0	-93	-93	-94	0	-92	-93	0	0	0	0	0	0	0	0	0	0	0	0	0	0	0	0	0	0	0	0	0	0	0	0	0	0	5495	-2849	2295	24353	-7831	-155	-27	972	199	-1	-1	0	-27	959	198	1606974667
-50	-47	-51	-60	-55	0	-76	0	-82	0	-81	-81	-77	-75	0	-87	0	-88	-88	-88	0	-78	-87	-88	0	0	-90	0	-92	0	0	-91	0	-56	0	-93	-91	-94	-91	-91	-94	0	0	0	0	0	0	0	0	0	0	0	0	0	0	0	-87	0	0	0	0	0	0	0	0	0	0	5555	-2849	2280	24352	-7828	-156	-27	972	201	-1	-1	0	-27	959	199	1606974669
-50	-53	0	-57	-50	0	-75	0	-78	-77	-80	-79	-79	0	0	0	-84	-87	-89	-88	-77	-85	-89	-88	-83	-83	0	0	-93	0	0	0	0	-56	0	-93	-92	-92	0	-93	-92	0	0	0	0	0	0	0	0	0	0	0	0	0	0	0	0	0	0	0	0	0	0	0	0	0	0	5555	-2819	2280	24351	-7826	-156	-27	971	201	-1	-1	-1	-27	959	199	1606974671
-48	-51	-55	-62	-58	0	-72	-75	-80	-72	-77	-78	-81	-72	0	0	0	-83	-85	-83	0	0	-83	-84	0	0	0	0	-92	-91	0	0	0	-55	0	0	0	0	0	0	0	-87	0	0	-87	0	0	0	0	0	0	0	0	0	0	0	0	0	0	0	0	0	0	0	0	0	0	5540	-2864	2302	24352	-7831	-156	-28	971	200	-1	-1	-1	-27	959	198	1606974672
-49	-48	-52	-56	-56	0	-75	-77	-83	0	-83	-83	-78	-77	-79	0	-80	-87	-87	-88	0	-80	-88	-88	-80	-80	-89	-89	-90	0	-90	-92	-90	-57	0	-93	-94	-93	-95	-94	-94	0	0	0	0	0	0	0	0	0	0	0	0	-88	0	0	0	0	0	0	0	0	0	0	0	0	0	5608	-2827	2280	24351	-7828	-156	-27	972	201	-1	-1	0	-27	959	199	1606974674
-50	-47	0	-55	-63	0	-73	-74	-83	-78	-83	-84	-78	0	0	0	0	-89	-88	-89	0	-78	-89	-88	0	0	-89	-89	0	-90	0	0	-91	-57	-66	-92	-93	-93	-91	-93	-94	-88	0	0	0	0	0	-82	0	0	0	0	0	0	0	0	0	0	0	0	0	0	0	0	0	0	0	5555	-2834	2280	24351	-7827	-156	-27	972	201	-1	-1	0	-27	959	199	1606974676
-48	-46	0	-54	-63	-65	0	0	-75	-75	-74	-75	-77	0	0	0	-78	-83	-84	-84	0	-77	-84	-84	-79	-76	-88	-90	-90	0	0	-90	0	-54	0	0	0	0	0	0	0	0	0	0	0	0	0	0	0	0	0	0	0	0	0	0	0	0	0	0	0	0	0	0	0	0	0	5480	-2834	2257	24353	-7833	-156	-27	972	199	-1	-1	-1	-27	960	198	1606974677
-47	-46	-54	-53	-56	0	0	-75	-75	0	-76	-75	-77	-77	0	0	0	-84	-83	-84	0	-82	-84	-84	0	0	-92	-89	-90	0	0	-89	-91	-53	0	0	0	0	0	0	0	0	-86	0	0	0	0	0	0	0	0	0	0	0	0	0	0	0	0	0	0	0	0	0	0	0	0	5495	-2849	2295	24352	-7829	-155	-27	971	201	-1	-1	-1	-27	959	199	1606974679
-46	-51	-46	0	-55	-65	0	0	-75	0	-75	-77	-79	0	0	0	0	-84	-85	-85	0	-81	-85	-85	0	0	-89	-92	0	-92	0	-92	0	0	0	0	0	0	0	0	0	0	-85	0	0	0	0	0	0	0	0	0	0	0	0	0	0	0	0	0	0	0	0	0	0	0	0	5540	-2864	2295	24351	-7827	-156	-28	971	201	-1	-1	0	-27	959	199	1606974680
-52	-54	-57	-58	-57	-64	-70	-70	-81	-76	-76	-80	-77	-71	0	0	0	-86	-88	-88	0	-77	-87	-87	0	0	0	-90	-90	-91	-90	-89	-91	-70	0	-94	-92	-92	-94	-92	-92	0	0	0	0	0	0	0	0	0	0	0	0	0	0	0	0	0	0	0	-95	0	0	0	0	0	0	5600	-2849	2250	24351	-7826	-155	-27	971	200	-1	-1	-1	-27	959	199	1606974682
-45	-51	-59	-59	-55	0	-71	-73	-75	0	-75	-77	-79	-76	0	0	-81	-84	-85	-84	0	0	-85	-84	-80	0	0	-88	-88	0	-89	-89	-88	-55	0	0	0	0	0	0	0	0	-87	0	0	0	0	0	0	0	0	0	0	0	0	0	0	0	0	0	0	0	0	0	0	0	0	5510	-2819	2295	24352	-7829	-154	-27	972	200	-1	-1	-1	-27	959	199	1606974683
-45	-48	-52	-57	-54	0	-72	-77	-82	-76	-84	-84	-79	-74	0	0	0	-89	-88	-89	0	0	-87	-89	0	0	0	-91	-89	0	-91	-91	-91	-60	0	-95	-94	-94	-95	-94	0	-90	0	0	-90	0	0	0	0	0	0	0	0	0	0	0	0	0	0	0	0	0	0	0	0	0	0	5540	-2849	2310	24351	-7827	-155	-27	972	201	-1	-1	0	-27	959	199	1606974685
-45	-48	-55	0	-55	0	0	0	-81	-78	-82	-81	-77	0	0	0	0	-89	-88	-87	0	-84	-88	-88	0	0	-91	0	0	-93	0	0	0	-59	0	0	-93	-96	0	-95	0	0	0	0	0	0	0	0	0	0	0	0	0	0	0	0	0	0	0	0	0	0	0	0	0	0	0	5510	-2834	2280	24351	-7825	-155	-26	972	201	-1	-1	0	-27	959	199	1606974687
-48	-48	-54	-61	-53	-70	-73	-74	-73	0	-74	-74	-80	-77	0	0	0	-85	-86	-85	0	-82	-86	-86	0	0	0	-89	0	-92	-89	-89	-89	-56	0	0	0	0	0	0	0	-87	0	0	0	0	0	-81	0	0	0	0	0	0	0	0	0	0	0	0	0	0	0	0	0	0	0	5495	-2864	2347	24352	-7829	-154	-27	972	200	-1	-1	0	-27	959	199	1606974688
-49	-47	-51	0	-62	0	0	0	-73	0	-73	-73	-83	0	0	0	-81	-85	-85	-84	-82	-81	-83	-85	-83	0	0	-91	-89	-92	0	-90	-89	-56	-62	0	0	0	0	0	0	0	0	0	0	0	0	0	0	0	0	0	0	0	0	0	0	0	0	0	0	0	0	0	0	0	0	5495	-2789	2309	24351	-7827	-155	-27	972	201	-1	-1	0	-27	959	199	1606974690
-46	-49	0	-60	-57	0	0	-73	-79	0	-79	-81	-81	0	0	0	0	-88	-88	-89	0	-78	-88	-88	0	0	-89	-88	-91	0	0	-89	-90	-56	0	0	-94	-93	-93	-94	0	0	0	0	-87	-87	-90	0	-88	0	-86	0	0	0	0	0	0	0	0	0	0	0	0	0	0	0	0	5600	-2842	2310	24351	-7826	-155	-27	972	200	-1	-1	0	-27	959	199	1606974691
-49	-47	-62	-57	-72	0	-75	-77	-77	-73	-78	-78	-80	-77	0	0	0	-84	-84	-85	0	0	-85	-84	0	0	0	-89	-90	-92	0	-90	0	-54	0	0	0	0	0	0	0	0	0	0	0	0	0	0	0	0	0	0	0	0	0	0	0	0	0	0	0	0	0	0	0	0	0	5548	-2849	2310	24352	-7828	-154	-27	971	200	-1	-1	0	-27	959	199	1606974693
-46	0	-48	-56	0	-66	-74	-74	-79	0	-78	-80	-81	0	0	0	0	-84	-85	-85	0	-78	-85	-85	0	0	-90	-89	-89	0	-89	-90	-89	0	0	0	0	0	0	0	0	0	0	0	0	0	-88	-78	0	-88	-88	-90	0	-90	0	0	0	0	0	0	0	-90	0	0	0	0	0	5510	-2864	2250	24351	-7826	-155	-27	972	200	-1	-1	0	-27	959	199	1606974695
-44	-48	-57	-57	-56	-62	-71	-72	-79	0	-81	-79	-79	-71	-83	0	0	-88	-89	-89	0	-80	-89	-88	0	0	-91	-89	-89	0	0	-89	-89	-56	0	-94	-92	-93	-96	0	-93	-90	0	0	-87	0	0	0	0	0	0	0	0	0	0	0	0	0	0	0	0	0	0	0	0	0	0	5548	-2864	2287	24351	-7827	-155	-28	972	201	-1	-1	0	-27	959	199	1606974696
-49	-51	-50	-62	-57	-64	-74	-77	-78	0	-79	-79	-80	0	0	0	-79	-85	-86	-86	-78	-78	-86	-86	-78	-79	-89	-89	-90	-92	-90	-91	0	-53	0	0	0	0	0	0	0	0	0	0	0	-88	-87	0	-88	-92	-87	0	0	0	0	0	0	0	0	0	0	0	0	0	0	0	0	5592	-2789	2265	24352	-7828	-155	-28	971	200	-1	-1	0	-27	959	199	1606974698
-47	-53	-59	-62	-55	-61	-77	-75	-81	-77	-81	-81	-80	-76	0	0	0	-88	-88	-88	0	-79	-88	-88	0	0	0	-90	-90	-91	0	-90	0	-57	0	0	-92	-93	-95	-93	-93	0	0	0	-88	-89	-87	-81	-87	0	-87	0	0	-92	0	0	0	0	0	0	0	0	0	0	0	0	0	5510	-2894	2280	24351	-7825	-155	-27	972	200	-1	-1	0	-27	959	199	1606974699
-46	-51	-62	-58	-54	-61	-74	-75	-82	-77	-81	-82	-79	-73	0	0	-78	-87	-88	-87	0	-77	-89	-89	-79	-78	0	-90	-91	0	0	-91	0	-57	0	-93	-94	-93	0	-94	-94	-86	-83	0	0	0	0	0	0	0	0	0	0	0	0	0	0	0	0	0	0	0	0	0	0	0	0	5510	-2849	2310	24351	-7828	-155	-28	971	201	-1	-1	0	-27	959	199	1606974701
-49	-50	-66	0	-55	0	0	-74	-76	0	-77	-76	-78	-73	0	0	0	-84	-84	-85	0	-80	-85	-85	0	0	0	-90	-91	-93	0	-90	-90	-55	0	0	0	0	0	0	0	-86	0	0	0	0	0	-83	0	0	0	0	0	0	0	0	0	0	0	0	0	0	0	0	0	0	0	5540	-2834	2212	24352	-7829	-155	-28	972	199	-1	-1	0	-27	959	199	1606974703
-49	-51	-57	0	-51	-64	-78	-79	-78	0	-79	-79	-79	-77	0	0	0	-84	-85	-85	0	-82	-85	-85	0	0	0	-90	-90	0	-89	-89	-90	-53	-66	0	0	0	0	0	0	0	0	0	0	0	0	0	0	0	0	0	0	0	0	0	0	0	0	0	0	0	0	0	0	0	0	5510	-2834	2354	24351	-7827	-155	-27	972	200	-1	-1	0	-27	959	199	1606974704
-46	-50	-54	0	-54	-61	-71	-71	-83	0	-81	-82	-79	-71	0	0	0	-88	-89	-88	0	-77	-87	-89	0	0	0	-90	-90	0	-90	-89	-89	-56	0	0	-95	-93	0	-94	-94	0	0	0	0	0	0	-81	0	0	-87	0	0	0	0	0	0	0	0	0	0	0	0	0	0	0	0	5510	-2819	2295	24351	-7825	-154	-27	971	201	-1	-1	0	-27	959	199	1606974706
-46	-50	0	-57	-55	0	0	0	-78	-76	-77	-77	-77	0	0	0	0	-84	-84	-85	0	-79	-85	-85	0	0	0	-89	-88	0	-89	0	-90	-52	0	0	0	0	0	0	0	0	0	0	0	0	0	0	0	0	0	0	0	0	0	0	0	0	0	0	0	0	0	0	0	0	0	5495	-2849	2287	24352	-7828	-155	-27	972	200	-1	-1	0	-27	959	199	1606974707
-46	-53	-50	0	-58	0	-77	-72	-81	-74	-82	-82	-79	-72	-78	0	0	-89	-89	-90	0	-78	-87	-89	0	0	0	-90	-91	0	-90	-91	-90	-57	0	0	-96	-94	-95	-96	0	0	0	0	0	0	0	0	0	0	0	0	0	0	0	0	0	0	0	0	0	0	0	0	0	0	0	5479	-2751	2264	24351	-7826	-154	-27	972	200	-1	-1	-1	-27	959	199	1606974709
-46	-49	-53	-55	-58	0	-71	0	-83	0	-82	-82	-80	-71	0	0	-78	-88	-88	-87	-79	-80	-89	-87	-78	-78	0	-90	-91	0	0	-91	0	-55	0	0	0	0	-94	0	0	-88	0	0	0	0	0	0	0	0	0	0	0	0	0	0	0	0	0	0	0	0	0	0	0	0	0	5585	-2842	2295	24351	-7824	-154	-27	971	200	-1	-1	0	-27	959	199	1606974711
-49	-49	-54	-55	-59	-65	0	0	-74	0	-74	-73	-77	0	0	-82	0	-84	-86	-86	0	0	-86	-86	0	0	0	0	-90	0	-89	-90	-89	-58	0	0	0	0	0	0	0	0	-82	0	0	0	0	0	0	0	0	0	0	-90	0	0	0	0	0	0	0	0	-94	0	0	0	0	5540	-2849	2295	24352	-7827	-154	-27	972	200	-1	-1	0	-27	959	199	1606974712
-44	-46	-53	-57	-59	-63	-73	-70	-83	0	-82	-82	-79	-70	0	0	0	-89	-89	-88	0	-82	-88	-89	0	0	0	-88	-90	0	-89	-89	-89	-57	0	0	0	0	-95	0	0	0	0	0	0	0	-87	0	0	0	0	-91	0	0	0	0	-85	0	0	0	0	-84	0	-84	0	0	0	5540	-2849	2257	24351	-7827	-154	-27	971	201	-1	-1	0	-27	959	199	1606974714
-43	-50	-52	-56	-56	-60	-77	-75	-80	-74	-81	-81	-83	-75	0	0	0	-89	-86	-89	0	-82	-88	-87	0	0	0	-91	-90	0	0	-89	-90	-56	0	-93	-95	-93	0	-94	-94	0	0	0	0	0	0	0	0	-89	0	0	-87	-89	0	0	0	0	0	0	0	0	0	0	0	0	0	5487	-2819	2309	24351	-7827	-154	-28	972	200	-1	-1	0	-27	959	199	1606974716
-46	-46	-52	-57	-58	-61	-76	0	-82	-77	-80	-82	-81	-77	0	-82	0	-88	-88	-87	0	-82	-89	-88	0	0	0	-91	-90	0	0	-90	-91	-55	0	0	-94	-94	0	-94	0	0	0	0	-87	0	-88	0	-88	0	-86	0	0	0	0	0	0	0	0	0	0	0	0	0	0	0	0	5480	-2841	2309	24353	-7831	-155	-27	971	201	-1	-1	0	-27	959	198	1606974717
-48	-47	-53	-58	-57	-61	-72	0	-83	0	-83	-83	-81	-74	0	0	0	-87	-89	-88	0	0	-88	-88	0	0	0	-89	-91	0	-91	-90	-88	-57	0	-95	-96	-94	-95	-95	0	0	0	0	0	0	0	0	0	0	0	0	0	0	0	0	0	0	0	0	0	0	0	0	0	0	0	5510	-2879	2295	24351	-7827	-155	-27	971	201	-1	-1	0	-27	959	199	1606974719
-49	-47	-52	-58	-57	-61	-72	-71	-82	0	-82	-83	-82	-72	0	0	0	-89	-87	-88	0	-82	-89	-88	0	0	0	-90	-91	0	0	-90	-91	-56	0	-95	-93	-93	0	-93	-93	0	0	0	0	0	0	0	0	-90	0	0	-87	-88	0	0	0	0	0	0	0	0	0	0	0	0	0	5480	-2803	2242	24352	-7829	-157	-27	972	200	-1	-1	-1	-27	959	199	1606974720
-47	-47	0	-58	-55	-65	-71	-71	-75	0	-75	-74	-77	-74	0	0	0	-85	-85	-85	0	-83	-86	-86	0	0	0	-90	-89	0	-89	-91	0	-54	-66	0	0	0	0	0	0	0	0	0	0	0	0	0	0	-91	0	0	0	0	0	0	0	0	0	0	0	0	0	0	0	0	0	5540	-2819	2309	24351	-7828	-156	-27	972	199	-1	-1	0	-27	959	199	1606974722
-48	-50	-58	-58	-56	0	-74	-77	-74	0	-74	-75	-79	-75	0	0	-81	-85	-84	-86	-82	-80	-86	-86	-82	0	0	-89	-89	0	-89	-90	-89	-55	0	0	0	0	0	0	0	-89	0	0	0	0	0	-83	0	0	0	0	0	0	0	0	0	0	0	0	0	0	0	0	0	0	0	5480	-2841	2279	24353	-7832	-155	-27	972	200	-1	-1	-1	-27	959	198	1606974724
-48	-50	-57	-58	-56	-67	-76	-74	-74	0	-74	-75	-78	-74	0	0	-80	-84	-85	-85	0	-80	-86	-85	-81	-80	0	-89	-89	0	-90	-90	-89	-53	0	0	0	0	0	0	0	0	0	0	0	0	0	-82	0	0	0	0	0	0	0	-93	0	0	0	0	0	0	0	0	0	0	0	5540	-2826	2265	24352	-7830	-155	-28	971	201	-1	-1	0	-27	959	198	1606974725
-48	-50	-58	-57	-57	-61	-74	-74	-82	0	-82	-83	-78	0	0	0	0	-89	-88	-89	0	-80	-89	-89	0	0	0	-90	-89	0	0	-89	-89	-56	0	-94	-94	-93	-95	-94	0	0	0	0	0	0	0	-83	0	0	0	0	0	0	0	0	0	0	0	0	0	0	0	0	0	0	0	5555	-2834	2280	24351	-7827	-155	-27	970	200	0	-1	0	-27	959	199	1606974727
-47	-49	-60	-57	-57	-61	-73	-74	-83	-74	-83	-83	-79	-72	0	0	-80	-89	-88	-89	-82	-80	-88	-88	-82	-82	-90	-89	0	0	0	0	-89	-56	0	-94	-94	-94	-97	-95	0	0	-84	0	0	-87	-87	0	0	-89	-88	0	0	0	0	0	0	0	0	0	0	0	0	0	0	0	0	5540	-2819	2324	24352	-7829	-155	-27	971	201	-1	-1	0	-27	959	199	1606974728
-48	-47	-58	-57	-57	-61	-76	-74	-81	-74	-82	-82	-78	-74	0	0	0	-89	-89	-89	0	0	-89	-89	0	0	0	-90	-89	-93	-89	-90	-89	-56	-70	0	-93	-94	0	-96	0	0	-84	0	0	0	0	0	0	0	0	-90	0	0	0	0	0	0	0	0	0	0	0	0	0	0	0	5510	-2849	2317	24351	-7827	-154	-27	971	202	-1	-1	0	-27	959	199	1606974730
-47	-49	-58	-58	-57	-67	0	-76	-74	0	-74	-74	-78	-75	0	0	-81	-84	-85	-84	0	-81	-84	-84	-81	0	0	-90	-89	0	0	-88	-91	-53	0	0	0	0	0	0	0	0	0	0	-88	-89	-87	0	-90	0	-89	0	0	0	0	0	0	0	-75	0	0	0	0	0	0	0	0	5540	-2849	2310	24352	-7827	-154	-27	971	201	-1	0	-1	-27	959	199	1606974732
-48	-47	-58	-58	-57	-61	-74	-77	-82	-75	-82	-81	-79	-75	0	0	0	-88	-90	-88	0	0	-89	-88	0	0	0	-90	-90	0	-90	-89	-91	-56	0	-94	-94	-95	0	-93	-94	0	0	0	-87	0	0	0	0	0	0	0	0	0	0	0	0	0	0	0	0	0	0	0	0	0	0	5540	-2834	2280	24352	-7829	-155	-27	972	200	0	-1	-1	-27	959	199	1606974733
-47	-48	-56	-57	-58	0	-73	-73	-74	-75	-74	-74	-77	-75	0	0	0	-84	-84	-84	0	0	-84	-84	0	0	0	-89	-89	0	-90	-90	-89	-56	-68	0	0	0	0	0	0	0	-85	0	0	0	0	0	0	0	0	0	0	0	0	0	0	0	0	0	0	0	0	0	0	0	0	5510	-2834	2295	24352	-7829	-154	-27	972	199	-1	-1	0	-27	959	198	1606974735
-44	-50	-59	-57	-57	-67	-73	-73	-74	-76	-75	-74	-78	-74	-81	0	0	-84	-84	-83	0	0	-84	-84	0	0	0	-89	-89	0	-89	-90	-89	-54	0	0	0	0	0	0	0	0	0	0	-88	0	0	0	0	0	0	0	0	0	0	0	0	0	0	0	0	0	0	0	0	0	0	5495	-2819	2324	24351	-7826	-154	-27	971	202	0	-1	0	-27	959	199	1606974736
-46	-47	-58	-57	-57	-62	0	-74	0	0	-82	-82	-79	-73	0	0	0	-88	-89	-88	-82	-81	-89	-88	-81	-81	0	-88	-89	-90	-90	-90	-90	-56	0	0	-93	-94	0	-93	0	0	0	0	-87	0	-87	0	0	0	-87	0	0	0	0	0	0	0	0	0	0	0	0	0	0	0	0	5487	-2834	2295	24352	-7830	-154	-27	972	200	-1	-1	-1	-27	959	198	1606974738
-49	-48	-58	-57	-58	-61	-74	-73	-82	0	-82	-82	-79	-75	0	0	-82	-91	-89	-90	-81	-81	-87	-87	-82	0	0	-90	-89	0	-90	-89	-88	-56	0	0	-93	-94	0	-94	0	0	0	0	0	0	0	0	0	0	0	0	0	0	0	0	0	0	0	0	0	0	0	0	0	0	0	5510	-2834	2295	24350	-7824	-155	-26	971	203	-1	-1	-1	-27	959	199	1606974740
-48	-49	-59	-57	-58	-61	-75	0	-83	-75	-83	-83	-79	-74	0	0	0	-88	-88	-88	0	-77	-89	-89	0	0	0	0	0	0	0	0	0	-55	0	0	-94	-94	-93	-94	-94	0	0	0	0	0	0	0	0	0	0	0	0	0	0	0	0	0	0	0	0	0	0	0	0	0	0	5510	-2819	2309	24350	-7823	-154	-27	972	201	-1	-1	-1	-27	959	200	1606974741
-48	-49	0	-57	-57	-61	-74	-73	-82	0	-83	-82	-79	-74	0	0	0	-88	-89	-88	0	-78	-88	-88	0	0	0	-89	-89	0	0	-89	-90	-55	0	-94	-94	-93	-95	-95	0	0	0	0	-88	0	0	0	0	-90	0	-93	-89	-87	0	0	0	0	0	0	0	0	0	0	0	0	0	5503	-2849	2295	24352	-7830	-154	-27	971	200	-1	-1	0	-27	959	198	1606974743
-49	-47	-58	0	-58	-67	-74	-74	-74	0	-74	-75	-77	-73	0	0	0	-84	-83	-84	0	-79	-84	-84	0	0	0	-89	-89	0	-90	-90	0	-54	-68	0	0	0	0	0	0	-87	0	0	-87	-90	-86	-80	-88	-86	-85	0	-88	-90	0	0	0	0	0	0	0	0	0	0	0	0	0	5540	-2834	2280	24351	-7825	-155	-26	972	202	-1	-1	-1	-27	959	199	1606974745
-46	-49	0	-57	-58	-67	-73	0	-74	0	-75	-74	-77	0	0	0	0	-84	-84	-84	-79	-78	-83	-84	0	-77	-91	0	0	0	0	0	0	-55	0	0	0	0	0	0	0	0	0	0	0	0	0	0	0	0	0	0	0	-91	0	0	0	0	0	0	0	0	0	0	0	0	0	5600	-2819	2295	24351	-7826	-155	-28	972	201	-1	-1	-1	-27	959	199	1606974746
-47	-48	-58	-56	-57	0	-74	-73	-74	-75	-74	-74	-79	-74	0	0	-79	-84	-83	-83	-79	-78	-83	-84	-79	-78	0	-90	-89	0	-90	-90	-89	-53	0	0	0	0	0	0	0	0	0	-85	0	0	0	0	0	0	0	0	0	0	0	0	0	0	0	0	0	0	0	0	0	0	0	5495	-2834	2279	24352	-7829	-154	-27	971	202	0	0	-1	-27	959	199	1606974748
-49	-50	0	-56	-58	-68	-74	-74	-74	0	-75	-74	-77	-74	0	0	-79	-82	-84	-83	-79	-78	-83	-83	-79	-80	0	-89	-90	0	-89	-89	-89	-55	0	0	0	0	0	0	0	0	0	0	0	0	0	0	0	0	0	0	0	0	0	0	0	0	0	0	0	0	0	0	0	0	0	5525	-2834	2295	24349	-7820	-153	-29	970	203	0	0	-1	-27	959	200	1606974749
-44	-48	-57	-56	-57	-61	-73	-73	-82	0	-82	-82	-79	-74	0	0	0	-90	-88	-88	0	0	-87	-88	0	0	0	-90	-89	-93	-90	-89	-91	-56	0	0	-96	-93	-94	0	0	-88	-85	0	0	0	0	0	0	0	0	0	0	0	0	0	0	0	0	0	0	0	0	0	0	0	0	5540	-2834	2295	24350	-7823	-154	-26	971	204	-1	-1	0	-27	959	200	1606974751
-49	-50	-58	-56	-57	-61	-74	0	-83	0	-82	-83	-78	-74	0	0	0	-87	-88	-88	0	0	-88	-89	0	0	0	-89	-90	0	-89	0	-90	-56	0	-94	-92	-93	-95	-94	0	0	0	0	0	0	0	0	0	-88	0	0	-88	-91	0	0	0	0	0	0	0	0	0	0	0	0	0	5563	-2819	2295	24351	-7826	-154	-28	971	202	0	-1	-1	-27	959	199	1606974752
-48	-46	-57	-56	-57	0	-73	-73	-74	-76	-74	-74	-77	-74	0	0	0	-83	-83	-83	0	0	-83	-83	0	0	0	-90	-89	0	-90	-89	-90	-56	-67	0	0	0	0	0	0	0	0	0	0	0	0	0	0	-87	0	0	-90	-89	0	0	0	0	0	0	0	0	0	0	0	0	0	5495	-2849	2309	24350	-7823	-154	-27	971	203	0	-1	-1	-27	959	200	1606974754
-46	-49	-58	-56	-57	-67	-74	-74	-74	0	-74	-74	-77	-74	0	0	-82	-83	-84	-84	-82	-82	-84	-83	-81	-80	0	-90	-90	0	-90	-89	0	-54	0	0	0	0	0	0	0	0	0	0	0	0	0	-81	0	0	0	-91	0	0	0	0	0	0	0	0	0	0	0	0	0	0	0	5510	-2834	2295	24350	-7824	-154	-27	971	201	0	-1	-1	-27	959	199	1606974755
-47	-50	-58	-56	-57	0	-73	-74	-74	0	-75	-74	-77	-75	0	0	0	-84	-83	-83	0	-83	-84	-84	0	0	0	-89	-89	-93	-88	-88	-89	-54	0	0	0	0	0	0	0	0	0	0	0	0	-88	0	-87	0	-86	0	0	0	0	0	0	0	0	0	0	0	0	0	0	0	0	5555	-2842	2295	24351	-7826	-154	-26	972	199	-1	-1	0	-27	959	199	1606974757
-50	-49	0	-56	-57	-67	0	0	-74	0	-74	-74	-77	-73	0	0	0	-83	-84	-83	0	-80	-84	-84	0	0	0	-89	-89	-93	-91	-90	-90	-55	0	0	0	0	0	0	0	0	0	0	-87	0	0	0	0	0	0	0	0	0	0	0	0	0	0	0	0	0	0	0	0	0	0	5585	-2879	2317	24350	-7823	-155	-27	971	203	0	0	-1	-27	959	200	1606974758
-49	-49	-59	-58	-57	0	0	0	-74	-75	-74	-74	-77	-75	-82	0	0	-83	-83	-84	-83	-82	-84	-84	-82	-81	0	-90	-90	0	0	-89	-88	-55	0	0	0	0	0	0	0	0	0	0	0	0	0	-84	0	0	0	0	0	0	0	0	0	0	0	-95	0	0	0	0	0	0	0	5525	-2894	2295	24350	-7823	-155	-27	972	203	0	0	-1	-27	959	200	1606974760
-48	-49	-57	-58	-57	0	-75	-74	-83	0	-83	-82	-79	-75	0	0	0	-87	-90	-88	0	-82	-88	-87	0	0	0	-89	-89	0	0	-89	-90	-56	0	-94	-96	-94	-94	0	-92	0	0	0	0	0	0	-83	0	0	0	0	0	0	0	0	0	0	0	0	0	0	0	0	0	0	0	5585	-2857	2295	24350	-7822	-154	-27	972	202	0	0	-1	-27	959	200	1606974762
-48	-50	-58	0	-57	-66	0	0	-74	0	-74	-74	-76	-74	0	0	0	-83	-83	-83	0	0	-84	-84	0	0	0	-89	-88	0	0	-89	-90	-55	-66	0	0	0	0	0	0	0	0	0	0	0	0	-83	0	0	0	0	0	-88	0	0	0	0	0	0	0	0	0	0	0	0	0	5585	-2789	2279	24351	-7825	-156	-27	971	202	0	0	-1	-27	959	199	1606974763
-47	-50	-58	-57	-57	-62	-74	-74	-82	0	-82	-83	-79	-75	0	0	0	-91	-87	-89	0	-82	-89	-89	0	0	0	-89	-90	0	0	-89	-90	-55	0	0	-92	-94	0	-94	0	0	0	0	-89	0	-87	-83	-89	0	-87	0	0	-91	0	0	0	0	0	0	0	0	0	0	0	0	0	5548	-2819	2309	24349	-7822	-155	-26	971	202	0	0	-1	-27	959	200	1606974765
-48	-47	-57	-57	-56	0	0	-74	-82	-74	-83	-82	-79	-73	0	0	0	-90	-89	-91	0	0	-87	-88	0	0	0	-90	-90	0	0	-88	-92	-56	-67	-94	-94	-93	0	-93	0	0	-86	0	0	0	-87	0	-88	0	-88	-92	0	0	0	0	0	0	0	0	0	0	0	0	0	0	0	5540	-2819	2309	24350	-7822	-154	-27	972	201	0	0	-1	-27	959	200	1606974767
-50	0	-58	-58	-56	-64	-73	-74	-75	0	-74	-76	-78	-73	0	0	-81	-84	-84	-83	-81	-81	-83	-85	-83	0	0	-90	-90	0	0	-90	-89	-55	0	0	0	0	0	0	0	0	0	0	0	0	0	0	0	0	0	0	0	0	0	0	0	0	0	0	0	0	0	0	0	0	0	5510	-2856	2295	24350	-7824	-155	-28	972	201	0	0	-1	-27	959	199	1606974768
-46	-47	-58	-57	-56	-62	-75	-75	-81	-73	-82	-82	-79	-73	0	0	0	-89	-88	-89	0	-83	-89	-89	0	0	0	-90	-90	0	-89	-90	-89	-57	0	-93	-93	-95	-95	-93	-93	0	0	0	0	0	0	-83	0	0	0	0	0	-88	0	0	0	0	0	0	0	0	0	0	0	0	0	5510	-2826	2324	24350	-7823	-155	-27	972	202	0	0	-1	-27	959	200	1606974770
-49	-50	-57	0	-56	-64	0	0	-74	0	-75	-75	-77	0	0	0	0	-84	-84	-85	0	-80	-84	-84	0	0	0	-88	-90	-90	-91	-90	-90	-57	-67	0	0	0	0	0	0	0	0	0	0	0	0	0	0	0	0	0	-89	-87	0	0	0	0	-74	0	0	0	0	0	0	0	0	5563	-2834	2295	24350	-7823	-154	-27	972	201	0	0	-1	-27	959	200	1606974771
0	-50	-57	-57	0	0	-74	-74	-74	-74	-75	-75	-77	-74	-82	0	0	-84	-85	-84	0	0	-84	-84	0	0	0	-90	-91	0	0	-90	-90	-55	0	0	0	0	0	0	0	0	0	0	-87	0	0	0	0	0	0	0	0	0	0	0	0	0	0	0	0	0	0	0	0	0	0	5540	-2864	2295	24351	-7825	-155	-27	972	201	0	0	-1	-27	959	199	1606974773
-47	-47	-58	-58	-55	0	-75	-75	-82	-74	-82	-83	-79	-73	0	0	0	-89	-89	-88	0	0	-89	-89	0	0	0	0	0	0	0	0	0	-57	0	-94	-92	-94	0	-93	-94	0	0	0	0	0	0	0	0	0	0	0	0	0	0	0	0	0	0	0	0	0	0	0	0	0	0	5540	-2879	2325	24350	-7823	-155	-27	972	202	0	0	-1	-27	959	200	1606974775
-47	-47	-57	-58	-56	0	0	0	-83	-75	-82	-83	-79	0	0	0	-77	-91	-87	-89	-79	-78	-88	-87	-79	-77	0	-90	-90	0	-89	-90	-90	-55	0	-92	-95	-93	-95	-93	-94	0	0	0	-87	-87	-84	-82	0	0	-88	0	0	0	0	0	0	0	0	0	0	0	0	0	0	0	0	5540	-2834	2265	24351	-7825	-155	-27	971	202	0	0	-1	-27	959	199	1606974776
-46	-50	-57	-58	-56	0	-74	-74	-84	0	-82	-82	-79	-75	0	0	0	-89	-88	-88	0	-77	-89	-89	0	0	0	-91	-91	0	-90	-89	-90	-56	0	-95	-95	-97	0	-94	-94	-88	0	0	-88	0	-88	0	-87	0	-87	0	0	-88	0	0	0	0	0	0	0	0	0	0	0	0	0	5510	-2849	2310	24351	-7827	-156	-27	971	201	0	-1	-1	-27	959	199	1606974778
-47	-50	-57	-58	-56	-63	-75	-74	-74	0	-75	-74	-77	-74	0	0	0	-85	-84	-85	0	-77	-84	-85	0	0	0	-89	-90	0	0	-89	-90	-55	0	0	0	0	0	0	0	0	0	0	0	0	-88	-81	0	0	-88	0	0	0	0	0	0	0	0	0	0	0	0	0	0	0	0	5540	-2819	2295	24350	-7824	-155	-26	971	201	-1	0	-1	-27	959	199	1606974779
-46	-47	-57	-58	-56	-61	-75	-75	-83	-74	-83	-82	-79	0	0	0	-78	-89	-88	-89	-77	-78	-88	-89	-77	-77	0	-90	-89	0	-89	-89	-88	-56	0	0	-93	-94	-94	-94	-93	0	0	0	-89	0	0	0	0	0	0	0	0	0	0	0	0	0	0	0	0	0	0	0	0	0	0	5540	-2819	2309	24351	-7825	-154	-27	972	202	0	0	-1	-27	959	199	1606974781
-48	-47	-58	-58	-50	-62	-75	-74	-82	-74	-82	-83	-79	-73	0	0	-78	-89	-90	-89	0	-79	-89	-88	-79	-76	0	-89	-88	-93	0	-90	-90	-56	0	-92	-92	-93	-95	-94	-92	0	0	0	0	0	0	0	0	0	0	0	0	0	0	0	0	0	0	0	0	0	0	0	0	0	0	5555	-2849	2302	24351	-7827	-155	-28	971	202	0	0	-1	-27	959	199	1606974783
-47	-50	-57	-58	-56	-60	-73	-73	-82	0	-82	-82	-79	-74	0	0	-78	-88	-89	-90	-78	-77	-89	-87	-78	-80	0	-89	-90	0	0	-90	-90	-56	0	-94	-93	-94	0	-94	-93	-90	-86	0	0	0	0	0	0	0	0	0	0	-89	0	0	0	0	0	0	0	0	0	0	0	0	0	5555	-2849	2287	24350	-7824	-155	-27	971	201	0	0	-1	-27	959	199	1606974784
-45	-50	-57	-58	-56	0	-72	-75	-75	-75	-75	-75	-77	-74	0	0	0	-82	-85	-84	-78	-79	-83	-84	-79	-78	0	-89	-90	0	0	-90	-90	0	0	0	0	0	0	0	0	0	0	0	0	0	0	-84	0	0	0	0	0	0	0	0	0	0	0	0	0	0	0	0	0	0	0	5555	-2849	2302	24351	-7826	-155	-27	972	201	0	0	-1	-27	959	199	1606974786
-47	-47	0	-58	-55	-64	-74	-75	-75	-75	-75	-75	-77	-74	0	0	0	-84	-84	-84	-77	-77	-85	-84	0	0	0	0	0	0	0	0	-89	-57	0	0	0	0	0	0	0	0	0	0	0	0	0	0	0	0	0	0	0	0	0	0	0	0	0	0	0	0	0	0	0	0	0	5510	-2871	2250	24352	-7829	-154	-27	971	200	0	0	0	-27	959	199	1606974787
-48	0	-57	-58	-56	-62	-75	-74	-83	-73	-83	-82	-79	0	0	0	0	-89	-88	-88	0	-79	-88	-90	0	0	0	-88	-89	0	0	-90	-90	-55	0	-93	-93	-94	0	-94	0	0	0	0	0	0	0	0	0	0	0	0	-89	-89	0	0	0	0	0	0	0	0	0	0	0	0	0	5540	-2864	2302	24350	-7824	-155	-27	972	202	0	0	-1	-27	959	199	1606974789
-48	-50	-57	0	-56	-61	0	0	-81	-76	-82	-83	-79	0	0	0	0	-89	-88	-88	0	-79	-88	-88	0	0	0	-89	-91	-92	0	-90	-89	-55	-67	-94	-94	-94	0	-94	-93	0	0	-85	0	0	0	0	0	-90	0	0	-88	0	0	0	0	0	0	0	0	0	0	0	0	0	0	5510	-2856	2280	24351	-7825	-154	-27	971	202	0	0	-1	-27	959	199	1606974791
-46	0	-58	-58	-56	0	-74	-74	-74	0	-75	-75	-77	-72	0	0	-77	-83	-85	-84	-79	-80	-84	-85	-77	-77	0	-90	-89	0	-89	-90	-90	-55	0	0	0	0	0	0	0	0	0	0	0	0	0	0	0	0	0	0	0	0	0	0	0	0	0	0	0	0	0	0	0	0	0	5510	-2834	2295	24351	-7826	-155	-27	971	199	0	-1	-1	-27	959	199	1606974792
-47	-50	-57	-58	-55	0	0	0	-83	0	-82	-82	-78	-73	-80	0	0	-89	-88	-88	0	-79	-89	-89	0	0	0	-89	-89	0	0	-89	-91	-55	0	-93	-94	-93	0	-95	-93	0	0	0	-87	0	-88	0	0	0	0	0	0	0	0	0	0	0	0	0	0	0	0	0	0	0	0	5540	-2856	2280	24351	-7826	-154	-27	971	202	0	0	-1	-27	959	199	1606974794
-47	-47	-58	-57	-56	-63	-74	-74	-74	0	-76	-74	-77	-73	0	0	0	-84	-86	-85	0	-77	-84	-84	0	0	0	-91	-90	-93	0	-89	-89	-54	0	0	0	0	0	0	0	0	0	0	0	0	0	-83	0	0	0	0	0	0	0	0	0	0	0	0	0	0	0	0	0	0	0	5510	-2849	2265	24350	-7824	-154	-27	971	201	-1	-1	-1	-27	959	199	1606974795
-45	-47	-57	-57	-56	-61	-75	-73	-83	0	-82	-82	-79	-75	-81	0	0	-91	-88	-88	0	-81	-89	-88	0	0	0	-92	-88	0	-89	-90	-90	-56	0	-94	-95	-93	-94	-95	-94	0	0	0	0	0	0	0	0	0	0	0	0	0	0	0	0	0	0	0	0	0	0	0	0	0	0	5540	-2834	2310	24351	-7825	-154	-27	971	201	-1	-1	-1	-27	959	199	1606974797
-48	-47	-58	-58	-56	-61	-74	-73	-82	-73	-83	-82	-78	-72	0	0	0	-88	-88	-87	0	0	-89	-88	0	0	-91	0	0	0	0	0	-89	-57	-66	-92	-92	-94	-95	-94	-93	0	0	-86	0	0	0	0	0	0	0	0	0	0	0	0	0	0	0	0	0	0	0	0	0	0	0	5540	-2834	2302	24352	-7828	-154	-27	971	201	0	-1	0	-27	959	199	1606974799
-46	-47	-58	-58	-52	-62	0	-73	-83	-75	-83	-83	-79	-74	0	0	-81	-89	-89	-87	0	-80	-89	-89	-82	0	0	-91	-89	-92	-89	-90	-90	-57	0	-94	-94	-95	0	-93	-96	0	0	0	-86	0	0	-82	0	0	0	0	0	0	0	0	0	0	0	0	0	0	0	0	0	0	0	5540	-2849	2295	24351	-7827	-155	-27	971	201	0	-1	-1	-27	959	199	1606974800
-47	-50	-57	0	-56	-62	0	0	-82	0	-82	-83	-79	0	0	0	0	-89	-89	-88	0	-82	-90	-87	0	0	0	-88	-91	-91	0	-88	-90	-55	0	0	-93	0	-95	-94	-93	0	0	0	0	0	0	0	0	0	0	0	0	0	0	0	0	0	-74	0	0	0	0	0	0	0	0	5555	-2849	2280	24352	-7830	-155	-27	972	200	-1	-1	-1	-27	959	198	1606974802
-48	-47	-57	-58	-56	-64	-73	-73	-74	0	-75	-75	-77	-72	0	0	0	-84	-86	-84	0	0	-84	-84	0	-82	0	-90	-92	-93	-89	-89	-89	-56	0	0	0	0	0	0	0	0	0	0	-87	0	0	-80	0	0	0	0	0	0	0	0	0	0	0	0	0	0	0	0	0	0	0	5480	-2834	2295	24351	-7827	-155	-27	971	200	-1	-1	-1	-27	959	199	1606974804
-49	-50	-56	-58	-56	0	-73	-73	-74	-74	-74	-74	-77	-72	0	0	0	-83	-85	-84	0	0	-85	-85	0	0	0	-90	-88	0	-90	-90	0	-57	-67	0	0	0	0	0	0	0	-84	0	-87	0	-89	0	-90	0	-89	0	0	0	0	0	0	0	0	0	0	0	0	0	0	0	0	5510	-2864	2310	24352	-7829	-156	-27	972	201	-1	-1	-1	-27	959	199	1606974805
-47	-47	-57	-58	-56	0	-74	-73	-83	-75	-83	-82	-80	0	0	0	0	-88	-89	-88	0	0	-88	-89	0	0	0	-90	-91	0	-89	-89	-89	-56	0	0	-93	-93	0	-95	-92	0	0	0	0	0	0	0	0	0	0	0	0	0	0	0	0	0	0	0	0	0	0	0	0	0	0	5540	-2849	2324	24351	-7827	-156	-28	971	200	-1	-1	-1	-27	959	199	1606974807
-48	-47	-58	-58	-56	0	-74	-73	-82	0	-82	-82	-79	-75	-80	0	0	-89	-88	-89	0	0	-89	-88	-82	-80	0	-90	-90	-91	-89	-89	-92	-56	0	-94	0	-93	-95	-94	-94	0	-86	0	-89	0	0	0	0	0	0	0	0	0	0	0	0	0	0	0	0	0	0	0	0	0	0	5510	-2849	2324	24352	-7829	-155	-27	972	201	-1	-1	-1	-27	959	199	1606974808
-47	-47	-60	-58	-55	-63	-73	0	-75	-74	-75	-76	-77	0	0	0	0	-84	-85	-84	0	0	-85	-84	0	0	0	-90	-90	0	0	-88	-91	-55	0	0	0	0	0	0	0	0	0	0	0	0	0	0	0	0	0	0	0	0	0	0	0	0	0	0	0	0	0	0	0	0	0	5548	-2864	2302	24351	-7827	-155	-27	972	201	-1	-1	-1	-27	959	199	1606974810
-46	-49	-55	-60	-57	0	-76	0	-76	0	-76	-74	-77	0	0	0	0	-84	-85	-85	0	-80	-85	-84	0	0	0	-90	-89	-90	-90	-90	-90	-57	0	0	0	0	0	0	0	0	0	0	0	0	0	-82	0	0	0	0	0	0	0	0	0	0	0	0	0	0	0	0	0	0	0	5540	-2842	2310	24351	-7826	-155	-27	972	201	0	-1	-1	-27	959	199	1606974811
-47	0	-57	0	-56	-64	0	0	-75	-75	-75	-75	-77	0	0	0	-79	-85	-84	-84	-79	-80	-84	-85	-82	-79	0	-91	-90	0	-90	-89	0	-54	0	0	0	0	0	0	0	0	0	0	0	0	0	0	0	0	0	0	0	0	0	0	0	0	0	0	0	0	0	0	0	0	0	5555	-2834	2310	24352	-7830	-154	-27	971	200	-1	-1	0	-27	959	198	1606974813
-47	-48	0	-57	-57	0	-73	-74	-83	0	-81	-82	-79	-73	0	0	0	-87	-88	-87	0	-77	-87	-88	0	0	0	-91	-90	-92	0	-91	0	-56	0	-93	-93	-95	0	-95	-92	0	0	0	0	0	0	0	0	0	0	0	0	0	0	0	0	0	0	0	0	0	0	0	0	0	0	5555	-2826	2302	24352	-7829	-156	-28	971	201	0	0	-1	-27	959	199	1606974814
-46	-48	0	0	-62	-62	0	0	-82	0	-82	-83	-79	0	0	0	-78	-88	-88	-90	-76	-79	-88	-87	-77	-79	0	-91	-91	0	0	-91	0	-56	0	0	-92	-93	0	-94	-93	0	0	-86	0	0	0	0	0	0	0	0	0	0	0	0	0	0	0	0	0	0	0	0	0	0	0	5510	-2856	2280	24351	-7827	-155	-28	971	201	-1	-1	-1	-27	959	199	1606974816
-43	-50	-51	-55	-55	-63	-72	-74	-79	0	-79	-79	-77	-72	0	0	-86	-88	-89	-89	-84	-85	-88	-88	-84	-86	0	0	0	0	0	0	0	-58	0	0	-95	-95	0	0	0	-87	0	0	0	0	0	0	0	0	0	0	0	0	0	0	0	0	0	0	0	0	0	0	0	0	0	5540	-2849	2280	24352	-7828	-155	-27	971	201	-1	-1	-1	-27	959	199	1606974818
-48	-49	-51	-61	-57	0	-71	-75	-76	0	-75	-77	-79	-72	0	0	0	-85	-84	-85	0	-85	-84	-84	0	0	0	-91	-90	0	0	-90	0	-54	0	0	0	0	0	0	0	0	0	0	0	0	-86	-85	0	-89	0	0	-88	-87	0	0	0	0	0	0	0	0	0	0	0	0	0	5600	-2864	2302	24351	-7828	-156	-27	971	201	-1	-1	-1	-27	959	199	1606974819
0	-51	-55	-59	0	-62	0	-72	-78	-75	-77	-76	-76	0	0	-85	-81	-84	-84	-85	-82	-80	-85	-85	-82	-84	0	-93	-91	0	0	-91	0	-54	0	0	0	0	0	0	0	0	0	0	0	0	0	0	0	0	0	0	0	0	0	0	0	0	0	0	0	0	0	0	0	0	0	5404	-2878	2265	24351	-7827	-154	-27	971	200	-1	-1	0	-27	959	199	1606974821
-47	-49	0	-54	-55	-62	-76	-77	-83	0	-82	-82	-80	-76	0	-84	-83	-87	-88	-88	0	-83	-88	-89	0	0	-89	-91	-92	-92	0	-91	-91	-56	0	0	-93	-94	0	-95	-93	0	0	0	0	0	0	-83	0	0	0	0	0	0	0	0	-85	0	0	0	0	-85	0	-85	-85	-91	0	5585	-2849	2257	24354	-7834	-154	-28	972	200	-1	-1	0	-27	960	198	1606974822
-45	-49	-55	-54	-57	-63	0	-73	-83	0	-82	-82	-80	0	0	0	-81	-89	-88	-89	-80	-80	-89	-89	-81	-82	-90	-91	-91	-91	0	-90	-91	-57	0	-94	-94	-93	-95	-95	0	0	0	0	0	0	-90	0	0	0	-88	0	0	0	0	0	0	0	0	0	0	0	0	0	0	0	0	5510	-2849	2302	24352	-7828	-155	-27	971	200	-1	-1	-1	-27	959	199	1606974824
-50	-49	0	0	-57	0	0	0	-77	-74	-77	-77	-77	0	0	0	0	-85	-86	-85	0	-84	-84	-85	0	0	-92	-92	-92	-92	-91	-90	-91	-54	0	0	0	0	0	0	0	0	0	0	0	0	0	0	0	0	0	0	0	0	0	0	0	0	0	0	0	0	0	0	0	0	0	5525	-2849	2265	24351	-7828	-156	-27	971	201	-1	-1	-1	-27	959	199	1606974826
-47	-49	-55	-54	-56	0	-73	-78	-82	0	-81	-81	-80	-78	-78	0	0	-87	-88	-87	0	-86	-88	-88	0	0	-91	-92	-91	0	0	-91	-92	-56	0	-94	0	-94	-94	-92	-93	0	0	0	0	0	0	0	0	0	0	0	0	0	0	0	0	0	0	0	0	0	0	0	0	0	0	5540	-2864	2250	24352	-7830	-155	-28	971	200	-1	-1	-1	-27	959	198	1606974827
-49	-51	-59	-55	0	0	-73	-71	-83	-79	-82	-83	-79	-72	0	0	0	-90	-88	-88	0	-81	-88	-89	0	0	-89	-91	-91	0	0	-90	0	-56	-69	0	-93	-94	0	-94	-93	-89	0	0	0	0	0	0	0	0	0	0	0	0	0	0	0	0	0	0	0	0	0	0	0	0	0	5585	-2849	2257	24352	-7830	-155	-27	971	201	-1	-1	0	-27	959	198	1606974829
-50	-48	-54	-56	-66	0	-73	0	-76	0	-77	-76	-78	0	0	0	-81	-84	-85	-85	-80	-81	-85	-86	-82	-81	0	-89	-89	0	0	-90	0	-55	-68	0	0	0	0	0	0	-89	0	0	0	0	-85	0	0	0	-87	-93	0	0	0	0	0	0	0	0	0	0	0	0	0	0	0	5555	-2849	2235	24352	-7829	-156	-26	971	200	-1	-1	-1	-27	959	199	1606974830
-47	-48	-51	-57	-58	0	-72	-74	-83	-75	-83	-83	-79	-72	0	0	-80	-90	-89	-89	-79	-80	-90	-88	-80	-80	0	-90	0	0	0	-90	-89	-55	0	-94	-93	-92	0	-93	-93	0	0	0	-87	0	0	0	0	0	0	0	0	0	0	0	0	0	0	0	0	0	0	0	0	0	0	5495	-2849	2265	24352	-7830	-155	-27	972	200	-1	-1	0	-27	959	198	1606974832
-47	0	-59	-59	-54	-64	-74	0	-77	-74	-76	-74	-76	0	0	0	0	-84	-85	-84	-84	-83	-84	-86	0	0	0	-90	-91	0	-90	-89	0	-55	0	0	0	0	0	0	0	0	0	0	0	0	0	0	0	0	0	0	0	0	0	0	0	0	0	0	0	0	0	0	0	0	0	5525	-2819	2265	24353	-7832	-155	-26	972	200	-1	0	0	-27	959	198	1606974834
-46	-48	-55	0	0	0	0	0	-75	0	-76	-75	-77	0	0	0	-78	-84	-84	-85	0	-80	-85	-84	-80	0	0	-89	-90	-92	-90	-89	-91	-55	0	0	0	0	0	0	0	0	0	0	0	0	0	0	0	0	0	0	0	0	0	0	0	0	0	0	0	0	0	0	0	0	0	5540	-2864	2250	24352	-7829	-155	-27	971	200	-1	-1	-1	-27	959	199	1606974835
-46	-49	0	-58	-57	-63	-73	-72	-75	0	-76	-74	-77	0	0	0	-80	-84	-84	-84	0	-82	-85	-85	-81	0	0	-90	-90	-91	-90	-89	-90	-57	0	0	0	0	0	0	0	0	0	0	-85	-87	-87	0	-87	0	-87	0	0	0	0	0	0	0	0	0	0	0	0	0	0	0	0	5510	-2849	2295	24353	-7831	-154	-27	971	200	-1	-1	-1	-27	959	198	1606974837
-47	-46	-50	0	-55	0	0	0	-75	0	-75	-74	-77	0	0	0	0	-85	-84	-85	0	-82	-85	-85	0	0	0	-89	-90	0	-90	-89	-90	-56	0	0	0	0	0	0	0	0	0	0	0	0	0	0	0	0	0	0	0	0	0	0	0	0	0	0	0	0	0	0	0	0	0	5540	-2834	2317	24353	-7833	-155	-27	971	200	-1	-1	-1	-27	960	198	1606974838
0	-46	-54	-57	-56	0	-73	-75	-83	0	-84	-82	-79	-72	0	0	0	-88	-88	-89	0	-81	-88	-89	0	0	0	-91	-89	0	-89	-90	-90	-57	0	-95	-93	-95	-95	-94	-93	0	0	0	0	0	0	-83	0	0	0	0	0	-90	0	0	0	0	0	0	0	0	0	0	0	0	0	5585	-2864	2310	24352	-7828	-155	-27	971	201	-1	-1	0	-27	959	199	1606974840
-46	-50	-62	0	-56	0	0	0	-83	0	-82	-84	-79	0	0	0	-81	-89	-89	-88	-82	-81	-88	-90	-80	-83	0	-89	-90	-91	0	-89	-89	-57	-66	0	-92	-93	0	-95	-94	0	-85	0	0	0	0	0	0	-89	0	-91	0	0	0	0	0	0	-75	0	0	0	0	0	0	0	0	5495	-2864	2265	24352	-7828	-154	-28	971	200	-1	-1	-1	-27	959	199	1606974842
-49	-50	-61	-59	-56	0	-74	-75	-83	-75	-83	-82	-79	-75	-80	0	0	-89	-88	-88	-81	-81	-88	-87	0	-80	0	-89	-91	0	0	-89	-91	-56	0	-92	-93	-93	-96	0	-94	0	0	0	-87	0	0	0	0	0	0	0	0	0	0	0	0	0	0	0	0	0	0	0	0	0	0	5465	-2864	2279	24353	-7831	-155	-28	971	200	-1	-1	-1	-27	959	198	1606974843
-47	-46	-61	0	-56	-64	0	0	-75	-73	-75	-75	-77	0	0	0	0	-85	-84	-85	0	-82	-84	-85	0	0	-93	-90	-89	-95	0	-90	0	-55	0	0	0	0	0	0	0	0	-83	0	0	0	0	0	0	0	0	0	0	0	0	0	0	0	0	0	0	0	0	0	0	0	0	5495	-2864	2265	24352	-7827	-154	-27	971	201	-1	-1	-1	-27	959	199	1606974845
-47	-51	-61	-58	-55	-61	-75	0	-82	-75	-82	-82	-79	0	0	0	0	-89	-87	-89	0	-81	-89	-88	0	0	-90	-89	-89	0	-89	-89	-90	-56	0	-92	-93	-94	-95	-93	0	0	0	0	-88	-89	-88	-82	-88	0	-88	0	0	0	0	0	0	0	0	0	0	0	0	0	0	0	0	5503	-2879	2325	24351	-7827	-155	-27	972	200	-1	-1	-1	-27	959	199	1606974846
-47	-47	-61	-58	-57	-62	-75	-74	-83	-74	-83	-83	-78	-75	0	0	0	-88	-90	-88	0	0	-88	-89	0	0	0	-89	-90	0	-89	-89	-90	-56	0	-92	-93	-94	-94	-92	-95	0	0	0	0	0	0	0	0	0	0	0	-89	-89	0	0	0	0	0	0	0	0	0	0	0	0	0	5570	-2766	2279	24353	-7831	-155	-27	972	201	-1	-1	-1	-27	959	198	1606974848
-46	-46	-61	-58	-56	-62	-74	-75	-83	-73	-82	-83	-79	-73	0	0	0	-89	-89	-90	0	-77	-89	-88	0	0	0	-90	-89	0	-89	-91	-89	-56	-67	-94	-94	-94	-93	-94	-93	0	0	0	-87	0	0	-81	0	0	0	-90	0	0	0	0	0	0	0	0	0	0	0	0	0	0	-89	5570	-2842	2295	24351	-7827	-156	-27	971	200	-1	-1	0	-27	959	199	1606974850
0	-46	-62	-58	0	-64	-74	-74	-76	-73	-76	-75	-77	-73	-80	0	-78	-84	-85	-84	-77	-77	-85	-85	-77	-78	0	0	0	0	0	0	0	-56	0	0	0	0	0	0	0	0	0	0	0	0	0	0	0	0	0	0	0	0	0	0	0	0	0	0	0	0	0	0	0	0	0	5548	-2819	2295	24350	-7825	-156	-28	971	200	-1	-1	-1	-27	959	199	1606974851
-49	-50	-61	-58	-55	-64	-74	-73	-75	-74	-74	-75	-77	-75	0	0	0	-85	-84	-85	0	-78	-85	-84	0	0	0	-90	-89	0	-90	-90	-89	-57	-67	0	0	0	0	0	0	0	-85	0	0	0	0	0	0	0	0	-91	0	0	0	0	0	0	0	0	0	0	0	0	0	0	0	5510	-2879	2302	24353	-7832	-156	-27	971	199	-1	-1	-1	-27	959	198	1606974853
-47	0	0	-58	-56	0	-73	-75	-74	0	-74	-75	-78	-73	0	0	-77	-85	-85	-85	0	-77	-84	-84	0	0	0	-89	-90	0	-89	-89	-90	-55	0	0	0	0	0	0	0	0	0	0	0	0	0	0	0	-89	0	0	-89	-89	0	0	0	0	0	0	0	0	0	0	0	0	0	5510	-2864	2295	24351	-7827	-156	-28	971	201	-1	-1	0	-27	959	199	1606974854
-47	0	-61	-58	-56	-63	0	-73	-75	0	-75	-75	-77	0	0	0	-77	-85	-85	-84	-80	-79	-84	-85	-77	-78	0	-89	-89	0	-90	-90	-89	-56	0	0	0	0	0	0	0	0	0	0	-88	0	0	-83	0	0	0	0	0	0	0	0	0	0	0	0	0	0	0	0	0	0	0	5540	-2849	2324	24351	-7826	-156	-27	972	201	-1	-1	-1	-27	959	199	1606974856
-47	-47	-61	-58	-56	0	0	0	-75	0	-76	-75	-77	0	0	0	-78	-84	-83	-84	-77	-77	-85	-87	-76	-77	0	-90	-90	0	0	-89	-89	-55	0	0	0	0	0	0	0	-89	0	0	0	0	0	0	0	0	0	0	0	0	0	0	0	0	0	0	0	0	0	0	0	0	0	5480	-2849	2309	24352	-7828	-155	-28	971	199	-1	-1	0	-27	959	199	1606974857
-47	-47	0	-58	-55	0	-73	-75	-82	0	-83	-83	-79	-73	0	0	0	-89	-88	-87	0	-77	-89	-89	0	0	0	-90	-90	-93	-90	-89	-89	-56	0	-94	-94	-95	0	-93	0	0	0	0	0	0	0	0	0	-88	0	0	-89	-90	0	0	0	0	0	0	0	0	0	0	0	0	0	5540	-2864	2265	24351	-7825	-154	-27	971	201	-1	-1	-1	-27	959	199	1606974859
-48	-46	0	-58	-56	0	-73	-75	-82	-75	-83	-83	-79	-73	0	0	0	-90	-89	-88	0	-77	-88	-88	0	0	0	-90	-88	0	-89	-89	-89	-56	0	0	-94	-93	0	-92	-95	0	0	0	0	0	0	0	0	0	0	0	0	0	0	0	0	0	0	0	0	0	0	0	0	0	0	5555	-2849	2295	24351	-7825	-155	-28	971	200	-1	-1	0	-27	959	199	1606974861
-46	-47	-61	-58	-56	0	-74	-74	-83	-74	-82	-83	-79	-76	0	0	0	-89	-89	-89	0	-77	-90	-90	0	0	0	-90	-88	0	-91	-89	-89	-56	0	-94	-94	-93	0	-94	-94	-87	0	0	0	0	0	0	0	-88	0	0	-90	-88	0	0	0	0	0	0	0	0	0	0	0	0	0	5480	-2909	2280	24352	-7829	-154	-28	971	200	-1	-1	0	-27	959	199	1606974862
-47	-46	-62	-59	-56	-64	0	-74	-74	0	-75	-74	-78	0	0	0	-77	0	0	-87	-78	-77	-84	-85	-77	-78	0	-88	-91	0	-88	-89	-91	-56	-66	0	0	0	0	0	0	0	0	0	0	0	0	0	0	0	0	0	0	0	0	0	0	0	0	0	0	0	0	0	0	0	0	5548	-2879	2250	24351	-7827	-155	-27	971	201	-1	-1	0	-27	959	199	1606974864
0	-50	0	0	0	0	0	0	-84	0	-83	-83	-80	0	0	0	-78	-90	-90	-88	-79	-79	-88	-88	-77	-77	0	-89	-89	-91	-87	-88	-90	-57	0	-94	-93	-93	0	-94	0	0	0	0	0	0	0	0	0	0	0	0	0	-87	0	0	0	0	0	0	0	0	0	0	0	0	0	5585	-2849	2265	24351	-7826	-154	-28	971	200	-1	-1	0	-27	959	199	1606974865
-48	-50	-61	-58	-56	-65	-74	-74	-75	0	-75	-75	-77	-76	-81	0	-77	-84	-85	-86	0	-77	-85	-85	-77	0	0	-89	-89	0	0	-90	-90	-54	0	0	0	0	0	0	0	0	0	0	-88	0	-89	0	0	0	-89	0	0	0	0	0	0	0	0	0	0	0	0	0	0	0	0	5472	-2849	2250	24351	-7827	-155	-27	971	199	-1	-1	-1	-27	959	199	1606974867
-48	-49	0	0	-56	0	0	0	-74	0	-75	-75	-78	0	0	0	-76	-85	-84	-84	-79	-77	-85	-85	-79	-76	0	-89	-90	0	-90	-89	-91	-54	0	0	0	0	0	0	0	0	0	0	0	0	0	0	0	0	0	0	0	0	0	0	0	0	0	0	0	0	0	0	0	0	0	5480	-2834	2295	24352	-7827	-154	-27	971	201	-1	-1	0	-27	959	199	1606974868
-48	-46	-54	-58	-56	-65	-75	-74	-74	-76	-75	-75	-78	-75	0	0	-78	-84	-85	-84	0	-78	-84	-85	0	0	0	-90	-89	0	-89	-90	-90	-54	0	0	0	0	0	0	0	0	0	0	0	0	-88	0	0	0	-88	0	0	0	0	0	0	0	0	0	0	0	0	0	0	0	0	5495	-2856	2265	24351	-7827	-155	-27	972	201	-1	-1	-1	-27	959	199	1606974870
-47	-46	-54	-59	-56	0	-75	-74	-75	0	-75	-75	-78	-73	0	0	-76	-84	-84	-84	0	-80	-84	-84	-76	-76	0	-89	-89	-91	-90	-90	-91	-54	0	0	0	0	0	0	0	0	0	0	0	0	0	0	0	0	0	0	0	0	0	0	0	0	0	0	0	0	0	0	0	0	0	5480	-2834	2295	24351	-7827	-155	-28	971	201	-1	-1	-1	-27	959	199	1606974871
-47	0	-55	0	-57	-66	-76	-72	-75	-74	-74	-75	-77	-72	0	0	0	-84	-85	-84	0	0	-85	-84	0	0	0	-89	-91	0	0	-90	-89	-54	0	0	0	0	0	0	0	-90	0	0	0	0	0	-82	0	0	0	0	0	0	0	0	0	0	0	0	0	0	0	0	0	0	0	5555	-2842	2295	24353	-7831	-154	-27	970	199	-1	-1	0	-27	959	198	1606974873
-45	-46	-55	-58	-57	0	-75	-75	-74	0	-75	-75	-78	-74	0	0	-81	0	0	0	0	-82	0	0	-80	0	0	-89	-91	-92	-90	-90	-90	-55	0	0	0	0	0	0	0	0	0	0	0	0	0	-83	0	0	0	0	0	0	0	0	0	0	0	0	0	0	0	0	0	0	0	5540	-2834	2324	24352	-7827	-154	-27	972	200	-1	-1	0	-27	959	199	1606974874
-46	-48	-55	-58	-57	-68	0	-75	-74	0	-74	-75	-78	0	0	0	0	-83	-84	-84	0	-80	-84	-83	0	0	0	-91	-90	0	0	-89	-90	-55	-66	0	0	0	0	0	0	0	0	0	-88	-87	-88	0	-88	0	-89	0	0	0	0	0	0	0	0	0	0	0	0	0	0	0	0	5540	-2796	2227	24352	-7828	-154	-27	971	201	-1	-1	0	-27	959	199	1606974876
-47	-48	-55	-57	-57	0	0	-74	-74	0	-74	-74	-78	0	0	0	-81	-83	-83	-84	-81	-82	-83	-84	-82	-82	0	-90	-90	0	-89	-90	-90	-56	0	0	0	0	0	0	0	-89	0	0	0	0	0	-82	0	0	0	0	0	0	0	0	0	0	0	0	0	0	0	0	0	0	0	5480	-2864	2265	24352	-7829	-155	-27	971	199	-1	-1	-1	-27	959	198	1606974878
-49	-47	-55	-58	-58	-68	-75	-76	-75	0	-75	-75	-77	-75	0	0	0	-83	-83	-84	-80	-82	-83	-83	-82	-81	0	-89	-89	-92	-89	-89	-89	-53	0	0	0	0	0	0	0	0	0	0	0	0	0	-84	0	-90	0	0	-88	-87	0	0	0	0	0	0	0	0	0	0	0	0	0	5540	-2849	2287	24352	-7829	-153	-27	971	200	-1	-1	0	-27	959	199	1606974879
-49	-47	-54	-58	-57	-62	-75	-74	-82	0	-83	-83	-80	-74	0	0	-82	-89	-89	-89	0	-81	-88	-90	-82	0	0	-89	-90	0	-88	-89	-90	-56	0	-96	-95	-93	0	-94	0	-91	0	0	0	0	0	0	0	0	0	0	0	0	0	0	0	0	0	0	0	0	0	0	0	0	0	5480	-2849	2295	24351	-7826	-154	-27	971	200	-1	-1	-1	-27	959	199	1606974881
-47	-47	-55	-58	-57	-61	-75	-75	-82	-74	-82	-82	-79	-74	0	0	0	-90	-88	-89	0	0	-88	-89	0	0	0	-90	-90	0	-91	-90	-89	-57	0	-96	-94	-94	0	-94	0	0	0	0	0	0	-85	0	0	0	-87	0	0	0	0	0	0	0	0	0	0	0	0	0	0	0	0	5510	-2849	2280	24353	-7832	-153	-27	972	198	-1	-1	0	-27	959	198	1606974882
-46	-49	0	-57	-57	-61	-75	0	-82	-75	-83	-83	-79	-75	0	0	-80	-89	-88	-89	-78	-78	-88	-88	-78	-77	0	-91	-89	0	-89	-88	-90	-56	0	-95	-93	-95	-94	-95	-94	0	0	0	0	0	-87	0	0	0	0	0	0	0	0	0	0	0	0	0	0	0	0	0	0	0	0	5510	-2864	2265	24352	-7828	-155	-28	971	199	-1	0	0	-27	959	199	1606974884
-47	-48	-55	-58	-57	0	-75	-75	-74	0	-75	-74	-77	-74	0	0	-77	-83	-84	-84	-79	-78	-84	-83	-79	-78	0	-91	-91	-93	-89	-90	0	-56	0	0	0	0	0	0	0	0	0	0	0	0	0	0	0	0	0	0	0	0	0	0	0	0	0	0	0	0	0	0	0	0	0	5555	-2864	2310	24352	-7828	-154	-28	971	200	-1	-1	0	-27	959	199	1606974886
-47	-48	0	-57	-58	-68	0	0	-74	-76	-74	-75	-77	0	0	0	-77	-83	-84	-83	-78	-78	-84	-84	-79	-76	0	-88	-89	0	-90	-89	-88	-54	0	0	0	0	0	0	0	0	0	0	0	0	0	0	0	0	0	0	0	0	0	0	0	0	0	0	0	0	0	0	0	0	0	5555	-2871	2280	24352	-7829	-154	-26	972	200	-1	0	-1	-27	959	199	1606974887
-49	-48	-55	-58	-58	-61	-74	-74	-83	-75	-83	-83	-79	-75	0	0	0	-88	-88	-88	0	-78	-89	-88	0	0	0	-89	-89	-90	0	-89	-91	-56	0	-94	-93	-94	-96	-94	-94	0	0	0	0	0	0	0	0	0	0	0	0	-88	0	0	0	0	0	0	0	0	0	0	0	0	0	5555	-2827	2324	24352	-7829	-154	-28	971	200	-1	-1	0	-27	959	198	1606974889
-45	-47	-55	-58	-57	0	-73	-75	-75	0	-75	-74	-77	-74	0	0	-79	-83	-84	-83	-77	-79	-84	-83	-77	-76	0	-90	-90	0	-90	-89	-89	-55	0	0	0	0	0	0	0	0	0	0	-87	0	0	0	0	-89	0	0	-88	-90	0	0	0	0	0	0	0	0	0	0	0	0	0	5480	-2818	2265	24351	-7825	-154	-27	971	202	-1	-1	-1	-27	959	199	1606974890
-49	-47	0	0	-57	0	-74	-75	-83	-75	-82	-82	-79	-74	0	0	0	-89	-87	-88	0	-81	-88	-88	0	0	0	-90	-89	0	0	-90	-92	-55	-67	-93	0	-95	0	-93	-92	0	0	0	0	0	0	-82	0	-87	0	0	-88	-86	0	0	0	0	0	0	0	0	0	0	0	0	0	5495	-2818	2220	24351	-7825	-154	-27	972	200	-1	-1	-1	-27	959	199	1606974892
-44	-48	-55	-58	-58	-67	-75	-74	-74	0	-75	-74	-77	-74	0	0	0	-83	-84	-84	0	-82	-84	-84	-81	-80	0	-88	-91	0	-89	-90	-91	-55	0	0	0	0	0	0	0	-89	0	0	0	0	0	-82	0	0	0	0	0	0	0	0	0	0	0	0	0	0	0	0	0	0	0	5510	-2834	2310	24352	-7828	-154	-28	971	201	-1	0	-1	-27	959	199	1606974893
-49	-48	-55	-58	-57	-61	-74	-75	-83	0	-84	-83	-78	-74	0	0	0	-88	-88	-88	0	-83	-88	-88	0	0	0	-89	-89	-90	0	-89	-89	-56	0	0	-94	-94	0	-95	0	0	0	0	-88	0	0	0	0	0	0	0	0	0	0	0	0	0	0	0	0	0	0	0	0	0	0	5510	-2856	2295	24351	-7825	-154	-28	970	201	-1	0	-1	-27	959	199	1606974895
-47	-47	-55	-58	-57	-62	-74	-75	-82	-76	-84	-83	-80	-74	-81	0	0	-87	-90	-87	0	-80	-88	-87	0	0	0	-89	-90	0	0	-90	-90	-56	0	0	-95	-94	-94	0	-95	0	0	0	0	0	0	0	0	0	0	0	0	0	0	0	0	0	0	0	0	0	0	0	0	0	0	5510	-2841	2280	24351	-7824	-154	-26	971	202	0	0	0	-27	959	199	1606974897
-47	-47	-55	-58	-57	-62	-75	-74	-82	0	-82	-83	-79	-74	0	0	-82	-88	-88	-89	0	-81	-88	-89	0	0	0	-90	0	-92	-90	-89	-90	-56	-66	-94	-94	-92	0	-95	-92	0	0	0	0	0	-88	0	0	-89	-90	0	-88	0	0	0	0	0	0	0	0	0	0	0	0	0	0	5555	-2789	2294	24352	-7827	-154	-26	971	200	0	0	0	-27	959	199	1606974898
-48	-49	0	-57	-57	0	-74	0	-74	0	-74	-74	-77	0	0	0	0	-84	-84	-86	0	0	-83	-84	0	0	0	-90	-89	0	-88	-90	-89	-54	0	0	0	0	0	0	0	0	0	0	0	0	0	0	0	0	0	0	0	0	0	0	0	0	0	0	0	0	-94	0	0	0	0	5540	-2819	2279	24350	-7823	-155	-26	971	200	-1	-1	-1	-27	959	199	1606974900
-47	-47	-55	-58	-57	0	-74	0	-84	0	-82	-83	-79	0	-81	0	0	-88	-89	-87	0	-83	-89	-88	0	0	0	-90	-89	0	-90	-88	-90	-56	0	-94	-93	-94	-93	-92	-92	0	0	0	-88	0	0	0	0	0	0	0	0	0	0	0	0	0	0	0	0	0	0	0	0	0	0	5495	-2886	2280	24351	-7825	-155	-27	971	202	0	0	-1	-27	959	199	1606974902
-47	-47	-55	-57	-57	-68	-75	-74	-74	0	-74	-74	-77	-74	-81	0	-78	-83	-84	-84	-79	-77	-83	-84	-77	-77	0	-90	-91	-92	0	-90	-90	-54	0	0	0	0	0	0	0	0	0	0	0	-88	-86	0	0	0	-87	0	0	0	0	0	0	0	0	0	0	0	0	0	0	0	0	5510	-2834	2302	24351	-7826	-154	-27	971	201	-1	-1	0	-27	959	199	1606974903
-48	-48	0	-58	-58	-62	0	-74	-82	-76	-83	-82	-78	-73	0	0	0	-89	-88	-88	0	-76	-88	-89	0	0	0	-89	-91	0	-88	-89	-89	-56	0	-95	-95	-96	-93	-94	0	0	0	0	0	0	0	0	0	0	0	0	0	0	0	0	0	0	0	0	0	0	0	0	0	0	0	5510	-2834	2310	24350	-7823	-154	-28	971	201	-1	0	0	-27	959	200	1606974905
-47	-48	-54	0	-58	-62	-74	-76	-84	-75	-83	-82	-79	-75	0	0	0	-89	-87	-88	0	-78	-87	-88	0	0	0	-89	-91	0	-89	-90	-90	-55	0	0	-93	-94	0	-93	-94	0	0	0	0	0	0	0	0	0	0	0	-87	0	0	0	0	0	0	-95	0	0	0	0	0	0	0	5540	-2879	2280	24350	-7822	-155	-27	971	201	0	0	-1	-27	959	200	1606974906
0	-47	-55	-58	-57	-67	0	-74	0	-75	-74	-74	-77	-74	0	0	-78	-83	-84	-85	-76	-78	-84	-83	-78	-77	0	-89	-87	-93	0	-89	-90	-54	0	0	0	0	0	0	0	0	0	0	-87	0	0	-84	0	0	0	0	0	0	0	0	0	0	0	0	0	0	0	0	0	0	0	5540	-2827	2354	24351	-7825	-155	-27	971	201	0	0	-1	-27	959	199	1606974908
-48	-46	-55	-57	-58	0	0	0	-74	0	-75	-74	-78	-76	0	0	-76	-83	-85	-84	0	-80	-84	-83	-80	-77	0	-89	-90	0	-90	-87	-89	-54	0	0	0	0	0	0	0	0	0	0	0	0	-87	0	0	0	-84	0	0	0	0	0	0	0	0	0	0	0	0	0	0	0	0	5465	-2834	2295	24350	-7822	-154	-27	971	201	-1	-1	0	-27	959	200	1606974910
-48	-47	0	-57	-57	-67	-75	-74	-74	0	-75	-74	-77	-74	0	0	-78	-83	-84	-84	0	-78	-84	-84	0	0	0	-90	-89	0	0	-91	-90	0	0	0	0	0	0	0	0	0	0	0	0	0	0	0	0	0	0	0	0	-91	0	0	0	0	0	0	0	0	0	0	0	0	0	5480	-2849	2295	24349	-7821	-154	-27	971	201	-1	-1	-1	-27	959	200	1606974911
-49	-48	0	-59	-57	0	0	0	-74	0	-75	-74	-77	0	0	0	-78	-84	-85	-84	0	-78	-84	-84	0	0	0	-90	-91	0	-91	-89	-89	-54	0	0	0	0	0	0	0	0	0	0	-87	0	0	0	0	0	0	0	0	0	0	0	0	0	0	0	0	0	0	0	0	0	0	5487	-2834	2265	24351	-7825	-154	-27	971	201	0	0	-1	-27	959	199	1606974913
-49	-48	-55	-58	-58	-67	-74	-74	-74	-74	-75	-74	-77	-74	0	0	0	-84	-84	-83	0	-80	-84	-85	0	0	0	-90	-90	-91	-90	-90	-90	-54	-67	0	0	0	0	0	0	0	0	0	0	0	0	0	0	-93	0	0	-90	-90	0	0	0	0	0	0	0	0	0	0	0	0	0	5510	-2834	2265	24350	-7822	-154	-28	971	202	-1	-1	0	-27	959	200	1606974914
-47	-47	-55	0	-58	0	0	0	-83	0	-82	-84	-79	0	0	0	-78	-89	-89	-88	-77	-78	-88	-89	-77	-80	0	-90	-89	-90	-89	-88	-90	-57	0	-94	-95	-96	-93	-95	0	0	0	0	0	0	0	0	0	0	0	0	0	0	0	0	0	0	0	0	0	0	0	0	0	0	0	5555	-2864	2265	24350	-7823	-155	-27	971	201	-1	0	-1	-27	959	200	1606974916
-46	-47	-54	-57	-58	-68	0	0	-74	0	-75	-74	-77	0	0	0	-78	-83	-83	-85	0	-79	-84	-84	0	0	0	-91	-90	-91	-90	-88	-91	-54	0	0	0	0	0	0	0	0	0	0	0	0	0	-83	0	0	0	0	0	0	0	0	0	0	0	-95	0	0	0	0	0	0	0	5555	-2834	2295	24350	-7822	-154	-27	971	200	0	0	0	-27	959	200	1606974917
0	-47	-55	-58	0	0	-74	-74	-74	-75	-75	-75	-78	-75	0	0	-77	-83	-84	-83	0	-78	-83	-83	-76	-80	0	-90	-89	-90	-89	-89	-90	-54	-69	0	0	0	0	0	0	0	0	0	0	0	0	0	0	0	0	0	0	0	0	0	0	0	0	0	0	0	0	0	0	0	0	5555	-2849	2265	24350	-7823	-154	-27	970	202	0	0	-1	-27	959	200	1606974919
-46	-49	-55	-58	-57	-68	-74	0	-74	0	-75	-74	-77	0	0	0	0	-83	-84	-83	0	-79	-84	-84	0	0	0	-90	-91	0	-89	-89	-90	-56	0	0	0	0	0	0	0	0	-86	0	0	0	0	0	0	0	0	0	0	0	0	0	0	0	0	0	0	0	0	0	0	0	0	5540	-2849	2317	24349	-7820	-154	-27	972	202	0	0	-1	-27	959	200	1606974920
-48	-48	0	0	-58	-67	0	0	-74	-75	-74	-75	-77	0	0	0	-79	-83	-85	-84	-79	-80	-83	-83	-79	-80	0	-89	-90	0	-88	-90	-89	-54	-68	0	0	0	0	0	0	0	-82	0	-87	0	0	0	0	-91	0	0	-87	0	0	0	0	0	0	0	0	0	0	0	0	0	0	5540	-2834	2272	24349	-7820	-155	-27	971	202	0	0	0	-27	959	200	1606974922
-48	-49	-55	-58	-58	0	-74	-74	-74	-76	-74	-75	-77	-74	0	0	0	-84	-84	-84	-80	-80	-85	-83	0	0	0	-88	-89	0	-90	-89	-89	-55	0	0	0	0	0	0	0	0	0	0	0	0	-87	0	-87	0	-89	0	0	0	0	0	0	0	0	0	0	0	0	0	0	0	0	5540	-2826	2265	24351	-7825	-155	-26	972	200	0	0	-1	-27	959	199	1606974923
-48	-47	0	-57	-57	-67	-74	-74	-74	0	-75	-74	-78	-74	0	0	-80	-83	-83	-83	-82	-83	-84	-85	-81	-81	0	-91	-89	0	-89	-89	-89	-54	0	0	0	0	0	0	0	0	-85	0	0	0	0	-82	0	0	0	0	0	0	0	0	0	0	0	0	0	0	0	0	0	0	0	5630	-2842	2265	24350	-7821	-154	-27	972	201	-1	0	0	-27	959	200	1606974925
-48	-49	0	-58	-57	0	-74	-74	-74	0	-74	-74	-77	-74	0	0	0	-83	-84	-84	0	0	-83	-83	0	0	0	-89	-90	0	-90	-89	-89	-54	0	0	0	0	0	0	0	0	0	0	0	0	0	0	0	-88	0	0	-90	-87	0	0	0	0	0	0	0	0	0	0	0	0	0	5540	-2849	2287	24350	-7821	-154	-27	971	203	0	0	0	-27	959	200	1606974927
0	-48	0	-58	0	-68	-74	-74	-74	0	-74	-74	-77	-74	0	0	0	-84	-84	-84	0	0	-83	-84	0	0	0	-88	-89	-92	-89	-88	-89	-53	-67	0	0	0	0	0	0	0	-84	0	0	0	0	0	0	0	0	0	0	0	0	0	0	0	0	0	0	0	0	0	0	0	0	5540	-2849	2287	24351	-7824	-154	-26	971	202	-1	-1	0	-27	959	199	1606974928
-47	-48	-55	-58	-57	0	0	-75	-74	0	-75	-74	-77	-75	0	0	-82	-83	-84	-85	-82	-81	-85	-84	-81	-83	0	-89	-89	0	0	-89	-89	-54	0	0	0	0	0	0	0	-89	0	0	0	0	0	0	0	0	0	0	0	0	0	0	0	0	0	0	0	0	0	0	0	0	0	5570	-2842	2295	24349	-7821	-154	-27	972	202	0	0	-1	-27	959	200	1606974930
-48	-48	-55	-57	-57	-65	-76	-75	-74	0	-75	-75	-77	-76	0	0	0	-83	-84	-84	-81	-81	-84	-84	-81	-83	0	-88	-89	0	-91	-91	-89	-57	0	0	0	0	0	0	0	0	0	0	0	0	0	-85	0	0	0	0	0	0	0	0	0	0	0	0	0	0	0	0	0	0	0	5495	-2864	2250	24349	-7820	-155	-27	971	202	0	0	-1	-27	959	200	1606974931
-48	-48	-55	-59	-57	-62	-75	-75	-76	0	-76	-76	-77	-74	0	0	0	-84	-85	-85	0	-81	-85	-85	0	0	0	-90	-89	0	0	-89	-89	-54	-68	0	0	0	0	0	0	0	0	0	0	0	0	0	0	0	0	0	0	0	0	0	0	0	0	0	0	0	0	0	0	0	0	5540	-2834	2287	24350	-7822	-155	-27	971	202	0	0	-1	-27	959	200	1606974933
-48	-46	-55	-58	-51	0	-73	-73	-75	-75	-76	-76	-77	-79	0	0	0	-84	-85	-85	0	-83	-84	-84	0	0	0	-89	-90	0	0	-89	-90	-55	-65	0	0	0	0	0	0	0	0	-85	0	0	0	-82	0	0	0	0	0	0	0	0	0	0	0	0	0	0	0	0	0	0	-89	5540	-2849	2295	24349	-7821	-155	-27	971	202	0	0	-1	-27	959	200	1606974934
-48	-50	-53	-58	-55	0	-73	-79	-82	-75	-82	-82	-78	-73	0	0	0	-87	-88	-88	0	-81	-88	-88	0	0	0	-90	-91	0	-90	-90	-90	-57	-64	0	-93	-92	-95	-96	-94	0	0	0	0	0	-88	-82	0	-89	-87	0	-87	-88	0	0	0	0	0	0	0	0	0	0	0	0	0	5600	-2842	2317	24349	-7821	-155	-27	971	202	0	0	-1	-27	959	200	1606974936
-46	-48	-52	-58	-56	0	-74	0	-83	0	-83	-82	-78	0	0	0	0	-88	-87	-88	0	0	-88	-88	0	0	0	-89	-89	0	-90	-89	-90	-56	0	-94	-94	-94	0	-97	0	0	0	0	0	0	0	0	0	-90	0	-90	0	0	0	0	0	0	-76	0	0	0	0	0	0	0	0	5555	-2849	2295	24350	-7825	-155	-27	971	202	0	0	-1	-27	959	199	1606974938
-49	-47	0	0	-56	-62	0	0	-83	-74	-83	-82	-79	0	0	0	0	-88	-88	-89	0	0	-88	-88	0	0	0	-89	-91	-91	0	-89	-89	-57	0	0	-92	-94	-95	-94	-93	0	0	0	0	0	0	0	0	0	0	0	0	0	0	0	0	0	0	0	0	0	0	0	0	0	0	5555	-2759	2317	24349	-7822	-155	-27	972	202	0	0	-1	-27	959	200	1606974939
-46	-46	0	-58	-56	0	-76	-75	-76	0	-76	-76	-77	-74	0	0	0	-84	-84	-84	0	-82	-84	-84	0	0	0	-89	-89	-91	-90	-89	-89	-53	0	0	0	0	0	0	0	0	0	0	0	0	0	0	0	-88	0	0	-90	-87	0	0	0	0	0	0	0	0	0	0	0	0	0	5540	-2879	2280	24349	-7820	-155	-27	971	202	0	0	-1	-27	959	200	1606974941
-44	-46	0	-57	-56	-64	-77	-77	-76	-76	-75	-76	-76	-74	0	0	0	-84	-85	-85	-82	-81	-85	-85	-83	0	0	-88	-90	-91	-89	-88	-91	-52	0	0	0	0	0	0	0	0	0	0	0	0	0	0	0	0	0	0	0	0	0	0	0	0	0	0	0	0	0	0	0	0	0	5487	-2849	2295	24350	-7823	-154	-27	971	201	0	0	-1	-27	959	200	1606974942
-47	-49	-52	-58	-56	-61	-74	-74	-83	-74	-82	-83	-79	-74	0	0	0	-87	-88	-87	0	-81	-91	-87	-82	0	0	-89	-89	-90	0	-89	-89	-57	0	0	-94	-92	-94	-94	0	0	0	0	0	0	-88	0	0	0	0	0	0	0	0	0	0	0	0	0	0	0	0	0	0	0	0	5495	-2849	2295	24350	-7822	-155	-27	971	202	0	0	-1	-27	959	200	1606974944
-47	-49	-55	-59	-56	-62	-76	-76	-84	0	-82	-83	-79	-74	-82	0	0	-88	-88	-89	0	0	-89	-90	0	0	0	-89	-90	-92	-90	-91	-89	-56	0	-96	-92	-93	0	0	-95	0	0	0	0	0	0	0	0	-89	0	0	-88	-88	0	0	0	0	0	-94	0	0	0	0	0	0	0	5600	-2864	2280	24349	-7820	-156	-28	971	202	0	0	-1	-27	959	200	1606974945
-47	-48	0	0	0	0	0	-74	-83	-75	-82	-82	-79	0	0	0	0	-88	-88	-88	0	0	-88	-89	0	0	0	-90	-88	-93	-89	-90	-89	-57	0	0	-93	-94	-95	-95	0	0	0	0	0	0	0	0	0	0	0	0	0	0	0	0	0	0	0	0	0	0	0	0	0	0	0	5540	-2789	2294	24351	-7825	-155	-27	971	200	-1	0	0	-27	959	199	1606974947
-47	-49	-53	-57	-56	-62	-73	-73	-74	0	-74	-75	-77	0	0	0	0	-83	-84	-83	0	-82	-84	-84	0	0	0	-89	-90	0	-90	-89	-89	-55	0	0	0	0	0	0	0	0	0	0	0	0	0	0	0	0	0	0	0	0	0	0	0	0	0	0	0	0	0	0	0	0	0	5540	-2849	2295	24349	-7821	-155	-28	971	202	-1	0	0	-27	959	200	1606974949
-49	-48	-48	-60	-56	0	0	-72	-75	0	-75	-76	-77	-72	0	0	0	-85	-85	-85	0	0	-85	-85	0	0	-89	-89	-88	0	-89	-91	-90	-53	0	0	0	0	0	0	0	0	0	0	0	0	-85	0	-88	0	-86	0	0	0	0	0	0	0	0	0	0	0	0	0	0	0	0	5555	-2849	2302	24350	-7822	-155	-27	972	202	-1	0	0	-27	959	200	1606974950
-49	-48	-48	0	-59	-64	0	0	-76	0	-76	-75	-78	0	-85	0	0	-83	-84	-85	0	-83	-85	-84	0	0	0	-91	-89	0	0	-90	-91	-54	0	0	0	0	0	0	0	0	-86	0	0	0	0	0	0	-87	0	0	-90	-88	0	0	0	0	0	0	0	0	0	0	0	0	0	5555	-2849	2295	24350	-7823	-155	-27	971	202	-1	0	-1	-27	959	200	1606974952
-44	0	-55	-60	-56	-62	-74	-74	-83	-73	-83	-82	-79	-80	0	0	0	-87	-88	-87	0	-82	-87	-88	0	0	0	-89	-91	-91	0	-90	0	-56	0	0	-93	-93	0	-93	-94	0	0	0	0	0	0	0	0	0	0	0	0	-87	0	0	0	0	0	0	0	0	0	0	0	0	0	5525	-2826	2265	24351	-7825	-155	-28	971	202	-1	-1	-1	-27	959	199	1606974953
-51	-46	-53	-56	-53	0	-72	-73	-77	-75	-77	-78	-77	-74	0	0	-84	-82	-83	-84	-83	-82	-84	-84	-82	-83	-90	0	0	0	0	0	0	-54	0	0	0	0	0	0	0	0	0	0	0	0	-89	0	0	0	-87	0	0	0	0	0	0	0	0	0	0	0	0	0	0	0	0	5442	-2864	2339	24349	-7821	-155	-27	971	201	0	0	-1	-27	959	200	1606974955
