-52	-53	-51	-58	-61	0	-71	-69	-73	-77	-76	-74	-75	-69	0	0	0	-87	-89	-88	0	-78	-87	-89	0	0	-86	0	0	0	0	0	0	-51	0	0	0	0	-91	0	0	0	0	0	0	0	0	0	0	0	0	0	0	0	0	0	0	0	0	0	0	0	0	0	0	0	0	0	-95	0	0	0	0	0	0	0	3422	-2922	4126	21526	-7825	-256	-45	971	201	0	0	0	-44	959	199	1606974583
-59	-52	-51	-56	-62	0	0	-70	-73	-80	-73	-73	-81	-71	0	0	0	-92	-89	-90	0	-81	-89	-89	0	0	-91	0	0	0	0	0	0	-55	0	0	0	0	0	0	0	0	0	0	0	0	0	0	0	0	0	0	-89	0	0	0	0	0	0	0	0	0	0	0	0	0	0	0	-91	0	0	0	0	0	0	0	3437	-2998	4178	21547	-7825	-256	-45	971	201	0	0	-1	-44	959	199	1606974585
0	-57	0	0	0	-58	0	-73	-74	0	-74	-75	-80	0	0	0	0	-88	-88	-87	0	0	-88	-88	0	0	-87	-92	-91	0	0	0	0	-53	0	0	0	0	-93	0	0	0	0	0	0	0	0	0	0	0	0	0	0	0	0	0	0	0	-74	0	0	0	0	0	0	0	0	0	-91	-89	0	0	0	0	0	0	3438	-2998	4201	21545	-7818	-256	-45	970	203	0	0	0	-44	958	200	1606974586
-60	-51	-46	-56	-59	0	-70	-69	-80	-80	-78	-78	-84	-72	0	0	0	-91	-90	-92	0	-75	-91	-90	0	0	-89	0	0	0	0	0	0	-62	-62	0	0	0	-85	0	0	0	0	0	0	0	0	0	0	-89	0	0	-91	0	0	0	0	0	0	0	0	0	0	0	0	0	0	0	0	0	0	0	0	0	0	0	3452	-2960	4156	21544	-7811	-255	-44	970	204	0	0	0	-44	958	201	1606974588
-58	-53	-46	0	-58	-62	0	0	-75	-79	-75	-75	-79	-71	0	0	-76	-89	-89	-88	-76	-75	-89	-90	-77	-77	-91	0	0	0	0	0	0	-54	0	0	0	0	-93	0	0	0	0	0	0	0	0	0	0	0	0	0	0	0	0	0	0	0	0	0	0	0	0	0	0	0	0	0	-89	0	0	0	0	0	0	0	3354	-2922	4170	21544	-7809	-254	-44	970	204	0	0	0	-44	958	202	1606974589
-61	-52	-46	-55	-58	-64	-71	-70	-79	-79	-79	-79	-86	-71	0	0	-74	-91	-91	-91	0	-77	-91	-91	0	0	0	0	0	0	0	0	0	-62	-62	0	0	0	-86	0	0	-91	-85	0	0	0	0	0	0	0	0	0	0	0	0	0	0	0	0	0	0	0	0	0	0	0	0	0	0	0	0	0	0	0	0	0	3422	-2968	4141	21544	-7808	-254	-45	970	204	-1	-1	0	-44	958	202	1606974591
-59	-50	0	-57	-57	-64	-69	-72	-80	-81	-78	-78	-84	-70	0	0	0	-93	-91	-90	0	-76	-91	-92	0	0	-88	0	0	0	0	0	0	-62	0	0	0	0	-84	0	0	0	0	0	0	0	0	0	0	0	0	0	0	0	0	0	0	0	0	0	0	0	0	0	0	0	0	0	0	0	0	0	-86	0	0	0	3392	-3005	4156	21543	-7804	-255	-45	970	204	-1	-1	-1	-44	958	203	1606974592
0	-59	-57	-55	0	-61	-73	-70	-74	-78	-74	-74	-78	-72	0	0	0	-89	-90	-90	0	-76	-91	-89	0	0	-90	0	0	0	0	0	0	-53	0	0	0	0	-90	0	0	-90	0	0	0	0	0	0	0	0	0	0	0	-90	0	0	0	0	0	0	0	0	0	0	0	0	0	0	-91	0	0	0	-91	0	0	0	3422	-2938	4230	21543	-7803	-254	-45	970	205	-1	-1	0	-44	958	203	1606974594
0	-54	-46	-57	-57	-60	-72	-70	-77	-79	-77	-76	-77	-70	0	0	0	-88	-89	-88	0	-77	-89	-90	0	0	-90	0	0	0	0	0	0	-55	-64	0	0	0	-92	0	0	0	-87	-86	0	0	0	0	0	0	0	0	0	0	0	0	0	0	0	0	0	0	0	0	0	0	0	0	-93	0	0	0	-88	0	0	0	3324	-2967	4126	21543	-7807	-254	-45	970	204	0	-1	0	-44	958	202	1606974596
-58	-57	-51	0	-57	-61	-72	-71	-76	0	-76	-76	-80	-72	0	0	0	-91	-89	-90	0	-79	-89	-92	0	0	0	0	0	0	0	0	0	-54	0	0	0	0	-93	0	0	-88	-88	0	-86	0	0	0	0	0	0	0	0	0	0	0	0	0	0	0	0	0	0	0	0	0	0	0	-92	0	0	0	0	0	0	0	3483	-3013	4156	21543	-7803	-252	-44	970	205	-1	-1	0	-44	958	203	1606974597
0	-50	-50	-57	-57	0	-70	-69	-76	-82	-76	-77	-79	-72	0	0	0	-90	-89	-91	0	-77	-89	-90	0	0	-90	0	0	0	0	0	0	-55	-62	0	0	0	-90	0	0	0	0	0	0	0	0	0	0	-91	0	0	0	0	0	0	0	0	0	0	0	0	0	0	0	0	0	0	-93	0	0	0	0	0	0	0	3422	-2998	4156	21543	-7802	-253	-44	970	205	-1	-1	0	-44	958	203	1606974599
-58	-56	0	-56	-57	0	0	-70	-77	-81	-76	-76	-79	-70	0	0	0	-89	-89	-88	0	-78	-88	-88	0	0	0	0	0	0	0	0	0	-54	0	0	0	0	-94	0	0	0	0	0	0	0	0	0	0	0	0	0	0	0	0	0	0	0	0	0	0	0	0	0	0	0	0	0	-93	0	0	0	0	0	0	0	3437	-2953	4111	21543	-7800	-253	-45	970	205	-1	-1	0	-44	958	203	1606974600
0	-53	-53	-57	-57	0	-71	-72	-75	-80	-76	-76	-80	0	0	0	0	-89	-90	-90	0	-77	-89	-89	0	0	0	0	0	0	0	0	0	-54	0	0	0	0	-92	0	0	-90	0	0	0	0	0	0	0	0	0	0	0	0	0	-90	0	0	0	0	0	0	0	0	0	0	0	0	-91	0	0	0	0	0	0	0	3422	-2968	4133	21543	-7803	-254	-45	970	205	-1	-1	0	-44	958	203	1606974602
0	-51	-50	0	-58	-64	-72	-70	-81	-82	-79	-80	-84	-71	0	0	0	-89	-92	-91	0	-76	-92	-91	0	0	-90	0	0	0	0	0	0	-65	-64	0	0	0	-84	0	0	0	0	0	0	0	0	0	0	0	0	0	0	0	0	0	0	0	0	0	0	0	0	0	0	0	0	0	0	0	0	0	0	0	0	0	3452	-2968	4156	21543	-7801	-253	-44	970	205	-1	-1	0	-44	958	203	1606974603
-60	-51	-52	-56	-58	-62	-70	-71	-79	0	-78	-81	-84	-71	0	0	0	-93	-91	0	0	-77	0	-91	0	0	-90	0	-94	0	0	0	0	-60	0	0	0	0	-86	0	0	0	0	0	0	0	0	0	0	0	0	0	0	0	0	0	0	0	0	0	0	0	0	0	0	0	0	0	0	0	0	0	0	0	0	0	3422	-3013	4171	21542	-7802	-254	-45	970	204	-1	-1	0	-44	958	203	1606974605
-59	-53	-48	-56	-56	-59	-72	-76	-76	0	-75	-74	-79	0	0	0	0	-90	-92	-89	0	0	-91	-90	0	0	0	0	0	0	0	0	0	-54	0	0	0	0	-94	0	0	0	0	0	0	0	0	0	0	0	-85	0	0	0	0	0	0	0	0	0	0	0	0	0	0	0	0	0	-91	0	0	0	0	0	0	0	3422	-2998	4141	21543	-7802	-254	-44	970	205	-1	-1	0	-44	958	203	1606974606
-58	-53	-49	-58	-57	0	0	-73	-73	0	-73	-74	-79	0	0	0	-76	-91	-89	-90	0	0	-89	-89	0	0	-90	0	0	0	0	0	0	-54	0	0	0	0	0	0	0	0	0	0	0	0	0	0	0	0	0	0	0	0	0	0	0	0	0	0	0	0	0	0	0	0	0	0	-90	0	0	0	0	0	0	0	3407	-2938	4141	21542	-7800	-254	-45	970	205	-1	-1	0	-44	958	203	1606974608
0	-48	-50	-58	-57	-63	0	0	-79	-83	-78	-81	-85	-72	0	0	0	-93	0	-91	0	-78	0	-93	0	0	-90	0	0	0	0	0	0	-60	0	0	0	0	-85	0	0	0	0	0	0	0	0	0	0	0	0	0	0	0	0	0	0	0	0	0	0	0	0	0	0	0	0	0	0	0	0	0	0	0	0	0	3422	-2953	4216	21542	-7800	-254	-45	970	205	-1	-1	0	-44	958	203	1606974610
-58	-53	0	-60	-52	0	0	0	-73	-82	-74	-74	-80	-72	0	0	0	-90	-90	-91	0	-78	-90	-90	0	0	-90	0	-93	0	0	0	0	-55	-62	0	0	0	0	0	0	0	0	-88	0	0	0	0	0	0	0	0	0	0	0	0	0	0	0	0	0	0	0	0	0	0	-89	0	-91	0	0	0	0	0	0	0	3377	-2960	4200	21542	-7803	-256	-45	970	205	-1	-1	-1	-44	958	203	1606974611
0	-53	-49	-57	-58	0	-75	-73	-80	0	-78	-78	-85	-73	0	0	0	-94	-92	0	0	-77	0	-93	0	0	0	0	0	0	0	0	0	-59	0	0	0	0	-85	0	0	0	0	0	0	0	0	0	0	0	0	0	0	0	0	0	0	0	0	0	0	0	0	0	0	0	0	0	0	0	0	0	0	0	0	0	3437	-2960	4201	21542	-7801	-254	-45	970	205	-1	-1	0	-44	958	203	1606974613
-59	-48	-48	0	-57	-58	0	0	-74	0	-73	-73	-80	0	0	0	0	-91	-90	0	0	0	-90	-89	0	0	-89	0	0	0	0	0	0	-56	0	0	0	0	0	0	0	0	0	0	-84	0	0	0	0	0	0	0	0	0	0	0	0	0	0	0	0	0	0	0	0	0	0	0	-91	0	0	0	0	0	0	0	3453	-3013	4201	21542	-7800	-255	-45	970	205	-1	-1	-1	-44	958	203	1606974614
-51	-53	-49	0	-56	-60	0	0	-73	0	-73	-74	-79	0	0	0	0	-90	-89	-89	0	-75	-88	-89	0	0	-90	0	0	0	0	0	0	0	-62	0	0	0	-93	0	0	0	0	0	0	0	0	0	0	0	0	0	0	0	0	0	0	0	0	0	0	0	0	0	0	0	0	0	-90	0	0	0	0	0	0	0	3437	-2968	4216	21543	-7805	-254	-45	970	204	-1	-1	0	-44	958	202	1606974616
-56	0	-53	-56	-57	-60	-75	-72	-74	0	-73	-73	-80	-75	0	0	0	-89	-89	-89	0	-75	-90	-89	0	0	0	0	0	0	0	0	0	-53	0	0	0	0	-93	0	0	0	0	-90	0	0	0	0	0	0	0	0	0	0	0	0	0	0	0	0	0	0	0	0	0	0	0	0	-91	0	0	0	0	0	0	0	3422	-2967	4126	21542	-7800	-255	-45	970	205	-1	-1	0	-44	958	203	1606974618
-57	-50	0	-56	-57	0	0	0	-75	0	-74	-73	-79	0	0	0	0	-90	-90	-90	0	0	-90	-90	0	0	0	0	0	0	0	0	0	-55	0	0	0	0	-92	0	0	0	0	0	-88	-87	-88	0	-86	0	-87	0	0	0	0	0	0	0	0	0	0	0	0	0	0	0	0	0	-91	0	0	0	0	0	0	0	3392	-2960	4126	21542	-7800	-255	-45	970	205	-1	-1	0	-44	958	203	1606974619
-57	-50	-48	-56	-57	-64	0	-75	-80	-81	-80	-79	-85	0	0	0	0	-90	-91	-91	0	-74	-92	-91	0	0	-89	0	0	0	0	0	0	-59	0	0	0	0	0	0	0	0	0	0	-88	0	0	0	0	0	0	0	0	0	0	0	0	0	0	0	0	0	0	0	0	0	0	0	0	-90	0	0	0	-90	0	0	3422	-2953	4201	21542	-7803	-255	-45	970	205	-1	-1	0	-44	958	203	1606974621
0	0	-47	0	0	-60	0	0	-74	-82	-73	-74	-79	0	0	0	0	-90	-90	-89	0	-75	-89	-88	0	0	-88	0	0	0	0	0	0	-53	0	0	0	0	0	0	0	-92	0	0	-86	0	0	0	0	0	0	0	0	0	0	0	0	0	0	0	0	0	0	0	0	0	-90	0	-90	0	0	0	0	0	0	0	3422	-2945	4156	21542	-7800	-255	-45	970	205	-1	-1	0	-44	958	203	1606974623
-57	-49	-49	0	-55	0	0	0	-73	0	-74	-73	-79	0	0	0	0	-90	-88	-88	0	-76	-89	-88	0	0	-92	0	0	0	0	0	0	-53	-64	0	0	0	-93	0	0	0	0	0	0	0	0	0	0	0	0	0	0	0	0	0	0	0	-76	0	0	0	0	0	0	0	0	0	-92	0	0	0	0	0	0	0	3445	-2938	4141	21542	-7801	-255	-45	970	205	-1	-1	0	-44	958	203	1606974624
-56	-50	-49	-55	-56	0	-71	-72	-73	0	-73	-74	-78	-72	0	0	0	-89	-89	-90	0	-75	-91	-89	0	0	-88	0	0	0	0	0	0	-53	0	0	0	0	0	0	0	0	0	0	0	0	0	0	0	0	0	0	0	0	0	0	0	0	0	0	0	0	0	0	0	0	0	0	-90	0	0	0	0	0	0	0	3422	-3013	4156	21543	-7805	-255	-45	970	205	-1	-1	0	-44	958	202	1606974626
0	-49	-51	-56	-57	0	-76	-76	-71	-81	-72	-72	-80	-76	0	0	0	-91	-91	-91	0	-74	-90	-91	0	0	-89	0	0	0	0	0	0	-55	0	0	0	0	-94	0	0	0	0	0	0	0	0	0	0	0	0	0	0	0	0	0	0	0	0	0	0	0	0	0	0	0	0	0	-90	0	0	0	0	0	0	0	3452	-2938	4156	21542	-7801	-254	-45	970	205	-1	-1	0	-44	958	203	1606974627
-58	-58	-52	0	-56	-63	0	0	-81	-80	0	0	-84	0	0	0	0	-92	-91	0	0	-75	0	0	0	0	-88	0	0	0	0	0	0	-61	0	0	0	0	-84	0	0	-89	0	0	-86	0	-87	0	0	0	0	0	0	0	0	-90	0	0	0	0	0	0	0	0	0	0	0	0	0	0	0	0	0	0	0	0	3445	-2975	4104	21542	-7801	-254	-45	970	205	-1	-1	0	-44	958	203	1606974629
-58	-58	0	-57	-56	-59	-72	0	-74	0	-73	-74	-77	0	0	0	0	-91	-90	-92	0	-75	-91	-90	0	0	0	0	0	0	0	0	0	-54	0	0	0	0	0	0	0	0	0	0	0	0	0	0	0	0	0	0	0	0	0	0	0	0	0	0	0	0	0	0	0	0	0	0	-90	0	0	0	0	0	0	0	3377	-2952	4141	21543	-7801	-254	-44	970	204	-1	-1	0	-44	958	203	1606974630
-56	-58	0	-57	-57	-58	-72	-74	-72	0	-72	-73	-79	-72	0	0	0	-90	-89	-89	0	-77	-89	-89	0	0	-90	0	0	0	0	0	0	-54	-64	0	0	0	0	0	0	0	-88	0	0	0	0	0	0	0	0	0	0	0	0	0	0	0	0	0	0	0	0	0	0	0	0	0	-91	0	0	0	0	0	0	0	3437	-2938	4185	21543	-7801	-254	-45	970	205	-1	-1	0	-44	958	203	1606974632
-63	-51	-56	-58	-57	0	0	0	-81	-80	-81	-82	-85	0	0	0	0	-91	-94	0	0	-76	0	-91	0	0	0	0	0	0	0	0	0	-60	0	0	0	0	-85	0	0	0	0	0	0	0	0	-86	0	0	-87	0	0	0	0	0	0	0	0	0	0	0	0	0	0	0	0	0	0	0	0	0	0	0	0	0	3392	-3027	4156	21542	-7801	-254	-44	970	205	-1	-1	0	-44	958	203	1606974633
0	0	0	-58	0	0	-74	-70	-80	-81	-79	-81	-86	-72	0	0	0	-92	-91	0	0	-76	0	0	0	0	0	0	0	0	0	0	0	-60	0	0	0	0	-84	0	0	0	-88	0	0	0	0	0	0	0	0	0	0	0	0	0	0	0	0	0	0	0	0	0	0	0	0	-91	0	0	0	0	0	0	0	0	3422	-2983	4141	21543	-7802	-254	-45	970	204	-1	-1	0	-44	958	203	1606974635
-55	-50	-54	-59	-55	-59	-74	-74	-74	0	-75	-75	-80	-73	0	0	0	-89	-90	-90	0	-76	-91	-90	0	0	0	0	0	0	0	0	0	-54	0	0	0	0	-92	0	0	0	-87	0	0	0	0	0	0	0	0	0	0	0	0	0	0	0	0	0	0	0	0	0	0	0	0	0	-91	0	0	0	0	0	0	0	3392	-2968	4201	21542	-7801	-254	-45	970	205	-1	-1	0	-44	958	203	1606974637
-55	-51	-50	-58	-56	0	-76	0	-75	0	-74	-75	-79	0	0	0	0	-89	-88	-89	0	-76	-89	-88	0	0	0	0	0	0	0	0	0	-54	0	0	0	0	-96	0	0	0	-87	-89	0	0	0	0	0	0	0	0	0	0	0	0	0	0	0	0	0	0	0	0	0	-92	0	0	-91	0	0	0	0	0	0	0	3407	-2968	4171	21542	-7800	-254	-45	970	205	-1	-1	0	-44	958	203	1606974638
-61	-49	0	-58	-55	0	-73	-74	-76	-81	-76	-75	-79	-71	0	0	0	-90	-91	-90	0	-78	-91	-89	0	0	-91	0	0	0	0	0	0	-54	-63	0	0	0	-94	0	0	0	0	0	-86	0	0	0	0	0	0	0	0	0	0	0	0	0	0	0	0	0	0	0	0	0	0	0	-89	0	0	0	0	0	0	0	3437	-2953	4171	21542	-7800	-254	-45	970	205	-1	-1	0	-44	958	203	1606974640
-55	-50	-53	-58	-56	0	0	-74	-74	0	-74	-74	-79	0	0	0	0	-89	-88	-88	0	-76	-89	-88	0	0	0	0	0	0	0	0	0	-53	0	0	0	0	0	0	0	0	0	0	-88	0	0	0	0	0	-87	0	0	0	0	0	0	0	0	0	0	0	0	0	0	0	0	0	-90	0	0	0	0	0	-88	0	3437	-2983	4156	21543	-7801	-254	-45	970	205	-1	-1	0	-44	958	203	1606974641
-56	-51	-51	0	-57	-60	-74	0	-74	0	-74	-73	-80	0	0	0	0	-89	-88	-89	0	-76	-88	-89	0	0	0	0	0	0	0	0	0	-54	0	0	0	0	0	0	0	-88	0	0	0	0	0	0	0	0	0	0	0	0	0	0	0	0	0	0	0	0	0	0	0	0	0	0	-91	0	0	0	0	0	0	0	3422	-2938	4163	21542	-7800	-254	-45	970	205	-1	-1	0	-44	958	203	1606974643
-57	-56	-51	-58	-57	-64	-73	-73	-82	0	-79	-80	-84	-73	0	0	0	-90	-91	-90	0	-76	-90	-91	0	0	0	0	0	0	0	0	0	-61	0	0	0	0	-85	0	0	0	0	0	0	0	0	0	0	0	0	0	0	0	0	0	0	0	0	0	0	0	0	0	0	0	0	0	0	0	0	0	0	-88	0	0	3422	-2953	4201	21542	-7801	-254	-45	970	205	-1	-1	0	-44	958	203	1606974645
0	-59	-54	-57	-56	-60	-71	-72	-75	0	-75	-74	-78	0	0	0	0	-89	-90	-89	0	0	-89	-89	0	0	-90	0	0	0	0	0	0	-52	0	0	0	0	-92	0	0	0	0	0	0	-86	0	0	-86	-93	0	0	0	0	0	0	0	0	0	0	0	-94	0	0	0	0	0	0	-92	0	0	0	0	0	0	0	3437	-2908	4200	21542	-7801	-254	-44	970	205	-1	-1	0	-44	958	203	1606974646
-62	-52	-55	-57	-56	0	-69	-69	-74	-79	-75	-75	-79	-71	0	0	0	-89	-88	-89	0	0	-89	-89	0	0	0	0	0	0	0	0	0	-52	0	0	0	0	-92	0	0	0	0	0	0	0	0	0	0	0	0	0	0	0	0	0	0	0	0	0	0	0	0	0	0	0	0	0	-93	0	0	0	0	0	-82	0	3437	-2938	4156	21542	-7801	-255	-45	970	205	-1	-1	0	-44	958	203	1606974648
-57	-59	-55	-58	-57	0	-70	-68	-74	0	-75	-74	-78	-69	0	0	0	-89	-89	-88	0	-79	-88	-89	0	0	-93	0	0	0	0	0	0	-52	-64	0	0	0	0	0	0	-89	0	0	0	0	0	0	0	-92	-87	0	-93	0	0	0	0	0	0	0	0	0	0	0	0	0	0	0	-91	0	0	0	0	0	-79	0	3437	-2968	4156	21543	-7801	-254	-45	970	205	-1	-1	0	-44	958	203	1606974649
-56	0	-56	-57	-59	-64	-71	-70	-80	-80	-80	-82	-85	-72	0	0	0	-91	-90	-93	0	-76	-91	-91	0	0	0	0	0	0	0	0	0	-61	0	0	0	0	-86	0	0	0	0	-91	0	0	0	0	0	0	0	0	0	0	0	0	0	0	0	0	0	0	0	0	0	0	0	0	0	0	0	0	0	0	-81	0	3422	-2953	4216	21543	-7804	-254	-45	970	205	-1	-1	0	-44	958	203	1606974651
-57	-53	0	-57	-57	-61	-70	-72	-74	-79	-75	-74	-79	-69	0	0	0	-89	-89	-87	0	-78	-88	-87	0	0	0	0	0	0	0	0	0	-52	-63	0	0	0	-93	0	0	0	0	0	0	0	0	0	0	0	0	0	0	0	0	0	0	0	0	0	0	0	0	0	0	0	0	0	-92	0	0	0	0	0	0	0	3437	-2998	4171	21542	-7799	-253	-45	970	205	-1	-1	0	-44	958	203	1606974653
-62	-52	-53	-57	-56	-60	0	-73	-73	-79	-72	-72	-79	0	0	0	0	-89	-90	-88	0	-76	-89	-90	0	0	-89	0	0	0	0	0	0	-53	0	0	0	0	-93	0	0	0	0	0	0	0	0	0	0	0	0	0	0	0	0	0	0	0	0	0	0	0	0	0	0	0	0	0	0	0	0	0	0	0	0	0	3468	-2968	4126	21543	-7804	-255	-45	970	205	0	0	0	-44	958	203	1606974654
0	-59	-55	-58	-57	0	-70	0	-73	-80	-73	-73	-79	-72	0	0	0	-89	-89	-88	0	-77	-89	-89	0	0	-92	0	0	0	0	0	0	-52	0	0	0	0	0	0	0	0	0	0	-85	-85	-86	0	-85	0	0	0	0	0	0	0	0	0	0	0	0	0	0	0	0	0	0	0	-92	0	0	0	0	0	-81	0	3452	-2968	4141	21543	-7807	-255	-44	970	205	0	0	0	-44	958	202	1606974656
-62	-59	-56	0	-55	0	0	0	-74	-74	-74	-73	-79	0	0	0	0	-89	-88	-89	0	-74	-90	-90	0	0	0	0	0	0	0	0	0	-52	0	0	0	0	-93	0	0	0	0	0	-85	-86	-84	0	-85	0	-86	0	0	0	0	0	0	0	0	0	0	0	0	0	0	0	0	0	-91	0	-88	0	0	0	-80	0	3437	-2870	4141	21542	-7803	-255	-45	970	205	0	-1	0	-44	958	203	1606974658
-63	-52	-54	-58	-57	0	-70	-70	-73	-81	-73	-73	-80	-72	0	0	0	-89	-89	-89	0	-77	-89	-88	0	0	-91	0	0	0	0	0	0	-53	0	0	0	0	-92	0	0	0	0	0	-80	-81	-81	0	-81	0	-81	0	0	0	0	0	0	0	0	0	0	0	0	0	0	0	0	0	-90	0	0	0	0	0	-80	0	3422	-2907	4163	21543	-7803	-254	-44	970	205	0	-1	0	-44	958	203	1606974659
-61	-51	-52	-59	-57	0	-69	-69	-80	-79	-81	-82	-85	-71	0	0	0	-91	-90	0	0	-78	-91	-91	0	0	-90	0	0	0	0	0	0	-62	0	0	0	0	-84	0	0	0	0	0	0	0	0	0	0	0	0	0	0	0	0	0	0	0	0	0	0	0	0	0	0	0	0	0	0	-95	0	0	0	0	-84	0	3392	-2967	4141	21543	-7805	-254	-44	970	205	0	0	0	-44	958	202	1606974661
-56	-52	-55	0	-57	-61	-71	0	-75	-80	-75	-75	-79	0	0	0	0	-89	-89	-90	0	-75	-89	-88	0	0	0	0	0	0	0	0	0	-53	-63	0	0	0	0	0	0	0	0	0	0	0	0	0	0	0	0	0	0	0	0	0	0	0	0	0	0	0	0	0	0	0	0	0	-91	0	0	0	0	0	0	0	3392	-2967	4141	21542	-7802	-255	-44	970	205	0	-1	0	-44	958	203	1606974663
-57	-52	-56	0	-55	-60	-74	0	-75	-79	-74	-74	-79	0	0	0	0	-90	-88	-88	0	-77	-88	-89	0	0	-91	0	0	0	0	0	0	-53	-64	0	0	0	-93	0	0	0	-86	0	0	0	0	0	0	0	0	0	0	0	0	0	0	0	0	0	0	0	0	0	0	0	0	0	-89	0	0	0	0	0	-81	0	3437	-2968	4171	21543	-7804	-254	-45	970	205	0	-1	0	-44	958	203	1606974664
0	-52	-55	-58	0	-65	-70	-69	-79	-79	-81	-81	-86	-72	0	0	0	-92	-91	-92	0	-75	-91	-90	0	0	0	0	0	0	0	0	0	-62	-63	0	0	0	-83	0	0	-89	0	0	-86	0	0	0	0	0	0	0	0	0	0	0	0	0	0	0	0	0	0	0	0	0	0	0	0	0	0	0	0	0	-81	0	3430	-2968	4171	21543	-7809	-255	-45	970	204	0	-1	0	-44	958	202	1606974666
-63	-61	-56	-58	-56	-61	-69	-69	-75	-79	-76	-74	-79	-72	0	0	0	-89	-87	-87	0	-75	-88	-89	0	0	0	0	0	0	0	0	0	-54	0	0	0	0	0	0	0	-89	-87	0	-86	0	0	0	0	0	0	0	0	0	0	0	0	0	0	0	0	0	0	0	0	0	0	0	-91	0	0	0	0	0	-82	0	3437	-2915	4118	21542	-7803	-255	-45	970	205	0	-1	0	-44	958	203	1606974667
-62	-53	-54	-58	-57	0	-69	-69	-79	0	-80	-81	-85	-72	0	0	-75	-91	-91	-91	0	-75	-91	-89	0	0	0	0	0	0	0	0	0	-63	0	0	0	0	-84	0	0	0	0	0	0	0	0	-86	0	0	0	0	0	0	0	0	0	0	0	0	0	0	0	0	0	0	0	0	0	0	0	0	0	0	-81	0	3422	-2938	4141	21543	-7803	-255	-45	970	205	0	-1	0	-44	958	203	1606974669
0	-53	-61	-58	-57	0	-68	0	-74	-81	-74	-75	-80	-69	0	0	0	-89	-88	-89	0	-76	-88	-87	0	0	-86	0	0	0	0	0	0	-53	-63	0	0	0	-93	0	0	0	-89	0	0	0	0	0	0	0	0	0	0	0	0	0	0	0	0	0	0	0	-93	0	0	0	0	0	-91	0	0	-94	0	0	0	0	3422	-2960	4186	21543	-7805	-255	-45	970	204	0	-1	0	-44	958	202	1606974671
0	-52	-56	0	0	-60	0	0	-74	-81	-74	-75	-78	0	0	0	0	-89	-87	-89	0	-77	-88	-89	0	0	-92	0	0	0	0	0	0	-54	0	0	0	0	-94	0	0	-91	0	0	-85	-85	-86	0	-86	0	-85	0	0	0	-92	0	0	0	0	0	0	0	-93	0	0	0	0	0	-91	0	0	-94	0	-92	-77	0	3437	-2953	4201	21543	-7804	-255	-45	970	205	0	-1	0	-44	958	203	1606974672
0	-53	-54	-57	-56	-65	-69	-69	-81	-81	-81	-81	-85	-72	0	0	0	-91	-91	0	0	-74	-92	-92	0	0	-92	0	0	0	0	0	0	-62	-63	0	0	0	-85	0	0	0	-87	0	0	0	0	0	0	0	0	0	0	0	0	0	0	0	0	0	0	0	0	0	0	0	0	0	0	0	0	0	0	0	0	0	3400	-2967	4156	21543	-7804	-255	-45	970	205	0	-1	0	-44	958	203	1606974674
-61	-61	-54	-57	-56	-60	0	0	-75	-80	-74	-74	-78	-68	0	0	0	-87	-88	-89	0	0	-87	-88	0	0	-92	0	0	0	0	0	0	-53	0	0	0	0	-91	0	0	-89	0	0	0	0	0	0	0	0	0	0	0	0	0	0	0	0	0	0	0	0	0	0	0	0	0	0	-89	0	0	0	0	0	0	0	3437	-2953	4156	21543	-7805	-255	-45	970	204	0	-1	0	-44	958	202	1606974676
0	0	-58	-57	-57	0	-68	-72	-81	-79	-80	-80	-84	-69	0	0	0	-92	-90	-91	0	-77	-91	-89	0	0	-91	0	0	0	0	0	0	-62	0	0	0	0	-84	0	0	-88	0	0	-85	-86	-85	0	-85	0	-84	0	0	0	0	0	0	0	0	0	0	0	0	0	0	0	0	0	0	0	0	0	0	0	-80	0	3445	-2968	4126	21543	-7805	-255	-45	970	205	0	-1	0	-44	958	202	1606974677
0	-61	-55	-57	-57	0	-70	-69	-75	0	-75	-75	-78	-71	0	0	0	-88	-87	-88	0	-77	-87	-88	0	0	-91	0	0	0	0	0	0	-53	0	0	0	0	0	0	0	0	0	0	-85	-86	-85	0	-85	-89	-85	0	0	0	0	0	0	0	0	0	0	0	0	0	0	0	0	0	-90	0	0	0	0	0	0	0	3452	-2930	4126	21543	-7803	-255	-45	970	205	0	-1	0	-44	958	203	1606974679
-63	-53	-56	0	-56	-60	-73	0	-75	0	-76	-75	-78	0	0	0	-78	-89	-89	-86	-78	-78	-89	-88	-78	-78	0	0	0	0	0	0	0	-54	0	0	0	0	0	0	0	0	0	0	-84	0	0	0	0	0	0	0	0	0	0	0	0	0	0	0	0	0	0	0	0	0	0	0	-91	0	0	0	0	0	-88	0	3392	-2952	4133	21543	-7803	-255	-45	970	204	0	-1	0	-44	958	203	1606974680
0	-60	-60	-56	-56	-59	-69	-69	-74	-81	-74	-74	-80	-69	0	0	0	-88	-87	-87	0	-78	-87	-87	0	0	-91	0	0	0	0	0	0	-53	-64	0	0	0	-94	0	0	0	0	0	-86	-85	-85	0	-86	0	-86	0	0	0	0	0	0	0	-76	0	0	0	0	0	0	0	0	0	-92	0	0	0	0	0	0	0	3422	-2953	4201	21543	-7805	-255	-45	970	205	0	-1	0	-44	958	202	1606974682
-54	-58	0	-56	-57	0	-72	0	-75	-80	-75	-74	-79	-71	0	0	0	-87	-88	-88	0	-79	-87	-87	0	0	-90	0	0	0	0	0	0	-54	0	0	0	0	-92	0	0	0	0	0	0	0	0	0	0	0	0	0	0	0	0	0	0	0	0	0	0	0	0	0	0	0	0	0	-91	0	0	0	0	0	0	0	3422	-2968	4141	21543	-7803	-254	-44	970	205	0	-1	0	-44	958	203	1606974683
0	-55	0	-58	-56	0	-74	0	-75	0	-75	-75	-78	-74	0	0	0	-88	-87	-87	0	0	-88	-86	0	0	-90	0	0	0	0	0	0	0	0	0	0	0	-92	0	0	0	0	0	0	0	0	0	0	0	0	0	0	0	0	0	0	0	-75	0	0	0	0	0	0	0	0	0	-92	0	0	0	0	0	0	0	3468	-2968	4223	21543	-7802	-254	-45	970	205	0	-1	0	-44	958	203	1606974685
0	-51	-60	-57	0	0	-70	-73	-76	-81	-75	-74	-78	-73	0	0	0	-87	-88	-87	0	-76	-88	-88	0	0	-90	0	0	0	0	0	0	-52	0	0	0	0	0	0	0	0	0	0	0	0	0	0	0	0	0	0	0	-92	0	0	0	0	0	0	0	0	0	0	0	0	0	0	-91	0	0	0	0	0	0	0	3452	-3020	4082	21543	-7807	-255	-45	970	205	0	-1	0	-44	958	202	1606974687
0	-55	0	-57	-57	-64	0	-73	-79	0	-78	-78	-84	0	0	0	0	-93	-91	-91	0	-78	-91	-92	0	0	-90	0	0	0	0	0	0	-61	0	0	0	0	-85	0	0	0	0	0	0	0	0	0	0	0	0	0	0	0	0	0	0	0	0	0	0	0	0	0	0	0	0	0	0	0	0	0	0	0	0	0	3422	-2908	4186	21543	-7804	-256	-45	970	205	0	-1	0	-44	958	203	1606974688
0	-56	-61	-56	-56	0	0	0	-79	-82	-79	-78	-83	0	0	0	0	-92	-93	0	0	-78	-92	-91	0	0	0	0	0	0	0	0	0	-61	0	0	0	0	-85	0	0	0	0	0	-85	-88	-85	0	-85	0	-86	0	0	0	0	-87	0	0	0	0	0	0	0	0	0	0	0	0	0	0	0	0	0	0	0	0	3392	-2960	4201	21543	-7806	-255	-45	970	204	0	-1	0	-44	958	202	1606974690
0	-56	-58	0	0	0	0	0	-73	0	-74	-73	-80	0	0	0	0	-89	-88	-87	0	0	-88	-87	0	0	0	0	0	0	0	0	0	-54	-62	0	0	0	0	0	0	0	0	-88	0	0	0	0	0	0	0	0	0	0	0	0	0	0	0	0	0	0	0	0	0	0	0	0	-91	0	0	0	0	0	0	0	3483	-3028	4164	21543	-7804	-255	-44	970	205	0	-1	0	-44	958	203	1606974691
0	-56	0	-58	-58	0	-73	-74	-75	-79	-75	-75	-78	-70	0	0	0	-89	-88	-88	0	-76	-87	-87	0	0	-87	0	0	0	0	0	0	-53	-63	0	0	0	0	0	0	0	0	0	0	0	0	0	0	0	0	0	0	0	0	0	0	0	0	0	0	0	0	0	0	0	0	0	-91	0	0	0	0	0	0	0	3423	-3043	4216	21543	-7804	-255	-45	970	205	0	-1	0	-44	958	203	1606974693
-56	-50	-63	-57	-57	0	-69	0	-79	0	-78	-79	-85	0	0	0	0	-92	-92	-92	0	0	-92	-92	0	0	0	0	0	0	0	0	0	-61	-62	0	0	0	-85	0	0	0	0	0	-85	-85	-85	0	-85	0	-86	0	0	0	0	0	0	0	0	0	0	0	0	0	0	0	0	0	0	0	0	0	0	0	0	0	3445	-2968	4126	21543	-7804	-255	-45	970	205	0	-1	-1	-44	958	203	1606974695
0	-56	-59	-57	-56	-63	-73	-73	-79	0	-79	-79	-83	-70	0	0	0	-92	-94	0	0	0	0	-92	0	0	-90	0	0	0	0	0	0	-62	0	0	0	0	-85	0	0	0	0	0	0	0	0	0	0	0	0	0	0	0	0	0	0	0	-76	0	0	0	0	0	0	0	0	0	0	0	0	0	0	0	0	0	3377	-2967	4156	21543	-7805	-256	-44	970	204	0	-1	-1	-44	958	202	1606974696
0	-56	-58	-56	-57	0	-73	0	-75	0	-75	-75	-77	-68	0	0	-78	-88	-89	-87	0	-78	-88	-89	0	0	0	0	0	0	0	0	0	-52	0	0	0	0	0	0	0	0	0	0	-84	-85	-86	0	-85	0	0	0	0	0	0	0	0	0	0	0	0	0	0	0	0	0	0	0	-91	-93	0	0	0	0	0	0	3377	-2952	4163	21543	-7804	-255	-45	970	205	0	-1	0	-44	958	203	1606974698
-59	0	-66	0	-57	0	0	0	-73	-80	-74	-74	-76	0	-79	0	0	-88	-88	-88	0	-74	-88	-89	0	0	0	0	0	0	0	0	0	-53	0	0	0	0	0	0	0	-90	0	0	0	0	0	0	0	0	0	0	0	0	0	0	0	0	-74	0	0	0	0	0	0	0	0	0	-90	0	0	0	0	0	0	0	3392	-2953	4223	21543	-7805	-255	-45	970	204	0	-1	0	-44	958	203	1606974699
0	-59	0	-56	-57	0	-71	-74	-79	0	-79	-80	-84	-75	-77	0	0	-93	-93	-93	0	0	-93	-92	0	0	0	0	0	0	0	0	0	-61	0	0	0	0	-84	0	0	-85	0	0	0	0	0	0	0	0	0	0	0	0	0	0	0	0	0	0	0	0	0	0	0	0	0	0	0	0	0	0	0	0	0	0	3415	-3013	4149	21544	-7809	-255	-45	970	204	0	-1	0	-44	958	202	1606974701
-57	-55	-60	-57	-56	0	-73	-72	-79	-81	-78	-78	-84	0	0	0	0	-93	-92	0	0	-76	0	-92	0	0	-89	0	0	0	0	0	0	-60	0	0	0	0	-85	0	0	0	-87	0	0	0	0	0	0	0	0	0	0	0	0	0	0	0	0	0	0	0	0	0	0	0	0	0	0	0	0	0	0	0	0	0	3422	-3013	4156	21543	-7803	-255	-45	970	205	0	-1	0	-44	958	203	1606974703
0	-57	-58	-57	-57	0	-70	0	-79	0	-79	-79	-83	0	0	0	0	-92	-92	-91	0	-75	-92	-92	-74	-76	0	0	0	0	0	0	0	-61	0	0	0	0	-85	0	0	0	0	0	0	0	0	0	0	0	0	0	0	0	0	0	0	0	0	0	0	0	0	0	0	0	0	0	0	0	0	0	0	0	0	0	3468	-3013	4156	21543	-7804	-255	-45	970	205	0	-1	0	-44	958	203	1606974704
0	-56	-63	-58	-57	-59	0	0	-74	0	-74	-74	-78	0	0	0	0	-88	-87	-87	0	-76	-87	-87	0	0	0	0	0	0	0	0	0	-52	0	0	0	0	0	0	0	0	0	0	0	-85	-78	0	0	0	0	0	0	0	0	0	0	0	0	0	0	0	0	0	0	0	0	0	-89	0	0	0	0	0	0	0	3385	-2983	4178	21543	-7807	-255	-45	970	205	0	-1	-1	-44	958	202	1606974706
-56	-56	0	-58	-57	-58	-73	-68	-73	0	-74	-74	-78	-69	0	0	0	-88	-86	-88	0	-75	-87	-87	0	0	0	0	0	0	0	0	0	-53	0	0	0	0	0	0	0	0	0	0	0	0	0	0	0	0	0	0	0	0	0	0	0	0	0	0	0	0	0	0	0	0	0	0	-89	0	0	0	0	0	0	0	3475	-2968	4141	21543	-7805	-255	-45	970	204	0	-1	0	-44	958	203	1606974707
-57	-55	0	-58	-56	-60	-73	-69	-74	-82	-74	-74	-77	-73	0	0	0	-87	-88	-87	0	-75	-88	-87	0	0	-90	0	0	0	0	0	0	-53	-63	0	0	0	0	0	0	0	0	0	-85	0	0	0	0	0	0	0	0	0	0	0	0	0	0	0	0	0	0	0	0	0	0	0	-89	0	0	0	0	0	0	0	3415	-2998	4156	21543	-7804	-255	-44	970	205	0	-1	0	-44	958	203	1606974709
-56	-55	0	-59	-57	-60	-73	-72	-74	0	-74	-74	-78	-70	0	0	0	-87	-88	-87	0	-75	-87	-87	0	0	0	0	0	0	0	0	0	-53	0	0	0	0	-92	0	0	0	0	0	0	0	0	0	0	0	0	0	0	0	0	0	0	0	0	0	0	0	0	0	0	0	0	0	-91	0	0	0	0	0	0	0	3453	-3013	4141	21543	-7807	-255	-45	970	204	0	-1	0	-44	958	202	1606974711
0	-52	-57	-57	-56	-63	-70	0	-78	0	-78	-79	-83	-73	0	0	-76	-94	-93	-92	0	-75	-93	-93	0	0	0	0	0	0	0	0	0	-62	0	0	0	0	-85	0	0	0	0	0	0	0	0	0	0	0	0	0	0	0	0	0	0	0	0	0	0	0	0	0	0	0	0	0	0	0	0	0	0	0	0	0	3453	-3005	4126	21543	-7805	-255	-45	970	205	0	-1	0	-44	958	202	1606974712
-57	-55	-58	0	-57	-60	0	0	-73	-82	-74	-73	-78	0	0	0	-75	-88	-88	-88	0	-75	-88	-88	0	0	0	0	0	0	0	0	0	-54	0	0	0	0	-92	0	0	0	0	0	0	0	-86	0	0	0	-85	0	0	0	0	0	0	0	0	0	0	0	0	0	0	0	0	0	0	0	0	0	0	0	0	0	3430	-2938	4156	21542	-7802	-256	-45	970	205	0	0	0	-44	958	203	1606974714
-56	-51	0	0	-58	0	0	0	-79	0	-80	-80	-84	0	0	0	-74	-92	-92	-92	0	-75	-91	-93	0	0	-90	0	0	0	0	0	0	-61	0	0	0	0	-84	0	0	0	0	0	0	0	0	-85	0	0	-84	0	0	0	0	0	0	0	0	0	0	0	0	0	0	0	0	0	0	0	0	0	0	0	0	0	3513	-2968	4156	21544	-7810	-255	-45	970	204	0	-1	-1	-44	958	202	1606974716
-56	-52	0	0	-57	0	0	0	-74	-80	-75	-74	-78	0	0	0	-77	-89	-89	-91	-74	-77	-89	-89	-74	-76	0	0	0	0	0	0	0	-53	-63	0	0	0	-92	0	0	0	-87	0	-86	0	0	0	0	0	0	0	0	0	0	0	0	0	-75	0	0	0	0	0	0	0	0	0	-91	0	0	0	0	0	0	0	3437	-2968	4171	21543	-7804	-255	-45	970	205	0	-1	0	-44	958	203	1606974717
-58	-57	-59	0	-57	0	0	0	-78	0	-79	-78	-84	0	0	0	-77	-93	-93	0	-76	-74	-92	-92	-75	-74	-89	0	0	0	0	0	0	-62	0	0	0	0	-84	0	0	0	0	0	-86	0	0	0	0	0	0	0	0	0	0	0	0	0	0	0	0	0	0	0	0	0	0	0	0	0	0	0	0	0	0	0	3400	-2997	4141	21543	-7805	-254	-45	970	205	0	-1	0	-44	958	202	1606974719
0	-52	0	-57	-57	-59	0	-72	-74	0	-74	-74	-79	0	0	0	0	-89	-88	-89	0	0	-89	-88	0	0	0	0	0	0	0	0	0	-53	0	0	0	0	0	0	0	0	0	0	0	0	0	0	0	0	0	0	0	0	0	0	0	0	0	0	0	0	0	0	0	0	0	0	-92	0	0	0	0	0	0	0	3339	-2922	4148	21543	-7809	-255	-45	970	203	0	-1	0	-44	958	202	1606974720
-57	-52	-58	-58	-57	-63	-70	-70	-77	-82	-78	-77	-81	-70	0	0	0	-92	-93	-91	0	0	-91	-93	0	0	0	0	0	0	0	0	0	-61	0	0	0	0	-84	0	0	-89	0	0	0	0	0	0	0	0	0	0	0	0	0	0	0	0	0	0	0	0	0	0	0	0	0	0	0	0	0	0	0	0	0	0	3355	-2997	4171	21543	-7804	-255	-45	970	205	0	-1	0	-44	958	203	1606974722
-56	0	-59	0	-59	-60	0	0	-74	0	-75	-74	-78	0	0	0	0	-89	-88	-88	0	-74	-89	-87	0	0	-90	0	0	0	0	0	0	-52	0	0	0	0	-92	0	0	0	-86	0	0	0	0	0	0	0	0	0	0	0	0	0	0	0	0	0	0	0	0	0	0	0	0	0	-92	0	0	0	0	0	0	0	3392	-2967	4156	21542	-7802	-255	-44	970	205	0	-1	0	-44	958	203	1606974724
0	-56	0	-58	-58	-60	0	0	-74	0	-75	-74	-79	-73	0	0	-77	-89	-90	-89	0	-75	-89	-88	0	0	0	0	0	0	0	0	0	-53	0	0	0	0	-91	0	0	0	0	0	0	0	0	0	0	0	0	0	0	0	0	0	0	0	0	0	0	0	0	0	0	0	0	0	-92	0	0	0	0	0	0	0	3422	-2967	4111	21542	-7802	-255	-45	970	205	0	-1	0	-44	958	203	1606974725
-57	-53	-61	-58	-57	-60	-71	-70	-75	0	-75	-74	-78	-71	-78	0	0	-87	-89	-89	0	-76	-88	-89	0	0	-88	0	0	0	0	0	0	-53	0	0	0	0	-96	0	0	0	0	0	-84	0	0	0	0	0	0	0	0	0	0	0	0	0	0	0	0	0	0	0	0	0	0	0	-90	0	0	0	0	0	0	0	3437	-2968	4133	21544	-7807	-254	-45	970	204	0	-1	0	-44	958	202	1606974727
0	-55	0	-57	-57	-63	-71	0	-79	-80	-78	-78	-83	0	0	0	0	-91	-92	-92	0	-74	-93	-93	0	0	-90	0	0	0	0	0	0	-62	-61	0	0	0	-85	0	0	0	0	0	0	0	0	0	0	0	0	0	0	0	0	0	0	0	0	0	0	0	0	0	0	0	0	0	0	0	0	0	0	0	0	0	3437	-2983	4126	21543	-7804	-254	-44	970	205	0	-1	0	-44	958	203	1606974728
0	-51	-60	-58	0	0	-73	0	-74	-81	-75	-75	-78	-72	-78	0	0	-88	-88	-88	0	-74	-88	-89	0	0	-88	0	0	0	0	0	0	-52	0	0	0	0	-92	0	0	0	0	0	0	0	0	0	0	0	0	0	0	0	0	0	0	0	0	0	0	0	0	0	0	0	0	0	-90	0	0	0	0	0	0	0	3437	-2998	4141	21543	-7804	-256	-45	970	205	0	-1	0	-44	958	203	1606974730
-56	-50	-56	-59	-57	-62	-74	-73	-78	-69	-78	-77	-84	-73	0	0	0	-94	-93	-91	0	0	0	-93	0	0	-89	0	0	0	0	0	0	-61	0	0	0	0	-84	0	0	0	0	0	0	0	0	0	0	0	0	0	0	0	0	0	0	0	0	0	0	0	0	0	0	0	0	0	0	0	0	0	0	0	0	0	3430	-2960	4141	21543	-7807	-255	-45	970	205	0	-1	0	-44	958	202	1606974732
0	-53	0	-58	-57	-60	-70	-73	-74	0	-74	-75	-78	-73	0	0	0	-87	-89	-88	0	-75	-87	-87	0	0	-89	0	0	0	0	0	0	-53	0	0	0	0	-91	0	0	0	0	0	-86	0	0	0	0	0	0	0	0	0	0	0	0	0	0	0	0	0	0	0	0	0	0	0	-90	0	0	0	0	0	0	0	3437	-2968	4141	21543	-7805	-255	-44	970	205	0	-1	0	-44	958	202	1606974733
-57	-53	-57	-58	0	0	-72	-69	-75	-81	-75	-75	-79	-69	0	0	0	-89	-90	-88	0	-75	-89	-88	0	0	-90	0	0	0	0	0	0	-55	-62	0	0	0	-93	0	0	-86	0	-87	0	0	0	0	-85	0	-84	0	0	0	0	0	0	0	0	0	0	0	0	0	0	0	0	0	-90	0	0	0	0	0	0	0	3430	-2968	4141	21543	-7805	-255	-45	970	205	0	-1	0	-44	958	202	1606974735
0	0	-56	-57	-57	0	-75	-70	-81	-79	-79	-78	-85	-73	0	0	-76	-94	-94	-92	0	-75	-93	-92	0	0	-88	0	0	0	0	0	0	-61	0	0	0	0	-85	0	0	-89	-88	0	0	0	0	0	0	0	0	0	0	0	0	0	0	0	0	0	0	0	0	0	0	0	0	0	0	0	0	0	0	0	0	0	3468	-2998	4126	21543	-7807	-255	-45	970	205	0	-1	0	-44	958	202	1606974736
0	-51	-55	-57	0	0	-74	-74	-75	0	-75	-74	-77	-73	0	0	0	-89	-89	-87	0	-76	-89	-87	0	0	-90	0	0	0	0	0	0	-53	-64	0	0	0	-91	0	0	-89	0	0	-83	0	-81	-85	-84	0	-84	0	0	0	0	0	0	0	0	0	0	0	0	0	0	0	0	0	-91	0	0	0	0	0	0	0	3452	-2953	4149	21543	-7803	-255	-44	970	205	0	-1	0	-44	958	203	1606974738
-57	-50	-61	-57	-56	0	-70	0	-74	-81	-74	-74	-78	0	-79	0	0	-88	-87	-87	0	-75	-87	-87	0	0	0	0	0	0	0	0	0	-53	-64	0	0	0	0	0	0	0	0	0	-87	0	0	0	0	0	0	0	0	0	0	0	0	0	0	0	0	0	0	0	0	0	0	0	0	0	0	0	0	-92	0	0	3437	-2953	4178	21543	-7805	-255	-45	970	205	0	-1	0	-44	958	202	1606974740
-55	-49	-62	-57	-56	0	0	0	-82	-83	-82	-82	-86	0	0	0	0	0	-91	0	0	-76	0	-92	0	0	-89	0	0	0	0	0	0	-59	-64	0	0	0	-84	0	0	0	0	-89	0	0	0	0	0	-90	0	0	0	0	0	0	0	0	0	0	0	0	0	0	0	0	0	0	0	0	0	0	0	0	0	0	3392	-2997	4141	21544	-7809	-254	-44	970	204	0	-1	0	-44	958	202	1606974741
-55	-48	0	-58	-56	0	-69	-73	-73	-83	-74	-74	-81	-69	0	0	0	-86	-88	-86	0	-76	-86	-86	0	0	-90	0	0	0	0	0	0	-51	0	0	0	0	0	0	0	0	0	0	-88	0	0	0	0	0	0	0	-91	0	0	0	0	0	0	0	0	0	0	0	0	0	0	0	-91	0	0	0	0	0	0	0	3452	-2938	4171	21543	-7804	-254	-45	970	205	0	-1	0	-44	958	203	1606974743
0	-56	-58	0	-58	-65	0	-72	-81	0	-83	-81	-85	0	0	0	0	-93	-94	0	0	-74	0	-93	0	0	0	0	0	0	0	0	0	-60	0	0	0	0	0	0	0	0	-88	0	0	0	0	0	0	0	0	0	0	0	0	0	0	0	-74	0	0	0	0	0	0	0	0	0	0	0	0	0	0	0	0	0	3423	-2998	4201	21543	-7804	-255	-45	970	205	0	-1	0	-44	958	203	1606974745
0	-57	-62	-58	-58	0	-67	-68	-85	-76	-84	-82	-86	-68	0	0	0	-94	-91	0	0	-75	0	-96	0	0	0	0	0	0	0	0	0	-60	0	0	0	0	-84	0	0	0	0	0	-86	-85	-85	0	-87	0	-86	0	0	0	0	0	0	0	0	0	0	0	0	0	0	0	0	0	0	0	0	0	0	0	0	0	3392	-3012	4141	21544	-7809	-255	-45	970	204	0	-1	0	-44	958	202	1606974746
0	-60	0	-58	-58	-59	-72	-68	-75	-79	-76	-75	-79	-71	0	0	0	-86	-86	-87	0	-74	-87	-86	0	0	0	0	0	0	0	0	0	-54	-63	0	0	0	-94	0	0	0	0	0	0	0	0	0	0	0	0	0	0	0	0	0	0	0	0	0	0	0	0	0	0	0	0	0	-92	0	0	0	0	0	0	0	3423	-3005	4186	21543	-7804	-255	-45	970	205	0	-1	0	-44	958	203	1606974748
0	-58	0	0	-59	0	0	0	-75	0	-76	-75	-78	0	0	0	-75	-88	-89	-88	0	-75	-88	-88	0	0	-91	0	0	0	0	0	0	-53	0	0	0	0	0	0	0	-90	-88	0	0	0	0	0	0	-90	0	0	0	0	0	0	0	0	0	0	0	0	0	0	0	0	0	0	-92	0	0	0	0	0	0	0	3437	-2968	4216	21543	-7804	-254	-44	970	205	0	-1	0	-44	958	203	1606974749
-60	-61	-58	-57	-57	0	0	-68	-76	0	-75	-75	-78	-71	0	0	0	-87	-87	-87	0	-75	-88	-89	0	0	-91	0	0	0	0	0	0	-53	0	0	0	0	0	0	0	0	0	0	-81	-82	-82	0	-82	0	-83	0	0	0	0	0	0	0	0	0	0	0	0	0	0	0	0	0	-92	0	0	0	0	0	0	0	3422	-2930	4148	21544	-7809	-254	-45	970	204	0	-1	0	-44	958	202	1606974751
0	-50	0	-57	-58	-59	0	0	-75	0	-76	-75	-79	0	0	0	0	-87	-88	-87	0	-74	-88	-87	0	0	-91	0	0	0	0	0	0	-54	0	0	0	0	0	0	0	0	0	0	0	0	0	0	0	0	0	0	0	0	0	0	0	0	0	0	0	0	0	0	0	0	0	0	-91	0	0	0	0	0	0	0	3422	-2998	4141	21543	-7804	-255	-44	970	205	0	-1	-1	-44	958	203	1606974752
0	-51	0	-57	-58	-59	0	-71	-75	0	-76	-75	-79	0	0	0	0	-88	-88	-86	0	-76	-88	-89	0	0	-89	0	0	0	0	0	0	-54	-63	0	0	0	0	0	0	0	0	0	0	0	0	0	0	0	0	0	0	0	0	0	0	0	-77	0	0	0	0	0	0	0	0	0	-91	0	0	0	0	0	0	0	3422	-2968	4156	21542	-7804	-256	-45	970	205	0	-1	0	-44	958	203	1606974754
-60	-51	-62	-57	-58	0	-68	-67	-76	0	-76	-77	-78	-71	0	0	0	-87	-87	-88	0	-77	-87	-88	0	0	0	0	0	0	0	0	0	-54	0	0	0	0	0	0	0	0	0	0	0	0	0	0	0	0	0	0	0	0	0	0	0	0	-76	0	0	0	0	0	0	0	0	0	-91	0	0	0	0	0	0	0	3377	-2952	4156	21544	-7810	-254	-45	970	204	0	-1	0	-44	958	202	1606974755
0	-51	-64	-56	-58	0	-68	-67	-75	-79	-75	-77	-79	0	0	0	0	-89	-88	-87	0	0	-86	-88	0	0	-90	0	0	0	0	0	0	-54	0	0	0	0	-93	0	0	0	0	0	0	0	0	0	0	0	0	0	0	0	0	0	0	0	0	0	0	0	0	0	0	0	0	0	-90	0	0	0	0	0	0	0	3392	-3012	4149	21542	-7802	-255	-45	970	205	0	-1	0	-44	958	203	1606974757
0	-51	0	0	-58	-59	0	-71	-76	0	-77	-76	-79	0	0	0	0	-88	-87	-87	0	-80	-87	-86	0	0	0	0	0	0	0	0	0	-55	0	0	0	0	-92	0	0	0	0	0	0	0	0	0	0	0	0	0	0	0	0	0	0	0	0	0	0	0	0	0	0	0	0	0	0	0	0	0	0	0	0	0	3423	-3020	4216	21543	-7803	-254	-45	970	205	0	-1	0	-44	958	203	1606974758
0	-52	0	-56	-58	-64	0	-71	-83	0	-83	-80	-85	-72	0	0	0	-93	-94	0	0	0	0	-92	0	0	0	0	0	0	0	0	0	-60	0	0	0	0	-83	0	0	0	0	0	0	0	0	0	0	0	0	0	0	0	0	0	0	0	0	0	0	0	0	0	0	0	0	0	0	0	0	0	0	0	0	0	3430	-2968	4141	21543	-7806	-255	-45	970	204	0	-1	0	-44	958	202	1606974760
-61	-58	0	-56	-58	-58	0	0	-76	-80	-76	-76	-78	0	0	0	0	-88	-88	-88	0	-76	-87	-87	0	0	-91	0	0	0	0	0	0	-55	-63	0	0	0	-93	0	0	-90	0	0	0	0	0	0	0	-90	0	0	0	0	0	0	0	0	0	0	0	0	0	0	0	0	0	0	-92	0	0	0	0	0	0	0	3415	-2960	4156	21543	-7803	-255	-45	970	206	0	-1	-1	-44	958	203	1606974762
-60	-57	-59	-57	-59	-57	-70	-67	-76	0	-76	-75	-77	-71	0	0	0	-87	-86	-87	0	-76	-88	-87	0	0	0	0	0	0	0	0	0	-55	0	0	0	0	-93	0	0	0	-88	0	0	0	0	0	0	0	0	0	0	0	0	0	0	0	0	0	0	0	0	0	0	0	0	0	0	0	0	0	0	0	0	0	3453	-2968	4193	21542	-7801	-254	-45	970	205	0	-1	0	-44	958	203	1606974763
-59	-58	-60	-55	-61	-64	-72	-71	-81	-81	-82	-83	-83	0	0	0	0	-92	-92	0	0	-75	0	-92	0	0	0	0	0	0	0	0	0	-59	-63	0	0	0	-84	0	0	0	0	0	0	0	0	0	0	0	0	0	0	0	0	0	0	0	0	0	0	0	0	0	0	0	0	0	0	0	0	0	0	-90	0	0	3422	-2968	4201	21543	-7806	-255	-44	970	204	0	-1	0	-44	958	202	1606974765
-61	-59	-61	-57	-60	0	-68	0	-81	-78	-82	-81	-82	-68	0	0	0	-93	-94	0	0	-76	0	-94	0	0	-91	0	0	0	0	0	0	-57	-65	0	0	0	-83	0	0	0	0	0	-86	0	-87	0	-86	0	-87	0	0	0	0	0	0	0	0	0	0	0	0	0	0	0	0	0	0	-90	0	0	0	-92	0	0	3422	-2968	4141	21542	-7801	-255	-45	970	205	0	-1	0	-44	958	203	1606974767
0	-59	0	0	-59	-65	-72	0	-81	-79	-82	-82	-83	0	-76	0	0	-93	-92	0	0	-77	-91	-92	0	0	-90	0	0	0	0	0	0	-58	-65	0	0	0	-86	0	0	0	0	0	-89	0	0	0	0	0	0	0	0	0	0	0	0	0	0	0	0	0	0	0	0	0	0	0	0	0	0	0	0	0	0	0	3377	-2968	4200	21542	-7801	-255	-44	970	205	0	-1	0	-44	958	203	1606974768
0	-59	-60	0	-58	0	0	0	-83	-79	-81	-83	-83	0	0	0	0	0	-91	-93	0	-75	-92	-91	0	0	-89	0	0	0	0	0	0	-58	0	0	0	0	-83	0	0	-89	0	0	0	0	0	0	0	0	0	0	0	0	0	0	0	0	0	0	0	0	0	0	0	0	0	0	0	0	0	0	0	0	0	0	3392	-2952	4141	21543	-7806	-255	-44	970	204	0	-1	0	-44	958	202	1606974770
-55	-58	-61	-57	-59	0	0	-68	-81	-78	-82	-82	-84	-68	0	0	-66	-92	-90	-93	0	0	0	-92	0	0	-90	0	0	0	0	0	0	-58	0	0	0	0	-85	0	0	0	0	0	0	0	0	0	0	0	0	0	0	0	0	-92	0	0	0	0	0	0	0	0	0	0	0	0	0	0	0	0	0	0	0	0	3437	-2953	4171	21542	-7803	-255	-44	970	205	0	-1	0	-44	958	203	1606974771
-55	-58	-59	0	-59	0	0	0	-74	0	-75	-75	-78	0	0	0	0	-89	-88	-90	0	-75	-88	-89	0	0	-89	0	0	0	0	0	0	-54	-65	0	0	0	0	0	0	0	0	0	0	0	0	0	0	0	0	0	0	0	0	0	0	0	0	0	0	0	0	0	0	0	0	0	-91	0	0	0	0	0	0	0	3347	-2967	4171	21543	-7803	-255	-45	970	205	0	-1	0	-44	958	203	1606974773
0	-59	-61	-58	-59	0	-67	-68	-75	-80	-75	-75	-78	-68	-77	0	-76	-89	-88	-88	0	-76	-88	-88	0	0	0	0	0	0	0	0	0	-54	0	0	0	0	0	0	0	0	0	0	0	0	0	0	0	0	0	0	0	0	0	0	0	0	0	0	0	0	0	0	0	0	0	0	-90	0	0	0	0	0	0	0	3452	-2983	4171	21543	-7808	-255	-45	970	204	0	-1	0	-44	958	202	1606974775
0	-50	-60	-57	0	-59	-68	-68	-75	-79	-74	-75	0	-68	0	0	0	-88	-88	-87	0	-76	-89	-87	0	0	-90	0	0	0	0	0	0	-55	-64	0	0	0	-93	0	0	0	0	0	0	0	0	0	0	0	0	0	0	0	0	0	0	0	0	0	0	0	0	0	0	0	0	0	-94	0	0	0	0	0	0	0	3385	-2967	4141	21542	-7803	-255	-45	970	205	0	-1	0	-44	958	203	1606974776
0	-50	-60	-55	-59	-66	0	0	-82	0	-81	-80	-84	0	0	0	-75	-92	-93	-92	-75	-74	0	-93	-76	-77	0	0	0	0	0	0	0	-58	0	0	0	0	-84	0	0	0	0	0	-86	0	-87	-86	0	0	0	0	0	0	0	0	0	0	0	0	0	0	0	0	0	0	0	0	0	0	0	0	0	0	0	0	3453	-3043	4141	21542	-7803	-256	-45	970	205	0	0	0	-44	958	203	1606974778
0	-57	-61	0	-60	0	0	0	-81	0	-83	-82	-84	0	0	0	0	-93	-94	0	-76	-75	0	-95	-79	-75	-92	0	0	0	0	0	0	-58	0	0	0	0	-84	0	0	0	0	0	0	0	0	0	0	0	0	0	0	0	0	0	0	0	0	0	0	0	0	0	0	0	0	0	0	0	0	0	0	0	0	0	3392	-2937	4126	21543	-7807	-255	-45	970	204	0	0	0	-44	958	202	1606974779
-59	-52	-61	-57	-58	0	-67	0	-82	-69	-82	-83	-83	-67	0	0	0	0	-93	0	0	0	0	-92	0	0	0	0	0	0	0	0	0	-58	0	0	0	0	-85	0	0	0	0	0	-87	0	0	0	0	0	0	0	0	0	0	0	0	0	0	0	0	0	0	0	0	0	0	0	0	0	0	0	0	0	0	0	3422	-2968	4156	21542	-7803	-255	-45	970	205	0	0	-1	-44	958	203	1606974781
0	-51	0	-59	-59	0	-72	-66	-75	-79	-75	-75	-80	0	0	0	0	-87	-88	-88	0	-79	-87	-87	0	0	0	0	0	0	0	0	0	-54	-62	0	0	0	0	0	0	0	0	0	0	0	0	0	0	0	0	0	0	0	0	0	0	0	-74	0	0	0	0	0	0	0	0	0	-90	0	0	0	0	0	0	0	3452	-2908	4141	21542	-7801	-255	-45	970	205	0	0	0	-44	958	203	1606974783
0	-57	0	-58	-59	-65	0	0	-81	-79	-83	-82	-84	0	0	0	0	-93	-93	0	0	-79	0	-93	0	0	-88	0	0	0	0	0	0	-59	-63	0	0	0	-84	0	0	0	0	0	0	0	0	0	0	0	0	0	0	0	0	0	0	0	0	0	0	0	0	0	0	0	0	0	0	0	0	0	0	0	0	0	3392	-2937	4141	21543	-7804	-255	-44	970	205	0	0	0	-44	958	203	1606974784
-56	-57	-60	0	-59	0	-73	0	-74	0	-75	-74	-80	0	0	0	-79	-87	-87	-86	0	-77	-87	-87	0	0	-91	0	0	0	0	0	0	-54	0	0	0	0	0	0	0	0	0	0	0	0	0	0	0	0	0	0	0	0	0	0	0	0	0	0	0	0	0	0	0	0	0	0	-92	0	0	0	0	0	0	0	3437	-2938	4215	21543	-7803	-255	-45	970	205	0	0	0	-44	958	203	1606974786
0	-59	-58	-58	0	0	-67	-67	-72	0	-72	-73	-80	0	0	0	-78	-87	-87	-86	-79	-78	-87	-87	-78	-77	0	0	0	0	0	0	0	0	0	0	0	0	-93	0	0	0	0	0	0	0	0	0	0	0	0	0	0	0	0	0	0	0	0	0	0	0	0	0	0	0	0	0	-92	0	0	0	0	0	0	0	3437	-2968	4126	21543	-7803	-255	-45	970	205	0	0	0	-44	958	203	1606974787
0	-51	-60	-59	-58	-60	0	-72	-71	0	-72	-71	-79	-68	0	0	0	-89	-88	-88	0	0	-86	-87	0	0	-90	0	0	0	0	0	0	-54	0	0	0	0	-92	0	0	0	0	0	0	-86	0	0	-86	0	0	0	0	0	0	0	0	0	0	0	0	0	0	0	0	0	0	0	-92	0	0	0	0	0	0	0	3453	-2968	4201	21543	-7804	-254	-44	970	205	0	-1	0	-44	958	203	1606974789
-58	-57	0	-60	-59	-65	-72	0	-82	-78	-82	-82	-84	0	0	0	0	-96	0	-93	0	-76	-93	-91	0	0	0	0	0	0	0	0	0	-59	-64	0	0	0	-84	0	0	0	0	0	0	0	-86	0	0	0	0	0	0	0	0	0	0	0	0	0	0	0	0	0	0	0	0	0	0	0	0	0	0	0	0	0	3377	-3012	4148	21543	-7803	-255	-44	970	205	0	0	0	-44	958	203	1606974791
-58	-52	-55	0	-59	-58	0	0	-72	-79	-72	-72	-81	-67	0	0	0	-88	-88	-88	0	-78	-89	-88	0	0	-90	0	0	0	0	0	0	-54	-64	0	0	0	0	0	0	0	0	0	0	0	0	0	0	-92	0	0	0	0	0	0	0	0	0	0	0	0	0	0	0	0	0	0	-92	0	0	0	0	0	0	0	3422	-2960	4208	21542	-7802	-255	-45	970	205	0	0	0	-44	958	203	1606974792
-55	-55	-54	-60	-58	0	0	-67	-82	0	-82	-81	-84	0	0	0	0	-94	-94	-91	0	0	0	-92	0	0	-89	0	0	0	0	0	0	-59	0	0	0	0	-84	0	0	0	0	0	0	0	0	0	0	0	0	0	0	0	0	0	0	0	0	0	0	0	0	0	0	0	0	0	0	0	0	0	0	0	0	0	3453	-3013	4156	21543	-7803	-255	-45	970	204	0	0	0	-44	958	203	1606974794
-59	-52	-54	-60	-58	-65	-67	0	-82	0	-82	-81	-84	-68	0	0	0	-93	-92	-91	0	0	0	-92	0	0	0	0	0	0	0	0	0	-59	0	0	0	0	-84	0	0	0	0	0	0	0	0	0	0	0	0	0	0	0	0	0	0	0	0	0	0	0	0	0	0	0	0	0	0	0	0	0	0	0	0	0	3392	-3005	4141	21542	-7802	-255	-45	970	205	0	0	0	-44	958	203	1606974795
-56	-51	-54	0	-58	0	-68	-72	-72	-77	-72	-73	-80	0	0	0	0	-87	-88	-87	0	0	-88	-87	0	0	0	0	0	0	0	0	0	0	-63	0	0	0	0	0	0	0	0	0	0	0	0	0	0	0	0	0	0	0	0	0	0	0	-74	0	0	0	0	0	0	0	0	0	-91	0	0	0	0	0	0	0	3475	-2953	4171	21542	-7803	-255	-45	970	205	0	0	0	-44	958	203	1606974797
0	-51	0	-60	-58	0	0	-68	-72	0	-73	-72	-81	-67	0	0	0	-86	-86	-88	0	-77	-88	-87	0	0	-91	0	0	0	0	0	0	-55	0	0	0	0	-93	0	0	0	0	0	0	0	0	0	0	0	0	0	0	0	0	0	0	0	0	0	0	0	0	0	0	0	0	0	-90	0	0	0	0	0	0	0	3377	-2960	4141	21543	-7804	-255	-44	970	204	0	0	-1	-44	958	203	1606974799
-55	-55	0	-59	-59	-60	-71	-73	-71	0	-71	-74	-80	0	0	0	-74	-87	-86	-87	-74	-77	-87	-88	-75	-76	0	0	0	0	0	0	0	-55	-64	0	0	0	-92	0	0	0	0	0	0	0	0	0	0	0	0	0	0	0	0	0	0	0	0	0	0	0	0	0	0	0	0	0	-90	0	0	0	0	0	0	0	3430	-2960	4148	21543	-7803	-255	-45	970	205	0	0	0	-44	958	203	1606974800
0	0	-54	-60	-59	-59	-67	-67	-73	0	-74	-73	-81	-72	0	0	0	-87	-89	-89	0	-75	-89	-88	0	0	0	0	0	0	0	0	0	-54	0	0	0	0	-93	0	0	0	0	0	-85	-88	-86	0	-85	0	-87	0	0	0	0	0	0	0	0	0	0	0	0	0	0	0	0	0	0	0	0	0	0	-92	0	0	3385	-2998	4171	21542	-7802	-255	-45	970	205	0	0	0	-44	958	203	1606974802
-59	-51	-56	-58	-59	-58	-69	-68	-73	0	-73	-73	-80	-68	0	0	0	-89	-89	-88	0	-75	-88	-88	0	0	0	0	0	0	0	0	0	-54	-64	0	0	0	-92	0	0	0	0	0	0	0	0	-83	0	0	0	0	0	0	0	0	0	0	0	0	0	0	0	0	0	0	0	0	-89	0	0	0	0	0	0	0	3377	-2915	4200	21542	-7802	-255	-45	970	205	0	0	0	-44	958	203	1606974804
-55	-54	-55	0	-59	0	0	0	-72	-79	-73	-73	-80	0	0	0	0	-87	-87	-86	0	-75	-87	-87	0	0	0	0	0	0	0	0	0	0	0	0	0	0	0	0	0	0	-87	0	0	0	0	0	0	0	0	0	0	0	0	0	0	0	0	0	0	0	0	0	0	-91	0	0	-92	0	0	0	0	0	0	0	3422	-2968	4141	21543	-7804	-255	-44	970	205	0	0	0	-44	958	203	1606974805
-58	-51	-54	-59	-59	0	0	-73	-71	-75	-72	-72	-81	-67	0	0	0	-87	-88	-87	0	0	-88	-88	0	0	0	0	0	0	0	0	0	-55	0	0	0	0	0	0	0	0	0	0	0	0	0	0	0	0	0	0	0	0	0	0	0	0	0	0	0	0	0	0	0	0	0	0	-91	0	0	0	0	0	0	0	3422	-2938	4156	21543	-7802	-254	-44	970	205	0	0	0	-44	958	203	1606974807
-55	-55	-55	-61	-59	0	-71	-66	-83	-77	-84	-83	-84	-66	0	0	0	-94	-92	-92	-75	-77	-92	-93	0	0	0	0	0	0	0	0	0	-59	0	0	0	0	-84	0	0	0	0	0	0	0	0	0	0	0	0	0	0	0	0	0	0	0	0	0	0	0	0	0	0	0	0	0	0	0	0	0	0	0	0	0	3422	-3013	4171	21543	-7803	-255	-45	970	205	0	0	0	-44	958	203	1606974808
0	-55	0	-60	-60	-59	-66	-67	-73	-79	-74	-72	-80	-72	0	0	0	-89	-87	-88	0	0	-88	-88	0	0	0	0	0	0	0	0	0	-54	-63	0	0	0	-93	0	0	0	0	0	0	0	0	0	0	0	0	0	0	0	0	0	0	0	0	0	0	0	0	0	0	0	0	0	-90	0	0	0	0	0	0	0	3392	-2893	4208	21543	-7808	-255	-45	970	204	0	0	-1	-44	958	202	1606974810
-55	-53	0	-60	-51	-59	-72	-67	-72	-80	-72	-72	-79	-71	0	0	0	-88	-88	-88	0	-79	-88	-87	0	0	0	0	0	0	0	0	0	-55	0	0	0	0	-94	0	0	0	0	0	0	0	0	0	0	0	0	0	0	0	0	0	0	0	0	0	0	0	0	0	0	0	0	0	-90	0	0	0	0	0	0	0	3437	-2952	4051	21543	-7803	-255	-45	970	205	0	0	0	-44	958	203	1606974811
0	-57	0	-60	0	0	0	-67	-72	0	-72	-73	-80	-71	0	0	0	-87	-87	-89	0	-75	-88	-88	0	0	0	0	0	0	0	0	0	-55	0	0	0	0	-94	0	0	0	0	0	0	0	0	0	0	0	0	0	0	0	0	0	0	0	0	0	0	0	0	0	0	0	0	0	-91	0	0	0	0	0	0	0	3452	-2983	4171	21543	-7804	-255	-45	970	205	0	0	0	-44	958	203	1606974813
0	-51	-54	-62	-58	0	-72	-67	-81	0	-82	-83	-85	-66	-77	0	-75	-93	-91	-93	-77	-75	-92	-93	-76	-74	0	0	0	0	0	0	0	-61	0	0	0	0	-85	0	0	0	0	0	0	-86	-86	0	-87	0	-87	0	0	0	0	0	0	0	0	0	0	0	0	0	0	0	0	0	0	0	0	0	0	0	0	0	3422	-3012	4126	21543	-7808	-255	-45	970	204	0	0	0	-44	958	202	1606974814
0	-51	0	-62	-60	-61	0	-73	-72	-78	-73	-72	-78	-72	0	0	0	-91	-90	-89	0	0	-89	-89	0	0	0	0	0	0	0	0	0	-53	0	0	0	0	-93	0	0	0	0	0	0	0	0	0	0	0	0	0	0	0	0	0	0	0	0	0	0	0	0	0	0	0	0	0	-90	0	0	0	0	0	0	0	3408	-3043	4156	21543	-7804	-255	-44	970	205	0	0	0	-44	958	203	1606974816
-62	-59	-51	-58	-59	0	-69	-70	-72	-80	-72	-73	-81	-72	0	0	0	-88	-91	-90	0	-76	-90	-89	0	0	0	0	0	0	0	0	0	-53	0	0	0	0	-94	0	0	0	0	0	0	0	0	0	0	0	0	0	0	0	0	0	0	0	0	0	0	0	0	0	0	0	0	0	-92	0	0	0	0	0	0	0	3437	-2983	4141	21543	-7805	-255	-45	970	205	0	0	0	-44	958	202	1606974818
-62	-51	0	-59	-58	0	-70	-68	-73	0	-72	-72	-80	-70	0	0	0	-90	-89	-90	0	-77	-91	-89	0	0	0	0	0	0	0	0	0	-54	-64	0	0	0	-92	0	0	0	0	0	-87	0	0	0	0	0	0	0	0	0	0	0	0	0	0	0	0	0	0	0	0	0	0	0	-91	0	0	0	0	0	0	0	3415	-2953	4156	21543	-7807	-255	-45	970	204	0	0	-1	-44	958	202	1606974819
-55	-58	-52	0	-57	0	0	0	-72	-80	-72	-73	-80	0	0	0	0	-89	-90	-90	0	-78	-89	-90	0	0	0	0	0	0	0	0	0	-54	0	0	0	0	-94	0	0	0	0	0	-86	-86	-86	0	0	0	-87	0	0	0	0	0	0	0	0	0	0	0	0	0	0	0	0	0	-91	0	0	0	0	-89	0	0	3423	-2998	4186	21543	-7803	-254	-44	970	205	0	0	0	-44	958	203	1606974821
-55	-59	-53	-59	-56	0	-70	-69	-72	0	-72	-72	-80	-71	0	0	0	-88	-90	-90	0	0	-88	-88	0	0	0	0	0	0	0	0	0	-53	0	0	0	0	0	0	0	0	0	0	-85	-85	-88	0	0	0	-87	0	0	0	0	0	0	0	0	0	0	0	0	0	0	0	0	0	-89	0	0	0	0	0	0	0	3437	-2945	4171	21543	-7803	-254	-44	970	205	0	0	0	-44	958	203	1606974822
-61	0	-52	-59	-55	-58	-72	-69	-73	0	-72	-72	-81	-72	0	0	0	-89	-89	-88	0	-79	-90	-89	0	0	0	0	0	0	0	0	0	-53	-64	0	0	0	-94	0	0	0	0	0	0	0	0	0	0	0	0	0	0	0	0	0	0	0	0	0	0	0	0	0	0	0	0	0	-91	0	0	0	0	0	0	0	3415	-2953	4171	21543	-7805	-255	-45	970	204	0	0	0	-44	958	202	1606974824
-55	-53	-52	-60	-57	-63	-70	0	-80	0	-82	-80	-85	-71	0	0	0	-94	-92	-91	0	-75	-91	-91	0	0	0	0	0	0	0	0	0	-62	0	0	0	0	-86	0	0	0	0	0	-85	0	0	0	0	0	0	0	0	0	0	0	0	0	0	0	0	0	0	0	0	0	0	0	0	0	0	0	0	0	0	0	3482	-2938	4126	21543	-7805	-254	-45	970	205	0	0	0	-44	958	202	1606974826
-54	-51	-58	-59	-57	-63	-73	-72	-80	-79	-81	-82	-85	-69	0	0	0	-93	-92	0	0	-77	0	-91	0	0	0	0	0	0	0	0	0	-62	0	0	0	0	-85	0	0	0	0	0	0	0	0	0	0	0	0	0	0	0	0	0	0	0	0	0	0	0	0	0	0	0	0	0	0	0	-87	0	0	0	0	0	3370	-2967	4141	21542	-7803	-255	-45	970	205	0	0	0	-44	958	203	1606974827
0	-55	0	-59	-57	-63	-68	0	-79	0	-81	-81	-84	0	0	0	0	0	0	0	0	-76	0	-93	0	0	-90	0	0	0	0	0	0	-61	0	0	0	0	-85	0	0	0	-86	0	0	0	0	0	0	0	0	0	0	0	0	0	0	0	0	0	0	0	0	0	0	0	0	0	0	0	0	0	0	0	0	0	3482	-2968	4141	21543	-7807	-255	-45	970	204	0	0	0	-44	958	202	1606974829
-54	-57	-56	-57	-56	0	-69	-72	-81	-79	-82	-81	-84	-69	0	0	-76	-95	-92	0	-76	-75	0	-93	-75	-75	0	0	0	0	0	0	0	-62	0	0	0	0	-85	0	0	0	0	0	-86	0	-85	0	-85	0	0	0	0	0	0	0	0	0	0	0	0	0	0	0	0	0	0	0	0	0	0	0	0	0	0	0	3370	-2953	4171	21543	-7804	-255	-45	970	205	0	0	0	-44	958	203	1606974830
0	-50	-58	-57	-56	-64	-73	0	-79	0	-80	-80	-83	-73	-78	0	0	-93	-93	-93	0	-76	-94	-92	0	0	-91	0	0	0	0	0	0	-61	0	0	0	0	-84	0	0	-89	0	0	-86	0	0	0	0	0	0	0	0	0	0	0	0	0	0	0	0	0	0	0	0	0	0	0	0	0	0	0	0	0	0	0	3453	-3013	4201	21543	-7803	-254	-45	970	204	0	0	0	-44	958	203	1606974832
-55	-58	0	-57	-58	0	-71	-73	-73	-80	-73	-72	-79	-69	0	0	0	-87	-88	-87	0	-78	-87	-88	-75	-74	0	0	0	0	0	0	0	-53	0	0	0	0	-94	0	0	0	0	0	0	0	0	0	0	0	0	0	0	0	0	0	0	0	0	0	0	0	0	0	0	0	0	0	-89	0	0	0	0	0	0	0	3482	-2953	4156	21544	-7808	-255	-45	970	204	0	0	0	-44	958	202	1606974834
-57	0	-54	-57	-57	-63	-72	-73	-82	0	-81	-79	-83	-71	0	0	0	-95	-91	0	0	-76	0	-93	0	0	-93	0	0	0	0	0	0	-61	0	0	0	0	-84	0	0	0	0	0	-85	0	0	0	0	0	0	0	0	0	0	0	0	0	0	0	0	0	0	0	0	0	0	0	0	0	0	0	0	0	0	0	3332	-2952	4215	21543	-7804	-255	-44	970	205	0	0	0	-44	958	203	1606974835
0	-49	-56	-56	-56	0	-70	-69	-82	-78	-78	-81	-83	-69	0	0	0	0	-93	0	0	-78	0	-94	0	0	-90	0	0	0	0	0	0	-62	-65	0	0	0	-84	0	0	0	0	0	-86	0	0	0	0	0	0	0	0	0	0	0	0	0	0	0	0	0	0	0	0	0	0	0	0	0	0	0	0	0	0	0	3453	-3013	4171	21542	-7803	-255	-45	970	205	0	0	0	-44	958	203	1606974837
0	-50	0	-57	-56	-61	-70	-69	-73	-78	-73	-73	-79	0	-78	0	0	-88	-88	-88	0	-76	-88	-88	0	0	-92	0	0	0	0	0	0	-53	0	0	0	0	-93	0	0	0	-86	0	-85	0	0	0	0	0	0	0	0	0	0	0	0	0	0	0	0	0	0	0	0	0	0	0	-90	0	0	0	0	0	0	0	3437	-2983	4141	21544	-7809	-255	-44	970	204	0	0	0	-44	958	202	1606974838
0	-50	-52	-56	-56	-60	0	-69	-73	0	-74	-74	-79	0	0	0	0	-89	-88	-88	0	-74	-90	-89	0	0	-90	0	0	0	0	0	0	-53	-65	0	0	0	-94	0	0	0	-86	0	0	0	0	0	0	0	0	0	0	0	0	0	0	0	0	0	0	-94	0	0	0	0	0	0	-92	0	0	0	0	0	0	0	3422	-2968	4141	21543	-7805	-255	-45	970	204	0	0	0	-44	958	202	1606974840
-63	-58	-52	-56	0	0	0	-71	-82	-78	-80	-81	-84	0	0	0	0	-92	-91	0	0	-78	0	0	0	0	0	0	0	0	0	0	0	-62	-66	0	0	0	-85	0	0	0	0	0	0	0	0	0	0	0	0	0	-86	0	0	0	0	0	0	0	0	0	0	0	0	0	0	0	0	0	0	0	0	0	0	0	3422	-2983	4141	21543	-7804	-254	-45	970	205	0	0	0	-44	958	203	1606974842
-63	-58	-54	-56	-56	-58	0	-69	-74	0	-73	-73	-78	-74	0	0	0	-89	-87	-87	0	-76	-88	-87	0	0	0	0	0	0	0	0	0	-53	-65	0	0	0	0	0	0	0	0	0	-85	-85	-86	0	-85	0	-87	0	0	0	0	0	0	0	0	0	0	0	0	0	0	0	0	0	-91	0	0	0	0	0	0	0	3392	-2998	4171	21544	-7810	-254	-44	970	204	0	0	0	-44	958	202	1606974843
0	-51	-54	-56	-57	0	-69	-72	-73	0	-74	-73	-78	-71	0	0	0	-87	-89	-89	0	-75	-88	-88	-75	-75	0	0	0	0	0	0	0	-52	0	0	0	0	-92	0	0	0	0	0	0	0	0	0	0	0	-84	0	0	0	0	0	0	0	0	0	0	0	0	0	0	0	0	0	-90	0	0	0	0	0	0	0	3422	-2998	4163	21543	-7805	-254	-44	970	205	0	0	0	-44	958	202	1606974845
-55	-51	-54	-56	-56	-63	-72	-72	-80	0	-80	-79	-85	0	0	0	0	0	-92	0	0	-75	0	-91	0	0	0	0	0	0	0	0	0	-61	0	0	0	0	-85	0	0	0	0	0	0	0	0	0	0	0	0	0	0	0	0	0	0	0	0	0	0	0	0	0	0	0	0	0	0	0	0	0	0	0	0	0	3422	-2968	4178	21543	-7803	-254	-44	970	205	0	0	0	-44	958	203	1606974846
-56	-58	-52	-56	-58	-61	-72	-72	-72	-79	-73	-73	-80	-69	0	0	0	-90	-89	-88	0	-78	-89	-89	0	0	0	0	0	0	0	0	0	-53	0	0	0	0	-93	0	0	-87	0	0	0	0	0	0	0	0	0	0	0	0	0	0	0	0	0	0	0	-90	0	0	0	0	0	0	-90	0	0	0	0	0	0	0	3422	-2953	4133	21544	-7808	-254	-45	970	204	0	0	0	-44	958	202	1606974848
-57	-50	-51	-58	-58	0	-68	-72	-81	0	-81	-79	-85	-69	0	0	0	-92	-92	0	0	0	-92	-91	0	0	0	0	0	0	0	0	0	-62	-64	0	0	0	-85	0	0	-89	0	0	0	0	0	0	0	0	0	0	0	0	0	0	0	0	0	0	0	0	0	0	0	0	0	0	0	0	0	0	0	0	0	0	3377	-2997	4126	21542	-7803	-255	-45	970	205	0	0	0	-44	958	203	1606974850
0	-57	-50	-58	-58	-62	-72	-71	-73	0	-73	-74	-79	-72	0	0	0	-90	-88	-89	0	-77	-88	-88	0	0	0	0	0	0	0	0	0	-53	0	0	0	0	0	0	0	0	0	0	0	0	0	0	-84	0	-87	0	0	-90	0	0	0	0	0	0	0	0	0	0	0	0	0	0	-90	0	0	0	0	0	0	0	3377	-2968	4178	21543	-7804	-253	-45	970	205	0	0	0	-44	958	203	1606974851
0	-58	-50	-58	-59	-61	-70	-72	-74	-80	-74	-73	-79	-72	0	0	0	-87	-88	-88	0	-75	-88	-88	0	0	0	0	0	0	0	0	0	-54	-63	0	0	0	-93	0	0	0	0	0	0	0	0	0	0	0	0	0	0	0	0	0	-90	0	0	0	0	-91	0	0	0	0	0	0	0	0	0	0	0	0	0	0	3392	-2952	4156	21543	-7805	-253	-45	970	205	0	-1	0	-44	958	202	1606974853
-59	-58	0	-58	-58	0	-72	-71	-73	0	-74	-72	-81	0	0	0	0	-88	-88	-89	0	-72	-89	-89	0	0	-90	0	0	0	0	0	0	-54	-64	0	0	0	0	0	0	0	0	0	0	0	0	0	0	0	0	0	0	0	0	0	0	0	0	0	0	0	0	0	0	0	0	0	-89	0	0	0	0	0	0	0	3400	-2967	4156	21544	-7806	-254	-44	970	205	0	-1	0	-44	958	202	1606974854
-59	-57	-51	-58	-58	-63	-72	-71	-79	0	-80	-79	-85	-70	0	0	0	-92	-93	-93	0	-74	-92	-94	0	0	0	0	0	0	0	0	0	-61	-64	0	0	0	-84	0	0	0	0	0	0	0	0	0	0	0	-85	0	0	0	0	0	0	0	0	0	0	0	0	0	0	0	0	0	0	-91	0	0	0	0	0	0	3422	-2938	4171	21543	-7805	-255	-45	970	205	0	0	0	-44	958	203	1606974856
-59	-55	-52	-57	-58	-60	-72	-73	-72	0	-72	-72	-78	-72	0	0	-75	0	-88	-89	0	-76	-89	-90	-75	-74	-89	0	0	0	0	0	0	-52	0	0	0	0	0	0	0	0	0	0	0	0	-84	0	0	0	-86	0	0	0	0	0	0	0	0	0	0	0	0	0	0	0	0	0	-90	0	0	0	0	0	0	0	3392	-2952	4141	21543	-7807	-254	-45	970	203	0	0	0	-44	958	202	1606974857
-59	-51	0	-58	-58	0	-72	-74	-74	0	-72	-73	-79	-69	0	0	-76	-89	-89	-89	-75	-74	-89	-89	-75	-74	0	0	0	0	0	0	0	-52	-63	0	0	0	-92	0	0	-89	-88	0	-84	0	0	0	0	0	0	0	0	0	0	0	0	0	0	0	0	0	0	0	0	0	0	0	-91	0	0	0	0	0	0	0	3483	-2998	4156	21543	-7805	-254	-45	970	204	0	0	0	-44	958	202	1606974859
0	-57	0	-59	-58	0	0	0	-72	0	-71	-72	-79	0	0	0	0	-90	-89	-88	0	-76	-89	-89	0	0	-91	0	0	0	0	0	0	-52	-63	0	0	0	0	0	0	0	0	0	0	0	0	0	0	0	0	0	0	0	0	0	0	0	-75	0	0	0	0	0	0	0	0	0	-90	0	0	0	0	0	0	0	3452	-2968	4156	21543	-7805	-254	-45	970	204	0	0	0	-44	958	202	1606974861
0	-57	-51	-58	0	-60	-73	-72	-72	0	-72	-73	-79	-72	0	0	0	-87	-89	-88	0	-77	-87	-88	0	0	0	0	0	0	0	0	0	-53	0	0	0	0	0	0	0	0	0	0	-86	0	0	0	0	0	0	0	0	0	0	0	0	0	0	0	0	0	0	0	0	0	0	0	-90	0	0	0	0	0	0	0	3430	-3005	4126	21543	-7804	-254	-45	970	205	0	0	0	-44	958	203	1606974862
-57	-58	-52	-57	-59	-60	0	-72	-73	0	-72	-71	-79	-70	0	0	0	-89	-89	-89	0	-75	-89	-89	0	0	0	0	0	0	0	0	0	-52	0	0	0	0	0	0	0	0	0	0	-85	0	0	0	0	0	0	0	0	0	0	0	0	0	0	0	0	0	0	0	0	0	0	0	-89	0	0	0	0	0	0	0	3422	-2998	4156	21543	-7806	-255	-45	970	205	0	0	0	-44	958	202	1606974864
-58	-51	0	-58	-59	-62	0	0	-80	0	-81	-81	-84	0	0	0	0	-93	-93	-91	0	-77	0	-92	0	0	-88	0	0	0	0	0	0	-63	0	0	0	0	-86	0	0	-91	0	0	-86	0	0	0	0	0	0	0	0	0	0	0	0	0	0	0	0	0	0	0	0	0	0	0	0	0	0	0	0	0	0	0	3498	-2998	4111	21543	-7804	-254	-45	970	205	0	0	0	-44	958	203	1606974865
-58	-57	-51	-58	-58	-62	-69	-70	-80	-80	-80	-79	-85	-72	0	0	0	-93	-90	-92	0	-76	-91	-91	0	0	-89	0	0	0	0	0	0	-63	0	0	0	0	-85	0	0	0	0	0	0	0	0	0	0	0	0	0	0	0	0	0	0	0	0	0	0	0	0	0	0	0	0	0	0	0	-86	0	0	0	0	0	3392	-2968	4201	21543	-7806	-255	-45	970	204	0	0	0	-44	958	202	1606974867
-59	-52	-52	-58	-55	-60	-70	-70	-72	0	-72	-73	-78	-70	0	0	0	-91	-88	-88	0	-75	-88	-89	0	0	0	0	0	0	0	0	0	-52	0	0	0	0	-94	0	0	0	0	0	0	0	0	0	0	0	0	0	0	0	0	0	0	0	0	0	0	0	0	0	0	0	0	0	-90	0	0	0	0	0	0	0	3452	-2923	4193	21543	-7806	-255	-45	970	205	0	-1	0	-44	958	202	1606974868
0	-50	-51	-55	0	-60	0	0	-72	0	-73	-72	-79	0	0	0	0	-89	-89	-88	0	-78	-89	-89	0	0	0	0	0	0	0	0	0	-51	-61	0	0	0	-94	0	0	0	0	0	-82	-81	-81	0	-80	0	-80	0	0	0	0	0	0	0	0	0	0	0	0	0	0	0	0	0	-91	0	0	0	0	0	0	0	3467	-2938	4126	21543	-7804	-254	-45	970	204	0	0	0	-44	958	203	1606974870
0	-50	0	-57	0	0	-73	-70	-72	0	-73	-72	-78	-71	0	0	0	-90	-90	-89	0	-76	-89	-90	0	0	0	0	0	0	0	0	0	-52	0	0	0	0	-94	0	0	0	0	0	0	0	0	0	0	0	0	0	0	0	0	0	0	0	0	0	0	0	0	0	0	0	-90	0	-92	0	0	0	0	0	0	0	3430	-2968	4171	21543	-7804	-254	-45	970	205	0	0	0	-44	958	203	1606974871
0	-59	-54	-57	-59	0	-70	-70	-73	0	-74	-72	0	-69	-79	0	0	-88	-89	-90	0	-75	-89	-88	0	0	0	0	0	0	0	0	0	-53	0	0	0	0	-92	0	0	0	-87	0	0	0	0	0	0	0	0	0	0	0	0	0	0	0	0	0	0	0	0	0	0	-91	0	0	-92	0	0	0	0	0	0	0	3422	-2968	4141	21544	-7809	-254	-45	970	204	0	-1	0	-44	958	202	1606974873
0	0	-57	-59	-58	0	0	-73	-80	0	-79	-79	-84	-69	0	0	0	-92	-92	-94	0	-74	-90	-90	0	0	0	0	0	0	0	0	0	-62	0	0	0	0	-84	0	0	0	0	0	-89	0	0	0	-83	0	-84	0	0	0	0	0	0	0	0	0	0	0	0	0	0	0	0	0	0	0	0	0	0	0	0	0	3437	-2968	4141	21543	-7805	-255	-45	970	205	0	0	0	-44	958	202	1606974874
0	-61	0	0	-58	-61	-69	-73	-73	-80	-73	-73	-80	-70	0	0	0	-89	-88	-88	0	-77	-90	-88	0	0	0	0	0	0	0	0	0	-54	0	0	0	0	-93	0	0	0	0	0	-86	0	0	0	0	0	0	0	0	0	0	0	0	0	0	0	0	0	0	0	0	0	0	0	-90	0	0	0	0	0	0	0	3392	-2997	4126	21543	-7804	-254	-45	970	205	0	0	0	-44	958	203	1606974876
0	-51	-54	-58	-58	-61	-70	-73	-72	0	-73	-73	-80	-69	0	0	0	-89	-89	-88	0	-76	-87	-88	0	0	-80	0	0	0	0	0	0	-53	-62	0	0	0	-93	0	0	0	0	0	0	0	0	0	0	0	0	0	0	0	0	0	0	0	0	0	0	0	0	0	0	0	0	0	-92	0	0	0	0	0	0	0	3385	-2938	4171	21543	-7807	-254	-45	970	205	0	-1	0	-44	958	202	1606974878
-57	-51	-52	0	-58	-61	0	-70	-73	0	-73	-73	-80	0	0	0	0	-90	-89	-90	0	-78	-87	-89	0	0	-89	0	0	0	0	0	0	-54	0	0	0	0	-93	0	0	0	0	0	-85	-86	-86	0	-85	0	-86	0	0	0	0	0	0	0	0	0	0	0	0	0	0	0	0	0	-90	0	0	0	0	0	0	0	3392	-2922	4200	21543	-7804	-255	-45	970	205	0	0	0	-44	958	203	1606974879
-55	-60	0	-59	-56	0	-73	-71	-73	0	-73	-74	-80	-70	0	0	0	-89	-88	0	0	-77	-89	-88	0	0	0	0	0	0	0	0	0	-52	-63	0	0	0	0	0	0	0	0	0	0	0	0	0	0	0	0	0	0	0	0	0	0	0	0	0	0	0	0	0	0	0	0	0	-91	0	0	0	0	0	0	0	3437	-2953	4148	21543	-7806	-255	-44	970	204	0	0	-1	-44	958	202	1606974881
-58	-51	0	-57	-59	0	-71	-70	-74	0	-73	-73	-80	-72	0	0	0	-90	-89	-89	0	-78	-89	-88	0	0	-89	0	0	0	0	0	0	-53	-64	0	0	0	-94	0	0	0	0	0	0	0	0	0	0	0	0	0	0	0	0	0	0	0	0	0	0	0	0	0	0	0	0	0	0	0	0	0	0	0	0	0	3392	-2952	4081	21543	-7809	-255	-45	970	204	0	0	0	-44	958	202	1606974882
-56	-51	0	-56	-57	-60	-68	-73	-74	0	-74	-74	-80	-71	0	0	0	-88	-87	-88	0	-78	-90	-87	0	0	0	0	0	0	0	0	0	-53	-63	0	0	0	-96	0	0	0	0	0	-86	0	0	0	0	0	0	0	0	0	0	0	0	0	0	0	0	0	0	0	0	0	0	0	-91	0	0	0	0	0	0	0	3377	-3013	4201	21543	-7804	-255	-45	970	205	0	0	0	-44	958	203	1606974884
-56	-62	-56	-58	-57	0	-69	-70	-82	0	-79	-81	-85	-72	0	0	-80	-93	-92	0	-79	-78	-92	-91	-80	-77	0	0	0	0	0	0	0	-62	0	0	0	0	-87	0	0	-89	-89	0	-85	0	0	-87	0	0	0	0	0	0	0	0	0	0	0	0	0	0	0	0	0	0	0	0	0	0	0	0	0	0	0	0	3392	-2930	4148	21543	-7805	-255	-44	970	205	0	0	0	-44	958	203	1606974886
0	-50	-57	-57	-57	0	-71	-71	-72	0	-72	-72	-80	-73	0	0	-77	-88	-89	-89	-79	-77	-88	-89	-77	-78	-90	0	0	0	0	0	0	-53	0	0	0	0	0	0	0	0	0	0	-86	-85	-85	0	0	0	0	0	0	0	0	0	0	0	0	0	0	0	0	0	0	0	0	0	-90	0	0	0	0	0	0	0	3392	-2968	4171	21544	-7808	-254	-44	970	204	0	0	-1	-44	958	202	1606974887
-56	-61	0	-57	-57	-58	-71	-73	-73	-78	-72	-73	-79	-71	0	0	0	-89	-87	-90	0	0	-89	-89	0	0	0	0	0	0	0	0	0	0	0	0	0	0	0	0	0	0	0	0	-82	0	0	0	0	0	0	0	0	0	0	0	0	0	0	0	0	0	0	0	0	0	0	0	-91	0	0	0	0	0	0	0	3377	-3012	4126	21543	-7804	-254	-44	970	205	0	-1	0	-44	958	203	1606974889
0	-51	-55	-57	-57	-60	0	-70	-72	0	-73	-72	-80	-72	0	0	0	-88	-89	-88	0	-79	-89	-89	0	0	-93	0	0	0	0	0	0	-52	0	0	0	0	0	0	0	0	0	0	-85	0	-85	0	-86	0	-85	0	0	0	0	0	0	0	-76	0	0	0	0	0	0	0	0	0	-90	0	-87	0	0	0	0	0	3497	-2945	4141	21543	-7803	-254	-44	970	205	0	0	0	-44	958	203	1606974890
0	-62	-57	-56	-59	0	-72	-72	-79	0	-81	-80	-86	-69	0	0	0	-95	-95	0	0	-76	0	-92	0	0	-91	0	0	0	0	0	0	-62	-64	0	0	0	-85	0	0	0	0	0	-86	0	0	0	0	0	0	0	-91	0	0	0	0	0	0	0	0	0	0	0	0	0	0	0	0	0	0	0	0	-91	0	0	3407	-2953	4156	21544	-7808	-254	-44	970	204	0	0	0	-44	958	202	1606974892
0	0	-55	-57	0	-60	-71	-71	-72	-78	-72	-72	-79	-72	0	0	0	-89	-88	-89	0	-77	-90	-88	0	0	0	0	0	0	0	0	0	-53	0	0	0	0	-95	0	0	0	0	0	0	0	0	0	0	0	0	0	0	0	0	0	0	0	0	0	0	0	0	0	0	0	0	0	-90	0	-87	0	0	0	0	0	3453	-2998	4141	21543	-7806	-254	-44	970	204	0	0	0	-44	958	202	1606974893
0	-51	0	-57	-58	0	0	0	-79	0	-82	-80	-86	0	0	0	0	-94	-92	0	0	-79	0	-93	0	0	0	0	0	0	0	0	0	-61	0	0	0	0	-85	0	0	0	0	0	0	0	0	0	0	0	0	0	0	0	0	0	-90	0	0	0	0	0	0	0	0	0	0	0	0	0	0	0	0	0	0	0	3377	-2967	4141	21542	-7804	-256	-45	970	205	0	0	0	-44	958	203	1606974895
-56	-51	0	-57	-57	0	-69	-70	-72	0	-72	-72	-80	-71	0	0	0	-88	-89	-88	0	-80	-88	-88	0	0	-90	0	0	0	0	0	0	-53	0	0	0	0	0	0	0	-88	0	0	-84	0	-86	0	-87	0	-87	0	0	0	0	0	0	0	0	0	0	0	0	0	0	0	0	0	-90	0	0	0	0	0	0	0	3392	-2967	4148	21544	-7809	-254	-44	970	204	0	0	0	-44	958	202	1606974897
-53	-50	-56	0	-57	-60	-68	-72	-72	0	-73	-73	-80	-71	0	0	0	-90	-87	-86	0	-78	-89	-89	0	0	-91	0	0	0	0	0	0	-53	-64	0	0	0	0	0	0	-89	0	0	0	0	0	0	0	0	0	0	0	0	0	0	0	0	0	0	0	0	0	0	0	0	0	0	-92	0	0	0	0	0	0	0	3392	-2952	4141	21543	-7806	-254	-45	970	205	0	0	0	-44	958	202	1606974898
-61	-60	-61	-58	-57	0	0	-69	-79	0	-79	-81	-85	-69	0	0	0	-94	-93	0	0	-76	0	-93	0	0	-90	0	0	0	0	0	0	-62	-64	0	0	0	-86	0	0	0	0	0	-86	0	0	0	0	0	0	0	0	0	0	0	0	0	0	0	0	0	0	0	0	0	0	0	0	0	0	0	0	0	0	0	3452	-2960	4156	21543	-7804	-254	-45	970	205	0	0	-1	-44	958	203	1606974900
0	0	0	-57	-57	-61	-69	-70	-72	-79	-71	-72	-79	-71	0	0	-75	-89	-88	-88	-76	-75	-88	-89	-76	-78	0	0	0	0	0	0	0	-54	0	0	0	0	-94	0	0	0	0	0	-85	0	0	0	0	0	0	0	0	0	0	0	0	0	0	0	0	0	0	0	0	0	0	0	-92	0	0	0	0	0	0	0	3422	-2998	4156	21543	-7804	-255	-45	970	205	0	0	0	-44	958	203	1606974902
-61	-62	-58	-57	-58	0	-73	0	-81	-78	-81	-79	-85	-69	-84	0	0	-94	-92	0	0	-75	0	-93	0	0	0	0	0	0	0	0	0	-62	0	0	0	0	-84	0	0	0	0	0	0	0	0	0	0	0	0	0	0	-89	0	0	0	0	0	0	0	0	0	0	0	0	0	0	0	0	0	0	0	0	0	0	3422	-2953	4156	21543	-7805	-255	-45	970	204	0	0	0	-44	958	202	1606974903
0	-63	0	0	-57	0	0	-70	-73	0	-72	-72	-80	-73	0	0	0	-87	-88	-88	0	-75	-88	-89	0	0	0	0	0	0	0	0	0	-53	0	0	0	0	-92	0	0	0	0	0	0	0	0	0	0	0	0	0	0	0	0	0	0	0	0	0	0	0	0	0	0	0	0	0	-91	0	0	0	0	0	0	0	3453	-2968	4216	21543	-7805	-255	-45	970	204	0	0	0	-44	958	203	1606974905
0	-59	-56	-59	0	-60	-71	-69	-72	-79	-73	-72	-79	-72	0	0	-76	-90	-88	-88	-78	-76	-89	-88	-80	-75	0	0	0	0	0	0	0	-53	0	0	0	0	-93	0	0	0	0	0	0	-86	-85	0	-85	0	-84	0	0	0	0	0	0	0	0	0	0	0	0	0	0	0	0	0	-91	0	0	0	0	0	0	0	3407	-3013	4171	21544	-7810	-256	-45	970	203	0	0	-1	-44	958	202	1606974906
0	-56	-56	-57	-57	0	-70	0	-73	-78	-73	-72	-80	-72	-73	0	0	-89	-88	-91	0	-76	-89	-89	0	0	-91	0	0	0	0	0	0	-54	0	0	0	0	-92	0	0	-88	-88	0	0	0	0	0	0	0	0	0	0	-87	0	0	0	0	0	0	0	0	0	0	0	0	0	0	-91	0	0	0	0	0	0	-78	3445	-3020	4141	21542	-7803	-255	-44	970	205	0	0	0	-44	958	203	1606974908
0	-58	-53	-57	-58	-58	-70	-73	-73	0	-73	-74	-80	-71	0	0	0	-89	-88	-88	-75	-75	-88	-88	-76	-75	0	0	0	0	0	0	0	-52	0	0	0	0	-94	0	0	0	0	0	-86	-85	-85	0	-86	0	-87	0	0	0	0	0	0	0	0	0	0	0	0	0	0	0	0	0	-90	0	0	0	0	0	0	-73	3453	-3013	4201	21543	-7804	-255	-45	970	204	0	0	0	-44	958	203	1606974910
0	-51	0	-57	-58	-60	-71	-72	-74	0	-74	-74	-79	-72	0	0	0	-89	-88	-89	0	0	-89	-88	0	0	0	0	0	0	0	0	0	-53	-64	0	0	0	-93	0	0	0	0	0	0	0	0	0	0	0	0	0	0	0	0	0	0	0	0	0	0	0	0	0	0	0	0	0	-92	0	0	0	0	0	0	0	3422	-3020	4126	21544	-7810	-255	-45	970	204	0	0	0	-44	958	202	1606974911
-56	-53	-53	-57	-57	-59	-71	-70	-74	-79	-74	-74	-80	-70	-82	0	0	-88	-89	-89	0	-75	-89	-89	0	0	0	0	0	0	0	0	0	-52	0	0	0	0	-94	0	0	-88	0	0	0	0	0	0	0	0	0	0	0	0	0	0	0	0	0	0	0	0	0	0	0	0	0	0	-90	0	0	0	0	0	0	0	3422	-2930	4126	21543	-7805	-256	-45	970	204	0	0	0	-44	958	202	1606974913
0	-53	-54	-57	-58	-60	-72	-70	-74	-79	-74	-73	-80	-71	-79	0	-77	-89	-89	-89	-78	-75	-89	-88	0	0	0	0	0	0	0	0	0	-53	0	0	0	0	-93	0	0	0	0	0	0	0	0	0	0	0	0	0	0	0	0	0	0	0	0	0	0	0	0	0	0	0	0	0	-91	0	0	0	0	0	0	0	3422	-2953	4156	21543	-7804	-254	-44	970	205	0	0	0	-44	958	203	1606974914
-57	-58	-52	-57	-57	0	0	-70	-79	-80	-78	-81	-84	0	0	0	0	0	-92	-92	0	-75	0	-91	0	0	0	0	0	0	0	0	0	-61	-64	0	0	0	-84	0	0	0	0	-89	0	0	0	0	0	0	-86	0	0	0	0	0	0	0	0	0	0	0	0	0	0	0	0	0	0	0	0	0	0	0	0	-67	3392	-2952	4163	21544	-7809	-255	-45	970	203	0	0	0	-44	958	202	1606974916
-65	-51	0	0	-58	0	-72	0	-75	0	-75	-74	-79	0	0	0	0	-89	-90	-90	0	-77	-89	-90	0	0	0	0	0	0	0	0	0	-53	0	0	0	0	-92	0	0	0	0	0	0	0	0	0	0	0	0	0	0	0	0	0	0	0	0	0	0	0	0	0	0	0	0	0	-91	0	0	0	0	0	0	0	3422	-2998	4156	21543	-7805	-254	-44	970	205	0	0	0	-44	958	203	1606974917
0	-60	-54	0	0	-60	-71	-70	-75	0	-74	-74	-80	-71	0	0	0	-88	-88	-88	0	-77	-88	-88	0	0	-89	0	0	0	0	0	0	-52	0	0	0	0	-93	0	0	-91	-89	0	0	0	0	0	0	0	0	0	0	0	0	0	0	0	0	0	0	0	0	0	0	0	0	0	-90	0	0	0	0	0	0	-65	3392	-2877	4148	21543	-7805	-254	-45	970	205	0	0	0	-44	958	202	1606974919
0	-56	0	-58	-58	-60	-71	-72	-74	0	-74	-74	-79	-70	0	0	0	-90	-88	-88	0	-75	-88	-89	0	0	-91	0	0	0	0	0	0	-52	-63	0	0	0	0	0	0	0	0	0	0	0	0	0	0	0	0	0	0	0	0	0	0	0	0	0	0	0	0	0	0	0	0	0	-92	0	0	0	0	0	0	-77	3392	-2997	4141	21543	-7804	-254	-45	970	205	0	0	0	-44	958	203	1606974920
0	-51	-58	-58	-58	0	-71	-72	-79	-81	-79	-81	-84	-69	0	0	0	-92	-93	0	0	-75	0	-91	0	0	-90	0	0	0	0	0	0	-62	0	0	0	0	-83	0	0	0	0	0	0	0	0	0	-86	0	-85	0	0	0	0	0	0	0	0	0	0	0	0	0	0	0	0	0	0	0	0	0	0	0	0	-67	3437	-2983	4126	21543	-7807	-254	-44	970	205	0	0	0	-44	958	202	1606974922
-65	-57	0	-57	-58	0	-70	-71	-75	0	-74	-74	-80	-69	-77	0	0	-86	-88	-87	0	-76	-87	-87	0	0	-89	0	0	0	0	0	0	-53	0	0	0	0	-95	0	0	0	0	0	0	0	0	0	0	0	0	0	0	0	0	0	0	0	0	0	0	0	0	0	0	0	0	0	-91	0	0	0	0	0	0	-69	3422	-2953	4216	21543	-7803	-254	-45	970	205	0	0	0	-44	958	203	1606974923
-57	-51	0	-58	0	-60	-69	-69	-75	0	-74	-74	-79	-72	0	0	-75	-87	-88	-88	0	-77	-88	-88	0	0	-91	0	0	0	0	0	0	-52	0	0	0	0	-94	0	0	0	0	0	-85	0	0	0	0	0	0	0	0	0	0	0	0	0	0	0	0	0	0	0	0	0	0	0	-91	0	0	0	0	0	0	-72	3452	-2968	4126	21543	-7804	-254	-45	970	204	0	0	0	-44	958	203	1606974925
-63	-56	0	-56	-59	-60	-69	-69	-74	-81	-74	-74	-79	-68	0	0	-75	-89	-88	-87	0	-76	-87	-89	-76	-74	0	0	0	0	0	0	0	-52	-63	0	0	0	0	0	0	0	0	0	-85	0	0	0	0	0	0	0	0	0	0	0	0	0	-76	0	0	0	0	0	0	0	0	0	-90	0	0	0	0	0	0	-66	3437	-2922	4104	21543	-7807	-254	-45	970	204	0	0	0	-44	958	202	1606974927
0	-56	-53	-57	-58	-60	-69	-68	-74	-73	-74	-74	-79	-74	0	0	0	-88	-88	-88	0	-75	-88	-87	0	0	-90	0	0	0	0	0	0	-54	-64	0	0	0	0	0	0	-90	0	0	0	0	0	0	0	0	0	0	0	0	0	0	0	0	0	0	0	0	0	0	0	0	0	0	-90	0	0	0	0	0	0	-65	3369	-2930	4156	21543	-7805	-255	-45	970	205	0	0	0	-44	958	202	1606974928
0	-51	-53	-57	0	0	-69	-69	-79	-80	-81	-81	-85	-68	0	0	0	-93	-92	0	0	-75	0	-93	0	0	-92	0	0	0	0	0	0	-63	0	0	0	0	-85	0	0	0	0	0	0	0	0	0	0	0	0	0	0	0	0	0	0	0	0	0	0	0	0	0	0	0	0	0	0	0	0	0	0	-88	0	-66	3452	-2975	4156	21543	-7808	-255	-45	970	204	0	0	0	-44	958	202	1606974930
0	-51	-53	-57	0	0	-69	-69	-73	-81	-74	-73	-79	-72	0	0	0	-88	-87	-87	0	-75	-88	-90	0	0	0	0	0	0	0	0	0	-53	0	0	0	0	-92	0	0	0	-87	0	0	0	0	0	0	0	0	0	0	0	0	0	0	0	0	0	0	0	0	0	0	0	0	0	-89	0	0	0	0	0	0	-71	3452	-2953	4141	21543	-7807	-255	-45	970	204	0	-1	0	-44	958	202	1606974931
-57	-56	-53	-58	-59	-60	-72	0	-74	0	-73	-74	-79	-69	0	0	0	-88	-88	-88	-76	-76	-89	-88	-75	-75	0	0	0	0	0	0	0	-53	0	0	0	0	-91	0	0	0	0	0	-85	-85	0	0	0	0	0	0	0	0	0	0	0	0	0	0	0	0	0	0	0	0	0	0	-89	0	0	0	0	0	0	-66	3445	-2953	4156	21543	-7805	-255	-45	970	204	0	-1	0	-44	958	202	1606974933
-56	0	-53	-57	-58	-60	-73	0	-74	0	-75	-74	-79	0	-78	0	0	-87	-88	-89	0	0	-88	-89	0	0	-90	0	0	0	0	0	0	-53	0	0	0	0	-92	0	0	0	0	0	0	0	0	0	0	0	0	0	0	0	0	0	0	0	0	0	0	0	0	0	0	0	0	0	-89	0	0	0	0	0	0	-71	3453	-2998	4141	21543	-7806	-255	-45	970	204	0	-1	0	-44	958	202	1606974934
0	-51	0	-56	-55	-64	0	-71	-75	0	-75	-74	-79	0	0	0	0	-93	-91	0	0	-75	0	-92	0	0	0	0	0	0	0	0	0	-62	0	0	0	0	-93	0	0	0	0	0	0	0	0	0	0	0	0	0	0	0	0	0	0	0	0	0	0	0	0	0	0	0	0	0	0	0	0	0	0	0	0	0	3452	-2968	4141	21543	-7806	-256	-45	970	205	0	-1	0	-44	958	202	1606974936
0	-51	-53	-59	-58	0	-69	-71	-80	0	-79	-81	-86	-69	-77	0	-75	0	-91	0	-76	-74	0	-93	-76	-75	0	0	0	0	0	0	0	-62	-64	0	0	0	-84	0	0	0	0	0	0	0	0	0	0	0	0	0	0	0	0	0	0	0	0	0	0	0	0	0	0	0	0	0	0	-94	0	0	0	0	0	0	3437	-2938	4171	21543	-7806	-256	-45	970	204	0	-1	0	-44	958	202	1606974938
-63	-50	-53	-57	-58	-60	-69	-72	-74	-80	-74	-74	-79	-72	0	0	-76	-89	-87	-88	-77	-76	-88	-89	-75	-76	-89	0	0	0	0	0	0	-53	0	0	0	0	0	0	0	0	0	0	-85	-86	-85	0	-86	0	-84	0	0	0	0	0	0	0	0	0	0	0	0	0	0	0	0	0	-90	0	0	0	0	0	0	-70	3422	-2945	4133	21543	-7806	-256	-45	970	204	0	0	0	-44	958	202	1606974939
-62	-51	0	-57	-58	-60	-73	0	-74	0	-74	-74	-80	-71	0	0	0	-88	-88	-88	0	-76	-89	-88	0	0	-90	0	0	0	0	0	0	-52	0	0	0	0	-94	0	0	0	0	0	-86	0	0	0	0	0	0	0	0	0	0	0	0	0	0	0	0	0	0	0	0	0	0	0	-89	0	0	0	0	0	0	-67	3452	-2960	4141	21544	-7811	-256	-45	970	203	0	-1	0	-44	958	201	1606974941
-64	-51	-53	-57	0	0	-69	-69	-74	0	-74	-74	-79	-72	0	0	0	-88	-88	-87	-75	-74	-87	-89	0	0	-90	0	0	0	0	0	0	-53	-65	0	0	0	-93	0	0	0	0	0	-86	0	0	-77	0	0	0	0	0	0	0	0	0	0	0	0	0	0	0	0	0	0	0	0	-91	0	0	0	0	0	0	-74	3452	-2983	4156	21543	-7806	-256	-45	970	204	0	0	0	-44	958	202	1606974942
0	-56	0	-57	-57	0	0	0	-74	0	-74	-74	-79	0	-78	0	0	-88	-88	-86	0	0	-88	-86	0	0	-89	0	0	0	0	0	0	-53	0	0	0	0	-93	0	0	0	0	0	0	0	0	0	0	0	0	0	0	0	0	0	0	0	0	0	0	0	0	0	0	0	0	0	-91	0	0	0	0	0	0	-75	3437	-2968	4156	21542	-7806	-256	-45	970	205	0	0	0	-44	958	202	1606974944
0	-58	-56	-55	-57	0	-69	-68	-74	-80	-74	-74	-80	-72	0	0	0	-89	-88	-88	0	-77	-87	-88	0	0	-91	0	0	0	0	0	0	-52	0	0	0	0	0	0	0	0	0	0	0	0	0	0	0	0	0	0	0	0	0	0	0	0	0	0	0	0	0	0	0	0	0	0	-90	0	0	0	0	0	0	-70	3392	-2983	4171	21543	-7807	-256	-45	970	204	0	-1	0	-44	958	202	1606974945
-63	-50	-63	-56	-56	-63	-70	-73	-80	0	-80	-80	-84	0	0	0	-75	-94	-91	0	-77	-75	0	-94	-77	-75	-91	0	0	0	0	0	0	-62	0	0	0	0	-83	0	0	0	-90	0	0	0	0	0	0	0	0	0	0	0	0	0	0	0	0	0	0	0	0	0	0	0	0	0	0	0	0	0	0	0	0	-71	3422	-2915	4126	21543	-7808	-256	-45	970	204	0	0	0	-44	958	202	1606974947
-64	-49	0	-56	-57	-60	-69	-73	-74	0	-74	-74	-79	-72	0	0	0	-89	-88	-88	0	-76	-88	-88	0	0	0	0	0	0	0	0	0	-53	-64	0	0	0	-93	0	0	0	0	0	0	0	0	0	0	0	0	0	0	0	0	0	-90	0	0	0	0	0	0	0	0	0	0	0	-92	0	0	0	0	0	0	0	3528	-2998	4141	21543	-7806	-257	-45	970	204	0	0	0	-44	958	202	1606974949
-57	-49	-57	0	-57	-59	-69	-73	-74	-79	-73	-74	-79	-70	-78	0	0	-90	-88	-87	0	-75	-88	-88	0	0	-90	0	0	0	0	0	0	-54	0	0	0	0	-92	0	0	0	-86	0	0	0	0	0	0	0	0	0	0	0	0	0	0	0	0	0	0	0	0	0	0	0	0	0	-92	0	0	0	0	0	0	-67	3422	-2922	4156	21543	-7807	-256	-45	970	204	0	0	0	-44	958	202	1606974950
-62	-49	-54	-56	-57	0	-73	-69	-73	0	-74	-74	-79	-73	0	0	0	-90	-89	-88	0	-74	-88	-88	0	0	-92	0	0	0	0	0	0	-53	0	0	0	0	-91	0	0	-88	0	0	0	0	0	-86	0	0	0	0	0	0	0	0	0	0	0	0	0	0	0	0	0	0	0	0	-90	0	0	0	0	0	0	-74	3437	-3013	4149	21544	-7810	-255	-45	970	204	0	0	0	-44	958	202	1606974952
-62	-60	-56	-57	-57	-64	-71	-71	-81	0	-82	-80	-85	-69	0	0	0	-91	-93	0	0	-75	-92	-92	0	0	0	0	0	0	0	0	0	-62	-64	0	0	0	-84	0	0	0	0	0	-85	0	-86	0	-86	0	-86	0	0	0	0	0	-92	0	0	0	0	-91	0	0	0	0	0	0	0	0	0	0	0	0	0	-75	3392	-3005	4141	21543	-7805	-256	-45	970	204	0	0	0	-44	958	202	1606974953
-63	-59	-56	0	-57	-60	-74	-69	-73	-80	-74	-73	-80	-70	0	0	0	-89	-88	-88	0	-75	-87	-88	0	0	-94	0	0	0	0	0	0	-53	-64	0	0	0	-92	0	0	0	-89	0	0	0	0	0	0	0	0	0	-89	0	0	0	0	0	0	0	0	0	0	0	0	0	0	0	0	0	0	0	0	0	0	-76	3437	-3005	4156	21543	-7806	-256	-45	970	204	0	0	0	-44	958	202	1606974955
0	-59	-56	-57	-58	0	0	-68	-74	0	-73	-73	-79	-71	0	0	-76	-89	-88	-89	-77	-75	-88	-89	-75	-75	-91	0	0	0	0	0	0	-53	0	0	0	0	-94	0	0	0	0	0	-86	-86	-86	-86	-85	0	-87	0	0	0	0	0	0	0	0	0	0	0	0	0	0	0	0	0	-92	0	0	0	0	0	0	-74	3422	-2930	4156	21543	-7808	-255	-45	970	204	0	0	0	-44	958	202	1606974987
-56	-62	-57	0	-57	0	0	-72	-74	-80	-74	-74	-80	0	0	0	0	-89	-89	-87	0	-75	-88	-88	0	0	0	0	0	0	0	0	0	-53	-64	0	0	0	-94	0	0	0	0	0	-87	0	0	0	0	0	0	0	0	0	0	0	0	0	0	0	0	0	0	0	0	0	0	0	-93	0	0	0	0	0	0	0	3437	-2930	4141	21543	-7805	-255	-44	970	205	0	0	0	-44	958	202	1606974988
-63	-63	0	-58	-58	-63	-69	-69	-81	0	-81	-81	-85	-73	0	0	0	-94	-93	-93	0	-74	-92	-91	0	0	-91	0	0	0	0	0	0	-61	0	0	0	0	-83	0	0	0	0	0	0	0	0	0	0	0	0	0	0	0	0	0	0	0	0	0	0	0	0	0	0	0	0	0	0	0	0	0	0	0	0	0	3385	-2968	4171	21543	-7807	-254	-44	970	204	0	-1	-1	-44	958	202	1606974990
-63	-63	-58	-58	-57	-60	-73	-72	-73	0	-74	-73	-79	-72	0	0	0	-89	-88	-87	0	-74	-89	-87	0	0	0	0	0	0	0	0	0	-53	0	0	0	0	0	0	0	-89	0	0	0	0	0	0	0	0	0	0	0	0	0	0	0	0	0	0	0	0	0	0	0	0	0	0	-90	0	0	0	0	0	0	0	3422	-2968	4156	21544	-7811	-255	-45	970	204	0	0	0	-44	958	201	1606974991
-57	-61	-56	-58	-57	0	-72	-70	-74	0	-74	-74	-79	-69	0	0	0	-88	-88	-89	-77	-78	-87	-88	-77	-77	0	0	0	0	0	0	0	-54	0	0	0	0	0	0	0	0	0	0	-85	-87	-87	0	-86	0	-86	0	0	-90	0	0	0	0	0	0	0	0	0	0	0	0	0	0	-91	0	0	0	0	-91	0	0	3430	-2998	4253	21543	-7807	-255	-45	970	204	0	-1	0	-44	958	202	1606974993
-57	-61	-56	-57	0	0	-70	-72	-81	0	-81	-81	-84	-72	0	0	0	-93	-94	-93	0	-76	-93	-92	0	0	0	0	0	0	0	0	0	-62	0	0	0	0	-83	0	0	0	0	0	-87	0	0	0	0	0	0	0	0	0	0	0	0	0	0	0	0	0	0	0	0	0	0	0	0	0	0	0	0	0	0	-78	3422	-2952	4111	21543	-7808	-256	-45	970	204	0	-1	0	-44	958	202	1606974995
0	-50	-55	0	-58	-60	0	0	-75	0	-74	-73	-79	0	0	0	0	-88	-89	-88	0	-77	-89	-88	0	0	0	0	0	0	0	0	0	-54	-64	0	0	0	-91	0	0	0	0	0	0	0	0	0	0	0	0	0	0	0	0	0	0	0	0	0	0	0	0	0	0	0	0	0	-91	0	0	0	0	0	0	-72	3422	-2953	4156	21543	-7807	-255	-45	970	204	0	0	0	-44	958	202	1606974996
0	-50	-56	-57	-59	-60	-71	-72	-72	0	-73	-72	-79	0	0	0	0	-88	-88	-89	0	-80	-89	-89	0	0	-92	0	0	0	0	0	0	-52	0	0	0	0	-91	0	0	-91	0	0	0	0	0	0	0	0	0	0	-90	0	0	0	0	0	0	0	0	0	0	0	0	0	0	0	-89	0	0	0	0	0	0	-74	3437	-2998	4141	21543	-7808	-255	-45	970	204	0	0	0	-44	958	202	1606974998
-56	-63	-54	-56	-58	-60	-71	-73	-72	0	-74	-73	-80	-72	0	0	-76	-88	-88	-88	-78	-77	-88	-88	-78	-76	0	0	0	0	0	0	0	-53	0	0	0	0	0	0	0	0	0	0	-87	-86	-86	0	-86	0	-86	0	0	0	0	0	0	0	0	0	0	0	0	0	0	0	0	0	-91	0	0	0	0	0	0	0	3430	-2983	4156	21543	-7805	-255	-45	970	204	0	0	0	-44	958	202	1606974999
-61	-62	-59	-56	-58	0	0	-73	-72	-79	-72	-72	-80	-69	0	0	0	-89	-88	-90	0	-77	-89	-88	0	0	-84	0	0	0	0	0	0	-53	0	0	0	0	-93	0	0	0	0	0	0	-85	0	0	0	0	0	0	0	0	0	0	0	0	0	0	0	0	0	0	0	0	0	0	-93	-96	0	0	0	-91	0	-70	3377	-2937	4156	21544	-7811	-254	-45	970	204	0	0	0	-44	958	201	1606975001
0	-50	0	-56	0	-61	-69	-69	-72	-76	-72	-71	-79	-72	0	0	0	-89	-90	-90	-78	-77	-89	-89	0	-77	0	0	0	0	0	0	0	-53	0	0	0	0	-95	0	0	0	0	0	0	0	0	0	0	0	0	0	0	0	0	0	0	0	0	0	0	0	0	0	0	0	0	0	-91	0	0	0	0	0	0	-75	3437	-2938	4156	21543	-7807	-255	-45	970	204	0	0	-1	-44	958	202	1606975002
-56	-64	0	-57	-57	-61	-73	-69	-72	-78	-72	-73	-80	-72	0	0	0	-90	-88	-89	0	-78	-90	-90	0	0	-90	0	0	0	0	0	0	-53	-64	0	0	0	-90	0	0	0	0	0	0	0	0	0	0	0	0	0	0	0	0	-90	0	0	0	0	0	0	0	0	0	0	-89	0	-92	0	0	0	0	0	0	-78	3422	-2953	4156	21543	-7806	-256	-45	970	204	0	0	0	-44	958	202	1606975004
-57	-64	-58	-56	-55	0	-71	-68	-73	-77	-73	-73	-80	0	0	0	0	-88	-87	-88	0	-78	-88	-88	0	0	0	0	0	0	0	0	0	-53	0	0	0	0	0	0	0	0	0	0	0	0	0	0	0	0	0	0	0	0	0	0	0	0	0	0	0	0	0	0	0	0	0	0	-92	0	0	0	0	0	0	-79	3422	-2953	4156	21543	-7807	-255	-45	970	203	0	0	0	-44	958	202	1606975006
-56	0	-57	-57	-57	0	-73	-69	-74	-79	-73	-73	-79	-72	0	0	0	-87	-88	-89	0	0	-88	-87	0	0	-77	0	0	0	0	0	0	0	0	0	0	0	-93	0	0	0	0	0	0	0	0	0	0	0	0	0	0	0	0	0	0	0	0	0	0	0	0	0	0	0	0	0	-90	-94	0	0	0	-90	0	-77	3437	-2953	4156	21543	-7807	-254	-45	970	205	0	-1	0	-44	958	202	1606975007
-55	-50	-54	-57	-57	0	-73	-73	-73	0	-73	-74	-79	-71	0	0	0	-87	-90	-88	0	-78	-88	-88	0	0	0	0	0	0	0	0	0	0	0	0	0	0	0	0	0	0	0	0	0	0	0	0	0	0	0	0	0	0	0	0	0	0	0	0	0	0	0	0	0	0	0	0	-92	0	0	0	0	0	0	0	3422	-2945	4186	21543	-7806	-256	-45	970	204	0	0	-1	-44	958	202	1606975009
-54	-50	-54	0	-57	-61	0	0	-74	0	-73	-74	-79	0	0	0	-68	-88	-88	-89	0	0	-89	-88	0	0	-91	0	0	0	0	0	0	-53	-64	0	0	0	-92	0	0	0	0	0	0	0	0	0	0	0	0	0	0	0	0	0	0	0	0	0	0	0	0	0	0	0	0	0	-91	0	0	0	0	0	0	-66	3468	-2953	4149	21543	-7807	-255	-45	970	204	0	-1	0	-44	958	202	1606975010
-56	-62	-56	-57	-57	-60	-73	-72	-72	0	-72	-72	-79	-68	0	0	-75	-89	-90	-89	-76	-75	-88	-89	-74	-74	-91	0	0	0	0	0	0	-54	-64	0	0	0	-91	0	0	0	-88	0	0	0	0	0	0	0	0	0	0	0	0	0	0	0	0	0	0	0	0	0	0	0	0	0	-91	0	0	0	0	0	0	-69	3452	-2953	4171	21544	-7809	-255	-45	970	204	0	0	0	-44	958	202	1606975012
-64	-49	-57	0	-57	0	-73	-68	-82	0	-80	-81	-84	0	0	0	0	-92	-93	0	0	-76	0	-91	0	0	-91	0	0	0	0	0	0	-62	-64	0	0	0	-84	0	0	0	0	0	-82	0	0	0	0	0	0	0	0	0	0	0	-94	0	0	0	0	-89	0	0	0	0	0	0	0	0	0	0	0	0	0	-76	3437	-2953	4156	21543	-7806	-255	-45	970	205	0	0	0	-44	958	202	1606975013
0	-49	-57	-58	-58	0	0	0	-73	-79	-73	-73	-78	0	0	0	0	-89	-88	-88	0	-78	-88	-87	0	0	-89	0	0	0	0	0	0	-53	0	0	0	0	-93	0	0	0	0	0	-86	0	-85	0	0	0	0	0	0	-89	0	0	0	0	0	0	0	0	0	0	0	0	0	0	-91	0	0	0	0	0	0	-74	3468	-2968	4171	21543	-7809	-256	-44	970	203	0	0	0	-44	958	202	1606975015
0	0	-55	-57	0	-61	-72	-72	-73	0	-73	-73	-79	-69	-80	0	0	-88	-88	-89	0	0	-88	-87	0	0	0	0	0	0	0	0	0	-54	0	0	0	0	-94	0	0	0	0	0	0	0	0	0	0	0	0	0	0	0	0	0	0	0	0	0	0	0	0	0	0	0	0	0	-92	0	0	0	0	0	0	-74	3437	-2923	4141	21543	-7807	-254	-45	970	204	0	0	0	-44	958	202	1606975017
-62	-56	-61	0	-55	-60	-72	-69	-73	0	-74	0	-79	-73	0	0	0	-88	-87	-89	0	-74	-89	-88	0	0	-91	0	0	0	0	0	0	-53	-65	0	0	0	0	0	0	0	-88	0	-86	0	0	0	0	0	0	0	0	0	0	0	0	0	0	0	0	-90	0	0	0	-92	0	0	-91	0	0	0	0	0	0	-85	3423	-3013	4201	21543	-7807	-255	-45	970	204	0	-1	0	-44	958	202	1606975018
-54	0	-59	-56	-57	0	-72	-73	-73	0	-73	-73	-78	-69	0	0	-76	-88	-88	-88	0	-76	-89	-90	0	0	0	0	0	0	0	0	0	-53	0	0	0	0	0	0	0	-89	-88	0	-84	0	0	0	0	0	0	0	0	0	0	0	0	0	0	0	0	0	0	0	0	0	0	0	0	0	0	0	0	0	0	0	3422	-2922	4133	21543	-7807	-255	-45	970	204	0	0	0	-44	958	202	1606975020
-63	0	0	-56	-58	0	-73	0	-73	-79	-73	-73	-78	-71	0	0	0	-89	-88	-88	0	-75	-87	-89	0	0	0	0	0	0	0	0	0	-53	0	0	0	0	-91	0	0	0	0	0	0	0	0	0	0	0	0	0	0	0	0	0	0	0	-77	0	0	0	0	0	0	0	0	0	-89	-95	0	0	0	0	0	0	3422	-2938	4141	21544	-7809	-255	-44	970	204	0	0	0	-44	958	202	1606975021
-63	-50	-64	-56	-57	-61	-69	-70	-73	0	-73	-73	-78	-69	0	0	0	-88	-88	-89	0	-78	-88	-88	0	0	-90	0	0	0	0	0	0	-54	0	0	0	0	0	0	0	0	0	0	0	0	0	0	0	0	0	0	0	0	0	0	0	0	0	0	0	0	0	0	0	0	0	0	-90	0	0	0	0	0	0	-76	3423	-3035	4134	21543	-7807	-255	-45	970	204	0	0	0	-44	958	202	1606975023
0	-50	-64	0	-58	-60	0	0	-73	0	-74	-73	-78	0	0	0	0	-89	-88	-88	0	0	-88	-89	0	0	-91	0	0	0	0	0	0	-53	-63	0	0	0	-93	0	0	0	0	0	0	0	0	0	0	0	0	0	0	0	0	0	0	0	0	0	0	0	0	0	0	0	0	0	-90	0	0	0	0	0	0	-70	3400	-2967	4141	21543	-7806	-254	-45	970	204	0	0	0	-44	958	202	1606975024
-57	-56	-63	-57	-58	-64	-72	-69	-82	-79	-81	-83	-87	-68	0	0	0	-91	-91	-91	0	-78	-90	-92	0	0	-90	0	0	0	0	0	0	-63	0	0	0	0	-87	0	0	0	0	0	-85	0	0	0	0	0	0	0	0	0	0	0	0	0	0	0	0	0	0	0	0	0	0	0	0	0	0	0	0	0	0	-72	3392	-2960	4238	21544	-7808	-254	-45	970	205	-1	0	0	-44	958	202	1606975026
-56	0	-61	-57	-59	-61	-72	-68	-73	0	-73	-73	-79	-73	0	0	0	-90	-88	-88	0	-79	-89	-89	0	0	0	0	0	0	0	0	0	-52	0	0	0	0	-94	0	0	0	0	0	-85	0	0	0	0	0	0	0	0	0	0	0	0	0	0	0	0	0	0	0	0	0	0	0	-91	0	0	0	0	0	0	0	3437	-2968	4126	21543	-7806	-255	-44	970	204	0	0	0	-44	958	202	1606975028
0	-57	-62	-57	0	-63	0	0	-82	0	-79	-80	-86	0	0	0	0	-94	-92	-93	0	-78	0	-90	0	0	-89	0	0	0	0	0	0	-62	0	0	0	0	-86	0	0	-90	0	0	-86	0	0	0	0	0	0	0	0	0	0	0	0	0	0	0	0	0	0	0	0	-96	0	0	0	0	0	0	0	0	0	-74	3407	-2975	4171	21543	-7807	-255	-45	970	204	0	-1	0	-44	958	202	1606975029
-54	-57	-61	-57	-58	-60	-72	-73	-73	0	-73	-73	-79	-67	0	0	0	0	-89	-88	-78	-79	-89	-89	0	0	-90	0	0	0	0	0	0	-53	0	0	0	0	-92	0	0	0	0	0	-85	0	0	0	0	0	0	0	0	0	0	0	0	0	0	0	0	0	0	0	0	0	0	0	-90	0	0	0	0	0	0	-71	3482	-2968	4178	21544	-7812	-254	-45	970	203	0	-1	0	-44	958	201	1606975031
-54	-49	-61	-57	-58	0	-72	-68	-73	0	-73	-72	-79	-68	0	0	0	-90	-88	-89	-76	-77	-88	-89	0	0	-91	0	0	0	0	0	0	-53	-65	0	0	0	-94	0	0	0	0	0	-86	-85	-85	0	-85	0	0	0	0	0	0	0	0	0	0	0	0	0	0	0	0	0	0	0	-90	0	0	0	0	0	0	-76	3482	-2968	4126	21543	-7808	-255	-44	970	204	0	0	-1	-44	958	202	1606975032
0	-49	0	-57	-57	-61	-68	-68	-73	0	-72	-72	-79	-71	0	0	-80	-88	-87	-88	-79	-78	-89	-88	-77	-79	-88	0	0	0	0	0	0	-53	0	0	0	0	0	0	0	0	0	0	-86	0	0	0	0	0	0	0	0	0	0	0	0	0	0	0	0	0	0	0	0	0	0	0	-91	0	0	0	0	0	0	-76	3453	-3013	4171	21543	-7806	-254	-44	970	204	0	0	0	-44	958	202	1606975034
-57	-49	0	-56	-57	-58	0	-68	-73	0	-73	-73	-78	-70	0	0	0	-88	-88	-88	-78	-78	-87	-87	0	0	-90	0	0	0	0	0	0	-53	-65	0	0	0	-94	0	0	0	0	0	0	0	0	0	0	0	0	0	0	0	0	0	0	0	-76	0	0	0	0	0	0	0	0	0	-90	0	0	0	0	0	0	0	3452	-2983	4156	21544	-7810	-254	-44	970	204	0	0	0	-44	958	201	1606975036
-54	0	-64	0	-57	-60	0	0	-73	-80	-72	-73	-79	0	0	0	0	-90	-87	-88	0	0	-89	-88	0	0	-91	0	0	0	0	0	0	-53	0	0	0	0	0	0	0	0	0	-89	0	0	0	0	0	0	0	0	0	0	0	0	0	0	0	0	0	0	0	0	0	0	0	0	-91	0	0	0	0	0	0	0	3437	-2855	4185	21543	-7807	-255	-44	970	204	0	-1	0	-44	958	202	1606975037
0	-51	-55	-55	-57	-60	-68	-68	-73	-81	-73	-72	-78	-68	0	0	0	-88	-90	-89	0	0	-92	-91	0	0	-92	0	0	0	0	0	0	-53	0	0	0	0	-93	0	0	0	0	0	-82	0	0	0	0	0	0	0	0	0	0	0	0	0	0	0	0	0	0	0	0	0	0	0	-93	0	0	0	0	0	0	-81	3407	-2983	4141	21543	-7808	-255	-45	970	204	0	-1	0	-44	958	202	1606975039
-61	-58	-56	-56	0	0	-72	-72	-73	0	-73	-73	-79	-70	-78	0	0	-92	-89	-89	0	-76	-89	-90	0	0	-88	0	0	0	0	0	0	0	0	0	0	0	-95	0	0	0	0	0	-86	0	0	0	0	0	0	0	0	0	0	0	0	0	0	0	0	0	0	0	0	0	0	-95	-91	0	0	0	0	0	0	-62	3422	-2998	4156	21544	-7811	-255	-45	970	204	0	0	0	-44	958	201	1606975040
-57	-52	-54	-54	-57	-61	-71	-71	-72	0	-72	-71	-79	-69	0	0	0	-90	-88	-89	0	-77	-89	-88	0	0	-90	0	0	0	0	0	0	-54	0	0	0	0	-91	0	0	0	0	0	-85	0	-86	0	-85	0	-85	0	0	0	0	0	0	0	0	0	0	0	0	0	0	0	0	0	-92	0	0	0	0	0	0	-60	3437	-2983	4134	21544	-7808	-254	-45	970	204	0	-1	0	-44	958	202	1606975042
-54	-53	-51	-55	-58	-60	-71	0	-74	0	-74	-73	-79	0	0	0	0	-88	-88	-88	0	-76	-88	-88	0	0	0	0	0	0	0	0	0	-52	0	0	0	0	-92	0	0	0	-88	0	0	0	0	0	0	0	0	0	0	0	0	0	0	0	0	0	0	0	0	0	0	0	0	0	-89	0	0	0	0	0	0	-66	3437	-2953	4111	21544	-7807	-254	-44	970	204	0	0	0	-44	958	202	1606975043
0	-52	-43	-57	-58	-61	-71	-71	-73	-79	-73	-73	-80	-73	0	0	0	-89	-89	-90	0	-76	-89	-89	0	0	0	0	0	0	0	0	0	-54	0	0	0	0	-92	0	0	0	0	0	-87	-88	-86	0	-87	0	-89	0	0	0	0	0	0	0	0	0	0	0	0	0	0	0	0	0	-93	0	0	0	0	0	0	0	3422	-2945	4141	21544	-7809	-255	-45	970	203	0	-1	0	-44	958	202	1606975045
-63	0	-45	0	-57	0	0	0	-75	0	-74	-74	-77	0	0	0	0	-88	-87	-87	0	0	-88	-88	0	0	-88	0	0	0	0	0	0	-53	0	0	0	0	-92	0	0	0	0	0	0	-86	0	0	0	0	0	0	0	0	0	0	0	0	-78	0	0	0	0	0	0	0	0	0	-90	0	0	0	0	-90	0	-62	3437	-2953	4141	21544	-7807	-254	-44	970	204	0	0	0	-44	958	202	1606975047
-57	0	-44	-59	-58	-62	-70	-77	-76	0	-76	-75	-76	-70	0	0	0	-91	-89	-89	0	-77	-89	-89	0	0	-87	-93	-93	0	0	-92	0	-52	0	0	0	0	-94	0	0	-87	0	0	0	0	0	0	0	0	0	0	0	0	0	0	0	0	0	0	0	0	0	0	0	0	0	0	-90	0	0	0	0	0	0	-65	3392	-2967	4156	21543	-7806	-254	-44	970	205	0	0	0	-44	958	202	1606975048
