-49	-49	0	0	-63	-60	0	-72	-69	0	-68	-69	-76	0	0	0	0	-87	-87	-87	0	0	-87	-86	0	0	-81	-90	-90	0	0	-90	0	-57	0	0	0	0	0	0	0	0	0	0	0	0	0	0	0	0	0	0	0	-89	0	0	0	0	-73	0	0	-88	0	0	0	0	0	0	0	0	0	0	0	0	0	0	0	0	0	0	0	-67	0	0	0	0	0	0	0	0	0	0	0	0	0	0	0	0	0	0	0	0	0	0	0	0	0	0	0	0	0	0	0	4170	-2604	2694	23155	-7752	-183	-31	968	219	0	0	-1	-32	956	211	1606974583
-55	-47	-42	-61	-73	-63	-68	-72	-72	0	-72	-73	-78	-67	0	0	0	-88	-88	-88	0	-85	-89	-88	0	0	-84	0	-93	0	0	-93	0	-56	0	0	0	0	-90	0	0	0	0	0	0	0	0	0	0	-88	0	0	-86	-85	0	0	0	0	0	0	0	0	0	0	0	0	0	0	0	0	0	0	0	0	0	0	0	0	0	0	0	-68	0	0	0	0	0	0	0	0	0	0	0	0	0	0	0	0	0	0	0	0	0	0	0	0	0	0	0	0	0	0	0	4125	-2604	2723	23157	-7756	-180	-31	970	215	0	0	0	-31	957	211	1606974585
-47	-52	-43	-53	-65	-65	-71	-70	-72	-81	-72	-71	-79	-71	0	0	0	-90	-88	-88	0	0	-88	-88	0	0	-85	-93	-92	0	0	-93	0	-55	0	0	0	0	0	0	0	0	0	-88	0	0	0	0	0	0	0	0	-87	0	0	0	0	0	0	0	0	0	0	0	0	0	0	0	0	0	0	0	0	0	0	0	0	0	0	0	0	-71	0	0	0	0	0	0	0	0	0	0	0	0	0	0	0	0	0	0	0	0	0	0	0	0	0	0	0	0	0	0	0	4155	-2574	2738	23153	-7742	-180	-31	970	217	0	0	-1	-31	956	213	1606974586
0	-46	0	0	-63	-66	0	0	-71	0	-70	-70	-79	0	0	0	0	-89	-88	-90	0	0	-89	-90	0	0	-83	-93	0	0	0	0	0	-56	0	0	0	0	-89	0	0	0	0	0	0	0	0	0	0	-87	0	0	-84	-85	0	0	0	0	0	0	0	0	0	0	0	0	0	0	0	0	0	0	0	0	0	0	0	0	0	0	0	-62	0	0	0	0	0	0	0	0	0	0	0	0	0	0	0	0	0	0	0	0	0	0	0	0	0	0	0	0	0	0	0	4170	-2590	2738	23152	-7738	-180	-31	968	217	0	0	-1	-31	956	214	1606974588
-48	-47	-45	-58	-68	-63	-67	-67	-71	0	-72	-70	-76	-67	0	0	0	-88	-88	-88	0	0	-90	-90	0	0	-80	-91	-92	0	0	-91	0	-53	0	0	0	0	-90	0	0	0	0	0	0	0	0	0	0	-85	0	0	-85	0	0	0	0	0	0	0	0	0	0	0	0	0	0	0	0	0	0	0	0	0	0	0	0	0	0	0	0	-56	0	0	0	0	0	0	0	0	0	0	0	0	0	0	0	0	0	0	0	0	0	0	0	0	0	0	0	0	0	0	0	4110	-2507	2738	23150	-7731	-180	-31	970	218	0	0	-1	-31	956	215	1606974589
-50	-48	-40	0	-62	-54	0	0	-67	-82	-66	-66	-74	-68	0	0	0	-83	-84	-83	0	-85	-84	-84	0	0	-84	0	0	0	0	0	0	-52	0	0	0	0	-92	0	0	0	0	0	0	0	0	0	0	0	0	0	0	0	0	0	0	0	0	0	0	0	0	0	0	0	0	0	0	0	0	0	0	0	0	0	0	0	0	0	0	-65	0	0	0	0	0	0	0	0	0	0	0	0	0	0	0	0	0	0	0	0	0	0	0	0	0	0	0	0	0	0	0	4110	-2559	2738	23150	-7729	-178	-31	969	218	-1	-1	-1	-31	956	215	1606974591
0	-47	-39	-58	0	0	-66	0	-71	-77	-71	-72	-77	0	0	0	0	-89	-89	-89	0	0	-88	-89	0	0	-82	-93	0	0	0	0	0	-56	0	0	0	0	-90	0	0	-91	0	0	0	0	0	0	0	0	0	0	0	0	0	0	0	0	0	0	0	0	0	0	0	0	0	0	0	0	0	0	0	0	0	0	0	0	0	0	0	0	0	0	0	0	0	0	0	0	0	0	0	0	0	0	0	0	0	0	0	0	0	0	0	0	0	0	0	0	0	0	0	4185	-2634	2694	23151	-7731	-177	-31	969	217	-1	-1	0	-31	956	215	1606974592
-46	-54	-43	-56	-67	-55	-68	-67	-66	0	-66	-67	-76	-66	0	0	0	-83	-83	-83	0	0	-83	-83	0	0	-85	-93	-93	0	0	0	0	-52	-65	0	0	0	-94	0	0	0	0	0	-85	0	-86	0	-85	0	-87	0	-86	0	0	0	0	0	0	0	0	0	0	0	0	0	0	0	0	0	0	0	0	0	0	0	0	0	0	0	0	-66	0	0	0	0	0	0	0	0	0	0	0	0	0	0	0	0	0	0	0	0	0	0	0	0	0	0	0	0	0	0	0	4170	-2574	2723	23149	-7725	-177	-31	969	218	-1	-1	-1	-31	955	216	1606974594
-50	-50	-41	-54	-67	0	-68	-62	-64	0	-66	-64	-74	0	0	0	0	-83	-84	-84	0	0	-84	-84	0	0	-83	-92	-93	0	0	-93	0	-52	0	0	0	0	0	0	0	0	0	0	0	0	0	0	0	0	0	0	0	-88	0	0	0	0	0	0	0	0	0	0	0	0	0	0	0	0	0	0	0	0	0	0	0	0	0	0	0	-66	0	0	0	0	0	0	0	0	0	0	0	0	0	0	0	0	0	0	0	0	0	0	0	0	0	0	0	0	0	0	0	4178	-2605	2738	23149	-7726	-177	-31	969	219	-1	-1	0	-31	956	216	1606974596
-49	-51	-42	-54	-67	0	-65	0	-71	0	-71	-72	-78	-66	0	0	-85	-89	-89	-89	0	-86	-89	-89	0	0	-84	-92	-93	0	0	-92	0	-54	-69	0	0	0	-91	0	0	0	0	0	0	0	0	0	0	0	0	0	0	0	0	0	0	0	0	0	0	0	0	0	0	0	0	0	0	0	0	0	0	0	0	0	0	0	0	0	0	-62	0	0	0	0	0	0	0	0	0	0	0	0	0	0	0	0	0	0	0	0	0	0	0	0	0	0	0	0	0	0	0	4170	-2574	2723	23149	-7726	-177	-32	969	217	-1	-1	-1	-31	956	216	1606974597
-50	-48	-42	0	-67	-65	0	0	-72	-74	-72	-71	-78	0	0	0	-84	-90	-90	-88	0	-84	-89	-90	-87	-85	-86	-92	-91	0	0	-94	0	-55	-67	0	0	0	-92	0	0	-91	0	-88	0	0	0	0	0	0	0	0	0	0	0	0	0	0	0	0	0	0	0	0	0	0	0	0	0	0	0	0	0	0	0	0	0	0	0	0	0	0	0	0	0	0	0	0	0	0	0	0	0	0	0	0	0	0	0	0	0	0	0	0	0	0	0	0	0	0	0	0	0	4095	-2574	2783	23149	-7726	-177	-31	969	218	-1	-1	0	-31	956	216	1606974599
-51	-50	-41	-56	-69	0	-68	-65	-72	0	-71	-71	-79	-68	0	-85	0	-89	-89	-88	0	0	-90	-89	0	0	-83	-93	-92	0	0	-91	0	-54	0	0	0	0	-90	0	0	0	0	0	0	0	0	0	0	-90	0	-90	-89	-89	0	0	0	0	0	0	0	0	0	0	0	0	0	0	0	0	0	0	0	0	0	0	0	0	0	0	0	0	0	0	0	0	0	0	0	0	0	0	0	0	0	0	0	0	0	0	0	0	0	0	0	0	0	0	0	0	0	0	0	4125	-2604	2678	23149	-7726	-177	-31	969	218	-1	-1	-1	-31	956	216	1606974600
-46	-52	-41	-53	-69	0	-68	-67	-71	-73	-72	-72	-78	-67	0	0	0	-89	-90	-89	0	-83	-89	-89	0	0	-83	-92	-92	0	0	-90	0	-56	0	0	0	0	-92	0	0	0	0	0	0	0	-91	0	0	0	0	0	0	0	0	0	0	0	0	0	0	0	0	0	0	0	0	0	0	0	0	0	0	0	0	0	0	0	0	0	0	0	0	0	0	0	0	0	0	0	0	0	0	0	0	0	0	0	0	0	0	0	0	0	0	0	0	0	0	0	0	0	0	4125	-2649	2738	23151	-7732	-177	-31	968	216	-1	-1	-1	-31	956	215	1606974602
-50	0	0	-54	0	-55	-68	-68	-67	0	-66	-66	-76	-67	-75	0	-84	-83	-84	-83	-84	-86	-84	-83	-85	-82	-82	0	-93	0	0	-91	0	-52	0	0	0	0	0	0	0	0	0	0	0	0	0	0	0	0	0	0	-85	0	0	0	0	0	0	0	0	0	0	0	0	0	0	0	-93	0	0	0	0	0	0	0	0	0	0	0	0	-64	0	0	0	0	0	0	0	0	0	0	0	0	0	0	0	0	0	0	0	0	0	0	0	0	0	0	0	0	0	0	0	4170	-2634	2686	23149	-7726	-176	-31	969	218	-1	-1	-1	-31	956	216	1606974603
-50	-48	-42	-54	-67	-65	-66	0	-72	0	-72	-72	-77	-69	0	-87	-82	-89	-89	-90	-87	-86	-88	-88	-85	-85	-85	-92	-92	0	0	-93	0	-55	0	0	0	0	-93	0	0	0	0	0	0	0	0	0	0	-86	0	0	-87	-88	0	0	0	0	0	0	0	0	0	0	0	0	0	0	0	0	0	0	0	0	0	0	0	0	0	0	0	-70	0	0	0	0	0	0	0	0	0	0	0	0	0	0	0	0	0	0	0	0	0	0	0	0	0	0	0	0	0	0	0	4170	-2634	2679	23149	-7727	-177	-30	968	218	-1	-1	-1	-31	956	216	1606974605
-46	-53	-44	-53	-65	-64	-68	0	-72	0	-73	-73	-77	0	0	0	0	-89	-88	-88	0	-85	-89	-88	0	0	-83	0	0	0	0	-93	0	-56	0	0	0	0	-92	0	0	0	0	0	0	0	0	-88	0	-86	0	0	-87	0	0	0	0	0	0	0	0	0	0	0	0	0	0	0	0	0	0	0	0	0	0	0	0	0	0	0	0	-62	0	0	0	0	0	0	0	0	0	0	0	0	0	0	0	0	0	0	0	0	0	0	0	0	0	0	0	0	0	0	0	4155	-2634	2641	23150	-7728	-177	-32	969	216	-1	-1	-1	-31	956	215	1606974606
-50	0	-44	-53	-66	-65	-67	-67	-72	-76	-72	-72	-78	-69	-77	0	-85	-89	-88	-88	0	0	-88	-87	0	0	-82	0	-93	0	0	-91	0	-56	0	0	0	0	-89	0	0	0	0	-88	0	0	0	0	0	-88	0	0	-83	-86	0	0	0	0	0	0	0	0	0	0	0	0	0	0	0	0	0	0	0	0	0	0	0	0	0	0	0	-62	0	0	0	0	0	0	0	0	0	0	0	0	0	0	0	0	0	0	0	0	0	0	0	0	0	0	0	0	0	0	0	4170	-2575	2746	23150	-7728	-176	-31	969	218	-1	-1	0	-31	956	215	1606974608
0	-53	-42	-54	-66	-65	-66	-70	-71	0	-72	-72	-78	-67	0	0	-84	-89	-89	-89	0	0	-89	-89	0	-86	-86	-93	-92	0	0	-91	0	-56	0	0	0	0	-92	0	0	0	0	0	0	0	0	0	0	-86	0	0	-84	-83	0	0	0	0	0	0	0	0	0	0	0	0	0	0	0	0	0	0	0	0	0	0	0	0	0	0	0	0	0	0	0	0	0	0	0	0	0	0	0	0	0	0	0	0	0	0	0	0	0	0	0	0	0	0	0	0	0	0	0	4162	-2574	2693	23149	-7724	-177	-30	969	218	-1	-1	-1	-31	955	216	1606974610
-46	-48	-41	-56	-67	-65	0	-69	-71	0	-72	-72	-79	0	0	0	0	-87	-88	-89	0	0	-88	-89	0	0	-83	-92	0	0	0	0	0	-55	0	0	0	0	-91	0	0	0	0	0	0	0	0	0	0	-84	0	-92	-84	-86	0	0	0	0	0	0	0	0	0	0	0	0	0	0	0	0	0	0	0	0	0	0	0	0	0	0	0	-68	0	0	0	0	0	0	0	0	0	0	0	0	0	0	0	0	0	0	0	0	0	0	0	0	0	0	0	0	0	0	0	4162	-2589	2723	23150	-7730	-176	-31	969	217	-1	-1	0	-31	956	215	1606974611
-49	-52	-42	0	-66	0	0	0	-66	0	-65	-64	-76	0	0	0	0	-84	-83	-84	0	0	-84	-84	0	0	-81	-92	-92	0	0	-92	0	-51	-64	0	0	0	0	0	0	0	0	0	0	0	0	0	0	0	0	-93	0	0	0	0	0	0	0	0	0	0	0	0	0	0	0	0	0	0	0	0	0	0	0	0	0	0	0	0	0	-67	0	0	0	0	0	0	0	0	0	0	0	0	0	0	0	0	0	0	0	0	0	0	0	0	0	0	0	0	0	0	0	4170	-2582	2649	23149	-7725	-177	-32	969	218	-1	-1	-1	-31	956	216	1606974613
-49	-49	0	-55	-68	-55	-67	-68	-67	-72	-64	-67	-75	-67	0	0	0	-84	-83	-84	0	0	-84	-84	0	0	-85	-91	-90	0	0	-91	0	-52	-65	0	0	0	0	0	0	0	0	0	0	0	0	0	0	0	0	0	0	0	0	-90	0	0	0	0	0	0	0	0	0	0	0	0	0	0	0	0	0	0	0	0	0	0	0	0	0	-62	0	0	0	0	0	0	0	0	0	0	0	0	0	0	0	0	0	0	0	0	0	0	0	0	0	0	0	0	0	0	0	4170	-2605	2731	23149	-7725	-177	-32	969	218	-1	-1	-1	-31	955	216	1606974614
-49	-48	-41	-56	-66	0	-67	0	-64	0	-63	-66	-75	-65	0	0	0	-81	-83	-82	0	0	-81	-82	0	0	-89	0	0	0	0	-93	0	-51	0	0	0	0	0	0	0	0	0	0	0	0	0	-90	0	0	0	0	0	-87	0	0	0	0	0	0	0	0	0	0	0	0	0	0	0	0	0	0	0	0	0	0	0	0	0	0	0	-68	0	0	0	0	0	0	0	0	0	0	0	0	0	0	0	0	0	0	0	0	0	0	0	0	0	0	0	0	0	0	0	4170	-2589	2723	23149	-7726	-176	-31	970	216	-1	-1	0	-31	956	216	1606974616
-48	-46	0	-55	-60	0	-67	-68	-72	-72	-74	-72	-77	-69	0	0	0	-89	-89	-88	0	0	-88	-88	0	0	-81	-92	0	0	0	-94	0	-56	0	0	0	0	-90	0	0	0	0	0	0	0	0	0	0	0	0	0	0	0	0	0	0	0	0	0	0	0	0	0	0	0	0	0	0	0	0	0	0	0	0	0	0	0	0	0	0	-62	0	0	0	0	0	0	0	0	0	0	0	0	0	0	0	0	0	0	0	0	0	0	0	0	0	0	0	0	0	0	0	4117	-2589	2738	23149	-7725	-176	-31	968	218	-1	-1	-1	-31	955	216	1606974618
-49	-49	0	0	-66	-54	0	-67	-67	0	-66	-64	-75	0	0	0	0	-83	-83	-83	0	-84	-83	-83	0	0	-83	-92	-91	0	0	-91	0	-51	0	0	0	0	0	0	0	0	0	0	0	0	0	0	0	0	0	0	0	0	0	0	0	0	0	0	0	0	0	0	0	0	0	0	0	0	0	0	0	0	0	0	0	0	0	0	0	-68	0	0	0	0	0	0	0	0	0	0	0	0	0	0	0	0	0	0	0	0	0	0	0	0	0	0	0	0	0	0	0	4230	-2582	2693	23149	-7724	-176	-31	968	218	-1	-1	-1	-31	955	216	1606974619
-47	-48	-50	-55	-64	-66	-68	0	-73	0	-72	-72	-77	-67	0	0	-84	-88	-89	-89	-85	-85	-87	-89	-84	-85	-85	-92	-91	0	0	0	0	-55	0	0	0	0	-90	0	0	-91	0	-89	0	0	0	0	0	0	0	0	0	0	0	0	0	0	0	0	0	0	0	0	0	0	0	0	0	0	0	0	0	0	0	0	0	0	0	0	0	-67	0	0	0	0	0	0	0	0	0	0	0	0	0	0	0	0	0	0	0	0	0	0	0	0	0	0	0	0	0	0	0	4080	-2619	2678	23148	-7723	-176	-31	968	218	-1	-1	0	-31	955	216	1606974621
-47	-50	-43	-56	-65	-64	-66	-66	-71	-67	-70	-71	-77	-66	0	0	-84	-89	-90	-88	0	-84	-90	-91	0	0	0	-92	-93	0	0	-92	0	-56	0	0	0	0	-89	0	0	0	0	0	0	0	0	0	0	0	0	0	0	0	0	0	0	0	0	0	0	0	0	0	0	0	0	0	0	0	0	0	0	0	0	0	0	0	0	0	0	-74	0	0	0	0	0	0	0	0	0	0	0	0	0	0	0	0	0	0	0	0	0	0	0	0	0	0	0	0	0	0	0	4185	-2575	2753	23150	-7728	-176	-31	969	218	-1	-1	0	-31	956	215	1606974623
-55	-48	-42	-58	-70	-65	-68	-68	-72	-74	-72	-72	-78	-68	0	0	0	-89	-89	-90	0	0	-89	-88	0	0	-85	-91	-91	0	0	0	0	-56	-67	0	0	0	-90	0	0	0	0	0	0	0	0	0	0	0	0	0	0	0	0	-90	0	0	0	0	0	0	0	0	0	0	0	0	0	0	0	0	0	0	0	0	0	0	0	0	0	0	0	0	0	0	0	0	0	0	0	0	0	0	0	0	0	0	0	0	0	0	0	0	0	0	0	0	0	0	0	0	0	4170	-2574	2723	23149	-7724	-175	-32	968	218	-1	-1	0	-30	955	216	1606974624
-49	-48	-42	-56	0	0	0	0	-64	-74	-66	-65	-76	0	0	0	0	-83	-83	-83	-87	-84	-83	-82	0	-83	-84	-93	0	0	0	0	0	-50	0	0	0	0	0	0	0	0	0	0	0	0	0	0	0	0	0	0	0	0	0	0	0	0	0	0	0	0	0	0	0	0	0	0	0	0	0	0	0	0	0	0	0	0	0	0	0	-72	0	0	0	0	0	0	0	0	0	0	0	0	0	0	0	0	0	0	0	0	0	0	0	0	0	0	0	0	0	0	0	4163	-2589	2738	23149	-7725	-176	-32	969	218	-1	-1	-1	-31	956	216	1606974626
-50	-47	-42	-55	-63	-66	0	-69	-72	0	-71	-72	-75	-66	0	0	0	-89	-89	-90	0	-83	-88	-89	0	0	-83	0	-92	0	0	-92	0	-55	0	0	0	0	-89	0	0	0	0	0	0	0	0	0	0	0	0	0	0	0	0	0	0	0	0	0	0	0	0	0	0	0	0	0	0	0	0	0	0	0	0	0	0	0	0	0	0	-63	0	0	0	0	0	0	0	0	0	0	0	0	0	0	0	0	0	0	0	0	0	0	0	0	0	0	0	0	0	0	0	4155	-2559	2738	23149	-7725	-176	-31	969	218	-1	-1	0	-30	956	216	1606974627
-51	-49	-42	0	-65	0	0	-65	-72	-76	-71	-72	-80	0	0	0	0	-89	-89	-88	0	0	-89	-90	0	0	-83	-92	-92	0	0	0	0	-55	0	0	0	0	0	0	0	-90	0	0	0	0	0	0	0	0	0	0	0	0	0	0	0	0	0	0	0	0	0	0	0	0	0	0	0	0	0	0	0	0	0	0	0	0	0	0	0	0	0	0	0	0	0	0	0	0	0	0	0	0	0	0	0	0	0	0	0	0	0	0	0	0	0	0	0	0	0	0	0	4215	-2560	2738	23149	-7723	-176	-31	968	218	-1	-1	0	-30	955	216	1606974629
-45	-49	-42	-54	-71	0	0	-67	-67	0	-64	-64	-76	-70	0	0	0	-82	-83	-82	0	-84	-82	-83	0	0	-80	0	-93	0	0	-91	0	-51	0	0	0	0	0	0	0	-94	0	0	0	0	0	0	0	0	0	0	0	0	0	0	0	0	0	0	0	0	0	0	0	0	0	0	-96	0	0	0	0	0	0	0	0	0	0	0	0	-64	0	0	0	0	0	0	0	0	0	0	0	0	0	0	0	0	0	0	0	0	0	0	0	0	0	0	0	0	0	0	0	4110	-2589	2738	23148	-7722	-176	-31	969	217	-1	-1	-1	-30	955	217	1606974630
0	-50	-42	-56	0	-64	-69	-69	-71	-73	-71	-71	-77	0	0	0	0	-90	-87	-89	0	0	-89	-88	0	0	-81	-92	-92	0	0	-91	0	-56	0	0	0	0	-88	0	0	0	0	-88	0	0	0	0	0	0	0	0	0	0	0	0	0	0	0	0	0	0	0	0	0	0	0	0	0	0	0	0	0	0	0	0	0	0	0	0	0	-65	0	0	0	0	0	0	0	0	0	0	0	0	0	0	0	0	0	0	0	0	0	0	0	0	0	0	0	0	0	0	0	4170	-2590	2738	23150	-7728	-176	-31	969	218	-1	-1	0	-31	956	215	1606974632
-49	-51	-42	-55	-65	-66	-67	-68	-71	-72	-72	-70	-79	0	0	0	0	-88	-88	-88	0	-86	-87	-88	0	0	-83	-91	-93	0	0	-91	0	-55	0	0	0	0	-91	0	0	-90	0	0	0	0	0	0	0	0	0	0	0	0	0	0	0	0	0	0	0	0	0	0	0	0	0	0	0	0	0	0	0	0	0	0	0	0	0	0	0	-64	0	0	0	0	0	0	0	0	0	0	0	0	0	0	0	0	0	0	0	0	0	0	0	0	0	0	0	0	0	0	0	4170	-2597	2723	23149	-7724	-177	-31	969	217	-1	-1	0	-31	955	216	1606974633
0	-49	-42	-56	0	-55	0	-67	-67	0	-67	-67	-75	-67	0	0	0	-83	-84	-84	0	-84	-84	-84	0	0	-84	-91	-92	0	0	-93	0	-50	0	0	0	0	0	0	0	0	0	0	0	0	0	0	0	0	0	0	0	0	0	0	0	0	0	0	0	0	0	0	0	0	0	0	0	0	0	0	0	0	0	0	0	0	0	0	0	-63	0	0	0	0	0	0	0	0	0	0	0	0	0	0	0	0	0	0	0	0	0	0	0	0	0	0	0	0	0	0	0	4170	-2649	2679	23149	-7724	-177	-31	968	217	-1	-1	-1	-31	955	216	1606974635
-46	-51	-42	-56	-65	-65	-67	-66	-71	-74	-71	-72	-76	-65	-82	0	0	-90	-88	-88	-86	-84	-89	-89	0	0	-85	-92	-90	0	0	0	0	-55	0	0	0	0	-90	0	0	0	0	0	0	0	0	0	0	0	0	0	0	0	0	0	0	0	0	0	0	0	0	0	0	0	0	0	0	0	0	0	0	0	0	0	0	0	0	0	0	-66	0	0	0	0	0	0	0	0	0	0	0	0	0	0	0	0	0	0	0	0	0	0	0	0	0	0	0	0	0	0	0	4155	-2604	2708	23151	-7730	-176	-31	968	217	-1	-1	-1	-31	956	215	1606974637
0	-49	-42	-55	0	0	-67	-67	-64	0	-67	-63	-76	0	0	-87	0	-84	-84	-83	0	0	-83	-83	0	0	-85	-90	0	0	0	0	0	-50	0	0	0	0	0	0	0	0	0	0	0	0	0	0	0	-83	0	0	0	0	0	0	0	0	0	0	0	0	0	0	0	0	0	0	0	0	0	0	0	0	0	0	0	0	0	0	0	-63	0	0	0	0	0	0	0	0	0	0	0	0	0	0	0	0	0	0	0	0	0	0	0	0	0	0	0	0	0	0	0	4155	-2589	2716	23149	-7725	-176	-31	969	218	-1	-1	0	-31	955	216	1606974638
-48	-51	-42	-54	-70	0	-68	-67	-70	-74	-71	-71	-77	-66	0	0	0	-90	-91	-90	0	-84	-89	-90	0	0	-84	-92	-92	0	0	0	0	-55	0	0	0	0	-91	0	0	0	0	0	0	0	0	0	0	-88	0	-92	0	0	0	0	0	0	0	0	0	0	0	0	0	0	0	0	0	0	0	0	0	0	0	0	0	0	0	0	0	-64	0	0	0	0	0	0	0	0	0	0	0	0	0	0	0	0	0	0	0	0	0	0	0	0	0	0	0	0	0	0	0	4163	-2582	2768	23149	-7725	-176	-31	969	217	-1	-1	-1	-31	956	216	1606974640
-49	-49	-41	0	0	-55	0	-67	-64	0	-67	-65	-78	0	0	0	0	-83	-83	-84	0	-84	-83	-83	0	0	-84	-92	0	0	0	-92	0	-52	0	0	0	0	-92	0	0	0	0	-87	0	0	0	0	0	0	0	0	0	0	0	0	0	0	0	0	0	0	0	0	0	0	0	0	0	0	0	0	0	0	0	0	0	0	0	0	0	-63	0	0	0	0	0	0	0	0	0	0	0	0	0	0	0	0	0	0	0	0	0	0	0	0	0	0	0	0	0	0	0	4170	-2589	2723	23149	-7725	-177	-31	969	216	-1	-1	-1	-31	956	216	1606974641
-49	-49	0	-55	-66	0	-68	-68	0	0	-67	-65	-73	-70	0	0	-85	-84	-84	-83	-86	-83	-83	-84	-84	-83	-81	0	-94	0	0	-91	0	-53	0	0	0	0	-95	0	0	0	0	0	0	0	0	0	0	0	0	0	0	0	0	0	0	0	0	0	0	0	0	0	0	0	0	0	0	0	0	0	0	0	0	0	0	0	0	0	0	-63	0	0	0	0	0	0	0	0	0	0	0	0	0	0	0	0	0	0	0	0	0	0	0	0	0	0	0	0	0	0	0	4170	-2575	2768	23151	-7730	-176	-31	968	218	-1	-1	0	-31	956	215	1606974643
0	-49	-42	-53	0	-53	-67	-68	-64	-75	-64	-67	-76	-69	0	0	0	-83	-84	-83	0	0	-83	-83	0	0	-82	0	0	0	0	-92	0	-52	0	0	0	0	0	0	0	0	0	0	0	0	0	0	0	0	0	0	0	0	0	0	0	0	0	0	0	0	0	0	0	0	0	0	0	0	0	0	0	0	0	0	0	0	0	0	0	-62	0	0	0	0	0	0	0	0	0	0	0	0	0	0	0	0	0	0	0	0	0	0	0	0	0	0	0	0	0	0	0	4170	-2635	2753	23149	-7723	-176	-32	968	218	-1	-1	-1	-30	955	216	1606974645
-48	0	-42	-55	-70	-65	-67	-66	-72	-75	-71	-72	-76	-67	0	0	0	-88	-90	-89	0	-84	-89	-88	0	0	-83	-91	-94	0	0	-92	0	-55	0	0	0	0	-93	0	0	0	0	0	0	0	0	0	0	0	0	0	0	0	0	0	0	0	0	0	0	0	0	0	0	0	0	0	0	0	0	0	0	0	0	0	0	0	0	0	0	0	0	0	0	0	0	0	0	0	0	0	0	0	0	0	0	0	0	0	0	0	0	0	0	0	0	0	0	0	0	0	0	4125	-2597	2738	23149	-7725	-177	-32	968	216	-1	-1	0	-31	956	216	1606974646
0	-49	-42	-54	0	0	-66	-67	-64	-74	-65	-67	-74	-69	0	0	0	-83	-84	-84	0	0	-84	-84	0	0	-82	-92	-91	0	0	-93	0	-52	-66	0	0	0	0	0	0	0	0	0	0	0	0	-93	0	0	0	0	0	0	0	0	0	0	0	0	0	0	0	0	0	0	0	0	0	0	0	0	0	0	0	0	0	0	0	0	0	-65	0	0	0	0	0	0	0	0	0	0	0	0	0	0	0	0	0	0	0	0	0	0	0	0	0	0	0	0	0	0	0	4148	-2589	2738	23150	-7728	-178	-31	968	218	-1	-1	-1	-31	956	215	1606974648
0	-50	0	0	0	0	-68	-67	-71	0	-71	-72	-77	-68	0	0	0	-91	-89	-88	0	-86	-90	-88	0	0	-84	-93	0	0	0	-92	0	-56	-68	0	0	0	-90	0	0	0	0	0	0	0	0	0	0	0	0	0	-86	0	0	0	0	0	0	0	0	0	0	0	0	0	0	0	0	0	0	0	0	0	0	0	0	0	0	0	0	-65	0	0	0	0	0	0	0	0	0	0	0	0	0	0	0	0	0	0	0	0	0	0	0	0	0	0	0	0	0	0	0	4170	-2589	2708	23149	-7726	-177	-31	968	217	-1	-1	0	-31	956	216	1606974649
-50	-47	-41	-56	-70	0	-66	0	-71	-75	-71	-73	-76	-67	0	0	0	-86	-88	-88	0	0	-88	-88	0	0	0	-92	0	0	0	-92	0	-56	0	0	0	0	-89	0	0	0	0	0	0	0	0	0	0	0	0	0	0	0	0	0	0	0	0	0	0	0	0	0	0	0	0	0	0	0	0	0	0	0	0	0	0	0	0	0	0	-63	0	0	0	0	0	0	0	0	0	0	0	0	0	0	0	0	0	0	0	0	0	0	0	0	0	0	0	0	0	0	0	4080	-2589	2716	23149	-7725	-178	-31	969	217	-1	-1	0	-31	956	216	1606974651
0	-49	-42	-56	0	0	-69	-68	-71	0	-71	-73	0	-70	0	0	0	-89	-87	-87	0	0	-89	-88	0	0	-85	-90	0	0	0	-91	0	-56	0	0	0	0	-90	0	0	-93	0	0	0	0	0	0	0	-84	-89	0	0	0	0	0	0	0	0	0	0	0	0	0	0	0	0	0	0	0	0	0	0	0	0	0	0	0	0	0	0	-70	0	0	0	0	0	0	0	0	0	0	0	0	0	0	0	0	0	0	0	0	0	0	0	0	0	0	0	0	0	0	0	4125	-2559	2678	23149	-7726	-176	-31	969	218	-1	-1	-1	-31	956	216	1606974653
-49	-49	-43	-56	-68	0	-66	-68	-73	-76	-72	-71	-80	-69	0	0	0	-89	-90	-88	0	-84	-89	-89	0	0	-83	-93	0	0	0	-91	0	-57	0	0	0	0	-93	0	0	0	0	0	0	0	0	0	0	0	0	0	0	0	0	0	0	0	0	0	0	0	0	0	0	0	0	0	0	0	0	0	0	0	0	0	0	0	0	0	0	-70	0	0	0	0	0	0	0	0	0	0	0	0	0	0	0	0	0	0	0	0	0	0	0	0	0	0	0	0	0	0	0	4155	-2634	2693	23149	-7728	-179	-32	968	217	0	0	0	-31	956	215	1606974654
-51	-48	-41	-55	-65	0	-66	-67	-71	0	-71	-71	-77	-66	0	0	-86	-89	-88	-88	-83	-84	-90	-90	-85	-83	-83	-91	0	0	0	-93	0	-56	0	0	0	0	-90	0	0	0	0	0	0	0	0	0	0	-89	0	-91	0	0	0	0	0	0	0	0	0	0	0	0	0	0	0	0	0	0	0	0	0	0	0	0	0	0	0	0	0	-66	0	0	0	0	0	0	0	0	0	0	0	0	0	0	0	0	0	0	0	0	0	0	0	0	0	0	0	0	0	0	0	4185	-2634	2723	23150	-7731	-179	-31	968	216	0	0	0	-31	956	215	1606974656
-48	-48	-41	-56	-65	-65	-68	-65	-72	-75	-72	-72	-77	-67	0	0	0	-91	-89	-89	0	-84	-89	-90	0	0	-85	0	0	0	0	-93	0	-56	0	0	0	0	-89	0	0	0	0	-85	0	0	0	-88	0	0	0	0	0	0	0	0	0	0	0	0	0	0	0	0	0	0	0	0	0	0	0	0	0	0	0	0	0	0	0	0	0	-63	0	0	0	0	0	0	0	0	0	0	0	0	0	0	0	0	0	0	0	0	0	0	0	0	0	0	0	0	0	0	0	4125	-2604	2678	23150	-7729	-179	-31	968	217	-1	0	-1	-31	956	215	1606974658
-49	-48	-42	-55	-72	-63	-70	-66	-71	-76	-71	-70	-78	-66	0	0	0	-89	-90	-89	0	0	-89	-88	0	0	-82	-92	-92	0	0	-93	0	-57	0	0	0	0	-90	0	0	0	0	0	0	0	0	0	0	0	0	0	0	0	0	0	0	0	0	0	0	0	0	0	0	0	0	0	0	0	0	0	0	0	0	0	0	0	0	0	0	0	0	0	0	0	0	0	0	0	0	0	0	0	0	0	0	0	0	0	0	0	0	0	0	0	0	0	0	0	0	0	0	4185	-2590	2738	23150	-7728	-178	-31	968	218	0	-1	-1	-31	956	215	1606974659
-50	-48	0	-57	-69	0	-66	-66	-63	-75	-67	-67	-74	-66	0	0	0	-83	-83	-83	0	0	-83	-84	0	0	-85	0	0	0	0	0	0	-59	0	0	0	0	-93	0	0	0	0	0	0	0	0	0	0	0	0	0	0	0	0	0	0	0	0	0	0	0	0	0	0	0	0	0	0	0	0	0	0	0	0	0	0	0	0	0	0	-66	0	0	0	0	0	0	0	0	0	0	0	0	0	0	0	0	0	0	0	0	0	0	0	0	0	0	0	0	0	0	0	4125	-2544	2768	23151	-7732	-178	-31	968	216	-1	0	-1	-31	956	215	1606974661
-51	-49	-42	-55	-65	-56	-66	-66	-65	-75	-65	-65	-76	-66	-76	0	0	-83	-84	-84	0	0	-85	-83	0	0	-85	-92	-92	0	0	-93	0	-58	0	0	0	0	-93	0	0	0	0	0	-87	-86	-87	0	-89	0	0	0	0	0	0	0	-87	0	0	0	0	0	0	0	-88	0	0	0	0	0	0	0	0	0	0	0	0	0	0	0	0	0	0	0	0	0	0	0	0	0	0	0	0	0	0	0	0	0	0	0	0	0	0	0	0	0	0	0	0	0	0	0	0	4155	-2590	2768	23150	-7730	-179	-31	970	218	-1	0	-1	-31	956	215	1606974663
-51	0	-42	-56	0	-69	0	0	-71	-74	-72	-71	-77	-68	0	0	0	-90	-90	-89	0	0	-90	-90	0	0	-83	-92	-92	0	0	0	0	-57	0	0	0	0	-91	0	0	-92	0	0	0	0	0	0	0	0	0	0	0	0	0	0	0	0	0	0	0	0	0	0	0	0	0	0	0	0	0	0	0	0	0	0	0	0	0	0	0	-70	0	0	0	0	0	0	0	0	0	0	0	0	0	0	0	0	0	0	0	0	0	0	0	0	0	0	0	0	0	0	0	4125	-2604	2723	23150	-7729	-179	-32	968	217	-1	-1	0	-31	956	215	1606974664
-53	-51	0	-55	-65	0	-68	-66	-67	0	-64	-66	-75	-66	0	0	0	-83	-83	-83	0	0	-84	-83	0	0	-82	-92	-91	0	0	-92	0	-61	-67	0	0	0	-93	0	0	0	0	0	0	0	0	0	0	-89	0	0	0	0	0	0	0	0	0	0	0	0	0	0	0	0	0	0	0	0	0	0	0	0	0	0	0	0	0	0	0	-69	0	0	0	0	0	0	0	0	0	0	0	0	0	0	0	0	0	0	0	0	0	0	0	0	0	0	0	0	0	0	0	4178	-2605	2738	23149	-7726	-179	-31	968	218	0	-1	-1	-31	956	216	1606974666
-53	-49	-42	-57	-65	-67	-69	0	-67	0	-67	-67	-75	0	-78	0	0	-83	-84	-85	0	-88	-84	-84	0	0	-82	0	-93	0	0	-94	0	-59	0	0	0	0	-92	0	0	0	0	0	0	0	0	-92	0	0	0	0	0	-88	0	0	0	0	0	0	0	0	0	0	0	0	0	0	0	0	0	0	0	0	0	0	0	0	0	0	0	-63	0	0	0	0	0	0	0	0	0	0	0	0	0	0	0	0	0	0	0	0	0	0	0	0	0	0	0	0	0	0	0	4170	-2604	2694	23151	-7736	-179	-32	969	218	-1	0	-1	-31	956	214	1606974667
0	-49	-43	0	0	0	0	-68	-65	-76	-66	-66	-75	0	0	0	0	-85	-86	-86	0	0	-86	-86	0	0	-81	-91	0	0	0	0	0	-53	-67	0	0	0	0	0	0	0	0	0	0	0	0	0	0	0	0	-93	0	0	0	0	0	0	0	0	0	0	0	0	0	0	0	0	0	0	0	0	0	0	0	0	0	0	0	0	0	-62	0	0	0	0	0	-91	0	0	0	0	0	0	0	0	0	0	0	0	0	0	0	0	0	0	0	0	0	0	0	0	0	4170	-2635	2753	23149	-7727	-179	-32	969	218	0	0	0	-31	956	216	1606974669
-51	-49	-46	-61	-65	-54	-67	-66	-66	-74	-64	-65	-76	-67	0	0	0	-85	-85	-85	0	-86	-85	-84	0	0	-82	-92	-93	0	0	-92	0	-52	0	0	0	0	-91	0	0	0	0	-90	0	0	0	0	0	0	0	0	0	0	0	0	0	0	0	0	0	0	0	0	0	0	0	0	0	0	0	0	0	0	0	0	0	0	0	0	0	-65	0	0	0	0	0	0	0	0	0	0	0	0	0	0	0	0	0	0	0	0	0	0	0	0	0	0	0	0	0	0	0	4110	-2589	2723	23150	-7732	-179	-31	969	217	0	0	-1	-31	956	215	1606974671
-49	-51	-47	-57	-65	0	-71	-72	-72	-78	-72	-72	-76	-68	0	0	0	-89	-90	-89	0	0	-91	-88	0	0	-83	-91	-91	0	0	-91	-91	-54	0	0	0	0	-91	0	0	0	0	0	0	0	0	0	0	0	0	0	0	0	0	0	0	0	0	0	0	0	0	0	0	0	0	0	0	0	0	0	0	-94	0	0	0	0	0	0	0	-69	0	0	0	0	0	0	0	0	0	0	0	0	0	0	0	0	0	0	0	0	0	0	0	0	0	0	0	0	0	0	0	4110	-2574	2693	23151	-7733	-180	-31	968	218	0	0	-1	-31	956	215	1606974672
-50	-47	0	-62	-67	0	0	-66	-64	0	-66	-66	-75	-65	0	0	0	-83	-83	-84	0	0	-83	-83	0	0	-85	-91	-94	0	0	-93	0	-52	0	0	0	0	0	0	0	0	0	0	0	0	0	0	0	0	0	0	0	0	0	0	0	0	0	0	0	0	0	0	0	0	0	0	0	0	0	0	0	0	0	0	0	0	0	0	0	0	0	0	0	0	0	0	0	0	0	0	0	0	0	0	0	0	0	0	0	0	0	0	0	0	0	0	0	0	0	0	0	4155	-2582	2723	23150	-7731	-179	-31	968	218	-1	-1	-1	-31	956	215	1606974674
-49	-49	-53	-57	-67	-65	-69	-69	-72	-75	-71	-72	-75	-68	0	0	0	-90	-90	-89	0	0	-89	-90	0	0	-85	0	-93	0	0	-92	0	-55	0	0	0	0	0	0	0	0	0	0	0	0	0	0	0	-86	0	0	0	0	0	0	0	0	0	0	0	0	0	0	0	0	0	0	0	0	0	0	0	0	0	0	0	0	0	0	0	-65	0	0	0	0	0	0	0	0	0	0	0	0	0	0	0	0	0	0	0	0	0	0	0	0	0	0	0	0	0	0	0	4125	-2604	2738	23149	-7728	-178	-31	968	218	-1	-1	-1	-31	956	215	1606974676
-45	-47	-54	0	0	-54	0	0	-67	0	-65	-65	-75	-69	0	0	0	-83	-86	-85	0	0	-84	-84	0	0	-84	-91	0	0	0	-94	0	-51	0	0	0	0	0	0	0	0	0	0	0	0	0	0	0	0	0	0	0	0	0	0	0	0	0	0	0	0	0	0	0	0	0	0	0	0	0	0	0	0	0	0	0	0	0	0	0	-66	0	0	0	0	0	0	0	0	0	0	0	0	0	0	0	0	0	0	0	0	0	0	0	0	0	0	0	0	0	0	0	4170	-2604	2723	23150	-7731	-178	-31	968	216	0	-1	-1	-31	956	215	1606974677
0	-46	-50	-55	-66	-66	-67	-67	-71	0	-72	-72	-79	-69	0	0	0	-90	-90	-91	0	0	-91	-91	0	0	-84	-95	0	0	0	-90	0	-55	0	0	0	0	-92	0	0	0	0	0	0	0	0	0	0	-86	0	0	-85	0	0	0	0	0	0	0	0	0	0	0	0	0	0	0	0	0	0	0	0	0	0	0	0	0	0	0	0	-69	0	0	0	0	0	0	0	0	0	0	0	0	0	0	0	0	0	0	0	0	0	0	0	0	0	0	0	0	0	0	0	4125	-2634	2693	23150	-7731	-179	-32	968	218	-1	-1	-1	-31	956	215	1606974679
-50	-46	-48	-55	-69	-66	-70	-68	-72	0	-72	-72	-75	-67	0	0	0	-89	-88	-87	0	0	-88	-87	0	0	-86	0	-92	0	0	-93	0	-55	0	0	0	0	-91	0	0	0	0	0	0	0	0	-89	0	-85	0	0	0	0	0	0	0	0	0	0	0	0	0	0	0	0	0	0	0	0	0	0	0	0	0	0	0	0	0	0	0	-69	0	0	0	0	0	0	0	0	0	0	0	0	0	0	0	0	0	0	0	0	0	0	0	0	0	0	0	0	0	0	0	4178	-2574	2723	23149	-7728	-178	-31	968	218	-1	-1	-1	-31	956	215	1606974680
0	-47	-49	-56	0	-65	0	0	-72	0	-72	-73	-76	0	0	0	0	-89	-88	-87	0	0	-88	-89	0	0	-87	-94	-92	0	0	-91	0	-56	0	0	0	0	-91	0	0	0	0	0	0	0	0	-88	0	0	0	0	0	0	0	0	0	0	0	0	0	0	0	0	0	0	0	0	0	0	0	0	0	0	0	0	0	0	0	0	0	-66	0	0	0	0	0	0	0	0	0	0	0	0	0	0	0	0	0	0	0	0	0	0	0	0	0	0	0	0	0	0	0	4140	-2589	2723	23152	-7737	-178	-31	968	216	-1	-1	0	-31	956	214	1606974682
-50	-46	0	-61	-70	0	-69	-68	-66	0	-66	-66	-74	0	0	0	0	-84	-85	-84	0	0	-85	-85	0	0	-85	0	-91	0	0	-92	0	-52	0	0	0	0	-92	0	0	0	0	0	0	0	0	0	0	0	0	0	0	0	0	0	0	0	0	0	0	0	0	0	0	0	0	0	0	0	0	0	0	0	0	0	0	0	0	0	0	-66	0	0	0	0	0	0	0	0	0	0	0	0	0	0	0	0	0	0	0	0	0	0	0	0	0	0	0	0	0	0	0	4155	-2589	2738	23150	-7731	-179	-31	968	217	-1	0	-1	-31	956	215	1606974683
-49	-48	0	-57	-71	0	-69	-67	-72	0	-73	-72	-77	-70	0	-89	-86	-90	-88	-88	-88	-85	-89	-89	0	-84	-82	-92	-92	0	0	-90	0	-56	0	0	0	0	-91	0	0	0	0	0	0	0	0	0	0	-86	0	-94	-85	0	0	0	0	0	0	0	0	0	0	0	0	0	0	0	0	0	0	0	0	0	0	0	0	0	0	0	0	-70	0	0	0	0	0	0	0	0	0	0	0	0	0	0	0	0	0	0	0	0	0	0	0	0	0	0	0	0	0	0	0	4162	-2574	2723	23150	-7730	-179	-31	968	217	-1	-1	-1	-31	956	215	1606974685
-48	-52	-42	-53	-67	-57	-68	-71	-67	0	-64	-66	-77	-71	0	0	0	-85	-85	-86	0	-85	-86	-85	0	0	-87	-92	-93	0	0	-91	0	-52	0	0	0	0	0	0	0	0	0	0	0	0	0	-93	0	0	0	0	0	0	0	0	0	0	0	0	0	0	0	0	0	0	0	0	-94	0	0	0	0	0	0	0	0	0	0	0	0	-62	0	0	0	0	0	-92	0	0	0	0	0	0	0	0	0	0	0	0	0	0	0	0	0	0	0	0	0	0	0	0	0	4170	-2605	2761	23150	-7730	-179	-31	968	216	-1	-1	-1	-31	956	215	1606974687
-63	-51	-42	-62	-68	-68	-70	-70	-70	-79	-71	-72	-75	-68	0	0	0	-89	-89	-89	0	0	-90	-90	0	0	-87	-92	-92	0	0	0	0	-56	0	0	0	0	-89	0	0	0	0	0	0	0	0	0	0	0	0	0	0	0	0	0	0	0	0	0	0	0	0	0	0	0	0	0	0	0	0	0	0	0	0	0	0	0	0	0	0	-64	0	0	0	0	0	0	0	0	0	0	0	0	0	0	0	0	0	0	0	0	0	0	0	0	0	0	0	0	0	0	0	4155	-2589	2693	23150	-7732	-179	-31	968	217	-1	-1	-1	-31	956	215	1606974688
0	-49	-43	-59	0	0	-67	-66	-66	0	-64	-67	-73	-67	0	0	0	-84	-85	-85	0	0	-85	-85	0	0	0	-91	-94	0	0	-93	0	-61	0	0	0	0	-94	0	0	0	0	0	0	0	0	0	0	0	0	0	0	0	0	0	0	0	0	0	0	0	0	0	0	0	0	0	0	0	0	0	0	0	0	0	0	0	0	0	0	-64	0	0	0	0	0	0	0	0	0	0	0	0	0	0	0	0	0	0	0	0	0	0	0	0	0	0	0	0	0	0	0	4170	-2634	2723	23150	-7729	-178	-32	969	218	-1	0	-1	-31	956	215	1606974690
-56	0	-43	-58	-71	-63	-67	-67	-66	-75	-64	-66	-75	-70	0	0	0	-84	-84	-83	0	0	-83	-83	0	0	-83	-91	-92	0	0	-91	0	-61	0	0	0	0	-92	0	0	0	0	-89	0	0	0	0	0	0	0	0	0	0	0	0	0	0	0	0	0	0	0	0	0	0	0	0	0	0	0	0	0	0	0	0	0	0	0	0	0	0	0	0	0	0	0	0	0	0	0	0	0	0	0	0	0	0	0	0	0	0	0	0	0	0	0	0	0	0	0	0	0	4155	-2634	2738	23150	-7731	-179	-31	969	216	-1	-1	-1	-31	956	215	1606974691
0	-49	-43	-59	0	-65	-68	-67	-72	0	-71	-72	-79	-68	0	0	-84	-90	-90	-92	-83	-84	-90	-89	-83	-84	-83	0	-92	0	0	-92	0	-58	0	0	0	0	-91	0	0	0	0	0	0	0	0	0	0	-86	0	0	-87	-87	0	0	0	0	0	0	0	0	0	0	0	0	0	0	0	0	0	0	0	0	0	0	0	0	0	0	0	-69	0	0	0	0	0	0	0	0	0	0	0	0	0	0	0	0	0	0	0	0	0	0	0	0	0	0	0	0	0	0	0	4200	-2582	2678	23150	-7731	-179	-31	969	218	-1	0	-1	-31	956	215	1606974693
-56	0	-43	-59	-66	0	-68	-68	-67	0	-66	-66	-75	-66	0	0	0	-85	-85	-85	0	0	-85	-84	0	0	-84	-91	0	0	0	-92	0	-52	0	0	0	0	-94	0	0	0	0	0	0	0	0	0	0	0	0	0	0	0	0	0	0	0	0	0	0	0	0	0	0	0	0	0	-94	0	0	0	0	0	0	0	0	0	0	0	0	0	0	0	0	0	0	0	0	0	0	0	0	0	0	0	0	0	0	0	0	0	0	0	0	0	0	0	0	0	0	0	0	4185	-2642	2679	23150	-7731	-179	-31	968	218	-1	-1	-1	-31	956	215	1606974695
-53	-49	-43	-60	-67	0	-68	-67	-73	-73	-71	-72	-76	-66	0	0	-84	-88	-90	-90	0	-85	-89	-89	0	0	-85	-94	-92	0	0	-92	0	-58	0	0	0	0	0	0	0	0	0	0	0	0	0	0	0	0	0	0	0	0	0	0	0	0	0	0	0	0	0	0	0	0	0	0	0	0	0	0	0	0	0	0	0	0	0	0	0	0	0	0	0	0	0	0	0	0	0	0	0	0	0	0	0	0	0	0	0	0	0	0	0	0	0	0	0	0	0	0	0	4185	-2597	2678	23150	-7728	-178	-31	969	218	-1	-1	-1	-31	956	215	1606974696
0	-50	-44	0	0	-55	0	-65	-67	-72	-67	-68	-73	-70	0	0	-84	-84	-85	-85	-82	-83	-86	-86	-83	-84	-84	-92	-92	0	0	-93	0	-64	0	0	0	0	-92	0	0	0	0	0	0	0	0	0	0	-87	0	0	-88	-89	0	0	0	0	0	0	0	0	0	0	0	0	0	0	0	0	0	0	0	0	0	0	0	0	0	0	0	-65	0	0	0	0	0	0	0	0	0	0	0	0	0	0	0	0	0	0	0	0	0	0	0	0	0	0	0	0	0	0	0	4155	-2642	2768	23152	-7735	-178	-32	968	218	-1	-1	-1	-31	956	214	1606974698
-46	-50	-44	0	-71	0	-70	0	-66	-78	-64	-65	-77	0	0	0	0	-84	-85	-85	0	0	-84	-84	0	0	-84	-93	-92	0	0	-92	0	-54	0	0	0	0	-92	0	0	0	0	0	0	0	0	0	0	0	0	0	0	0	0	0	0	0	0	0	0	0	0	0	0	0	0	0	-95	0	0	0	0	0	0	0	0	0	0	0	0	-63	0	0	0	0	0	0	0	0	0	0	0	0	0	0	0	0	0	0	0	0	0	0	0	0	0	0	0	0	0	0	0	4155	-2574	2641	23150	-7730	-178	-32	969	217	-1	-1	0	-31	956	215	1606974699
-51	-50	-43	-56	-69	0	-69	-66	-72	0	-72	-72	-76	-66	0	0	0	-90	-89	-89	0	0	-89	-89	0	0	-83	0	0	0	0	-91	0	-56	0	0	0	0	-91	0	0	-92	0	0	0	0	0	0	0	0	0	0	0	0	0	0	0	0	0	0	0	0	0	0	0	0	0	0	0	0	0	0	0	0	0	0	0	0	0	0	0	-67	0	0	0	0	0	0	0	0	0	0	0	0	0	0	0	0	0	0	0	0	0	0	0	0	0	0	0	0	0	0	0	4155	-2589	2693	23150	-7730	-179	-31	968	217	-1	-1	-1	-31	956	215	1606974701
-50	-49	0	-57	-73	0	-66	-65	-71	0	0	-71	-79	-68	0	0	0	-90	-90	-89	0	0	-89	-88	0	0	-83	-90	-91	0	0	-91	0	-57	0	0	0	0	-91	0	0	0	0	0	0	0	0	0	0	-86	0	0	0	0	0	0	0	0	0	0	0	0	0	0	0	0	0	0	0	0	0	0	0	0	0	0	0	0	0	0	0	-67	0	0	0	0	0	0	0	0	0	0	0	0	0	0	0	0	0	0	0	0	0	0	0	0	0	0	0	0	0	0	0	4170	-2575	2768	23151	-7735	-179	-31	968	217	-1	-1	-1	-31	956	214	1606974703
-50	-49	-44	-55	-65	0	-65	0	-72	-77	-71	-71	-74	0	0	0	0	-90	-89	-89	0	-87	-88	-88	0	0	-82	-93	-92	0	0	-93	0	-57	0	0	0	0	-91	0	0	0	0	0	0	0	0	-90	0	-85	0	0	0	0	0	0	0	0	0	0	0	0	0	0	0	0	0	0	0	0	0	0	0	0	0	0	0	0	0	0	0	-62	0	0	0	0	0	0	0	0	0	0	0	0	0	0	0	0	0	0	0	0	0	0	0	0	0	0	0	0	0	0	0	4155	-2574	2686	23151	-7731	-177	-31	969	217	-1	-1	0	-31	956	215	1606974704
-47	-49	-44	-57	-65	0	-67	-67	-72	-73	-71	-71	-77	-67	0	0	0	-89	-88	-88	0	0	-88	-90	0	0	-83	-91	-93	0	0	0	0	-57	0	0	0	0	-88	0	0	0	0	0	-86	0	-87	0	-89	-86	-87	0	-86	-86	0	0	0	0	0	0	0	0	0	0	0	0	0	0	0	0	0	0	0	0	0	0	0	0	0	0	0	-63	0	0	0	0	0	0	0	0	0	0	0	0	0	0	0	0	0	0	0	0	0	0	0	0	0	0	0	0	0	0	0	4170	-2605	2753	23151	-7733	-178	-32	968	217	-1	-1	-1	-31	956	215	1606974706
0	-49	-44	0	0	-54	0	0	-64	-75	-64	-63	-75	0	0	0	0	-82	-82	-83	0	-86	-82	-83	0	0	-85	-92	-92	0	0	0	0	-51	0	0	0	0	-93	0	0	-92	0	0	0	0	0	0	0	0	0	0	0	0	0	0	0	0	0	0	0	0	0	0	0	0	0	0	0	0	0	0	0	0	0	0	0	0	0	0	0	-67	0	0	0	0	0	0	0	0	0	0	0	0	0	0	0	0	0	0	0	0	0	0	0	0	0	0	0	0	0	0	0	4170	-2650	2739	23152	-7735	-177	-31	968	217	-1	-1	-1	-31	956	214	1606974707
-49	-50	-43	-59	-68	-63	-68	-68	-71	0	-72	-73	-79	-66	0	0	0	-89	-88	-90	0	0	-90	-89	0	0	-82	-94	0	0	0	-92	0	-57	0	0	0	0	-92	0	0	0	0	0	0	0	0	0	0	0	0	-83	0	0	0	0	0	0	0	0	0	0	0	0	0	0	0	0	0	0	0	0	0	0	0	0	0	0	0	0	0	0	0	0	0	0	0	0	0	0	0	0	0	0	0	0	0	0	0	0	0	0	0	0	0	0	0	0	0	0	0	0	0	4170	-2619	2679	23151	-7732	-178	-31	969	218	-1	-1	-1	-31	956	215	1606974709
-51	-49	-43	-57	-69	-65	-69	-69	-71	-76	-71	-71	-77	-67	0	0	0	-87	-88	-89	0	0	-89	-88	0	0	-85	0	0	0	0	0	0	-58	0	0	0	0	-93	0	0	0	0	-86	0	0	0	-88	0	0	0	0	0	0	0	0	0	0	0	0	0	0	0	0	0	0	0	0	0	0	0	0	0	0	0	0	0	0	0	0	0	0	0	0	0	0	0	0	0	0	0	0	0	0	0	0	0	0	0	0	0	0	0	0	0	0	0	0	0	0	0	0	0	4163	-2620	2731	23150	-7729	-178	-31	969	217	-1	-1	-1	-31	956	215	1606974711
0	0	-43	-58	0	0	-65	-68	-66	0	-67	-67	-75	-68	0	0	0	-82	-82	-82	0	0	-83	-83	0	0	-84	-91	0	0	0	0	0	-54	0	0	0	0	-92	0	0	0	0	0	0	0	0	0	0	0	0	0	0	0	0	0	0	0	0	0	0	0	0	0	0	0	0	0	0	0	0	0	0	0	0	0	0	0	0	0	0	0	0	0	0	0	0	0	0	0	0	0	0	0	0	0	0	0	0	0	0	0	0	0	0	0	0	0	0	0	0	0	0	4125	-2589	2738	23152	-7737	-178	-32	968	215	-1	-1	-1	-31	956	214	1606974712
-52	-50	-44	0	-68	-55	0	0	-67	0	-66	-67	-75	0	0	0	0	-82	-83	-82	0	0	-83	-84	0	0	-83	-93	-93	0	0	0	0	-57	-66	0	0	0	0	0	0	0	0	0	0	0	-91	0	0	0	-90	0	0	0	0	0	0	0	0	0	0	0	0	0	0	0	0	0	0	0	0	0	0	0	0	0	0	0	0	0	0	-68	0	0	0	0	0	0	0	0	0	0	0	0	0	0	0	0	0	0	0	0	0	0	0	0	0	0	0	0	0	0	0	4170	-2589	2723	23150	-7731	-178	-31	968	217	-1	-1	-1	-31	956	215	1606974714
-53	-48	-45	-61	-65	-66	-68	-68	-69	-76	-71	-71	-79	-69	-79	-89	0	-87	-87	-85	0	-86	-87	-87	0	0	-84	-91	-93	0	0	-91	-91	-55	0	0	0	0	-91	0	0	0	0	0	0	0	0	0	0	-85	0	0	0	0	0	0	0	0	0	0	0	0	0	0	0	0	0	0	0	0	0	0	0	0	0	0	0	0	0	0	0	-63	0	0	0	0	0	0	0	0	0	0	0	0	0	0	0	0	0	0	0	0	0	0	0	0	0	0	0	0	0	0	0	4140	-2605	2768	23151	-7732	-178	-31	968	217	-1	-1	-1	-31	956	215	1606974716
-55	-50	-45	-58	-66	0	0	-66	-64	0	-65	-65	-74	-67	0	-90	-85	-83	-83	-84	-84	-84	-84	-83	-84	-85	-83	-94	-91	0	0	-90	0	-53	0	0	0	0	0	0	0	0	0	0	0	0	0	0	0	-86	0	0	-88	-87	0	0	0	0	0	0	0	0	0	0	0	0	0	0	0	0	0	0	0	0	0	0	0	0	0	0	0	-70	0	0	0	0	0	0	0	0	0	0	0	0	0	0	0	0	0	0	0	0	0	0	0	0	0	0	0	0	0	0	0	4110	-2589	2723	23151	-7733	-178	-31	968	216	0	0	0	-31	956	215	1606974717
-55	-50	0	-59	-72	0	-69	-68	-71	0	-71	-72	-78	-69	0	0	-84	-87	-87	-87	-84	-86	-87	-87	-84	-85	-83	-91	-91	0	0	-92	0	-55	0	0	0	0	-92	0	0	0	0	0	0	0	0	0	0	-86	0	0	-86	-87	0	0	0	0	0	0	0	0	0	0	0	0	0	0	0	0	0	0	0	0	0	0	0	0	0	0	0	-70	0	0	0	0	0	0	0	0	0	0	0	0	0	0	0	0	0	0	0	0	0	0	0	0	0	0	0	0	0	0	0	4162	-2589	2671	23152	-7734	-177	-31	968	218	0	-1	0	-31	956	214	1606974719
-56	-51	-43	0	-68	0	0	-66	-71	0	-71	-71	-77	-69	0	0	0	-88	-88	-87	0	-85	-88	-88	0	0	-83	-91	-90	0	0	-91	0	-57	0	0	0	0	-91	0	0	0	0	0	0	0	0	0	0	0	0	-90	0	0	0	0	0	0	0	0	0	0	0	0	0	0	0	0	0	0	0	0	0	0	0	0	0	0	0	0	0	-63	0	0	0	0	0	0	0	0	0	0	0	0	0	0	0	0	0	0	0	0	0	0	0	0	0	0	0	0	0	0	0	4215	-2620	2746	23150	-7730	-177	-32	968	217	-1	-1	-1	-31	956	215	1606974720
-52	-50	-44	-63	-72	0	-69	-66	-71	0	-72	-71	-77	-65	0	0	0	-88	-88	-90	0	-84	-90	-87	0	0	-84	-91	-91	0	0	-93	0	-56	0	0	0	0	-92	0	0	0	0	0	0	0	0	0	0	-88	0	-93	-87	-88	0	0	0	0	0	0	0	0	0	0	0	0	0	0	0	0	0	0	0	0	0	0	0	0	0	0	0	-66	0	0	0	0	0	0	0	0	0	0	0	0	0	0	0	0	0	0	0	0	0	0	0	0	0	0	0	0	0	0	0	4110	-2604	2723	23152	-7736	-177	-32	969	216	-1	-1	0	-31	956	214	1606974722
0	-50	-44	0	-67	0	-69	-67	-66	0	-64	-65	-75	-68	0	0	0	-83	-83	-84	0	-88	-83	-83	0	0	-83	0	0	0	0	0	0	-62	0	0	0	0	0	0	0	0	0	0	0	0	0	0	0	-87	0	0	-91	-89	0	0	0	0	0	0	0	0	0	0	0	0	0	0	0	0	0	0	0	0	0	0	0	0	0	0	0	-66	0	0	0	0	0	-93	0	0	0	0	0	0	0	0	0	0	0	0	0	0	0	0	0	0	0	0	0	0	0	0	0	4185	-2597	2678	23151	-7734	-178	-31	969	218	0	-1	0	-31	956	214	1606974724
-54	-49	-44	-59	-75	-59	-67	-66	0	0	-67	-68	-75	-67	0	0	0	-83	-84	-84	0	0	-84	-84	0	0	-83	-94	0	0	0	0	0	-60	0	0	0	0	-92	0	0	0	0	0	0	0	-90	0	0	-90	0	0	-87	-86	0	0	0	0	-70	0	0	0	0	0	0	0	0	0	0	0	0	0	0	0	0	0	0	0	0	0	0	-67	0	0	0	0	0	0	0	0	0	0	0	0	0	0	0	0	0	0	0	0	0	0	0	0	0	0	0	0	0	0	0	4185	-2604	2694	23151	-7732	-177	-31	968	217	0	-1	0	-31	956	215	1606974725
-55	-50	-44	-64	-72	0	0	-68	-67	0	-67	-67	-77	-65	0	0	0	-84	-85	-84	0	-85	-85	-85	0	0	-83	-91	-91	0	0	-90	0	-51	0	0	0	0	0	0	0	0	0	0	0	0	0	0	0	0	0	0	0	0	0	0	0	0	0	0	0	0	0	0	0	0	0	0	0	0	0	0	0	0	0	0	0	0	0	0	0	-64	0	0	0	0	0	-92	0	0	0	0	0	0	0	0	0	0	0	0	0	0	0	0	0	0	0	0	0	0	0	0	0	4080	-2589	2738	23152	-7736	-178	-31	969	217	-1	0	0	-31	956	214	1606974727
-52	-51	-44	0	-73	-63	-65	-67	-65	0	-64	-66	-74	-65	0	0	0	-84	-84	-84	0	0	-86	-84	0	0	-83	0	-90	0	0	-91	0	-55	-69	0	0	0	-92	0	0	0	0	0	-84	0	0	0	0	0	0	0	0	0	0	0	0	0	0	0	0	0	0	0	0	0	0	0	0	0	0	0	0	0	0	0	0	0	0	0	0	0	0	0	0	0	0	0	0	0	0	0	0	0	0	0	0	0	0	0	0	0	0	0	0	0	0	0	0	0	0	0	0	4125	-2589	2753	23151	-7734	-177	-30	969	217	0	-1	-1	-31	956	214	1606974728
-55	-51	-45	-61	-67	0	-68	-65	0	0	-66	-64	-75	-66	0	0	0	-83	-84	-84	0	-88	-82	-84	0	0	-84	-91	-92	0	0	0	0	-55	0	0	0	0	0	0	0	0	0	0	0	0	0	0	0	0	0	0	0	0	0	0	0	0	0	0	0	0	0	0	0	0	0	0	0	0	0	0	0	0	0	0	0	0	0	0	0	0	0	0	0	0	0	0	0	0	0	0	0	0	0	0	0	0	0	0	0	0	0	0	0	0	0	0	0	0	0	0	0	4170	-2590	2731	23151	-7734	-177	-31	969	217	0	-1	-1	-31	956	214	1606974730
-55	-50	-45	0	-68	0	0	0	-72	0	-71	-72	-77	0	-78	0	0	-90	-89	-90	0	-89	-90	-90	0	0	-84	0	-92	0	0	-90	0	-56	0	0	0	0	-90	0	0	-93	0	0	0	0	0	0	0	0	0	0	0	0	0	0	0	0	0	0	0	0	0	0	0	0	0	0	0	0	0	0	0	0	0	0	0	0	0	0	0	-69	0	0	0	0	0	0	0	0	0	0	0	0	0	0	0	0	0	0	0	0	0	0	0	0	0	0	0	0	0	0	0	4155	-2589	2723	23150	-7730	-177	-32	968	217	0	-1	0	-31	956	215	1606974732
-54	-50	-44	-64	-69	0	-65	-67	-71	0	-70	-72	-76	-68	0	0	0	-92	-92	-92	0	-86	-90	-92	0	0	-84	0	0	0	0	-92	0	-56	0	0	0	0	-92	0	0	0	0	0	0	0	0	0	0	-86	0	0	-88	-86	0	0	0	0	0	0	0	0	0	0	0	0	0	0	0	0	0	0	0	0	0	0	0	0	0	0	0	-69	0	0	0	0	0	0	0	0	0	0	0	0	0	0	0	0	0	0	0	0	0	0	0	0	0	0	0	0	0	0	0	4200	-2590	2738	23152	-7735	-177	-31	968	217	-1	-1	0	-31	956	214	1606974733
-54	-52	-45	-61	-72	0	-68	-64	-71	0	-72	-71	-79	-63	0	0	-87	-93	-90	-91	-87	-86	-91	-90	-85	-87	-86	-93	-93	0	0	-92	0	-56	-68	0	0	0	-92	0	0	0	0	0	0	0	0	-90	0	0	0	0	0	0	0	0	0	0	0	0	0	0	0	0	0	0	0	0	0	0	0	0	0	0	0	0	0	0	0	0	0	-69	0	0	0	0	0	0	0	0	0	0	0	0	0	0	0	0	0	0	0	0	0	0	0	0	0	0	0	0	0	0	0	4125	-2597	2723	23151	-7732	-178	-31	968	218	-1	-1	0	-31	956	215	1606974735
0	-49	-45	-60	0	-54	-66	0	-64	0	-65	-65	-75	0	0	-87	0	-84	-84	-83	0	0	-83	-83	0	0	-86	-93	-92	0	0	-92	0	-51	0	0	0	0	0	0	0	0	0	0	0	0	0	0	0	0	0	0	0	0	0	0	0	0	0	0	0	0	0	0	0	0	0	0	-94	0	0	0	0	0	0	0	0	0	0	0	0	-64	0	0	0	0	0	0	0	0	0	0	0	0	0	0	0	0	0	0	0	0	0	0	0	0	0	0	0	0	0	0	0	4170	-2589	2723	23151	-7732	-177	-31	968	217	-1	-1	0	-31	956	215	1606974736
-50	-49	-45	-58	-71	0	-67	-66	-67	0	-64	-65	-74	-66	0	0	0	-83	-83	-83	0	-86	-83	-83	0	0	-83	-92	-93	0	0	-91	0	-52	0	0	0	0	0	0	0	0	0	0	0	0	0	0	0	0	0	0	-89	0	0	0	0	0	0	0	0	0	0	0	0	0	0	0	-95	0	0	0	0	0	0	0	0	0	0	0	0	-63	0	0	0	0	0	0	0	0	0	0	0	0	0	0	0	0	0	0	0	0	0	0	0	0	0	0	0	0	0	0	0	4155	-2604	2746	23151	-7733	-177	-30	968	218	0	-1	0	-31	956	215	1606974738
-53	-48	-43	-57	-67	0	-68	-68	-65	0	-65	-65	-76	-68	0	0	0	-83	-84	-84	0	0	-84	-84	0	0	-84	-91	0	0	0	-91	0	-52	-67	0	0	0	0	0	0	0	0	0	0	0	0	0	0	0	0	0	0	0	0	-91	0	0	0	0	0	0	0	0	0	0	0	0	0	0	0	0	0	0	0	0	0	0	0	0	0	-68	0	0	0	0	0	-90	0	0	0	0	0	0	0	0	0	0	0	0	0	0	0	0	0	0	0	0	0	0	0	0	0	4170	-2605	2761	23151	-7731	-177	-31	969	218	0	0	0	-31	956	215	1606974740
0	-50	0	-59	-67	0	-67	0	-65	0	-64	-63	-76	0	0	0	0	-83	-85	-85	0	0	-84	-84	0	0	-82	-91	-92	0	0	-91	0	-51	-66	0	0	0	0	0	0	0	0	0	0	0	0	0	0	-87	0	-91	0	0	0	0	0	0	0	0	0	0	0	0	0	0	0	0	0	0	0	0	0	0	0	0	0	0	0	0	0	-71	0	0	0	0	0	0	0	0	0	0	0	0	0	0	0	0	0	0	0	0	0	0	0	0	0	0	0	0	0	0	0	4170	-2589	2723	23150	-7729	-177	-30	969	217	-1	-1	-1	-31	956	215	1606974741
-53	-50	-44	0	-66	-66	0	-65	-67	0	-65	-65	-76	-65	0	0	0	-85	-85	-85	0	-86	-85	-85	0	0	-83	0	-91	0	0	-94	0	-55	-67	0	0	0	0	0	0	0	0	0	0	0	0	0	0	0	0	0	0	0	0	0	0	0	0	0	0	0	0	0	0	0	0	0	0	0	0	0	0	0	0	0	0	0	0	0	0	-62	0	0	0	0	0	0	0	0	0	0	0	0	0	0	0	0	0	0	0	0	0	0	0	0	0	0	0	0	0	0	0	4140	-2559	2693	23152	-7735	-177	-31	968	217	-1	-1	0	-31	956	214	1606974743
-55	-49	-45	0	-68	0	0	0	-66	-77	-65	-67	-77	0	0	-87	0	-85	-85	-85	0	0	-86	-87	0	0	-82	-92	-92	0	0	-91	0	-52	0	0	0	0	0	0	0	0	0	0	0	0	0	0	0	-87	0	0	-85	-86	0	0	0	0	0	0	0	0	0	0	0	0	0	0	0	0	0	0	0	0	0	0	0	0	0	0	0	-68	0	0	0	0	0	0	0	0	0	0	0	0	0	0	0	0	0	0	0	0	0	0	0	0	0	0	0	0	0	0	0	4170	-2635	2731	23150	-7729	-177	-31	968	217	-1	-1	-1	-31	956	215	1606974745
0	-49	-44	-58	0	0	-70	-66	-71	0	-73	-72	-79	-66	0	0	-85	-88	-88	-91	-85	-83	-90	-90	-85	-84	-82	-92	-92	0	0	0	0	-56	0	0	0	0	-93	0	0	-93	0	0	0	0	0	0	0	-86	0	0	-87	-86	0	0	0	0	0	0	0	0	0	0	0	0	0	0	0	0	0	0	0	0	0	0	0	0	0	0	0	-69	0	0	0	0	0	0	0	0	0	0	0	0	0	0	0	0	0	0	0	0	0	0	0	0	0	0	0	0	0	0	0	4155	-2604	2738	23150	-7729	-178	-31	968	218	-1	-1	-1	-31	956	215	1606974746
0	-49	-44	-59	0	-54	-66	-68	-68	0	-68	-65	-77	-65	0	0	0	-83	-83	-84	0	-87	-84	-84	0	0	-84	-93	-91	0	0	-91	0	-52	0	0	0	0	0	0	0	0	0	0	0	0	-91	-91	0	0	0	0	0	0	0	0	0	0	0	0	0	0	0	0	0	0	0	0	0	0	0	0	0	0	0	0	0	0	0	0	0	-65	0	0	0	0	0	0	0	0	0	0	0	0	0	0	0	0	0	0	0	0	0	0	0	0	0	0	0	0	0	0	0	4110	-2589	2723	23150	-7728	-178	-31	969	216	0	-1	0	-31	956	215	1606974748
-56	-50	-44	0	-70	0	0	-68	-66	0	-67	-65	-76	0	0	0	0	-84	-84	-85	0	-85	-84	-84	0	0	-84	-93	-92	0	0	-91	-92	-51	-66	0	0	0	0	0	0	0	0	0	0	0	0	0	0	0	0	0	0	-89	0	0	0	0	0	0	0	0	0	0	0	0	0	0	0	0	0	0	0	0	0	0	0	0	0	0	0	-66	0	0	0	0	0	0	0	0	0	0	0	0	0	0	0	0	0	0	0	0	0	0	0	0	0	0	0	0	0	0	0	4200	-2590	2738	23151	-7732	-178	-31	968	218	-1	-1	0	-31	956	215	1606974749
0	-50	-44	-60	0	0	-69	-68	-66	0	-66	-66	-76	-68	0	0	-87	-84	-86	-84	-88	-86	-85	-84	-87	-88	-83	0	-93	0	0	-92	0	-53	0	0	0	0	0	0	0	0	0	0	0	0	0	0	0	0	0	0	0	0	0	0	0	0	0	0	0	0	0	0	0	0	0	0	0	0	0	0	0	0	0	0	0	0	0	0	0	-64	0	0	0	0	0	0	0	0	0	0	0	0	0	0	0	0	0	0	0	0	0	0	0	0	0	0	0	0	0	0	0	4110	-2589	2678	23149	-7728	-179	-31	969	217	-1	-1	-1	-31	956	215	1606974751
-53	0	-45	0	-70	-54	-70	-69	0	0	-65	-67	-75	-68	0	0	0	-86	-84	-84	0	0	-84	-84	0	0	0	-92	-92	0	0	-93	0	-53	0	0	0	0	0	0	0	0	0	0	0	0	0	0	0	0	0	0	0	0	0	0	0	0	0	0	0	0	0	0	0	0	0	0	0	0	0	0	0	0	0	0	0	0	0	0	0	0	0	0	0	0	0	0	0	0	0	0	0	0	0	0	0	0	0	0	0	0	0	0	0	0	0	0	0	0	0	0	0	4110	-2582	2693	23150	-7728	-178	-31	969	216	-1	-1	-1	-31	956	215	1606974752
-54	-50	-45	-60	-70	0	-68	-68	-67	0	-65	-67	-76	-65	0	0	0	-84	-84	-84	0	-87	-84	-84	0	0	-83	-91	-91	0	0	-92	0	-50	0	0	0	0	-93	0	0	0	0	0	0	0	0	-89	0	-86	0	-93	0	0	0	0	0	0	0	0	0	0	0	0	0	0	0	0	0	0	0	0	0	0	0	0	0	0	0	0	0	-64	0	0	0	0	0	0	0	0	0	0	0	0	0	0	0	0	0	0	0	0	0	0	0	0	0	0	0	0	0	0	0	4170	-2620	2738	23151	-7734	-178	-32	969	217	0	-1	-1	-31	956	214	1606974754
0	-50	-45	-59	0	-57	-67	-64	-68	-77	-67	-67	-76	-66	0	0	0	-84	-85	-85	0	0	-85	-85	0	0	-82	-93	-93	0	0	-90	0	-50	0	0	0	0	0	0	0	0	0	0	0	0	0	-88	0	0	0	0	0	0	0	0	0	0	0	0	0	0	0	0	0	0	0	0	0	0	0	0	0	0	0	0	0	0	0	0	0	-62	0	0	0	0	0	0	0	0	0	0	0	0	0	0	0	0	0	0	0	0	0	0	0	0	0	0	0	0	0	0	0	4095	-2642	2723	23150	-7729	-178	-31	968	218	0	-1	-1	-31	956	215	1606974755
-53	-52	-44	-59	0	-64	0	-68	-72	0	-72	-72	-76	-68	0	0	0	-89	-89	-90	0	0	-91	-89	0	0	-85	-93	-92	0	0	-91	-90	-57	0	0	0	0	-92	0	0	0	0	0	0	0	0	0	0	-83	0	0	-84	0	0	0	0	0	0	0	0	0	0	0	0	0	0	0	0	0	0	0	0	0	0	0	0	0	0	0	0	-69	0	0	0	0	0	-91	0	0	0	0	0	0	0	0	0	0	0	0	0	0	0	0	0	0	0	0	0	0	0	0	0	4125	-2649	2723	23150	-7729	-178	-31	968	217	-1	0	0	-31	956	215	1606974757
-54	-50	-45	-61	-69	0	-65	-67	-67	-78	-65	-66	-74	-67	0	0	-86	-83	-84	-84	-84	-84	-82	-84	-86	-89	-83	-93	-92	0	0	-93	0	-57	0	0	0	0	0	0	0	0	0	0	0	0	0	0	0	-85	-89	0	0	0	0	0	0	0	0	0	0	0	0	0	0	0	0	0	-93	0	0	0	0	0	0	0	0	0	0	0	0	-66	0	0	0	0	0	0	0	0	0	0	0	0	0	0	0	0	0	0	0	0	0	0	0	0	0	0	0	0	0	0	0	4125	-2649	2694	23150	-7731	-179	-32	969	218	0	0	-1	-31	956	215	1606974758
-53	-50	-45	-59	-65	-64	0	-68	-72	0	-72	-72	-80	-66	0	0	-86	-90	-89	-91	-87	0	-89	-91	0	-85	-85	-92	0	0	0	-92	0	-55	0	0	0	0	-92	0	0	0	0	0	0	0	0	-89	0	-86	0	-90	-85	0	0	0	0	0	0	0	0	0	0	0	0	0	0	0	0	0	0	0	0	0	0	0	0	0	0	0	0	-70	0	0	0	0	0	0	0	0	0	0	0	0	0	0	0	0	0	0	0	0	0	0	0	0	0	0	0	0	0	0	0	4155	-2657	2746	23150	-7730	-179	-30	969	218	0	0	0	-31	956	215	1606974760
-49	-49	-44	-59	-64	0	-65	-65	-71	-77	-70	-71	-77	-67	0	0	0	-89	-90	-89	0	0	-88	-89	0	0	-83	-90	-91	0	0	-91	0	-55	0	0	0	0	0	0	0	0	0	0	0	0	0	0	0	-89	0	0	0	0	0	0	0	0	0	0	0	0	0	0	0	0	0	0	0	0	0	0	0	0	0	0	0	0	0	0	0	-63	0	0	0	0	0	0	0	0	0	0	0	0	0	0	0	0	0	0	0	0	0	0	0	0	0	0	0	0	0	0	0	4125	-2604	2753	23150	-7728	-178	-31	969	218	0	-1	0	-31	956	215	1606974762
-50	-50	-44	-57	-70	-54	-68	-65	-67	-77	-64	-65	-75	-67	0	0	0	-84	-84	-84	0	0	-83	-85	0	0	-84	-92	0	0	0	0	0	-51	0	0	0	0	0	0	0	0	0	0	0	0	0	-89	0	-88	0	0	0	0	0	0	0	0	0	0	0	0	0	0	0	0	0	0	0	0	0	0	0	0	0	0	0	0	0	0	0	-63	0	0	0	0	0	0	0	0	0	0	0	0	0	0	0	0	0	0	0	0	0	0	0	0	0	0	0	0	0	0	0	4125	-2604	2761	23151	-7734	-178	-31	968	217	-1	0	-1	-31	956	214	1606974763
-50	-50	-44	-57	-73	-64	-68	-66	-72	-77	-72	-71	-79	-66	0	0	-85	-87	-87	-88	-84	-82	-87	-87	-86	-85	-84	-92	-93	0	0	-92	0	-55	0	0	0	0	-92	0	0	-92	0	0	0	0	0	0	0	0	0	0	0	0	0	0	0	0	0	0	0	0	0	0	0	0	0	0	0	0	0	0	0	0	0	0	0	0	0	0	0	-63	0	0	0	0	0	0	0	0	0	0	0	0	0	0	0	0	0	0	0	0	0	0	0	0	0	0	0	0	0	0	0	4223	-2605	2694	23149	-7725	-176	-32	968	217	-1	-1	-1	-31	956	216	1606974765
-52	-50	-45	-57	-70	-62	-66	-69	-71	0	-73	-71	-78	-67	0	0	0	-88	-88	-87	0	0	-88	-88	0	0	-83	-92	-92	0	0	-93	0	-54	0	0	0	0	-92	0	0	0	0	0	0	0	0	0	0	-85	0	0	-85	-85	0	0	0	0	0	0	0	0	0	0	0	0	0	0	0	0	0	0	0	0	0	0	0	0	0	0	0	-68	0	0	0	0	0	0	0	0	0	0	0	0	0	0	0	0	0	0	0	0	0	0	0	0	0	0	0	0	0	0	0	4155	-2687	2723	23150	-7728	-178	-31	968	218	-1	-1	0	-31	956	215	1606974767
-50	-49	-45	-57	-71	-64	0	-66	-71	0	-72	-72	-77	-65	0	0	-89	-88	-87	-87	-89	-87	-89	-87	-87	-88	-85	-93	-91	0	0	-91	0	-55	-70	0	0	0	-94	0	0	0	0	0	0	0	0	0	0	0	0	0	0	0	0	0	0	0	0	0	0	0	0	0	0	0	0	0	0	0	0	0	0	0	0	0	0	0	0	0	0	-70	0	0	0	0	0	0	0	0	0	0	0	0	0	0	0	0	0	0	0	0	0	0	0	0	0	0	0	0	0	0	0	4155	-2574	2723	23150	-7730	-179	-31	968	218	-1	-1	0	-31	956	215	1606974768
-46	-51	-44	-57	-72	-64	-65	-65	-71	-71	-72	-70	-77	-65	0	0	0	-90	-89	-88	0	-87	-87	-90	0	0	-83	-92	-93	0	0	-93	0	-54	0	0	0	0	-93	0	0	0	0	0	0	0	0	0	0	0	0	0	0	0	0	0	0	0	0	0	0	0	0	0	0	0	0	0	0	0	0	0	0	0	0	0	0	0	0	0	0	-66	0	0	0	0	0	0	0	0	0	0	0	0	0	0	0	0	0	0	0	0	0	0	0	0	0	0	0	0	0	0	0	4200	-2575	2723	23149	-7727	-179	-31	968	218	0	-1	-1	-31	956	216	1606974770
-51	-50	-44	-59	-73	0	0	-63	-64	-78	-65	-64	-73	-64	0	0	0	-83	-83	-83	0	0	-83	-84	0	0	-84	-90	-92	0	0	-91	0	-51	0	0	0	0	0	0	0	0	0	0	0	0	0	0	0	-87	0	0	0	-87	0	0	0	0	0	0	0	0	0	0	0	0	0	0	0	0	0	0	0	-92	0	0	0	0	0	0	0	0	0	0	0	0	0	0	0	0	0	0	0	0	0	0	0	0	0	0	0	0	0	0	0	0	0	0	0	0	0	0	0	4162	-2589	2716	23150	-7730	-177	-31	968	217	0	-1	-1	-31	956	215	1606974771
-50	-50	-45	-59	0	-55	-65	-67	-67	0	-64	-67	-75	-65	0	0	0	-82	-84	-83	0	0	-83	-83	0	0	-85	-91	-95	0	0	-91	0	-52	0	0	0	0	0	0	0	0	0	0	0	0	-90	0	0	0	-89	0	0	0	0	0	0	0	0	0	0	0	0	0	0	0	0	0	0	0	0	0	0	0	0	0	0	0	0	0	0	0	0	0	0	0	0	0	0	0	0	0	0	0	0	0	0	0	0	0	0	0	0	0	0	0	0	0	0	0	0	0	0	4170	-2589	2693	23151	-7733	-177	-31	969	217	-1	-1	0	-31	956	215	1606974773
0	-51	-43	0	0	0	0	0	-66	0	-67	-66	-75	0	0	0	0	-83	-84	-84	0	-86	-84	-83	0	0	-85	-92	-92	0	0	-92	0	-51	-68	0	0	0	-93	0	0	0	0	-83	0	0	0	0	0	0	0	0	-88	0	0	0	0	0	0	0	0	0	0	0	0	0	0	0	0	0	0	0	0	0	0	0	0	0	0	0	0	-70	0	0	0	0	0	0	0	0	0	0	0	0	0	0	0	0	0	0	0	0	0	0	0	0	0	0	0	0	0	0	0	4155	-2589	2723	23150	-7729	-177	-31	969	218	0	-1	-1	-31	956	215	1606974775
-52	-51	-44	0	0	0	0	0	-73	0	-71	-71	-78	-69	0	0	0	-89	-88	-89	0	0	-89	-89	0	0	-84	-92	0	0	0	-92	0	-55	0	0	0	0	0	0	0	0	0	-87	0	0	0	-89	0	0	0	0	0	0	0	0	0	0	0	0	0	0	0	0	0	0	0	0	0	0	0	0	0	0	0	0	0	0	0	0	0	-63	0	0	0	0	0	0	0	0	0	0	0	0	0	0	0	0	0	0	0	0	0	0	0	0	0	0	0	0	0	0	0	4185	-2590	2738	23150	-7729	-178	-32	969	217	0	-1	0	-31	956	215	1606974776
-52	-50	-44	-57	-70	0	0	0	-71	0	-71	-72	-79	0	0	0	-85	-88	-88	-88	-86	-87	-88	-88	-85	-85	-84	-93	0	0	0	-92	0	-54	-69	0	0	0	-93	0	0	0	0	0	0	0	0	0	0	-87	0	0	0	0	0	0	0	0	0	0	0	0	0	0	0	0	0	0	0	0	0	0	0	0	0	0	0	0	0	0	0	-69	0	0	0	0	0	0	0	0	0	0	0	0	0	0	0	0	0	0	0	0	0	0	0	0	0	0	0	0	0	0	0	4125	-2559	2693	23151	-7732	-177	-31	967	217	-1	0	-1	-31	956	215	1606974778
-52	-50	-45	-55	-71	-56	-65	-65	-65	0	-67	-64	-77	0	0	0	0	-83	-84	-84	0	0	-84	-83	0	0	-84	-93	-92	0	0	-92	0	-52	-70	0	0	0	0	0	0	0	0	0	0	0	0	0	0	0	0	0	0	0	0	0	0	0	0	0	0	0	0	0	0	0	0	0	0	0	0	0	0	0	0	0	0	0	0	0	0	0	0	0	0	0	0	0	0	0	0	0	0	0	0	0	0	0	0	0	0	0	0	0	0	0	0	0	0	0	0	0	0	4170	-2589	2693	23150	-7729	-178	-31	968	218	0	0	0	-31	956	215	1606974779
-48	-49	-44	0	-72	0	0	0	-66	-79	-64	-65	-76	0	0	0	0	-83	-83	-83	-87	-86	-84	-82	-85	-84	-86	-93	-93	0	0	-92	0	-52	0	0	0	0	0	0	0	0	0	0	0	0	0	0	0	0	0	0	0	0	0	0	0	0	0	0	0	0	0	0	0	0	0	0	-94	0	0	0	0	0	0	0	0	0	0	0	0	-66	0	0	0	0	0	0	0	0	0	0	0	0	0	0	0	0	0	0	0	0	0	0	0	0	0	0	0	0	0	0	0	4110	-2589	2723	23150	-7730	-179	-32	969	217	0	0	0	-31	956	215	1606974781
0	-50	-45	-57	0	-54	-67	-65	-64	0	-66	-64	-76	-64	0	0	0	-81	-83	-83	0	-86	-82	-82	0	0	-84	-93	-93	0	0	0	0	-52	0	0	0	0	0	0	0	0	0	-88	0	0	0	0	0	0	0	0	0	0	0	0	0	0	0	0	0	0	0	0	0	0	0	0	0	0	0	0	0	0	0	0	0	0	0	0	0	0	0	0	0	0	0	0	0	0	0	0	0	0	0	0	0	0	0	0	0	0	0	0	0	0	0	0	0	0	0	0	0	4110	-2649	2753	23150	-7729	-178	-31	968	218	-1	-1	0	-31	956	215	1606974783
-51	0	-45	-59	-69	-65	-69	-64	-71	-78	-72	-72	-75	-65	0	0	0	-87	-87	-87	0	0	-87	-87	0	0	-83	-94	0	0	0	-92	0	-55	0	0	0	0	-92	0	0	0	0	0	0	0	0	-91	0	0	0	0	0	0	0	0	0	0	0	0	0	0	0	0	0	0	0	0	0	0	0	0	0	0	0	0	0	0	0	0	0	-68	0	0	0	0	0	0	0	0	0	0	0	0	0	0	0	0	0	0	0	0	0	0	0	0	0	0	0	0	0	0	0	4155	-2604	2738	23151	-7733	-178	-31	968	218	0	-1	-1	-31	956	215	1606974784
-47	-51	-45	-57	0	-64	0	-69	-71	-74	-72	-71	-74	0	0	0	0	-89	-88	-88	0	-86	-88	-89	0	0	-84	-93	-93	0	0	-92	0	-56	0	0	0	0	0	0	0	0	0	0	0	0	0	0	0	0	0	0	-86	-91	0	0	0	0	0	0	0	0	0	0	0	0	0	0	0	0	0	0	0	0	0	0	0	0	0	0	0	-68	0	0	0	0	0	0	0	0	0	0	0	0	0	0	0	0	0	0	0	0	0	0	0	0	0	0	0	0	0	0	0	4080	-2604	2656	23150	-7728	-177	-31	968	219	-1	-1	-1	-31	956	215	1606974786
-52	-50	-44	-55	-65	-63	0	-68	-71	-79	-71	-72	-77	-65	0	0	-85	-88	-88	-89	0	0	-89	-88	0	-73	0	-91	-93	0	0	-94	0	-55	-64	0	0	0	-91	0	0	0	0	0	0	0	0	0	0	0	0	0	0	0	0	-91	0	0	0	0	0	0	0	0	0	0	0	0	0	0	0	0	0	0	0	0	0	0	0	0	0	-68	0	0	0	0	0	0	0	0	0	0	0	0	0	0	0	0	0	0	0	0	0	0	0	0	0	0	0	0	0	0	0	4125	-2597	2693	23150	-7729	-178	-31	968	218	0	-1	0	-31	956	215	1606974787
0	-50	-44	-60	0	-63	-67	-65	-71	-76	-71	-72	-77	-65	0	0	0	-88	-89	-88	0	0	-88	-88	0	0	0	0	0	0	0	-91	0	-55	0	0	0	0	-90	0	0	-91	0	0	0	0	0	0	0	-87	0	0	0	0	0	0	0	0	0	0	0	0	0	0	0	0	0	0	0	0	0	0	0	0	0	0	0	0	0	0	0	0	0	0	0	0	0	0	0	0	0	0	0	0	0	0	0	0	0	0	0	0	0	0	0	0	0	0	0	0	0	0	0	4125	-2604	2693	23150	-7730	-178	-31	968	218	0	-1	0	-31	956	215	1606974789
-50	-51	-44	-59	-67	-56	-65	0	-65	0	-67	-65	-77	0	0	0	0	-82	-83	-83	0	0	-83	-83	0	0	-85	0	0	0	0	0	0	-52	0	0	0	0	0	0	0	0	0	0	0	0	-91	0	0	0	0	0	0	0	0	0	0	0	0	0	0	0	0	0	0	0	0	0	0	0	0	0	0	-94	0	0	0	0	0	0	0	-67	0	0	0	0	0	0	0	0	0	0	0	0	0	0	0	0	0	0	0	0	0	0	0	0	0	0	0	0	0	0	0	4110	-2604	2753	23150	-7729	-178	-32	968	217	0	0	-1	-31	956	215	1606974791
-51	-52	-44	-56	0	0	-66	-67	-65	0	-67	-68	-75	-64	0	0	0	-83	-83	-83	0	-84	-82	-83	0	0	0	-88	-91	0	0	-92	0	-51	0	0	0	0	-95	0	0	0	0	0	0	0	0	-88	0	0	0	0	0	0	0	0	0	0	0	0	0	0	0	0	0	0	0	0	0	0	0	0	0	0	0	0	0	0	0	0	0	-64	0	0	0	0	0	0	0	0	0	0	0	0	0	0	0	0	0	0	0	0	0	0	0	0	0	0	0	0	0	0	0	4170	-2589	2678	23150	-7728	-178	-31	969	216	0	0	0	-31	956	215	1606974792
-50	-52	0	-62	0	0	-68	-67	-72	-79	0	-72	-77	-68	0	0	-85	-87	-87	-88	-85	-84	-89	-88	0	-84	-86	-92	-90	0	0	-92	0	-56	0	0	0	0	-89	0	0	0	0	0	0	0	0	0	0	0	0	0	0	0	0	0	0	0	0	0	0	0	0	0	0	0	0	0	0	0	0	0	0	0	0	0	0	0	0	0	0	0	0	0	0	0	0	0	0	0	0	0	0	0	0	0	0	0	0	0	0	0	0	0	0	0	0	0	0	0	0	0	0	4178	-2620	2753	23150	-7730	-179	-31	969	218	-1	-1	0	-31	956	215	1606974794
-49	-52	-45	-56	-67	0	-64	0	-71	-80	-72	-72	-78	-65	0	0	-82	-88	-89	-89	0	-83	-89	-89	0	-82	-82	-94	-93	0	0	-94	0	-54	0	0	0	0	-91	0	0	0	0	-83	0	0	0	0	0	0	0	0	0	0	0	0	0	0	0	0	0	0	0	0	0	0	0	0	0	0	0	0	0	0	0	0	0	0	0	0	0	-65	0	0	0	0	0	0	0	0	0	0	0	0	0	0	0	0	0	0	0	0	0	0	0	0	0	0	0	0	0	0	0	4170	-2544	2678	23150	-7731	-178	-31	968	218	0	0	0	-31	956	215	1606974795
-56	-51	-45	-56	-69	-63	-68	-66	-71	-81	-71	-71	-77	-65	0	0	0	-88	-89	-87	-84	-86	-87	-88	0	-82	-89	0	-92	0	0	-94	0	-56	0	0	0	0	-91	0	0	0	0	0	0	0	0	0	0	0	0	0	0	0	0	0	0	0	0	0	0	0	0	0	0	0	0	0	0	0	0	0	0	0	0	0	0	0	0	0	0	0	0	0	0	0	0	0	0	0	0	0	0	0	0	0	0	0	0	0	0	0	0	0	0	0	0	0	0	0	0	0	0	4170	-2575	2723	23149	-7726	-178	-31	969	217	0	0	-1	-31	956	216	1606974797
-55	-52	-46	-55	-68	0	-65	0	-71	0	-72	-71	-77	-64	0	0	-83	-91	-90	-88	0	0	-90	-89	0	-83	-85	-94	0	0	0	-93	0	-55	0	0	0	0	-91	0	0	0	0	0	0	0	-91	-88	0	0	0	0	0	0	0	0	0	0	0	0	0	0	0	0	0	0	0	0	0	0	0	0	0	0	0	0	0	0	0	0	0	0	0	0	0	0	0	0	0	0	0	0	0	0	0	0	0	0	0	0	0	0	0	0	0	0	0	0	0	0	0	0	0	4268	-2590	2768	23151	-7732	-178	-31	969	217	-1	-1	-1	-31	956	215	1606974799
-55	0	-46	-55	-72	-56	-65	-64	-64	0	-66	-67	-76	-65	0	0	0	-84	-84	-84	0	0	-84	-83	0	0	-88	-95	-95	0	0	-92	0	-52	0	0	0	0	0	0	0	0	0	0	0	0	0	0	0	0	0	0	0	0	0	-91	0	0	0	0	0	0	0	0	0	0	0	0	0	0	0	0	0	0	0	0	0	0	0	0	0	-63	0	0	0	0	0	0	0	0	0	0	0	0	0	0	0	0	0	0	0	0	0	0	0	0	0	0	0	0	0	0	0	4125	-2604	2693	23150	-7728	-178	-30	968	218	0	0	0	-31	956	215	1606974800
-53	-53	0	-55	-73	-64	-70	-65	-72	0	-71	-71	-79	-66	0	0	0	-87	-89	-88	0	0	-87	-88	0	0	-86	-93	0	0	0	0	0	-54	0	0	0	0	-94	0	0	0	0	0	0	0	0	0	0	-86	0	0	-86	-87	0	0	0	0	0	0	0	0	0	0	0	0	0	0	0	0	0	0	0	0	0	0	0	0	0	0	0	-64	0	0	0	0	0	0	0	0	0	0	0	0	0	0	0	0	0	0	0	0	0	0	0	0	0	0	0	0	0	0	0	4178	-2672	2739	23150	-7730	-178	-31	968	218	-1	0	0	-31	956	215	1606974802
-52	-53	-46	0	-69	0	0	0	-64	0	-66	-65	-75	0	0	0	0	-84	-84	-83	0	0	-85	-84	0	0	-90	0	-94	0	0	-92	0	-51	0	0	0	0	0	0	0	0	0	0	0	0	0	0	0	-88	0	0	0	0	0	0	0	0	0	-93	0	0	0	0	0	0	0	0	0	0	0	0	0	0	0	0	0	0	0	0	0	-63	0	0	0	0	0	0	0	0	0	0	0	0	0	0	0	0	0	0	0	0	0	0	0	0	0	0	0	0	0	0	0	4215	-2604	2679	23150	-7729	-179	-31	969	218	-1	0	-1	-31	956	215	1606974804
-52	-52	-46	-54	-69	0	0	-68	-72	0	-72	-72	-77	-65	0	0	0	-88	-87	-88	0	0	-87	-89	0	0	-88	-94	0	0	0	0	0	-55	0	0	0	0	-94	0	0	0	0	0	0	0	0	0	0	0	0	0	0	0	0	0	0	0	0	0	0	0	0	0	0	0	0	0	0	0	0	0	0	0	0	0	0	0	0	0	0	-69	0	0	0	0	0	0	0	0	0	0	0	0	0	0	0	0	0	0	0	0	0	0	0	0	0	0	0	0	0	0	0	4148	-2649	2723	23150	-7731	-179	-31	968	218	-1	-1	-1	-31	956	215	1606974805
-50	-54	-46	-54	-71	0	-65	-70	-72	0	-72	-72	-77	-65	0	0	-87	-89	-87	-87	0	-85	-89	-88	0	0	0	0	-93	0	0	-93	0	-55	-67	0	0	0	-92	0	0	0	0	0	0	0	0	0	0	0	0	0	0	0	0	0	0	0	0	0	0	0	0	0	0	0	0	0	0	0	0	0	0	0	0	0	0	0	0	0	0	-65	0	0	0	0	0	0	0	0	0	0	0	0	0	0	0	0	0	0	0	0	0	0	0	0	0	0	0	0	0	0	0	4080	-2589	2738	23150	-7730	-178	-32	969	217	0	-1	0	-31	956	215	1606974807
-50	-53	-45	-55	-65	0	-65	-65	-73	0	-72	-72	-79	-70	0	0	0	-89	-88	-88	0	-84	-88	-87	0	-85	-88	-94	-91	0	0	-93	0	-58	0	0	0	0	-92	0	0	0	0	0	0	0	0	0	0	-88	0	0	-87	-84	0	0	0	0	0	0	0	0	0	0	0	0	0	0	0	0	0	0	0	0	0	0	0	0	0	0	0	-69	0	0	0	0	0	0	0	0	0	0	0	0	0	0	0	0	0	0	0	0	0	0	0	0	0	0	0	0	0	0	0	4185	-2589	2723	23152	-7736	-178	-32	968	217	-1	-1	-1	-31	956	214	1606974808
-54	-51	-45	-60	-73	0	0	-64	-73	-79	-74	-74	-76	-66	-81	0	0	-90	-89	-89	0	0	-88	-89	0	0	-90	-92	-92	0	0	-94	0	-55	0	0	0	0	-93	0	0	0	0	0	0	0	0	0	0	0	0	0	0	0	0	0	0	0	0	0	0	0	0	0	0	0	0	0	0	0	0	0	0	0	0	0	0	0	0	0	0	-68	0	0	0	0	0	0	0	0	0	0	0	0	0	0	0	0	0	0	0	0	0	0	0	0	0	0	0	0	0	0	0	4170	-2642	2679	23150	-7730	-178	-31	969	217	0	-1	0	-31	956	215	1606974810
-50	-54	-52	-57	-64	-55	-67	-69	-67	0	-67	-68	-75	-67	0	0	0	-84	-86	-86	0	-84	-85	-86	0	0	-88	-92	0	0	0	-92	0	-52	0	0	0	0	-95	0	0	0	0	0	0	0	0	-88	0	0	0	0	0	0	0	0	0	0	0	0	0	0	0	0	0	0	0	0	0	0	0	0	0	0	0	0	0	0	0	0	0	0	0	0	0	0	0	0	0	0	0	0	0	0	0	0	0	0	0	0	0	0	0	0	0	0	0	0	0	0	0	0	0	4170	-2604	2723	23150	-7731	-179	-31	968	217	-1	0	0	-31	956	215	1606974811
-51	-55	-47	-59	-71	0	-68	-65	-71	0	-72	-71	-78	-69	0	0	-85	-89	-89	-90	-85	-85	-87	-89	0	-84	-88	0	0	0	0	0	0	-56	-66	0	0	0	0	0	0	0	0	0	0	0	0	0	0	0	0	0	0	0	0	0	0	0	0	0	0	0	0	0	0	0	0	0	0	0	0	0	0	0	0	0	0	0	0	0	0	-68	0	0	0	0	0	0	0	0	0	0	0	0	0	0	0	0	0	0	0	0	0	0	0	0	0	0	0	0	0	0	0	4178	-2605	2738	23151	-7734	-180	-32	968	216	-1	-1	-1	-31	956	214	1606974813
-50	-50	-47	-53	-63	-60	-74	-67	-67	0	-68	-67	-75	-73	0	0	0	-82	-82	-83	-83	-85	-83	-82	0	0	-87	-92	-93	0	0	-92	0	-52	0	0	0	0	0	0	0	0	0	0	0	0	0	0	0	0	0	0	0	0	0	0	0	0	0	0	0	0	0	0	0	0	0	0	0	0	0	0	0	0	0	0	0	0	0	0	0	0	0	0	0	0	0	0	0	0	0	0	0	0	0	0	0	0	0	0	0	0	0	0	0	0	0	0	0	0	0	0	0	4215	-2635	2723	23150	-7731	-178	-31	969	218	0	-1	0	-31	956	215	1606974814
0	-51	-45	0	0	-55	0	-64	-66	0	-65	-66	-75	0	0	0	0	-82	-82	-83	0	0	-83	-83	0	0	-88	0	0	0	0	0	0	-52	0	0	0	0	0	0	0	0	0	0	0	0	0	0	0	0	0	-90	0	0	0	0	0	0	0	0	0	0	0	0	0	0	0	0	0	0	0	0	0	0	0	0	0	0	0	0	0	-68	0	0	0	0	0	0	0	0	0	0	0	0	0	0	0	0	0	0	0	0	0	0	0	0	0	0	0	0	0	0	0	4155	-2634	2738	23150	-7732	-179	-31	968	218	-1	-1	-1	-31	956	215	1606974816
-51	-55	-45	-55	-67	0	0	-68	-67	0	-65	-68	-75	0	0	0	0	-82	-82	-82	-84	0	-82	-83	0	0	-86	-95	0	0	0	-92	0	-52	0	0	0	0	-94	0	0	0	0	0	0	0	0	0	0	0	0	0	0	0	0	0	0	0	-69	0	0	0	0	0	0	0	0	0	0	0	0	0	0	0	0	0	0	0	0	0	0	-69	0	0	0	0	0	0	0	0	0	0	0	0	0	0	0	0	0	0	0	0	0	0	0	0	0	0	0	0	0	0	0	4125	-2634	2753	23151	-7735	-179	-31	969	217	-1	0	-1	-31	956	214	1606974818
-51	-51	-46	-54	-68	-55	0	-65	-66	0	-67	-65	-76	-67	0	0	0	-83	-84	-84	0	0	-83	-83	0	0	-90	0	0	0	0	-93	0	-52	-67	0	0	0	-94	0	0	0	0	0	0	0	0	0	0	0	0	0	0	0	0	0	0	0	0	0	0	0	0	0	0	0	0	0	0	0	0	0	0	0	0	0	0	0	0	0	0	0	0	0	0	0	0	0	0	0	0	0	0	0	0	0	0	0	0	0	0	0	0	0	0	0	0	0	0	0	0	0	0	4170	-2590	2753	23151	-7732	-179	-31	968	218	-1	-1	0	-31	956	215	1606974819
-51	-52	-47	-56	-68	-64	-66	-66	-72	0	-72	-72	-77	-66	0	0	0	-89	-88	-87	0	0	-87	-88	0	0	-88	0	-94	0	0	0	0	-55	0	0	0	0	-90	0	0	0	0	0	0	0	0	0	0	-86	0	0	0	0	0	0	0	0	0	0	0	0	0	0	0	0	0	0	0	0	0	0	0	0	0	0	0	0	0	0	0	0	0	0	0	0	0	0	0	0	0	0	0	0	0	0	0	0	0	0	0	0	0	0	0	0	0	0	0	0	0	0	0	4170	-2575	2753	23150	-7729	-179	-31	968	219	0	0	-1	-31	956	215	1606974821
-52	-56	-47	-57	-68	0	-70	-69	-67	0	-67	-67	-76	-65	0	0	0	-83	-83	-82	0	-81	-83	-82	0	0	-86	0	-93	0	0	-94	0	-53	0	0	0	0	0	0	0	0	0	0	0	0	0	0	0	0	0	0	0	0	0	0	0	0	0	0	0	0	0	0	0	0	0	0	0	0	0	0	0	0	0	0	0	0	0	0	0	-71	0	0	0	0	0	0	0	0	0	0	0	0	0	0	0	0	0	0	0	0	0	0	0	0	0	0	0	0	0	0	0	4125	-2589	2723	23151	-7735	-179	-31	968	215	0	-1	-1	-31	956	214	1606974822
-52	-54	-43	-60	-71	-55	-66	-66	-65	0	-65	-65	-75	-68	0	0	0	-82	-82	-82	0	-84	-82	-83	0	0	-83	-91	-93	0	0	-92	0	-52	0	0	0	0	-94	0	0	0	0	0	0	0	0	0	0	0	0	0	0	0	0	0	0	0	0	0	0	0	0	0	0	0	0	0	0	0	0	0	0	0	0	0	0	0	0	0	0	-65	0	0	0	0	0	0	0	0	0	0	0	0	0	0	0	0	0	0	0	0	0	0	0	0	0	0	0	0	0	0	0	4110	-2604	2731	23151	-7731	-177	-31	968	217	-1	-1	0	-31	956	215	1606974824
-51	-54	-44	-57	-69	0	-64	-65	-68	0	-66	-67	-76	-64	0	0	0	-83	-84	-84	-85	-83	-84	-84	0	-85	-82	0	-92	0	-92	-91	0	-51	-68	0	0	0	0	0	0	-92	0	0	0	0	0	0	0	0	0	0	0	0	0	0	0	0	0	0	0	0	0	0	0	0	0	0	0	0	0	0	0	0	0	0	0	0	0	0	0	-63	0	0	0	0	0	0	0	0	0	0	0	0	0	0	0	0	0	0	0	0	0	0	0	0	0	0	0	0	0	0	0	4155	-2589	2678	23150	-7732	-179	-31	969	217	-1	0	-1	-31	956	215	1606974826
0	-56	0	-58	0	-56	-66	-66	-68	0	-65	-66	-77	-67	0	0	0	-83	-84	-84	0	0	-83	-83	0	0	-85	-91	-93	0	0	-92	0	-52	0	0	0	0	0	0	0	0	0	0	0	0	0	-88	0	0	-91	0	0	0	0	-88	0	0	0	0	0	0	0	0	0	0	0	0	-93	0	0	0	0	0	0	0	0	0	0	0	0	0	0	0	0	0	0	0	0	0	0	0	0	0	0	0	0	0	0	0	0	0	0	0	0	0	0	0	0	0	0	0	0	4178	-2605	2738	23150	-7731	-178	-31	969	217	-1	-1	-1	-31	956	215	1606974827
0	0	-44	-62	-65	-66	-65	-65	-71	0	-70	-72	-77	-66	0	0	-73	-89	-89	-88	-85	-84	-89	-88	-83	0	-85	-92	-91	0	0	-92	0	-55	-68	0	0	0	-91	0	0	0	0	0	0	0	0	0	0	0	0	0	0	0	0	0	0	0	0	0	0	0	0	0	0	0	0	0	0	0	0	0	0	0	0	0	0	0	0	0	0	-65	0	0	0	0	0	0	0	0	0	0	0	0	0	0	0	0	0	0	0	0	0	0	0	0	0	0	0	0	0	0	0	4178	-2590	2738	23151	-7731	-178	-31	968	218	0	0	-1	-31	956	215	1606974829
-57	-55	-43	-62	-64	-65	-64	-63	-71	-79	-72	-71	-77	-65	0	0	0	-89	-89	-90	0	0	-88	-89	0	0	-84	0	-94	0	0	-92	0	-55	0	0	0	0	0	0	0	0	0	0	0	0	0	-92	0	0	0	0	0	0	0	0	0	0	0	0	0	0	0	0	0	0	0	0	0	0	0	0	0	0	0	0	0	0	0	0	0	0	0	0	0	0	0	0	0	0	0	0	0	0	0	0	0	0	0	0	0	0	0	0	0	0	0	0	0	0	0	0	0	4110	-2589	2693	23150	-7729	-178	-31	968	217	0	-1	0	-31	956	215	1606974830
0	-55	-43	-61	0	-64	-66	-66	-73	0	-73	-74	-77	-65	0	0	-82	-88	-89	-88	-85	-84	-89	-89	-83	-86	-83	-94	0	0	0	-92	0	-54	-67	0	0	0	-91	0	0	0	0	-85	0	0	-90	0	0	0	-88	0	0	0	0	0	0	0	0	0	0	0	0	0	0	0	0	0	0	0	0	0	0	0	0	0	0	0	0	0	0	0	0	0	0	0	0	0	0	0	0	0	0	0	0	0	0	0	0	0	0	0	0	0	0	0	0	0	0	0	0	0	0	4170	-2597	2753	23150	-7730	-177	-31	969	217	-1	-1	-1	-31	956	215	1606974832
-52	-53	-45	-59	-65	-63	-65	0	-72	0	-72	-73	-77	-66	0	0	0	-88	-89	-90	0	0	-88	-88	0	0	-85	-93	-91	0	-91	-91	0	-55	0	0	0	0	0	0	0	0	0	0	0	0	-89	0	0	0	0	-90	0	0	0	0	0	0	0	0	0	0	0	0	0	0	0	0	0	0	0	0	0	0	0	0	0	0	0	0	0	-68	0	0	0	0	0	0	0	0	0	0	0	0	0	0	0	0	0	0	0	0	0	0	0	0	0	0	0	0	0	0	0	4155	-2582	2723	23151	-7734	-177	-31	969	218	-1	0	0	-31	956	214	1606974834
-48	0	-45	-49	-65	-66	-66	-66	-70	0	-71	-71	-78	-66	0	0	-82	-90	-89	-88	-85	-85	-89	-89	-83	-82	-87	-93	-92	0	0	-93	0	-55	0	0	0	0	-92	0	0	0	0	0	0	0	0	0	0	0	0	0	0	0	0	0	0	0	0	0	0	0	0	0	0	0	0	0	0	0	0	0	0	0	0	0	0	0	0	0	0	0	0	0	0	0	0	0	0	0	0	0	0	0	0	0	0	0	0	0	0	0	0	0	0	0	0	0	0	0	0	0	0	4155	-2589	2693	23150	-7730	-178	-31	968	218	0	-1	-1	-31	956	215	1606974835
-56	-53	-44	-64	0	-67	-66	-66	-70	0	-71	-70	-77	-66	0	-88	0	-89	-90	-89	0	0	-89	-88	0	0	-85	-91	-90	0	-92	-92	0	-56	0	0	0	0	-91	0	0	0	0	0	0	0	-91	0	0	-87	0	0	0	0	0	0	0	0	0	0	0	0	0	0	0	0	0	0	0	0	0	0	0	0	0	0	0	0	0	0	0	0	0	0	0	0	0	0	0	0	0	0	0	0	0	0	0	0	0	0	0	0	0	0	0	0	0	0	0	0	0	0	0	4155	-2589	2693	23150	-7731	-178	-31	969	217	-1	0	0	-31	956	214	1606974837
0	-52	-45	0	0	0	0	0	-66	-79	-66	-67	-76	0	0	0	0	-84	-84	-83	0	-86	-84	-84	0	0	-85	-92	-95	0	0	-91	0	-51	0	0	0	0	-93	0	0	0	0	0	0	0	0	0	0	0	0	0	0	0	0	0	0	0	0	0	0	0	0	0	0	0	0	0	0	0	0	0	0	0	0	0	0	0	0	0	0	-64	0	0	0	0	0	0	0	0	0	0	0	0	0	0	0	0	0	0	0	0	0	0	0	0	0	0	0	0	0	0	0	4155	-2574	2693	23151	-7732	-179	-31	969	218	0	-1	-1	-31	956	215	1606974838
-54	0	-44	-58	-66	0	-66	-66	-71	-75	-71	-72	-78	-65	0	0	0	-90	-90	-89	0	0	-90	-89	0	0	-84	-92	-91	0	0	-91	0	-55	0	0	0	0	0	0	0	0	0	0	0	0	0	0	0	-89	0	0	0	0	0	0	0	0	0	0	0	0	0	0	0	0	0	0	0	0	0	0	0	0	0	0	0	0	0	0	0	-66	0	0	0	0	0	0	0	0	0	0	0	0	0	0	0	0	0	0	0	0	0	0	0	0	0	0	0	0	0	0	0	4155	-2574	2738	23150	-7731	-178	-31	969	217	0	-1	0	-31	956	215	1606974840
-54	-54	-44	-59	-67	-56	-66	-65	-68	-79	-67	-68	-77	-67	0	0	0	-83	-83	-84	0	-85	-83	-84	0	0	-85	-92	-92	0	0	-94	-92	-53	0	0	0	0	-93	0	0	0	0	0	0	0	0	0	0	0	0	0	-87	0	0	0	0	0	0	0	0	0	0	0	0	0	0	0	0	0	0	0	0	0	0	0	0	0	0	0	0	-66	0	0	0	0	0	0	0	0	0	0	0	0	0	0	0	0	0	0	0	0	0	0	0	0	0	0	0	0	0	0	0	4170	-2559	2723	23150	-7730	-177	-31	968	217	-1	-1	0	-31	956	215	1606974842
-54	-55	0	0	-66	0	-65	-67	-66	0	-66	-66	-76	-65	0	0	0	-84	-83	-84	0	-83	-83	-83	0	0	-84	-92	-92	0	0	-93	0	-50	-69	0	0	0	0	0	0	0	0	0	0	0	0	0	0	0	0	0	0	0	0	0	0	0	0	0	0	0	0	0	0	0	0	0	0	0	0	0	0	0	0	0	0	0	0	0	0	-65	0	0	0	0	0	0	0	0	0	0	0	0	0	0	0	0	0	0	0	0	0	0	0	0	0	0	0	0	0	0	0	4110	-2634	2738	23151	-7735	-178	-31	969	216	0	0	0	-31	956	214	1606974843
-53	0	-44	0	-67	0	0	-66	-71	0	-71	-70	-78	0	0	0	-84	-88	-88	-89	-85	-83	-88	-89	-85	-85	-86	-93	-92	0	0	-90	0	-55	0	0	0	0	-92	0	0	0	0	0	0	0	-90	0	0	0	0	0	0	0	0	0	0	0	0	0	0	0	0	0	0	0	0	0	0	0	0	0	0	0	0	0	0	0	0	0	0	-66	0	0	0	0	0	0	0	0	0	0	0	0	0	0	0	0	0	0	0	0	0	0	0	0	0	0	0	0	0	0	0	4170	-2650	2731	23150	-7729	-178	-31	968	217	-1	0	0	-31	956	215	1606974845
-55	-53	-44	-60	-69	-62	-66	-65	-66	0	-64	-64	-76	-67	0	-88	0	-84	-84	-84	0	0	-84	-84	0	0	-87	-91	-92	0	-91	-91	0	-51	0	0	0	0	0	0	0	0	0	0	0	0	0	0	0	0	0	0	0	0	0	0	0	0	0	0	0	0	0	0	0	0	0	0	0	0	0	0	0	0	0	0	0	0	0	0	0	-67	0	0	0	0	0	0	0	0	0	0	0	0	0	0	0	0	0	0	0	0	0	0	0	0	0	0	0	0	0	0	0	4125	-2589	2693	23150	-7732	-179	-31	969	218	-1	-1	-1	-31	956	215	1606974846
-55	-54	-45	-63	0	-64	-67	-65	-71	0	-70	-71	-80	-66	0	0	0	-90	-88	-88	0	0	-88	-88	0	0	-86	-93	0	0	0	-94	0	-57	0	0	0	0	-91	0	0	0	0	0	0	0	0	0	0	-87	0	0	-87	-86	0	0	0	0	0	0	0	0	0	0	0	0	0	0	0	0	0	0	0	0	0	0	0	0	0	0	0	0	0	0	0	0	0	0	0	0	0	0	0	0	0	0	0	0	0	0	0	0	0	0	0	0	0	0	0	0	0	0	0	4117	-2589	2753	23151	-7733	-178	-32	969	217	0	-1	-1	-31	956	215	1606974848
-57	-53	-46	-59	-67	-63	-65	-65	-71	-79	-71	-72	-77	-67	0	0	0	-90	-89	-88	0	-83	-90	-90	0	0	-87	-93	-93	0	0	-92	0	-55	0	0	0	0	-91	0	0	0	0	0	0	0	0	0	0	0	0	0	0	0	0	0	0	0	0	0	0	0	0	0	0	0	0	0	0	0	0	0	0	0	0	0	0	0	0	0	0	-65	0	0	0	0	0	0	0	0	0	0	0	0	0	0	0	0	0	0	0	0	0	0	0	0	0	0	0	0	0	0	0	4170	-2559	2723	23151	-7732	-179	-31	968	218	0	0	-1	-31	956	215	1606974850
-52	-56	0	-54	-66	0	-65	-66	-66	0	-68	-69	-75	-65	0	0	0	-85	-85	-84	0	-83	-85	-85	0	0	-87	-93	-94	0	0	-92	-92	-51	-68	0	0	0	-94	0	0	0	0	-89	0	0	0	0	0	0	0	0	0	0	0	0	0	0	0	0	0	0	0	0	0	0	0	0	-94	0	0	0	0	0	0	0	0	0	0	0	0	-67	0	0	0	0	0	0	0	0	0	0	0	0	0	0	0	0	0	0	0	0	0	0	0	0	0	0	0	0	0	0	0	4125	-2559	2723	23150	-7732	-179	-32	968	217	0	0	0	-31	956	215	1606974851
-52	-56	-44	-57	-68	0	-64	-64	-74	-81	-73	-73	-78	-65	0	0	0	-89	-88	-88	0	0	-88	-88	0	0	-82	-95	-91	0	0	-92	0	-54	0	0	0	0	-92	0	0	0	0	0	0	0	0	0	0	0	-90	0	-89	0	0	0	0	0	0	0	0	0	0	0	0	0	0	0	0	0	0	0	0	0	0	0	0	0	0	0	0	-62	0	0	0	0	0	0	0	0	0	0	0	0	0	0	0	0	0	0	0	0	0	0	0	0	0	0	0	0	0	0	0	4170	-2620	2694	23151	-7734	-177	-31	969	217	-1	-1	0	-31	956	214	1606974853
-51	-59	-45	-57	0	-65	-65	-67	-72	0	-72	-73	-77	-65	0	0	0	-89	-87	-87	0	0	-88	-87	0	0	-88	-92	-90	0	-93	-92	-93	-55	0	0	0	0	-91	0	0	0	0	0	0	0	0	0	0	-86	0	0	0	0	0	0	0	0	0	0	0	0	0	0	0	0	0	0	0	0	0	0	0	0	0	0	0	0	0	0	0	-55	0	0	0	0	0	0	0	0	0	0	0	0	0	0	0	0	0	0	0	0	0	0	0	0	0	0	0	0	0	0	0	4125	-2597	2693	23150	-7729	-178	-31	968	217	-1	-1	-1	-31	956	215	1606974854
-49	-53	-47	-55	-66	0	-64	0	-72	0	-74	-73	-77	-67	0	0	-85	-89	-88	-88	0	-85	-89	-89	-85	-85	-85	-91	-91	0	-92	-91	0	-55	0	0	0	0	-93	0	0	0	0	0	0	0	-89	0	0	0	-92	0	0	0	0	0	0	0	0	0	0	0	0	0	0	0	0	0	0	0	0	0	0	0	0	0	0	0	0	0	0	-56	0	0	0	0	0	0	0	0	0	0	0	0	0	0	0	0	0	0	0	0	0	0	0	0	0	0	0	0	0	0	0	4147	-2589	2693	23150	-7729	-178	-31	968	218	-1	0	-1	-31	956	215	1606974856
-52	-58	-45	-57	-67	-64	-67	-64	-72	-82	-73	-73	-76	-65	0	0	0	-88	-87	-89	0	-84	-88	-88	0	0	-84	-91	-91	0	0	-92	-92	-55	0	0	0	0	-91	0	0	0	0	0	0	0	0	-89	0	-87	0	0	-89	0	0	0	0	0	0	0	0	0	0	0	0	0	0	0	0	0	0	0	0	0	0	0	0	0	0	0	0	0	0	0	0	0	0	0	0	0	0	0	0	0	0	0	0	0	0	0	0	0	0	0	0	0	0	0	0	0	0	0	0	4155	-2589	2723	23152	-7737	-178	-31	969	217	-1	0	0	-31	956	214	1606974857
-51	-54	0	-57	-66	-65	-66	-64	-73	0	-73	-73	-76	-66	0	-87	0	-87	-88	-88	0	0	-89	-88	0	0	-85	-91	-91	0	-93	-89	-92	-55	0	0	0	0	-90	0	0	0	0	0	0	0	0	0	0	0	0	0	0	0	0	0	0	0	0	0	0	0	0	0	0	0	0	0	0	0	0	0	0	0	0	0	0	0	0	0	0	-62	0	0	0	0	0	0	0	0	0	0	0	0	0	0	0	0	0	0	0	0	0	0	0	0	0	0	0	0	0	0	0	4125	-2604	2746	23150	-7729	-178	-32	969	218	-1	-1	-1	-31	956	215	1606974859
-51	-57	-46	-58	0	-65	-65	-64	-72	-82	-72	-73	-76	-66	0	-85	0	-88	-87	-88	0	-85	-88	-87	0	0	-87	-93	-92	0	0	-92	-91	-56	0	0	0	0	0	0	0	0	0	0	0	0	0	-89	0	0	0	0	0	0	0	0	0	0	0	0	0	0	0	0	0	0	0	0	0	0	0	0	0	0	0	0	0	0	0	0	0	-62	0	0	0	0	0	0	0	0	0	0	0	0	0	0	0	0	0	0	0	0	0	0	0	0	0	0	0	0	0	0	0	4185	-2597	2738	23150	-7731	-178	-30	968	218	-1	0	-1	-31	956	215	1606974861
0	-54	-46	-58	0	-64	-66	-65	-72	0	-72	-72	-76	-64	0	-85	0	-89	-88	-88	0	0	-88	-88	0	0	-85	-91	-91	0	0	-92	-93	-55	-68	0	0	0	-91	0	0	0	0	0	0	0	0	0	0	0	0	0	0	0	0	0	0	0	0	0	0	0	0	0	0	0	0	0	0	0	0	0	0	0	0	0	0	0	0	0	0	-65	0	0	0	0	0	0	0	0	0	0	0	0	0	0	0	0	0	0	0	0	0	0	0	0	0	0	0	0	0	0	0	4140	-2574	2753	23150	-7731	-178	-31	969	217	0	0	-1	-31	956	215	1606974862
-52	-56	-46	-59	0	0	-67	-67	-73	0	0	-73	-77	-65	0	0	0	-87	-89	-88	0	-87	-88	-89	0	0	-84	-92	-92	0	0	-91	0	-55	0	0	0	0	-92	0	0	0	0	0	0	0	-89	0	0	-87	-90	0	-87	0	0	0	0	0	0	0	0	0	0	0	0	0	0	0	0	0	0	0	0	0	0	0	0	0	0	0	0	0	0	0	0	0	0	0	0	0	0	0	0	0	0	0	0	0	0	0	0	0	0	0	0	0	0	0	0	0	0	0	0	4155	-2589	2738	23150	-7730	-178	-32	968	218	-1	-1	-1	-31	956	215	1606974864
-52	-55	-48	-57	0	0	-67	-64	-66	-84	-66	-68	-74	-66	0	0	0	-85	-84	-85	0	-84	-84	-85	0	0	0	-94	-91	0	0	-94	-92	-51	0	0	0	0	0	0	0	0	0	0	0	0	0	0	0	0	0	0	0	0	0	0	0	0	0	0	0	0	0	0	0	0	0	0	0	0	0	0	0	0	0	0	0	0	0	0	0	-65	0	0	0	0	0	0	0	0	0	0	0	0	0	0	0	0	0	0	0	0	0	0	0	0	0	0	0	0	0	0	0	3989	-2573	2723	23149	-7727	-178	-31	968	218	0	0	0	-31	956	216	1606974865
-52	-53	-47	-57	0	-54	0	-67	-69	0	-67	-70	-75	-64	0	0	0	-84	-84	-84	0	0	-84	-85	0	0	-85	-92	-92	0	0	-91	-91	-51	0	0	0	0	-92	0	0	0	0	0	0	0	0	0	0	0	0	0	0	0	0	0	0	0	0	0	0	0	0	0	0	0	0	0	0	0	0	0	0	0	0	0	0	0	0	0	0	-56	0	0	0	0	0	0	0	0	0	0	0	0	0	0	0	0	0	0	0	0	0	0	0	0	0	0	0	0	0	0	0	4185	-2634	2723	23151	-7733	-178	-31	969	216	0	0	0	-31	956	215	1606974867
-53	-58	0	-57	-69	0	-68	-65	-72	-82	-73	-73	-78	-64	0	0	0	-89	-89	-90	0	-84	-88	-89	0	0	-85	-90	-91	0	0	-93	-92	-55	-69	0	0	0	-92	0	0	0	0	0	0	0	0	0	0	-90	0	0	-87	-87	0	0	0	0	0	0	0	0	0	0	0	0	0	0	0	0	0	0	0	0	0	0	0	0	0	0	0	-61	0	0	0	0	0	0	0	0	0	0	0	0	0	0	0	0	0	0	0	0	0	0	0	0	0	0	0	0	0	0	0	4170	-2634	2723	23149	-7727	-179	-31	968	218	-1	0	0	-31	956	216	1606974868
0	-57	-44	-57	0	-55	0	-68	-69	-84	-67	-68	-74	0	0	0	0	-84	-85	-85	0	-84	-84	-85	0	0	-85	-91	-92	0	-92	-91	0	-52	0	0	0	0	-92	0	0	0	0	-86	0	0	0	0	0	0	0	0	0	0	0	0	0	0	0	0	0	0	0	0	0	0	0	0	0	0	0	0	0	0	0	0	0	0	0	0	0	-60	0	0	0	0	0	0	0	0	0	0	0	0	0	0	0	0	0	0	0	0	0	0	0	0	0	0	0	0	0	0	0	4170	-2642	2723	23150	-7728	-178	-31	969	218	0	0	-1	-31	956	215	1606974870
-54	-53	-44	-56	0	-55	-69	-65	-67	0	-68	-67	-74	-65	0	0	0	-84	-85	-85	0	0	-85	-85	0	0	-85	-92	-93	0	0	-92	-92	-51	0	0	0	0	-91	0	0	0	0	0	0	0	0	0	0	0	0	0	-88	0	0	0	0	0	0	0	0	0	0	0	0	0	0	0	0	0	0	0	0	0	0	0	0	0	0	0	0	-57	0	0	0	0	0	0	0	0	0	0	0	0	0	0	0	0	0	0	0	0	0	0	0	0	0	0	0	0	0	0	0	4185	-2597	2753	23150	-7729	-179	-33	968	217	-1	-1	0	-31	956	215	1606974871
-52	0	-43	-57	0	0	-65	0	-73	0	-73	-72	-77	-65	0	0	0	-88	-89	-89	0	0	-88	-88	0	0	-85	-93	-91	0	0	-92	-93	-56	0	0	0	0	-91	0	0	0	0	0	0	0	-88	0	0	-88	-89	0	0	0	0	0	0	0	0	0	0	0	0	0	0	0	0	0	0	0	0	0	0	0	0	0	0	0	0	0	0	-56	0	0	0	0	0	0	0	0	0	0	0	0	0	0	0	0	0	0	0	0	0	0	0	0	0	0	0	0	0	0	0	4155	-2604	2738	23150	-7729	-179	-31	969	218	-1	0	-1	-31	956	215	1606974873
-52	-58	-45	-57	-67	-64	-65	-66	-73	0	-72	-74	-77	-65	0	0	0	-88	-88	-88	0	0	-89	-88	0	0	-88	-91	-92	0	-92	-91	-91	-55	0	0	0	0	-92	0	0	0	0	0	0	0	0	0	0	0	0	0	0	0	0	0	0	0	0	0	0	0	0	0	0	0	0	0	0	0	0	0	0	0	0	0	0	0	0	0	0	-60	0	0	0	0	0	0	0	0	0	0	0	0	0	0	0	0	0	0	0	0	0	0	0	0	0	0	0	0	0	0	0	4155	-2589	2738	23150	-7730	-178	-31	968	218	-1	0	-1	-31	956	215	1606974874
-52	-57	-45	-58	-67	0	0	-65	-69	0	-67	-69	-75	-65	0	0	0	-83	-84	-84	0	0	-84	-84	0	0	-87	-91	-91	0	-91	-91	-92	-51	0	0	0	0	-93	0	0	0	0	0	0	0	0	0	0	0	0	0	0	0	0	0	0	0	0	0	0	0	0	0	0	0	0	0	-94	0	0	0	0	0	0	0	0	0	0	0	0	-64	0	0	0	0	0	0	0	0	0	0	0	0	0	0	0	0	0	0	0	0	0	0	0	0	0	0	0	0	0	0	0	4170	-2590	2738	23150	-7729	-178	-31	968	217	0	0	0	-31	956	215	1606974876
-53	-53	-46	0	-68	-54	0	0	-69	0	-68	-66	-74	0	0	0	-85	-84	-84	-84	-86	-84	-84	-85	-86	-84	-85	-92	-93	0	-91	-91	0	-51	0	0	0	0	-93	0	0	0	0	-87	0	0	0	0	0	0	0	0	0	0	0	0	0	0	0	0	0	0	0	0	0	0	0	0	0	0	0	0	0	0	0	0	0	0	0	0	0	-62	0	0	0	0	0	0	0	0	0	0	0	0	0	0	0	0	0	0	0	0	0	0	0	0	0	0	0	0	0	0	0	4125	-2604	2731	23151	-7734	-178	-31	969	218	-1	-1	-1	-31	956	214	1606974878
0	-51	0	-58	0	-64	-67	-65	-72	0	-72	-72	-77	-68	0	0	0	-89	-88	-88	-83	-84	-88	-87	0	0	-84	-92	-91	0	-92	-92	-91	-55	-68	0	0	0	-89	0	0	0	0	0	0	0	0	0	0	0	0	0	0	0	0	0	0	0	0	0	0	0	0	0	0	0	0	0	0	0	0	0	0	0	0	0	0	0	0	0	0	-61	0	0	0	0	0	0	0	0	0	0	0	0	0	0	0	0	0	0	0	0	0	0	0	0	0	0	0	0	0	0	0	4245	-2590	2723	23149	-7727	-178	-31	968	218	0	0	0	-31	956	216	1606974879
-52	-57	-48	-59	-67	0	-65	-65	-69	0	-68	-68	0	-66	0	0	0	-83	-85	-84	0	-86	-84	-84	0	0	-86	-92	-93	0	-93	-91	-93	-51	0	0	0	0	-93	0	0	0	0	0	0	0	0	0	0	-87	0	0	0	0	0	0	0	0	0	0	0	0	0	0	0	0	0	0	0	0	0	0	0	0	0	0	0	0	0	0	0	-58	0	0	0	0	0	0	0	0	0	0	0	0	0	0	0	0	0	0	0	0	0	0	0	0	0	0	0	0	0	0	0	4185	-2590	2738	23150	-7730	-179	-31	968	217	0	0	0	-31	956	215	1606974881
-51	-54	-45	-58	0	0	-65	-65	-71	0	-71	-71	-75	-67	0	0	0	-88	-87	-88	0	0	-87	-88	0	0	-86	-90	-91	0	0	-92	-91	-55	-68	0	0	0	-89	0	0	0	0	0	0	0	0	0	0	0	0	0	0	0	0	0	0	0	0	0	0	0	0	0	0	0	0	0	0	0	0	0	0	0	0	0	0	0	0	0	0	-58	0	0	0	0	0	0	0	0	0	0	0	0	0	0	0	0	0	0	0	0	0	0	0	0	0	0	0	0	0	0	0	4125	-2604	2693	23150	-7730	-180	-31	968	217	-1	0	-1	-31	956	215	1606974882
-48	-53	-45	-57	-67	-54	-66	-66	-66	0	-64	-65	-75	-66	0	0	0	-82	-83	-84	0	-85	-83	-83	0	0	-89	0	0	0	0	0	0	-51	-66	0	0	0	-93	0	0	0	0	0	0	0	0	0	0	0	0	0	0	0	0	0	0	0	0	0	0	0	0	0	0	0	0	0	0	0	0	0	0	0	0	0	0	0	0	0	0	-59	0	0	0	0	0	0	0	0	0	0	0	0	0	0	0	0	0	0	0	0	0	0	0	0	0	0	0	0	0	0	0	4125	-2589	2753	23150	-7731	-179	-31	968	218	0	0	-1	-31	956	215	1606974884
-53	-51	-45	-58	-70	-63	-68	-65	-72	0	-73	-72	-77	-69	0	0	-86	-90	-88	-88	-84	-85	-88	-88	0	-86	-84	0	0	0	0	-93	0	-55	0	0	0	0	-91	0	0	0	0	0	0	0	0	-89	0	0	0	0	0	0	0	0	0	0	0	0	0	0	0	0	0	0	0	0	0	0	0	0	0	0	0	0	0	0	0	0	0	-64	0	0	0	0	0	0	0	0	0	0	0	0	0	0	0	0	0	0	0	0	0	0	0	0	0	0	0	0	0	0	0	4154	-2559	2589	23150	-7728	-178	-31	969	217	0	0	0	-31	956	215	1606974886
-51	-57	-46	-56	-70	0	0	0	-66	0	-64	-66	-75	-68	0	0	0	-84	-85	-84	0	0	-85	-84	0	0	0	0	-94	0	0	0	0	-51	0	0	0	0	0	0	0	0	0	0	0	0	0	0	0	0	0	0	0	0	0	0	0	0	0	0	0	0	0	0	0	0	0	0	0	0	0	0	0	0	0	0	0	0	0	0	0	-64	0	0	0	0	0	0	0	0	0	0	0	0	0	0	0	0	0	0	0	0	0	0	0	0	0	0	0	0	0	0	0	4170	-2574	2678	23151	-7733	-178	-32	969	217	0	0	-1	-31	956	215	1606974887
-52	-55	-46	-57	-69	0	-64	-65	-72	-81	-71	-71	-77	-65	0	0	-86	-89	-89	-88	0	0	-89	-90	0	-85	-89	0	0	0	0	0	0	-55	0	0	0	0	-91	0	0	0	0	0	0	0	0	0	0	0	0	0	0	0	0	0	0	0	0	0	0	0	0	0	0	0	0	0	0	0	0	0	0	0	0	0	0	0	0	0	0	-64	0	0	0	0	0	0	0	0	0	0	0	0	0	0	0	0	0	0	0	0	0	0	0	0	0	0	0	0	0	0	0	4170	-2574	2723	23150	-7730	-178	-31	968	218	0	0	0	-31	956	215	1606974889
-51	-57	-50	-57	-67	-65	-69	-68	-72	-80	-72	-72	-77	-69	0	0	0	-91	-88	-90	0	-84	-90	-89	0	0	-86	0	-94	0	0	0	0	-55	0	0	0	0	-91	0	0	0	0	0	0	0	0	0	0	-86	0	0	-86	-86	0	0	0	0	0	0	0	0	0	0	0	0	0	0	0	0	0	0	0	0	0	0	0	0	0	0	0	-63	0	0	0	0	0	0	0	0	0	0	0	0	0	0	0	0	0	0	0	0	0	0	0	0	0	0	0	0	0	0	0	4170	-2604	2664	23150	-7728	-178	-31	968	218	0	0	0	-31	956	215	1606974890
-51	-49	-47	-53	-71	0	-70	-69	-72	0	0	-73	-75	-69	0	0	0	-87	-87	-87	0	0	-87	-88	0	0	-88	-91	-93	0	0	0	0	-54	0	0	0	0	-90	0	0	0	0	0	0	0	0	0	0	0	0	0	0	0	0	0	0	0	0	0	0	0	0	0	0	0	0	0	0	0	0	0	0	0	0	0	0	0	0	0	0	-58	0	0	0	0	0	0	0	0	0	0	0	0	0	0	0	0	0	0	0	0	0	0	0	0	0	0	0	0	0	0	0	4170	-2574	2693	23151	-7734	-178	-31	968	218	0	0	-1	-31	956	214	1606974892
-47	-52	-52	-55	0	0	-68	-65	-72	-85	-72	-71	-77	-68	0	0	0	-87	-87	-86	0	-86	-88	-87	0	0	-88	-92	0	0	0	-92	0	-55	0	0	0	0	-92	0	0	0	0	0	0	0	0	0	0	0	0	0	0	0	0	0	0	0	0	0	0	0	0	0	0	0	0	0	0	0	0	0	0	0	0	0	0	0	0	0	0	-63	0	0	0	0	0	0	0	0	0	0	0	0	0	0	0	0	0	0	0	0	0	0	0	0	0	0	0	0	0	0	0	4155	-2604	2738	23149	-7727	-178	-32	969	218	-1	-1	-1	-31	956	216	1606974893
-54	-50	-54	-55	-64	0	-66	-68	-63	0	-65	-64	-77	0	0	0	0	-82	-83	-84	0	0	-83	-82	0	0	-89	-93	-94	0	0	-94	0	-50	0	0	0	0	-92	0	0	0	0	0	0	0	0	0	0	-85	0	0	0	0	0	0	0	0	0	0	0	0	0	0	0	0	0	0	0	0	0	0	0	0	0	0	0	0	0	0	0	-62	0	0	0	0	0	0	0	0	0	0	0	0	0	0	0	0	0	0	0	0	0	0	0	0	0	0	0	0	0	0	0	4170	-2589	2723	23150	-7729	-178	-31	968	217	-1	0	0	-31	956	215	1606974895
-49	-51	-58	0	-63	0	0	0	-66	0	-64	-66	-75	0	0	0	-87	-83	-83	-83	-86	0	-83	-83	-88	-87	-88	0	0	0	0	0	0	-51	0	0	0	0	-92	0	0	0	0	-88	0	0	0	0	0	0	0	0	0	0	0	0	0	0	0	0	0	0	0	0	0	0	0	0	0	0	0	0	0	0	0	0	0	0	0	0	0	-63	0	0	0	0	0	0	0	0	0	0	0	0	0	0	0	0	0	0	0	0	0	0	0	0	0	0	0	0	0	0	0	4170	-2590	2768	23150	-7731	-179	-32	969	216	0	0	0	-31	956	215	1606974897
-55	-52	-54	-55	-63	-65	-69	-68	-73	-81	-71	-73	-76	-69	0	0	-85	-86	-87	-86	0	-89	-88	-87	-86	-86	-88	0	0	0	0	0	0	-55	0	0	0	0	-89	0	0	0	0	0	0	0	0	0	0	0	-91	0	0	0	0	0	0	0	0	0	0	0	0	0	0	0	0	0	0	0	0	0	0	-94	0	0	0	0	0	0	0	-62	0	0	0	0	0	0	0	0	0	0	0	0	0	0	0	0	0	0	0	0	0	0	0	0	0	0	0	0	0	0	0	4155	-2627	2753	23150	-7730	-179	-31	969	218	-1	0	-1	-31	956	215	1606974898
-55	-52	-53	-57	-63	0	0	-68	-71	0	-71	-71	-77	-68	0	0	0	-86	-87	-87	0	0	-87	-86	0	0	-89	0	0	0	0	0	0	-54	0	0	0	0	-91	0	0	-93	0	0	0	0	0	0	0	0	0	0	0	0	0	0	0	0	0	0	0	0	0	0	0	0	0	0	0	0	0	0	0	0	0	0	0	0	0	0	0	-60	0	0	0	0	0	0	0	0	0	0	0	0	0	0	0	0	0	0	0	0	0	0	0	0	0	0	0	0	0	0	0	4170	-2559	2693	23149	-7728	-179	-32	968	217	0	0	0	-31	956	215	1606974900
0	-49	-56	-57	0	-55	-67	-67	-65	0	-67	-64	-76	-66	0	0	-85	-83	-83	-84	0	0	-83	-83	0	0	-87	0	0	0	0	0	0	-51	0	0	0	0	-92	0	0	0	0	0	0	0	0	0	0	0	-90	0	0	0	0	0	0	0	0	0	0	0	0	0	0	0	0	0	0	0	0	0	0	-93	0	0	0	0	0	0	0	-62	0	0	0	0	0	0	0	0	0	0	0	0	0	0	0	0	0	0	0	0	0	0	0	0	0	0	0	0	0	0	0	4246	-2605	2739	23151	-7732	-178	-31	969	218	0	0	0	-31	956	215	1606974902
-55	-52	-53	-55	-68	-53	-67	-68	-64	0	-65	-67	-76	-67	0	0	-86	-85	-85	-85	0	0	-85	-85	0	-88	-88	0	0	0	0	0	0	-49	0	0	0	0	-92	0	0	-93	0	0	0	0	0	0	0	0	-91	0	-90	0	0	0	0	0	0	0	0	0	0	0	0	0	0	0	0	0	0	0	0	0	0	0	0	0	0	0	0	-62	0	0	0	0	0	0	0	0	0	0	0	0	0	0	0	0	0	0	0	0	0	0	0	0	0	0	0	0	0	0	0	4155	-2597	2723	23150	-7730	-178	-30	970	217	0	0	-1	-31	956	215	1606974903
-55	-54	-46	-51	-69	0	-71	-70	-66	0	-67	-66	-76	-70	0	0	0	-85	-85	-85	0	-83	-85	-85	0	0	-89	-94	0	0	0	0	0	-51	-70	0	0	0	-91	0	0	0	0	0	0	0	0	0	0	0	0	0	0	0	0	0	0	0	0	0	0	0	0	0	0	0	0	0	0	0	0	0	0	0	0	0	0	0	0	0	0	-64	0	0	0	0	0	0	0	0	0	0	0	0	0	0	0	0	0	0	0	0	0	0	0	0	0	0	0	0	0	0	0	4155	-2574	2708	23150	-7729	-178	-31	969	218	-1	-1	-1	-31	956	215	1606974905
-49	-47	0	-56	0	-55	-67	-67	-66	-79	-65	-65	-76	-66	0	0	-86	-82	-83	-84	-85	-85	-83	-84	-85	-87	-85	-92	0	0	0	-93	0	-51	0	0	0	0	-93	0	0	0	0	-85	0	0	0	0	0	0	0	0	0	0	0	0	0	0	0	0	0	0	0	0	0	0	0	0	0	0	0	0	0	0	0	0	0	0	0	0	0	0	0	0	0	0	0	0	0	0	0	0	0	0	0	0	0	0	0	0	0	0	0	0	0	0	0	0	0	0	0	0	0	4155	-2650	2738	23150	-7731	-178	-31	969	216	0	-1	-1	-31	956	215	1606974906
-56	-51	-54	-57	-67	-65	-66	0	-71	0	-71	-70	-78	-66	0	0	0	-90	-89	-87	0	0	-89	-89	0	0	0	0	0	-92	0	0	0	-55	0	0	0	0	-91	0	0	0	0	0	0	0	0	0	0	0	0	0	0	0	0	0	0	0	0	0	0	0	0	0	0	0	0	0	0	0	0	0	0	0	0	0	0	0	0	0	0	-59	0	0	0	0	0	0	0	0	0	0	0	0	0	0	0	0	0	0	0	0	0	0	0	0	0	0	0	0	0	0	0	4162	-2589	2708	23150	-7730	-178	-31	968	218	-1	0	-1	-31	956	215	1606974908
-52	0	-56	0	-69	-64	0	0	-72	0	-71	-71	-78	0	0	0	0	-90	-89	-89	-82	-83	-88	-88	-81	0	-85	-94	-93	0	0	-92	0	-56	0	0	0	0	-90	0	0	0	0	0	0	0	0	0	0	-87	0	-91	-86	-89	0	0	0	0	0	0	0	0	0	0	0	0	0	0	0	0	0	0	0	0	0	0	0	0	0	0	0	-64	0	0	0	0	0	0	0	0	0	0	0	0	0	0	0	0	0	0	0	0	0	0	0	0	0	0	0	0	0	0	0	4155	-2574	2753	23150	-7729	-178	-32	968	218	0	0	0	-31	956	215	1606974910
0	-49	0	0	-68	0	0	0	-66	0	-67	-67	-76	0	0	0	-86	-82	-83	-83	-83	-85	-83	-83	-83	-84	-82	-93	-92	0	0	-92	-91	-51	-69	0	0	0	-92	0	0	0	0	0	0	0	0	0	0	0	0	0	0	0	0	0	0	0	0	0	0	0	0	0	0	0	0	0	0	0	0	0	0	0	0	0	0	0	0	0	0	-64	0	0	0	0	0	0	0	0	0	0	0	0	0	0	0	0	0	0	0	0	0	0	0	0	0	0	0	0	0	0	0	4163	-2604	2738	23151	-7731	-177	-31	969	216	0	0	0	-31	956	215	1606974911
-50	-52	0	-56	-69	0	-67	-66	-64	0	-67	-65	-76	-67	0	0	0	-83	-84	-83	0	-85	-83	-83	0	0	-87	-92	-91	0	-92	-92	0	-51	0	0	0	0	-91	0	0	0	0	0	0	0	0	0	0	0	0	0	0	0	0	0	0	0	0	0	0	0	0	0	0	0	0	0	0	0	0	0	0	0	0	0	0	0	0	0	0	-61	0	0	0	0	0	0	0	0	0	0	0	0	0	0	0	0	0	0	0	0	0	0	0	0	0	0	0	0	0	0	0	4185	-2605	2746	23151	-7732	-178	-31	969	218	-1	-1	0	-31	956	215	1606974913
-53	-49	-52	-57	-69	0	-64	-67	-71	-81	-71	-71	-78	-67	0	0	-84	-89	-90	-89	0	-84	-90	-89	-83	0	-87	-93	-92	0	0	-91	0	-54	0	0	0	0	-91	0	0	0	0	0	0	0	0	0	0	0	0	0	0	0	0	0	0	0	0	0	0	0	0	0	0	0	0	0	0	0	0	0	0	0	0	0	0	0	0	0	0	-67	0	0	0	0	0	0	0	0	0	0	0	0	0	0	0	0	0	0	0	0	0	0	0	0	0	0	0	0	0	0	0	4170	-2589	2723	23150	-7727	-177	-31	968	217	-1	-1	0	-31	956	216	1606974914
0	-51	0	-57	0	0	-67	-64	-64	0	-64	-64	-75	-67	0	0	0	-84	-83	-84	0	0	-83	-83	0	0	0	-90	-90	0	0	-92	0	-52	0	0	0	0	-91	0	0	0	0	0	0	0	0	0	0	0	0	0	0	0	0	0	0	0	0	0	0	0	0	0	0	0	0	0	0	0	0	0	0	0	0	0	0	0	0	0	0	-70	0	0	0	0	0	0	0	0	0	0	0	0	0	0	0	0	0	0	0	0	0	0	0	0	0	0	0	0	0	0	0	4155	-2574	2738	23151	-7733	-179	-31	969	216	0	-1	-1	-31	956	215	1606974916
0	-50	-51	-56	0	0	-66	-64	-72	0	-71	-71	-77	-64	0	0	0	-88	-90	-90	0	-84	-90	-89	0	0	-87	-92	-93	0	0	-92	0	-55	0	0	0	0	0	0	0	0	0	0	0	0	0	0	0	-87	0	0	-86	-85	0	0	0	0	0	0	0	0	0	0	0	0	0	0	0	0	0	0	0	0	0	0	0	0	0	0	0	-71	0	0	0	0	0	0	0	0	0	0	0	0	0	0	0	0	0	0	0	0	0	0	0	0	0	0	0	0	0	0	0	4155	-2604	2664	23150	-7729	-177	-32	968	217	0	-1	0	-31	956	215	1606974917
-51	0	0	-58	-71	-56	-67	-66	-67	0	-66	-65	-75	-68	0	0	0	-84	-84	-83	0	0	-83	-84	0	0	-86	-92	-91	0	-92	-93	0	-52	0	0	0	0	-92	0	0	0	0	0	0	0	0	0	0	-86	0	0	0	0	0	0	0	0	0	0	0	0	0	0	0	0	0	0	-97	0	0	0	0	0	0	0	0	0	0	0	0	0	0	0	0	0	0	0	0	0	0	0	0	0	0	0	0	0	0	0	0	0	0	0	0	0	0	0	0	0	0	0	0	4170	-2605	2738	23150	-7729	-177	-31	968	218	-1	0	-1	-31	956	215	1606974919
-52	-53	-50	-59	-72	0	-67	-67	-66	0	-65	-65	-74	-67	0	0	0	-82	-84	-85	0	-84	-84	-84	0	0	-87	-90	-93	0	0	-92	-93	-51	0	0	0	0	-93	0	0	0	0	0	0	0	0	0	0	-88	0	0	0	0	0	0	0	0	0	0	0	0	0	0	0	0	0	0	0	0	0	0	0	0	0	0	0	0	0	0	0	-62	0	0	0	0	0	0	0	0	0	0	0	0	0	0	0	0	0	0	0	0	0	0	0	0	0	0	0	0	0	0	0	4170	-2604	2723	23150	-7730	-178	-31	968	218	0	0	-1	-31	956	215	1606974920
-55	-56	-42	-59	-67	0	-65	-65	-71	0	-73	-71	-77	-67	0	0	0	-88	-88	-88	-85	-85	-89	-89	-85	-86	-87	-92	-92	0	0	-91	0	-55	0	0	0	0	-92	0	0	0	0	0	0	0	-91	0	0	0	0	0	0	0	0	0	0	0	0	0	0	0	0	0	0	0	0	0	0	0	0	0	0	0	0	0	0	0	0	0	0	-64	0	0	0	0	0	0	0	0	0	0	0	0	0	0	0	0	0	0	0	0	0	0	0	0	0	0	0	0	0	0	0	4155	-2589	2708	23151	-7731	-177	-31	969	218	0	-1	-1	-31	956	215	1606974922
-49	-50	-44	-57	-64	0	0	-66	-67	0	-65	-67	-76	0	0	0	0	-85	-85	-85	0	-86	-84	-84	0	0	0	-92	-92	0	0	-92	-92	-50	0	0	0	0	0	0	0	0	0	0	0	0	0	0	0	-86	0	0	-85	-86	0	0	0	0	0	0	0	0	0	0	0	0	0	0	-93	0	0	0	0	0	0	0	0	0	0	0	0	-64	0	0	0	0	0	0	0	0	0	0	0	0	0	0	0	0	0	0	0	0	0	0	0	0	0	0	0	0	0	0	0	4125	-2597	2738	23149	-7726	-177	-32	969	217	-1	-1	-1	-31	956	216	1606974923
-52	-55	-45	-59	-63	-64	-64	0	-73	0	-72	-71	-77	0	0	0	0	-88	-89	-89	0	0	-89	-88	0	0	-85	-91	-91	0	-90	-91	-89	-54	0	0	0	0	-91	0	0	0	0	0	0	0	0	0	0	-87	0	0	-86	-88	0	0	0	0	0	0	0	0	0	0	0	0	0	0	0	0	0	0	0	0	0	0	0	0	0	0	0	0	0	0	0	0	0	0	0	0	0	0	0	0	0	0	0	0	0	0	0	0	0	0	0	0	0	0	0	0	0	0	0	4110	-2574	2723	23150	-7729	-178	-32	969	218	0	0	0	-31	956	215	1606974925
-49	-55	-45	-58	-62	-64	-65	-66	-73	0	-72	-72	-77	-66	0	0	0	-88	-88	-87	0	-84	-88	-88	0	0	-85	-91	-92	0	-90	-92	-92	-55	0	0	0	0	-92	0	0	0	0	0	0	0	-91	-88	0	-88	-90	0	0	0	0	0	0	0	0	0	0	0	0	0	0	0	0	0	0	0	0	0	0	0	0	0	0	0	0	0	0	-54	0	0	0	0	0	0	0	0	0	0	0	0	0	0	0	0	0	0	0	0	0	0	0	0	0	0	0	0	0	0	0	4140	-2559	2693	23152	-7734	-176	-31	970	218	0	-1	-1	-31	956	214	1606974927
-49	-53	-45	0	-64	-64	0	0	-73	-86	-72	-72	-77	0	0	0	0	-89	-88	-88	0	0	-88	-88	0	0	0	-91	-91	0	-92	-91	-92	-55	0	0	0	0	-93	0	0	0	0	0	0	0	0	0	0	0	0	0	0	0	0	0	0	0	0	0	0	0	0	0	0	0	0	0	0	0	0	0	0	0	0	0	0	0	0	0	0	-54	0	0	0	0	0	0	0	0	0	0	0	0	0	0	0	0	0	0	0	0	0	0	0	0	0	0	0	0	0	0	0	4065	-2604	2693	23149	-7727	-178	-31	968	218	-1	-1	-1	-31	956	216	1606974928
-50	-50	0	-58	0	-64	0	0	-72	0	-72	-73	-78	0	-76	0	-85	-89	-87	-87	-84	-75	-88	-88	-85	-84	-86	-91	-93	0	0	-92	-92	-54	0	0	0	0	-91	0	0	-92	0	0	0	0	0	0	0	0	0	0	0	0	0	0	0	0	0	0	0	0	0	0	0	0	0	0	0	0	0	0	0	0	0	0	0	0	0	0	0	-61	0	0	0	0	0	0	0	0	0	0	0	0	0	0	0	0	0	0	0	0	0	0	0	0	0	0	0	0	0	0	0	4185	-2574	2693	23150	-7728	-177	-31	968	218	-1	-1	0	-31	956	215	1606974930
0	-54	-46	0	0	0	0	0	-72	0	-72	-73	-78	0	-77	0	0	-90	-88	-88	0	-85	-88	-89	0	0	-87	-93	-93	0	0	-93	-92	-56	0	0	0	0	0	0	0	0	0	0	0	0	0	0	0	-86	0	0	0	0	0	0	0	0	0	0	0	0	0	0	0	0	0	0	0	0	0	0	0	0	0	0	0	0	0	0	0	-55	0	0	0	0	0	0	0	0	0	0	0	0	0	0	0	0	0	0	0	0	0	0	0	0	0	0	0	0	0	0	0	4155	-2559	2738	23150	-7729	-177	-31	969	217	-1	-1	0	-31	956	215	1606974931
0	-50	-47	0	-62	-65	0	0	-72	-85	-72	-72	-78	0	0	0	0	-87	-89	-87	0	-87	-89	-89	0	0	-85	0	0	0	0	0	0	-55	0	0	0	0	-92	0	0	0	0	-88	0	0	-91	0	0	0	-88	0	0	0	0	0	0	0	0	0	0	0	0	0	0	0	0	0	0	0	0	0	0	0	0	0	0	0	0	0	0	-63	0	0	0	0	0	0	0	0	0	0	0	0	0	0	0	0	0	0	0	0	0	0	0	0	0	0	0	0	0	0	0	4125	-2574	2738	23150	-7729	-178	-31	969	218	-1	-1	0	-31	956	215	1606974933
-51	-52	-47	-56	-60	-63	-65	-64	-72	0	-73	-72	-78	-64	0	0	0	-87	-88	-88	0	0	-88	-88	0	0	-87	-92	-93	0	-91	-91	-91	-55	0	0	0	0	-92	0	0	0	0	0	0	0	0	0	0	-87	0	0	-88	0	0	0	0	0	0	0	0	0	0	0	0	0	0	0	0	0	0	0	0	0	0	0	0	0	0	0	0	-66	0	0	0	0	0	0	0	0	0	0	0	0	0	0	0	0	0	0	0	0	0	0	0	0	0	0	0	0	0	0	0	4170	-2620	2738	23150	-7727	-177	-31	969	218	0	-1	0	-31	956	215	1606974934
-48	-52	-46	-54	-59	0	0	0	-67	0	-67	-67	-74	0	0	0	0	-84	-85	-85	0	-86	-84	-84	0	0	-85	-92	-92	0	-91	-91	-92	-51	0	0	0	0	-92	0	0	0	0	0	0	0	0	0	0	0	0	0	0	0	0	0	0	-90	0	0	0	0	0	0	0	0	0	0	0	0	0	0	0	0	0	0	0	0	0	0	0	-57	0	0	0	0	0	0	0	0	0	0	0	0	0	0	0	0	0	0	0	0	0	0	0	0	0	0	0	0	0	0	0	4163	-2589	2753	23151	-7734	-178	-31	969	217	0	-1	0	-31	956	214	1606974936
-50	-54	-46	-56	-65	-55	0	0	-66	0	-66	-64	-75	0	0	0	0	-83	-83	-84	0	-86	-84	-85	0	0	-86	-90	-92	0	0	-91	-92	-51	0	0	0	0	-93	0	0	0	0	0	0	0	0	0	0	-85	0	0	0	0	0	0	0	0	0	0	0	0	0	0	0	0	0	0	-95	0	0	0	0	0	0	0	0	0	0	0	0	-58	0	0	0	0	0	0	0	0	0	0	0	0	0	0	0	0	0	0	0	0	0	0	0	0	0	0	0	0	0	0	0	4125	-2604	2738	23149	-7727	-178	-31	969	217	-1	0	-1	-31	956	216	1606974938
0	-52	-45	-58	0	0	-65	-65	-71	0	-70	-71	-75	-66	0	0	0	-89	-90	-88	0	-85	-89	-89	0	0	-88	-93	-94	0	0	-91	-93	-55	-68	0	0	0	0	0	0	0	0	0	0	0	0	0	0	0	0	0	0	0	0	0	0	0	0	0	0	0	0	0	0	0	0	0	0	0	0	0	0	0	0	0	0	0	0	0	0	-57	0	0	0	0	0	0	0	0	0	0	0	0	0	0	0	0	0	0	0	0	0	0	0	0	0	0	0	0	0	0	0	4170	-2604	2686	23150	-7729	-177	-31	968	218	-1	-1	0	-31	956	215	1606974939
-51	-53	-45	-57	-65	0	-66	-66	-71	-81	-71	-70	-76	-65	0	0	-84	-88	-89	-87	0	-83	-88	-88	0	-86	-90	-92	-92	0	0	-91	0	-55	0	0	0	0	-91	0	0	0	0	-86	0	0	0	-85	0	0	0	0	0	0	0	0	0	0	0	0	0	0	0	0	0	0	0	0	0	0	0	0	0	0	0	0	0	0	0	0	0	-57	0	0	0	0	0	0	0	0	0	0	0	0	0	0	0	0	0	0	0	0	0	0	0	0	0	0	0	0	0	0	0	4125	-2559	2753	23151	-7733	-178	-31	969	217	0	0	-1	-31	956	215	1606974941
0	-52	-44	-54	-68	0	-65	-67	-66	0	-66	-67	-74	-66	0	0	0	-84	-85	-85	0	-85	-85	-85	0	0	-86	0	-92	0	0	0	0	-52	0	0	0	0	-92	0	0	0	-89	0	-85	-85	-77	0	-85	0	-87	0	0	0	0	0	0	0	0	0	0	0	0	0	0	0	0	0	0	0	0	0	0	0	0	0	0	0	0	0	0	-58	0	0	0	0	0	0	0	0	0	0	0	0	0	0	0	0	0	0	0	0	0	0	0	0	0	0	0	0	0	0	0	4155	-2604	2738	23150	-7729	-178	-31	969	218	-1	0	-1	-31	956	215	1606974942
-53	-50	-44	-57	0	0	-67	-66	-70	0	-71	-71	-78	-64	0	0	-87	-88	-88	-87	0	0	-88	-87	0	-87	-85	0	-93	0	0	-91	0	-55	0	0	0	0	-90	0	0	0	0	0	0	0	0	0	0	0	0	0	0	0	0	0	0	0	0	0	0	0	0	0	0	0	0	0	0	0	0	0	0	0	0	0	0	0	0	0	0	-67	0	0	0	0	0	0	0	0	0	0	0	0	0	0	0	0	0	0	0	0	0	0	0	0	0	0	0	0	0	0	0	4148	-2604	2693	23150	-7730	-178	-31	969	218	-1	0	-1	-31	956	215	1606974944
-54	-45	-41	-56	0	0	-55	-67	-72	-70	-72	-72	-79	-67	0	0	0	-88	-87	-87	0	-84	-89	-87	0	0	-81	-89	-91	0	-91	-91	-90	-57	0	0	0	0	-90	0	0	0	0	0	0	0	0	0	0	-85	0	0	0	0	0	0	0	0	0	0	0	0	0	0	0	0	0	0	0	0	0	0	0	0	0	0	0	0	0	0	0	-69	0	0	0	0	0	-91	0	0	0	0	0	0	0	0	0	0	0	0	0	0	0	0	0	0	0	0	0	0	0	0	0	4125	-2589	2753	23151	-7731	-178	-31	969	218	0	-1	-1	-31	956	215	1606974945
-49	-48	-43	0	-66	-66	-66	-66	-71	0	-70	-70	-75	-70	0	0	0	-88	-89	-89	0	0	-88	-90	0	0	-84	-90	-90	0	-89	-89	-90	-54	0	0	0	0	-88	0	0	0	0	0	0	0	0	0	0	0	0	0	0	0	0	0	0	0	0	0	0	0	0	0	0	0	0	0	0	0	0	0	0	0	0	0	0	0	0	0	0	-63	0	0	0	0	0	0	0	0	0	0	0	0	0	0	0	0	0	0	0	0	0	0	0	0	0	0	0	0	0	0	0	4110	-2634	2768	23150	-7730	-178	-31	968	217	0	0	0	-31	956	215	1606974947
