0	-59	-46	0	0	0	-81	-77	-75	0	-76	-75	-79	-80	0	0	0	-86	-87	-86	0	0	-86	-86	0	0	-86	-93	0	0	0	0	0	-64	0	0	0	0	0	0	0	0	0	0	0	0	0	-84	0	0	0	0	0	0	0	0	0	0	0	-89	0	0	0	0	0	0	0	0	0	0	0	0	0	0	0	0	0	0	0	0	0	0	0	0	0	0	0	0	0	0	0	0	0	0	0	0	0	0	0	0	0	0	0	0	0	0	0	0	0	0	0	0	0	0	0	0	0	0	0	0	0	0	0	0	0	0	0	0	0	0	3018	-2190	-132	26301	-7640	-171	-30	966	240	0	0	-1	-30	952	230	1606974583
-53	-57	-48	-71	-68	-75	-71	-71	-83	0	-83	-86	-82	-81	0	0	0	-91	-93	-92	0	0	-91	-90	0	0	-87	0	0	0	0	0	0	-70	0	0	0	0	0	0	0	0	0	0	0	0	0	0	0	0	0	0	0	0	0	-84	0	0	0	-91	0	0	0	0	0	0	0	0	0	0	0	0	0	0	0	0	0	0	0	0	0	0	0	0	0	0	0	0	0	0	0	0	0	0	0	0	0	0	0	0	0	0	0	0	0	0	0	0	0	0	0	0	0	0	0	0	0	0	0	0	0	0	0	0	0	0	0	0	0	0	3047	-2032	-177	26384	-7651	-171	-30	966	236	0	0	-1	-30	953	228	1606974585
-63	-57	-51	0	-71	-78	0	0	-85	0	-83	-81	-85	0	0	0	0	0	0	0	0	0	0	0	0	0	-85	0	0	0	0	0	0	-71	0	0	0	0	0	0	0	0	0	0	0	0	-88	0	0	0	-87	0	0	0	0	0	0	0	0	-92	0	0	0	0	0	0	0	0	0	0	-85	0	0	0	0	0	0	0	0	0	0	0	0	0	0	0	0	0	0	0	0	0	0	0	0	0	0	0	0	0	0	0	0	0	0	0	0	0	0	0	0	0	0	0	0	0	0	0	0	0	0	0	0	0	0	0	0	0	0	0	3047	-2032	-117	26379	-7628	-169	-29	967	235	-1	0	-1	-29	952	232	1606974586
-64	-67	0	0	-68	-78	0	0	-84	0	-85	-85	-90	0	0	0	0	0	0	0	0	0	0	0	0	0	0	0	0	0	0	0	0	-74	0	0	0	0	0	0	0	0	0	0	0	0	0	0	0	0	0	0	0	0	0	0	0	0	0	-90	0	0	0	0	0	0	0	0	0	0	0	0	0	0	0	0	0	0	0	0	0	0	0	0	0	0	0	0	0	0	0	0	0	0	0	0	0	0	0	0	0	0	0	0	0	0	0	0	0	0	0	0	0	0	0	0	0	0	0	0	0	0	0	0	0	0	0	0	0	0	3708	-2380	1692	22378	-7528	-557	-82	925	228	-24	44	-16	-96	943	248	1606974588
0	-61	-63	0	0	0	-84	0	-86	0	-85	-84	0	0	0	0	0	0	0	0	0	-85	0	0	0	0	0	0	0	-91	0	0	0	-74	0	0	0	0	-94	0	0	0	0	0	0	0	0	0	0	0	0	0	0	0	0	0	0	0	0	-91	0	0	0	0	0	0	0	0	0	-91	0	0	0	0	0	0	0	0	0	0	0	0	0	0	0	0	0	0	0	0	0	0	0	0	0	0	0	0	0	0	0	0	0	0	0	0	0	0	0	0	0	0	0	0	0	0	0	0	0	0	0	0	0	0	0	0	0	0	0	0	3747	-2630	2036	22511	-7589	-240	-42	957	291	2	0	0	-42	950	239	1606974589
0	-62	-64	-75	0	-78	0	0	-83	0	-82	-82	-88	0	0	0	-85	0	0	0	0	0	0	0	0	-86	0	0	0	-89	0	0	0	-70	0	0	0	0	-92	0	0	0	0	0	0	0	0	0	0	0	0	0	0	0	0	0	-88	0	0	-95	0	-88	0	0	0	0	0	0	0	0	0	0	0	0	0	0	0	0	0	0	0	0	0	0	0	0	0	0	0	0	0	0	0	0	0	0	0	0	0	0	0	0	0	0	0	0	0	0	0	0	0	0	0	0	0	0	0	0	0	0	0	0	0	0	0	0	0	0	0	0	3747	-2630	2125	23083	-7561	-272	-51	961	254	0	0	-1	-47	948	243	1606974591
-60	-59	-52	0	0	-67	0	0	-81	-86	-80	-81	-80	0	0	0	0	-89	-91	-89	0	0	-89	-89	0	0	-88	0	0	0	0	0	0	-60	0	0	0	0	0	0	0	0	0	0	0	0	-88	0	0	0	0	0	0	0	0	-86	0	0	0	-86	-92	0	0	0	0	0	0	0	0	-91	0	0	0	0	0	0	0	0	0	0	0	0	0	0	0	0	0	0	0	0	0	0	0	0	0	0	0	0	0	0	0	0	0	0	0	0	0	0	0	0	0	0	0	0	0	0	0	0	0	0	0	0	0	0	0	0	0	0	0	0	3687	-2585	2080	23277	-7549	-278	-48	963	247	0	0	-1	-48	948	245	1606974592
0	-61	-55	-78	-69	0	0	0	-78	0	-78	-78	-80	-78	0	0	0	-90	-91	-90	0	0	-90	-90	0	0	-84	0	0	0	0	0	0	-61	0	0	0	0	0	0	0	0	0	0	0	0	0	0	0	0	0	0	0	0	0	0	0	0	-73	-90	-93	0	0	0	0	0	0	0	0	0	0	-95	0	0	0	0	0	0	0	0	0	0	0	0	0	0	0	0	0	0	0	0	0	0	0	0	0	0	0	0	0	0	0	0	0	0	0	0	0	0	0	0	0	0	0	0	0	0	0	0	0	0	0	0	0	0	0	0	0	0	3725	-2630	2066	23292	-7551	-277	-49	963	251	0	0	0	-48	948	245	1606974594
0	-60	0	-74	0	0	-77	0	-84	-85	-84	-84	-90	-77	0	0	-85	0	0	0	-85	-83	0	0	-85	-84	-89	0	0	-90	0	0	0	-73	-70	0	0	0	-91	0	0	0	0	0	0	0	0	-82	0	0	0	0	0	0	0	0	0	0	0	0	-95	0	0	0	0	0	0	0	0	0	0	0	0	0	0	0	0	0	0	0	0	0	0	0	0	0	0	0	0	0	0	0	0	0	0	0	0	0	0	0	0	0	0	0	0	0	0	0	0	0	0	0	0	0	0	0	0	0	0	0	0	0	0	0	0	0	0	0	0	0	3672	-2600	2066	23291	-7549	-278	-49	963	248	0	0	-1	-48	948	245	1606974596
-60	-60	0	-72	-66	0	0	0	-83	-84	-83	-82	-91	0	0	0	0	0	0	0	0	-86	0	0	0	0	-86	0	0	-87	0	0	0	-74	0	0	0	0	0	0	0	0	0	0	0	0	0	0	0	0	0	0	0	0	0	0	0	0	0	-89	0	0	0	0	0	0	0	0	0	0	0	0	0	0	0	0	0	0	0	0	0	0	0	0	0	0	0	0	0	0	0	0	0	0	0	0	0	0	0	0	0	0	0	0	0	0	0	0	0	0	0	0	0	0	0	0	0	0	0	0	0	0	0	0	0	0	0	0	0	0	3657	-2562	2088	23291	-7549	-277	-47	963	248	0	0	0	-48	948	245	1606974597
-63	-59	-54	-76	-66	0	0	-79	-82	0	-84	-82	-90	0	0	0	0	0	0	0	0	0	0	0	0	0	-88	0	0	0	0	0	0	-70	0	0	0	0	0	0	0	0	0	0	0	0	0	-85	0	0	0	0	0	0	0	0	0	0	0	-92	0	0	0	0	0	0	0	0	0	0	0	0	0	0	0	0	0	0	0	0	0	0	0	0	0	0	0	0	0	0	0	0	0	0	0	0	0	0	0	0	0	0	0	0	0	0	0	0	0	0	0	0	0	0	0	0	0	0	0	0	0	0	0	0	0	0	0	0	0	0	3732	-2585	2110	23291	-7549	-278	-50	963	246	-1	0	0	-48	948	245	1606974599
-63	-62	-55	-68	-70	0	-76	-78	-78	0	-76	-76	-79	0	0	0	-86	-87	-87	-86	-84	-87	-87	-87	-85	-84	-83	0	0	0	0	0	0	-64	-72	0	0	0	0	0	0	0	0	0	0	0	0	0	0	0	0	0	0	0	0	0	0	0	0	-87	-92	0	0	0	0	0	0	0	0	0	0	0	0	0	0	0	0	0	0	0	0	0	0	0	0	0	0	0	0	0	0	0	0	0	0	0	0	0	0	0	0	0	0	0	0	0	0	0	0	0	0	0	0	0	0	0	0	0	0	0	0	0	0	0	0	0	0	0	0	0	3717	-2570	2066	23289	-7542	-277	-48	962	249	-1	0	0	-48	947	246	1606974600
-66	-59	-55	-71	-71	0	0	0	-81	0	-81	-81	-82	0	0	0	0	-87	-88	-88	0	0	-89	-88	0	0	0	0	0	0	0	0	0	-58	0	0	0	0	-95	0	0	0	0	0	0	0	0	0	0	0	0	0	0	0	0	0	0	0	0	-87	-93	0	0	0	0	0	0	0	0	0	0	0	0	0	0	0	0	0	0	0	0	0	0	0	0	0	0	0	0	0	0	0	0	0	0	0	0	0	0	0	0	0	0	0	0	0	0	0	0	0	0	0	0	0	0	0	0	0	0	0	0	0	0	0	0	0	0	0	0	0	3634	-2524	2013	23290	-7546	-277	-49	963	250	0	0	0	-48	948	246	1606974602
-55	-56	0	0	-62	0	-80	-79	-81	0	-82	-81	-92	-80	0	0	0	0	0	0	0	-84	0	0	0	0	0	0	0	0	0	0	0	-71	0	0	0	0	0	0	0	-94	0	0	0	0	0	-80	0	0	0	0	0	0	0	0	0	0	0	-90	-94	0	0	0	0	0	0	0	0	-91	0	0	0	0	0	0	0	0	0	0	0	0	0	0	0	0	0	0	0	0	0	0	0	0	0	0	0	0	0	0	0	0	0	0	0	0	0	0	0	0	0	0	0	0	0	0	0	0	0	0	0	0	0	0	0	0	0	0	0	0	3649	-2585	2095	23289	-7545	-277	-49	962	248	-1	0	-1	-48	948	246	1606974603
0	0	-54	0	0	0	-83	-80	-83	0	-83	-83	-92	-79	0	0	0	0	-94	0	0	-86	0	0	0	0	-87	0	0	-89	0	0	0	-69	0	0	0	0	-92	0	0	-91	0	0	0	0	0	0	0	0	0	0	0	0	0	0	0	0	0	-91	-95	0	0	0	0	0	0	0	0	0	0	0	0	0	0	0	0	0	0	0	0	0	0	0	0	0	0	0	0	0	0	0	0	0	0	0	0	0	0	0	0	0	0	0	0	0	0	0	0	0	0	0	0	0	0	0	0	0	0	0	0	0	0	0	0	0	0	0	0	0	3657	-2585	2095	23290	-7547	-278	-48	962	253	0	-1	0	-48	948	245	1606974605
-57	-59	-53	-69	-65	0	0	0	-78	0	-79	-78	-80	-79	0	0	-85	-87	-87	-88	-83	-84	-89	-88	-85	-87	-88	0	0	0	0	0	0	-61	-71	0	0	0	-93	0	0	0	0	0	0	0	0	-81	0	0	0	0	0	0	0	0	0	0	0	-88	-94	0	0	0	0	0	0	0	0	-91	0	0	0	0	0	0	0	0	0	0	0	0	0	0	0	0	0	0	0	0	0	0	0	0	0	0	0	0	0	0	0	0	0	0	0	0	0	0	0	0	0	0	0	0	0	0	0	0	0	0	0	0	0	0	0	0	0	0	0	0	3732	-2585	2095	23288	-7542	-277	-49	963	249	0	0	0	-48	947	246	1606974606
-57	-65	-56	0	-64	-74	0	0	-83	-85	-83	-82	-90	0	0	0	0	0	0	0	0	0	0	0	0	0	-86	0	0	-91	0	0	0	-69	-70	0	0	0	-92	0	0	-93	0	0	0	0	0	0	0	0	0	0	0	0	0	0	0	0	0	-94	0	-86	0	0	0	0	0	0	0	-91	0	0	0	0	0	0	0	0	0	0	0	0	0	0	0	0	0	0	0	0	0	0	0	0	0	0	0	0	0	0	0	0	0	0	0	0	0	0	0	0	0	0	0	0	0	0	0	0	0	0	0	0	0	0	0	0	0	0	0	0	3687	-2555	2095	23289	-7544	-277	-49	963	248	-1	-1	-1	-48	948	246	1606974608
-60	-61	-54	-74	-63	-66	0	0	-77	-84	-78	-78	-78	0	0	0	0	-87	-86	-87	0	-86	-87	-87	0	0	0	0	0	0	0	0	0	-61	0	0	0	0	0	0	0	0	0	0	0	0	0	0	0	0	0	0	0	0	0	0	0	0	0	0	-96	0	0	0	0	0	0	0	0	-90	0	0	0	0	0	0	0	0	0	0	0	0	0	0	0	0	0	0	0	0	0	0	0	0	0	0	0	0	0	0	0	0	0	0	0	0	0	0	0	0	0	0	0	0	0	0	0	0	0	0	0	0	0	0	0	0	0	0	0	0	3656	-2555	2065	23289	-7544	-278	-49	961	252	-1	-1	0	-48	948	246	1606974610
-56	-61	-54	-74	-64	-64	0	0	-77	-84	-78	-77	-77	0	0	0	0	-87	-87	-87	0	-86	-88	-87	0	0	-84	0	0	0	0	0	0	-61	0	0	0	0	0	0	0	0	0	0	0	0	0	0	0	0	0	0	0	0	0	0	0	0	0	-88	0	0	0	0	0	0	0	0	0	0	0	0	0	0	0	0	0	0	0	0	0	0	0	0	0	0	0	0	0	0	0	0	0	0	0	0	0	0	0	0	0	0	0	0	0	0	0	0	0	0	0	0	0	0	0	0	0	0	0	0	0	0	0	0	0	0	0	0	0	0	3739	-2585	2066	23290	-7548	-279	-48	964	243	0	0	-1	-48	948	245	1606974611
-56	-61	-54	-71	-64	-65	0	0	-79	-85	-76	0	-78	-77	0	0	0	-88	-87	-87	0	0	-87	-87	0	0	-86	0	0	0	0	0	0	-62	0	0	0	0	0	0	0	0	0	0	0	0	0	0	0	0	0	0	0	0	0	0	0	0	0	-89	-93	0	0	0	0	0	0	0	0	-91	0	0	0	0	0	0	0	0	0	0	0	0	0	0	0	0	0	0	0	0	0	0	0	0	0	0	0	0	0	0	0	0	0	0	0	0	0	0	0	0	0	0	0	0	0	0	0	0	0	0	0	0	0	0	0	0	0	0	0	0	3687	-2570	2065	23290	-7548	-277	-49	965	237	-1	-1	0	-48	948	245	1606974613
-56	-62	-54	-73	-64	0	-85	0	-77	-84	-77	-77	-78	0	0	0	0	-87	-86	-88	0	-86	-88	-88	0	0	-89	0	0	0	0	0	0	-61	0	0	0	0	0	0	0	0	0	0	0	0	0	0	0	0	0	0	0	0	0	0	0	0	0	-88	-94	0	0	0	0	0	0	0	0	0	0	0	0	0	0	0	0	0	0	0	0	0	0	0	0	0	0	0	0	0	0	0	0	0	0	0	0	0	0	0	0	0	0	0	0	0	0	0	0	0	0	0	0	0	0	0	0	0	0	0	0	0	0	0	0	0	0	0	0	0	3657	-2562	2080	23288	-7543	-279	-46	962	254	0	0	0	-48	947	246	1606974614
-57	-61	-53	-73	-62	0	-84	-86	-77	0	-77	-78	-79	-77	0	0	-85	-86	-88	-88	-85	-86	-87	-86	0	-83	-88	0	0	0	0	0	0	-62	-73	0	0	0	0	0	0	0	0	0	0	0	0	0	0	0	0	0	0	0	0	0	0	0	0	-90	0	0	0	0	0	0	0	0	0	0	0	0	0	0	0	0	0	0	0	0	0	0	0	0	0	0	0	0	0	0	0	0	0	0	0	0	0	0	0	0	0	0	0	0	0	0	0	0	0	0	0	0	0	0	0	0	0	0	0	0	0	0	0	0	0	0	0	0	0	0	3717	-2540	2095	23290	-7546	-278	-49	961	252	0	-1	0	-48	948	246	1606974616
0	-65	-53	-75	-63	0	0	-84	-83	0	-84	-83	-89	-85	0	0	0	0	0	0	0	-85	0	0	0	0	-90	0	0	-90	0	0	0	-70	0	0	0	0	-92	0	0	0	0	0	0	-85	-87	0	-88	0	-87	0	0	0	0	0	0	0	0	-90	0	0	0	0	0	0	0	0	0	0	0	0	0	0	0	0	0	0	0	0	0	0	0	0	0	0	0	0	0	0	0	0	0	0	0	0	0	0	0	0	0	0	0	0	0	0	0	0	0	0	0	0	0	0	0	0	0	0	0	0	0	0	0	0	0	0	0	0	0	0	3702	-2600	2066	23289	-7545	-277	-48	962	251	0	0	0	-48	948	246	1606974618
-58	-64	-54	0	-63	-64	-83	-78	-77	-86	-76	-77	-78	-83	0	0	0	-87	-87	-87	0	-87	-86	-87	0	0	-88	0	0	0	0	0	0	-61	0	0	0	0	0	0	0	0	0	0	0	0	0	-82	0	0	0	0	0	0	0	0	0	0	0	-89	0	0	0	0	0	0	0	0	0	0	0	0	0	0	0	0	0	0	0	0	0	0	0	0	0	0	0	0	0	0	0	0	0	0	0	0	0	0	0	0	0	0	0	0	0	0	0	0	0	0	0	0	0	0	0	0	0	0	0	0	0	0	0	0	0	0	0	0	0	0	3619	-2569	2088	23289	-7542	-277	-49	963	250	-1	-1	0	-48	947	246	1606974619
-58	-63	-55	-76	-65	-65	0	-84	-77	0	-77	-76	-80	-78	0	0	0	-87	-87	-86	0	-83	-86	-86	0	0	-88	0	0	0	0	0	0	-60	0	0	0	0	0	0	0	0	0	0	0	0	0	-85	0	0	0	0	0	0	0	0	0	0	0	-87	-92	0	0	0	0	0	0	0	0	0	-89	0	0	0	0	0	0	0	0	0	0	0	0	0	0	0	0	0	0	0	0	0	0	0	0	0	0	0	0	0	0	0	0	0	0	0	0	0	0	0	0	0	0	0	0	0	0	0	0	0	0	0	0	0	0	0	0	0	0	0	3657	-2555	2095	23288	-7541	-277	-48	963	252	0	-1	0	-48	947	246	1606974621
-61	-59	-55	-75	-63	0	0	0	-83	0	-83	-84	-92	0	0	0	-86	0	0	0	-86	-85	0	0	-86	-88	-83	0	0	-91	0	0	0	-72	0	0	0	0	0	0	0	0	0	0	0	0	0	-83	0	0	0	0	0	0	0	0	0	0	0	-91	0	0	0	0	0	0	0	0	0	0	0	0	0	0	0	0	0	0	0	0	0	0	0	0	0	0	0	0	0	0	0	0	0	0	0	0	0	0	0	0	0	0	0	0	0	0	0	0	0	0	0	0	0	0	0	0	0	0	0	0	0	0	0	0	0	0	0	0	0	0	3642	-2555	2080	23290	-7547	-277	-48	963	249	-1	0	0	-48	948	245	1606974623
-55	-61	0	0	-61	0	0	-83	-79	-88	-79	-80	-81	-77	0	0	-91	-87	-87	-86	-85	-90	-88	-87	-84	-86	-84	0	0	0	0	0	0	-61	0	0	0	0	0	0	0	0	0	0	0	0	0	0	0	0	0	0	0	0	0	0	0	0	0	-87	-92	0	0	0	0	0	0	0	0	-89	0	0	0	0	0	0	0	0	0	0	0	0	0	0	0	0	0	0	0	0	0	0	0	0	0	0	0	0	0	0	0	0	0	0	0	0	0	0	0	0	0	0	0	0	0	0	0	0	0	0	0	0	0	0	0	0	0	0	0	0	3777	-2585	2066	23289	-7544	-278	-49	963	251	0	0	0	-48	948	246	1606974624
-58	-63	-54	0	-61	0	-79	0	-82	-84	-82	-81	-79	0	0	0	0	-88	0	0	0	-84	0	0	0	0	-88	0	0	0	0	0	0	-61	0	0	0	0	0	0	0	0	0	0	0	0	0	0	0	0	0	0	0	0	0	-88	0	0	0	-87	-94	0	0	0	0	0	0	0	0	-91	0	0	0	0	0	0	0	0	0	0	0	0	0	0	0	0	0	0	0	0	0	0	0	0	0	0	0	0	0	0	0	0	0	0	0	0	0	0	0	0	0	0	0	0	0	0	0	0	0	0	0	0	0	0	0	0	0	0	0	0	3687	-2540	2065	23289	-7543	-278	-48	962	249	0	0	0	-48	947	246	1606974626
0	-61	-53	-76	-62	-73	0	-78	-81	0	-82	-82	-90	-79	0	0	0	0	0	0	0	0	0	0	0	0	0	0	0	-89	0	0	0	-73	0	0	0	0	-91	0	0	0	0	0	0	0	0	0	0	0	0	0	0	0	0	0	0	0	0	-92	0	-89	0	0	0	0	0	0	0	0	0	0	0	0	0	0	0	0	0	0	0	0	0	0	0	0	0	0	0	0	0	0	0	0	0	0	0	0	0	0	0	0	0	0	0	0	0	0	0	0	0	0	0	0	0	0	0	0	0	0	0	0	0	0	0	0	0	0	0	0	3702	-2585	2095	23289	-7543	-277	-48	962	249	0	0	0	-48	947	246	1606974627
0	-60	0	0	0	-74	0	0	-83	-83	-83	-83	-93	-83	0	0	-85	0	0	0	-84	-86	0	0	-84	-85	-87	0	0	-89	0	0	0	-73	0	0	0	0	-91	0	0	0	0	0	0	0	0	-83	0	0	0	0	0	0	0	0	0	0	-75	-91	0	0	0	0	0	0	0	0	0	-91	0	0	0	0	0	0	0	0	0	0	0	0	0	0	0	0	0	0	0	0	0	0	0	0	0	0	0	0	0	0	0	0	0	0	0	0	0	0	0	0	0	0	0	0	0	0	0	0	0	0	0	0	0	0	0	0	0	0	0	0	3732	-2630	2066	23289	-7542	-277	-49	963	246	0	0	0	-48	947	246	1606974629
-62	-59	-54	-73	-63	-64	-79	0	-79	-85	-80	-79	-83	-80	0	0	-84	-85	-86	-86	-84	-84	-86	-86	-88	-84	-87	0	0	0	0	0	0	-61	0	0	0	0	-95	0	0	0	0	0	0	0	0	0	0	0	0	0	0	0	0	-88	0	0	0	-88	-93	0	0	0	0	0	0	0	0	0	0	0	0	0	0	0	0	0	0	0	0	0	0	0	0	0	0	0	0	0	0	0	0	0	0	0	0	0	0	0	0	0	0	0	0	0	0	0	0	0	0	0	0	0	0	0	0	0	0	0	0	0	0	0	0	0	0	0	0	0	3657	-2600	2066	23288	-7543	-278	-48	963	253	0	-1	-1	-48	947	246	1606974630
-54	0	-54	-77	-62	0	-82	-81	-80	0	-80	-80	-80	-77	0	0	0	-87	-87	0	0	-85	-86	-87	0	0	-89	0	0	0	0	0	0	-62	0	0	0	0	0	0	0	0	0	0	0	0	0	-82	0	0	0	0	0	0	0	0	-90	0	0	-87	-93	0	0	0	0	0	0	0	0	0	0	0	0	0	0	0	0	0	0	0	0	0	0	0	0	0	0	0	0	0	0	0	0	0	0	0	0	0	0	0	0	0	0	0	0	0	0	0	0	0	0	0	0	0	0	0	0	0	0	0	0	0	0	0	0	0	0	0	0	0	3687	-2540	2080	23288	-7540	-277	-49	963	249	-1	-1	0	-48	947	247	1606974632
0	0	-53	-75	0	0	-79	-83	-81	0	-81	-81	-80	-79	0	0	-85	-87	-87	-88	-85	-82	-86	-86	-86	-85	-86	0	0	0	0	0	0	-61	0	0	0	0	0	0	0	-92	0	0	0	0	0	0	0	0	0	0	0	0	0	-90	0	0	-75	-87	-92	0	0	0	0	0	0	0	0	-88	0	0	0	0	0	0	0	0	0	0	0	0	0	0	0	0	0	0	0	0	0	0	0	0	0	0	0	0	0	0	0	0	0	0	0	0	0	0	0	0	0	0	0	0	0	0	0	0	0	0	0	0	0	0	0	0	0	0	0	0	3656	-2540	2065	23289	-7544	-277	-49	963	249	0	0	0	-48	948	246	1606974633
-55	-64	-54	-71	-61	0	-80	0	-81	-85	-80	-81	-79	-80	0	0	0	-86	-86	-86	0	-86	-87	-86	0	0	-87	0	0	0	0	0	0	-62	0	0	0	0	0	0	0	0	0	0	0	0	0	0	0	0	0	0	0	0	0	-88	0	0	0	-89	-95	0	0	0	0	0	0	0	0	-91	0	0	0	0	0	0	0	0	0	0	0	0	0	0	0	0	0	0	0	0	0	0	0	0	0	0	0	0	0	0	0	0	0	0	0	0	0	0	0	0	0	0	0	0	0	0	0	0	0	0	0	0	0	0	0	0	0	0	0	0	3657	-2599	2036	23287	-7539	-277	-49	963	250	-1	-1	0	-48	947	247	1606974635
-57	-60	-53	-73	-62	0	-83	-78	-78	-87	-78	-80	0	-83	0	0	0	-87	-87	-87	0	0	-85	-87	0	0	-91	0	0	0	0	0	0	-63	-72	0	0	0	0	0	0	0	0	0	0	0	0	-80	0	0	0	0	0	0	0	0	0	0	0	-88	-92	0	0	0	0	0	0	0	0	-93	0	0	0	0	0	0	0	0	0	0	0	0	0	0	0	0	0	0	0	0	0	0	0	0	0	0	0	0	0	0	0	0	0	0	0	0	0	0	0	0	0	0	0	0	0	0	0	0	0	0	0	0	0	0	0	0	0	0	0	0	3702	-2577	2065	23288	-7542	-277	-48	963	249	0	0	0	-48	947	246	1606974637
-56	-63	-52	-75	-62	0	0	0	-76	0	-79	-79	-79	0	0	0	0	-86	-85	-86	0	-86	-86	-86	0	0	-88	0	0	0	0	0	0	-61	0	0	0	0	-94	0	0	0	0	0	0	0	0	0	0	0	0	0	0	0	0	0	0	0	0	-89	-93	0	0	0	0	0	0	0	0	-90	0	0	0	0	0	0	0	0	0	0	0	0	0	0	0	0	0	0	0	0	0	0	0	0	0	0	0	0	0	0	0	0	0	0	0	0	0	0	0	0	0	0	0	0	0	0	0	0	0	0	0	0	0	0	0	0	0	0	0	0	3822	-2585	2066	23288	-7540	-277	-49	963	250	-1	0	0	-48	947	246	1606974638
0	-60	0	0	0	-73	0	-80	-82	0	-82	-83	-92	-78	0	0	0	0	0	0	0	0	0	0	0	0	-89	0	0	-89	0	0	0	-72	-75	0	0	0	-90	0	0	0	0	0	0	0	0	0	0	0	0	0	0	0	0	0	0	0	0	-91	0	0	0	0	0	0	0	0	0	-92	0	0	0	0	0	0	0	0	0	0	0	0	0	0	0	0	0	0	0	0	0	0	0	0	0	0	0	0	0	0	0	0	0	0	0	0	0	0	0	0	0	0	0	0	0	0	0	0	0	0	0	0	0	0	0	0	0	0	0	0	3642	-2585	2080	23288	-7542	-278	-48	963	251	-1	-1	-1	-48	947	246	1606974640
-61	-60	0	0	-59	-74	0	0	-84	-86	-84	-85	-90	0	0	0	0	0	0	0	0	0	0	0	0	0	-86	0	0	-91	0	0	0	-72	0	0	0	0	-93	0	0	0	0	0	0	0	0	0	0	0	0	0	0	0	0	0	0	0	0	-92	0	0	0	0	0	0	0	0	0	0	0	0	0	0	0	0	0	0	0	0	0	0	0	0	0	0	0	0	0	0	0	0	0	0	0	0	0	0	0	0	0	0	0	0	0	0	0	0	0	0	0	0	0	0	0	0	0	0	0	0	0	0	0	0	0	0	0	0	0	0	3762	-2570	2066	23288	-7541	-278	-49	963	249	0	0	-1	-48	947	246	1606974641
-55	-58	-55	0	-61	-62	0	0	-79	-85	-80	-78	-78	0	0	0	0	-86	-87	-87	0	-85	-87	-86	0	0	-86	0	0	0	0	0	0	-61	0	0	0	0	0	0	0	0	0	0	0	0	0	0	0	0	0	0	0	0	0	-87	0	0	0	-90	-93	0	0	0	0	0	0	0	0	-89	0	0	0	0	0	0	0	0	0	0	0	0	0	0	0	0	0	0	0	0	0	0	0	0	0	0	0	0	0	0	0	0	0	0	0	0	0	0	0	0	0	0	0	0	0	0	0	0	0	0	0	0	0	0	0	0	0	0	0	0	3694	-2555	2035	23288	-7542	-278	-48	963	248	-1	-1	-1	-48	947	246	1606974643
0	-60	-58	-75	0	-73	0	-80	-82	0	-82	-82	-90	0	0	0	-87	0	0	0	-83	-84	0	0	-84	-83	0	0	0	-90	0	0	0	-73	0	0	0	0	-91	0	0	0	0	0	0	0	0	0	0	0	0	0	0	0	0	0	0	0	0	-93	-95	0	0	0	0	0	0	0	0	-89	0	0	0	0	0	0	0	0	0	0	0	0	0	0	0	0	0	0	0	0	0	0	0	0	0	0	0	0	0	0	0	0	0	0	0	0	0	0	0	0	0	0	0	0	0	0	0	0	0	0	0	0	0	0	0	0	0	0	0	0	3687	-2577	2110	23288	-7541	-277	-48	962	251	0	0	0	-48	947	246	1606974645
-61	-58	-52	0	-63	0	-76	-77	0	0	-79	-78	-80	-76	0	0	0	-85	-86	-85	0	0	-86	-87	0	0	-88	0	0	0	0	0	0	-61	0	0	0	0	0	0	0	0	0	0	0	0	0	0	0	0	0	0	0	0	0	0	-88	0	0	0	-93	-88	0	0	0	0	0	0	0	0	0	0	0	0	0	0	0	0	0	0	0	0	0	0	0	0	0	0	0	0	0	0	0	0	0	0	0	0	0	0	0	0	0	0	0	0	0	0	0	0	0	0	0	0	0	0	0	0	0	0	0	0	0	0	0	0	0	0	0	0	3747	-2585	2066	23287	-7539	-278	-50	963	249	0	0	0	-48	947	247	1606974646
-59	-59	-53	0	-62	0	0	0	-80	-88	-78	-79	-80	0	0	0	0	-88	-87	-88	0	-89	-87	-87	0	-88	-86	0	0	0	0	0	0	-60	0	0	0	0	0	0	0	0	0	0	0	0	0	-82	0	0	0	0	0	0	0	0	0	0	0	-88	-93	0	0	0	0	0	0	0	0	0	0	0	0	0	0	0	0	0	0	0	0	0	0	0	0	0	0	0	0	0	0	0	0	0	0	0	0	0	0	0	0	0	0	0	0	0	0	0	0	0	0	0	0	0	0	0	0	0	0	0	0	0	0	0	0	0	0	0	0	0	3634	-2599	2065	23290	-7546	-277	-49	962	249	0	0	0	-48	948	245	1606974648
0	0	-58	-77	0	0	0	0	-80	-86	-80	-79	-80	0	0	0	0	-86	-87	-86	0	0	-86	-87	0	0	-92	0	0	0	0	0	0	-61	0	0	0	0	0	0	0	0	0	0	0	0	0	0	0	0	0	0	0	0	0	0	0	0	0	-87	-93	0	0	0	0	0	0	0	0	0	0	0	0	0	0	0	0	0	0	0	0	0	0	0	0	0	0	0	0	0	0	0	0	0	0	0	0	0	0	0	0	0	0	0	0	0	0	0	0	0	0	0	0	0	0	0	0	0	0	0	0	0	0	0	0	0	0	0	0	0	3664	-2585	2065	23288	-7541	-279	-47	966	229	-1	-1	-1	-48	947	246	1606974649
-57	-63	-55	-74	-62	-73	-83	-84	-82	-89	-81	-81	-92	-79	0	0	0	0	0	0	0	0	0	0	0	0	-88	0	0	-91	0	0	0	-74	0	0	0	0	-93	0	0	0	0	0	0	-88	0	-82	0	0	0	0	0	0	0	0	0	0	0	-91	0	0	0	0	0	0	0	0	0	0	0	0	0	0	0	0	0	0	0	0	0	0	0	0	0	0	0	0	0	0	0	0	0	0	0	0	0	0	0	0	0	0	0	0	0	0	0	0	0	0	0	0	0	0	0	0	0	0	0	0	0	0	0	0	0	0	0	0	0	0	3702	-2585	2080	23287	-7538	-278	-48	961	249	-1	-1	-1	-48	947	247	1606974651
-62	-58	-56	-74	-61	-63	-78	-78	-79	-86	-79	-78	-80	-78	0	0	0	-87	-86	-86	0	0	-87	-85	0	0	-87	0	0	0	0	0	0	-61	-72	0	0	0	0	0	0	0	0	0	0	0	-87	-82	0	0	0	0	0	0	-92	0	0	0	0	-88	-94	0	0	0	0	0	0	0	0	-92	0	-93	0	0	0	0	0	0	0	0	0	0	0	0	0	0	0	0	0	0	0	0	0	0	0	0	0	0	0	0	0	0	0	0	0	0	0	0	0	0	0	0	0	0	0	0	0	0	0	0	0	0	0	0	0	0	0	0	0	0	3611	-2584	2035	23288	-7540	-278	-46	963	250	-1	-1	-1	-48	947	246	1606974653
-55	-57	-55	0	-60	-63	0	0	-79	-85	-79	-79	-79	0	0	0	-86	-87	-86	-86	0	0	-86	-87	0	-87	-90	0	0	0	0	0	0	-62	-73	0	0	0	0	0	0	0	0	0	0	0	-89	-80	0	0	-87	0	0	0	0	0	0	0	0	-89	-94	0	0	0	0	0	0	0	0	-92	0	0	0	0	0	0	0	0	0	0	0	0	0	0	0	0	0	0	0	0	0	0	0	0	0	0	0	0	0	0	0	0	0	0	0	0	0	0	0	0	0	0	0	0	0	0	0	0	0	0	0	0	0	0	0	0	0	0	0	0	3687	-2577	2051	23287	-7540	-279	-47	962	253	0	0	-1	-48	947	247	1606974654
-58	-60	-57	0	-61	0	-83	-79	-80	0	-79	-80	-80	-82	0	0	0	-87	-86	-86	0	0	-88	-86	0	0	-89	0	0	0	0	0	0	-61	0	0	0	0	-93	0	0	0	0	0	0	0	0	0	0	0	0	0	0	0	0	0	0	0	0	-90	-90	0	0	0	0	0	0	0	0	-93	0	0	0	0	0	0	0	0	0	0	0	0	0	0	0	0	0	0	0	0	0	0	0	0	0	0	0	0	0	0	0	0	0	0	0	0	0	0	0	0	0	0	0	0	0	0	0	0	0	0	0	0	0	0	0	0	0	0	0	0	3687	-2555	2080	23285	-7533	-277	-50	964	241	-1	-1	-1	-48	947	248	1606974656
-59	-58	-56	-73	-60	0	-79	-79	-80	-85	-80	-80	-78	-80	0	0	0	-87	-86	-86	0	0	-86	-87	0	0	-88	0	0	0	0	0	0	-62	0	0	0	0	0	0	0	0	0	0	0	0	0	0	0	0	0	0	0	0	-95	-88	0	0	0	-87	-94	0	0	0	0	0	0	0	0	-91	0	0	0	0	0	0	0	0	0	0	0	0	0	0	0	0	0	0	0	0	0	0	0	0	0	0	0	0	0	0	0	0	0	0	0	0	0	0	0	0	0	0	0	0	0	0	0	0	0	0	0	0	0	0	0	0	0	0	0	0	3732	-2630	2081	23287	-7540	-278	-48	963	249	-1	0	0	-48	947	247	1606974658
-59	-60	-57	-76	-59	0	0	-85	0	-87	-81	-79	-79	0	0	0	0	-86	-85	-86	0	0	-86	-87	0	0	-86	0	0	0	0	0	0	-62	0	0	0	0	0	0	0	0	0	0	-88	0	-88	0	-88	0	0	0	0	0	0	0	0	0	0	0	0	0	0	0	0	0	0	0	0	-89	0	0	0	0	0	0	0	0	0	0	0	0	0	0	0	0	0	0	0	0	0	0	0	0	0	0	0	0	0	0	0	0	0	0	0	0	0	0	0	0	0	0	0	0	0	0	0	0	0	0	0	0	0	0	0	0	0	0	0	0	3566	-2584	2080	23288	-7540	-278	-50	963	250	0	-1	-1	-48	947	246	1606974659
-59	-60	-57	0	-61	0	0	0	-81	0	-82	-82	-90	0	0	0	0	0	0	0	0	0	0	0	0	0	-86	0	0	-92	0	0	0	-72	0	0	0	0	-92	0	0	-91	0	-81	0	0	0	-84	0	0	0	0	0	0	0	0	0	0	0	-90	-94	0	0	0	0	0	0	0	0	-90	0	0	0	0	0	0	0	0	0	0	0	0	0	0	0	0	0	0	0	0	0	0	0	0	0	0	0	0	0	0	0	0	0	0	0	0	0	0	0	0	0	0	0	0	0	0	0	0	0	0	0	0	0	0	0	0	0	0	0	0	3687	-2570	2080	23288	-7542	-278	-49	963	247	0	0	-1	-48	947	246	1606974661
-61	-60	-57	-78	-63	-64	0	0	-79	-86	-81	-80	-79	0	0	0	0	-86	-87	-86	0	0	-86	-86	0	0	-88	0	0	0	0	0	0	-62	0	0	0	0	0	0	0	0	0	-81	-89	0	-89	0	0	0	-88	0	0	0	0	0	0	0	0	-87	-90	0	0	0	0	0	0	0	0	-93	0	0	0	0	0	0	0	0	0	0	0	0	0	0	0	0	0	0	0	0	0	0	0	0	0	0	0	0	0	0	0	0	0	0	0	0	0	0	0	0	0	0	0	0	0	0	0	0	0	0	0	0	0	0	0	0	0	0	0	0	3657	-2555	2080	23290	-7547	-278	-50	964	246	0	0	-1	-48	948	245	1606974663
-56	0	-57	-79	-62	-75	-79	-79	-83	-86	-82	-82	-90	-84	0	0	0	0	0	0	0	0	0	0	0	0	-87	0	0	-90	0	0	0	-71	0	0	0	0	-94	0	0	0	0	0	0	0	0	0	0	0	0	0	0	0	0	-88	0	0	0	-94	0	0	0	0	0	0	0	0	0	0	0	0	0	0	0	0	0	0	0	0	0	0	0	0	0	0	0	0	0	0	0	0	0	0	0	0	0	0	0	0	0	0	0	0	0	0	0	0	0	0	0	0	0	0	0	0	0	0	0	0	0	0	0	0	0	0	0	0	0	0	3657	-2540	2095	23292	-7555	-281	-51	961	260	0	0	-1	-48	948	244	1606974664
-60	-60	-57	-79	-63	-75	0	0	-82	0	-81	-83	-91	0	0	0	0	0	0	0	0	0	0	0	0	0	0	0	0	-89	0	0	0	-73	0	0	0	0	0	0	0	0	0	0	0	0	0	0	0	0	0	0	0	0	0	0	0	0	0	-92	-93	0	0	0	0	0	0	0	0	0	0	0	0	0	0	0	0	0	0	0	0	0	0	0	0	0	0	0	0	0	0	0	0	0	0	0	0	0	0	0	0	0	0	0	0	0	0	0	0	0	0	0	0	0	0	0	0	0	0	0	0	0	0	0	0	0	0	0	0	0	3657	-2555	2073	23291	-7552	-279	-49	959	263	0	0	0	-48	948	245	1606974666
0	-60	-56	0	0	-74	0	0	-82	0	-83	-83	-92	0	0	0	-86	0	0	0	0	0	0	0	0	-89	-87	0	0	-91	0	0	0	-72	0	0	0	0	-93	0	0	0	0	0	0	0	0	-84	0	0	0	0	0	0	0	0	-87	0	0	-92	0	-87	0	0	0	0	0	0	0	-93	0	0	0	0	0	0	0	0	0	0	0	0	0	0	0	0	0	0	0	0	0	0	0	0	0	0	0	0	0	0	0	0	0	0	0	0	0	0	0	0	0	0	0	0	0	0	0	0	0	0	0	0	0	0	0	0	0	0	0	0	3709	-2585	2080	23288	-7541	-279	-46	964	252	0	0	-1	-48	947	246	1606974667
0	-60	-57	-78	0	0	0	0	-79	0	-80	-81	-79	0	0	0	-86	-86	-87	-86	0	-85	-86	-87	0	-85	-89	0	0	0	0	0	0	-62	-71	0	0	0	0	0	0	0	0	0	0	0	0	-82	0	0	0	0	0	0	0	0	0	0	0	-89	-92	0	0	0	0	0	0	0	0	-90	0	0	0	0	0	0	0	0	0	0	0	0	0	0	0	0	0	0	0	0	0	0	0	0	0	0	0	0	0	0	0	0	0	0	0	0	0	0	0	0	0	0	0	0	0	0	0	0	0	0	0	0	0	0	0	0	0	0	0	0	3732	-2555	2080	23288	-7540	-277	-48	963	252	0	0	0	-48	947	247	1606974669
-62	-60	-56	0	-63	0	-79	-79	-80	-83	-81	-79	-79	-79	0	0	0	-87	-86	-86	0	-85	-85	-86	0	0	-87	0	0	0	0	0	0	-61	0	0	0	0	0	0	0	0	0	0	0	0	0	0	0	-90	0	0	0	0	0	-87	0	0	0	-89	-93	0	0	0	0	0	0	0	0	-90	0	0	0	0	0	0	0	0	0	0	0	0	0	0	0	0	0	0	0	0	0	0	0	0	0	0	0	0	0	0	0	0	0	0	0	0	0	0	0	0	0	0	0	0	0	0	0	0	0	0	0	0	0	0	0	0	0	0	0	0	3687	-2570	2080	23287	-7539	-279	-48	964	244	0	0	-1	-48	947	247	1606974671
-56	0	-57	-75	-60	-63	-79	-82	-80	0	-81	-81	-78	-78	0	0	-85	-85	-86	-85	0	-86	-86	-86	-85	-86	0	0	0	0	0	0	0	-62	0	0	0	0	0	0	0	0	0	0	0	0	0	0	0	0	0	0	0	0	0	0	0	0	0	-88	-92	0	0	0	0	0	0	0	0	0	0	0	0	0	0	0	0	0	0	0	0	0	0	0	0	0	0	0	0	0	0	0	0	0	0	0	0	0	0	0	0	0	0	0	0	0	0	0	0	0	0	0	0	0	0	0	0	0	0	0	0	0	0	0	0	0	0	0	0	0	3687	-2600	2110	23289	-7544	-279	-48	964	248	-1	-1	-1	-48	948	246	1606974672
-61	-60	-57	-77	-63	-64	0	0	-80	0	-79	-80	-78	-79	0	0	-87	-85	-86	-86	-86	-87	-86	-86	-86	-84	0	0	0	0	0	0	0	-62	0	0	0	0	0	0	0	0	0	0	0	0	0	0	0	-91	0	0	0	0	0	0	0	0	0	-86	-92	0	0	0	0	0	0	0	0	0	0	0	0	0	0	0	0	0	0	0	0	0	0	0	0	0	0	0	0	0	0	0	0	0	0	0	0	0	0	0	0	0	0	0	0	0	0	0	0	0	0	0	0	0	0	0	0	0	0	0	0	0	0	0	0	0	0	0	0	0	3702	-2569	2051	23289	-7543	-277	-48	963	251	0	0	0	-48	948	246	1606974674
-58	-60	-57	-82	-64	0	0	-83	-82	0	-82	-82	-90	-80	0	0	0	0	0	0	0	0	0	0	0	0	-83	0	0	-91	0	0	0	-72	0	0	0	0	-91	0	0	0	0	0	0	0	0	-83	0	0	0	0	0	0	0	0	0	0	0	-90	0	0	0	0	0	0	0	0	0	0	0	0	0	0	0	0	0	0	0	0	0	0	0	0	0	0	0	0	0	0	0	0	0	0	0	0	0	0	0	0	0	0	0	0	0	0	0	0	0	0	0	0	0	0	0	0	0	0	0	0	0	0	0	0	0	0	0	0	0	0	3702	-2577	2080	23289	-7543	-277	-50	963	250	-1	0	-1	-48	947	246	1606974676
0	-59	-57	0	0	0	0	0	-81	-84	-81	-80	-80	0	0	0	0	-86	-86	-87	0	-85	-87	-86	0	0	-90	0	0	0	0	0	0	-61	0	0	0	0	0	0	0	0	0	0	-87	0	-89	0	0	0	-88	0	0	0	0	0	0	0	0	-88	-91	0	0	0	0	0	0	0	0	-90	0	0	0	0	0	0	0	0	0	0	0	0	0	0	0	0	0	0	0	0	0	0	0	0	0	0	0	0	0	0	0	0	0	0	0	0	0	0	0	0	0	0	0	0	0	0	0	0	0	0	0	0	0	0	0	0	0	0	0	0	3687	-2570	2065	23288	-7543	-278	-48	963	249	0	0	0	-48	947	246	1606974677
-62	-59	-58	-78	-63	-64	0	0	-82	0	-79	-81	-79	-80	0	0	-84	-86	-86	-86	-85	-88	-85	-87	-85	-83	-89	0	0	0	0	0	0	-61	0	0	0	0	0	0	0	0	0	0	0	0	0	0	0	0	0	0	0	0	0	-87	0	0	0	-89	-93	0	0	0	0	0	0	0	0	0	0	0	0	0	0	0	0	0	0	0	0	0	0	0	0	0	0	0	0	0	0	0	0	0	0	0	0	0	0	0	0	0	0	0	0	0	0	0	0	0	0	0	0	0	0	0	0	0	0	0	0	0	0	0	0	0	0	0	0	0	3702	-2562	2095	23290	-7546	-277	-49	963	250	0	0	0	-48	948	245	1606974679
-61	-59	-57	0	-63	-73	0	0	-82	0	-83	-83	-91	0	0	0	0	0	0	0	0	0	0	0	0	0	-88	0	0	0	0	0	0	-72	0	0	0	0	-95	0	0	-92	0	0	0	0	0	0	0	0	0	0	0	0	0	0	0	0	0	-91	0	0	0	0	0	0	0	0	0	0	0	0	0	0	0	0	0	0	0	0	0	0	0	0	0	0	0	0	0	0	0	0	0	0	0	0	0	0	0	0	0	0	0	0	0	0	0	0	0	0	0	0	0	0	0	0	0	0	0	0	0	0	0	0	0	0	0	0	0	0	3702	-2585	2095	23291	-7548	-277	-49	962	253	0	0	0	-48	948	245	1606974680
-61	0	-56	0	-63	0	0	0	-83	0	-82	-82	-91	0	0	0	0	0	0	0	0	0	0	0	0	0	-84	0	0	-91	0	0	0	-73	0	0	0	0	-93	0	0	0	0	0	0	0	0	-83	-86	0	0	0	0	0	0	0	0	0	0	0	0	0	0	0	0	0	0	0	0	0	0	0	0	0	0	0	0	0	0	0	0	0	0	0	0	0	0	0	0	0	0	0	0	0	0	0	0	0	0	0	0	0	0	0	0	0	0	0	0	0	0	0	0	0	0	0	0	0	0	0	0	0	0	0	0	0	0	0	0	0	3702	-2600	2095	23290	-7545	-277	-49	964	245	-1	-1	-1	-48	948	246	1606974682
-56	-60	-56	0	-63	0	0	0	-83	0	-82	-83	-92	0	0	0	-88	0	0	0	-87	-88	0	0	-84	-88	-86	0	0	-89	0	0	0	-72	-72	0	0	0	-94	0	0	0	0	0	0	0	0	0	0	0	0	0	0	0	0	0	0	0	0	-92	0	0	0	0	0	0	0	0	0	0	0	0	0	0	0	0	0	0	0	0	0	0	0	0	0	0	0	0	0	0	0	0	0	0	0	0	0	0	0	0	0	0	0	0	0	0	0	0	0	0	0	0	0	0	0	0	0	0	0	0	0	0	0	0	0	0	0	0	0	0	3702	-2600	2036	23291	-7548	-277	-49	963	248	0	0	-1	-48	948	245	1606974683
-63	-58	-57	0	-62	0	0	0	-79	0	-82	-80	-79	0	0	0	-85	-87	-86	-86	-84	-85	-86	-87	-84	-83	0	0	0	0	0	0	0	-61	-72	0	0	0	0	0	0	0	0	0	0	0	0	-79	0	0	0	0	0	0	-94	0	0	0	0	-86	0	0	0	0	0	0	0	0	0	-88	0	0	0	0	0	0	0	0	0	0	0	0	0	0	0	0	0	0	0	0	0	0	0	0	0	0	0	0	0	0	0	0	0	0	0	0	0	0	0	0	0	0	0	0	0	0	0	0	0	0	0	0	0	0	0	0	0	0	0	0	3657	-2569	2080	23288	-7541	-277	-48	963	249	-1	-1	0	-48	947	246	1606974685
-56	0	-57	-75	0	0	-81	-79	-83	0	-82	-82	-92	-80	0	0	0	0	0	0	0	-83	0	0	0	0	-90	0	0	-89	0	0	0	-72	0	0	0	0	-95	0	0	0	0	0	0	0	0	0	0	0	0	0	0	0	0	0	0	0	0	-92	-96	0	0	0	0	0	0	0	0	0	0	0	0	0	0	0	0	0	0	0	0	0	0	0	0	0	0	0	0	0	0	0	0	0	0	0	0	0	0	0	0	0	0	0	0	0	0	0	0	0	0	0	0	0	0	0	0	0	0	0	0	0	0	0	0	0	0	0	0	0	3702	-2570	2080	23289	-7545	-278	-48	963	250	0	0	-1	-48	948	246	1606974687
-60	-61	-57	0	-65	-73	0	0	-83	0	-83	-83	-91	0	0	0	-83	-97	0	0	-84	-86	0	-94	-86	-84	-86	0	0	-89	0	0	0	-70	0	0	0	0	-93	0	0	0	0	0	0	0	0	-82	0	0	0	0	0	0	0	0	0	0	0	-93	0	0	0	0	0	0	0	0	0	0	0	0	0	0	0	0	0	0	0	0	0	0	0	0	0	0	0	0	0	0	0	0	0	0	0	0	0	0	0	0	0	0	0	0	0	0	0	0	0	0	0	0	0	0	0	0	0	0	0	0	0	0	0	0	0	0	0	0	0	0	3702	-2600	2080	23290	-7548	-277	-50	962	252	0	0	0	-48	948	245	1606974688
-64	0	-57	0	0	-74	0	0	-82	-85	-83	-83	-89	0	0	0	-85	0	0	0	-85	-86	0	0	-85	-86	-87	0	0	-90	0	0	0	-71	0	0	0	0	-92	0	0	0	0	0	0	0	0	-84	0	0	0	0	0	0	0	0	0	0	0	-92	0	0	0	0	0	0	0	0	0	0	0	0	0	0	0	0	0	0	0	0	0	0	0	0	0	0	0	0	0	0	0	0	0	0	0	0	0	0	0	0	0	0	0	0	0	0	0	0	0	0	0	0	0	0	0	0	0	0	0	0	0	0	0	0	0	0	0	0	0	0	3702	-2600	2095	23289	-7543	-277	-49	963	252	-1	0	0	-48	948	246	1606974690
-58	-58	0	-72	-72	-65	0	0	-78	0	-79	-78	-79	-81	0	0	-85	-88	-87	-89	-85	-84	-88	-87	-85	-85	-87	0	0	0	0	0	0	-60	-70	0	0	0	0	0	0	0	0	0	0	0	0	0	0	0	0	0	0	0	0	0	0	0	0	-89	-92	0	0	0	0	0	0	0	0	0	0	0	0	0	0	0	0	0	0	0	0	0	0	0	0	0	0	0	0	0	0	0	0	0	0	0	0	0	0	0	0	0	0	0	0	0	0	0	0	0	0	0	0	0	0	0	0	0	0	0	0	0	0	0	0	0	0	0	0	0	3702	-2600	2080	23287	-7536	-274	-56	968	226	-1	-1	0	-47	947	247	1606974691
-57	0	-55	-71	0	0	-80	0	-78	0	-78	-78	-78	-81	0	0	-85	-88	-89	-87	-83	-86	-87	-87	-85	-82	-87	0	0	-94	0	0	0	-60	0	0	0	0	0	0	0	0	0	0	0	0	0	-83	0	0	0	0	0	0	0	0	0	0	0	-87	-91	0	0	0	0	0	0	0	0	0	0	0	0	0	0	0	0	0	0	0	0	0	0	0	0	0	0	0	0	0	0	0	0	0	0	0	0	0	0	0	0	0	0	0	0	0	0	0	0	0	0	0	0	0	0	0	0	0	0	0	0	0	0	0	0	0	0	0	0	0	3717	-2600	2111	23312	-7588	-278	-38	963	254	0	0	0	-48	949	239	1606974693
-57	-58	-56	0	-73	0	0	0	-79	0	-78	-76	-79	0	0	0	0	-88	-87	-89	0	-86	-88	-89	0	0	-88	0	0	0	0	0	0	-59	0	0	0	0	0	0	0	0	0	-77	0	-88	-87	-82	-87	0	-89	0	0	0	0	0	0	0	0	-89	-91	0	0	0	0	0	0	0	0	-88	0	0	0	0	0	0	0	0	0	0	0	0	0	0	0	0	0	0	0	0	0	0	0	0	0	0	0	0	0	0	0	0	0	0	0	0	0	0	0	0	0	0	0	0	0	0	0	0	0	0	0	0	0	0	0	0	0	0	0	0	3740	-2600	2081	23334	-7554	-274	-44	964	250	0	0	-1	-47	948	244	1606974695
-57	-58	-55	-71	-72	-73	-80	-80	-82	0	-82	-82	-90	-81	0	0	-86	0	0	0	-84	-83	0	0	-84	-84	-87	0	0	-90	0	0	0	-70	0	0	0	0	-94	0	0	0	0	0	0	0	0	0	0	0	0	0	0	0	0	0	0	0	0	-93	0	0	0	0	0	0	0	0	0	-92	0	0	0	0	0	0	0	0	0	0	0	0	0	0	0	0	0	0	0	0	0	0	0	0	0	0	0	0	0	0	0	0	0	0	0	0	0	0	0	0	0	0	0	0	0	0	0	0	0	0	0	0	0	0	0	0	0	0	0	-89	3695	-2600	2110	23346	-7559	-273	-46	964	249	0	0	0	-47	948	243	1606974696
-56	-58	-57	-70	-72	-65	-81	0	-77	-85	-77	-78	-79	-81	0	0	0	-88	-88	-87	0	0	-88	-88	0	0	-88	0	0	0	0	0	0	-59	0	0	0	0	0	0	0	-93	0	0	0	0	0	0	0	0	0	0	0	0	0	0	0	0	0	-86	-92	0	0	0	0	0	0	0	0	0	0	0	0	0	0	0	0	0	0	0	0	0	0	0	0	0	0	0	0	0	0	0	0	0	0	0	0	0	0	0	0	0	0	0	0	0	0	0	0	0	0	0	0	0	0	0	0	0	0	0	0	0	0	0	0	0	0	0	0	0	3694	-2585	2035	23341	-7555	-272	-47	964	246	-1	0	0	-47	948	244	1606974698
-64	-59	-56	-72	-71	-65	0	-80	0	0	-78	-78	-79	-81	0	0	0	-87	-87	-88	0	0	-87	-88	0	0	-86	0	0	0	0	0	0	-60	-72	0	0	0	0	0	0	0	0	0	-89	-88	0	-82	0	0	0	0	0	0	0	0	0	0	0	-87	0	0	0	0	0	0	0	0	0	-90	0	0	0	0	0	0	0	0	0	0	0	0	0	0	0	0	0	0	0	0	0	0	-89	0	0	0	0	0	0	0	0	0	0	0	0	0	0	0	0	0	0	0	0	0	0	0	0	0	0	0	0	0	0	0	0	0	0	0	0	0	3702	-2570	2065	23339	-7549	-272	-48	963	250	-1	0	0	-47	948	245	1606974699
0	-57	-56	-72	-71	0	0	-82	-82	0	-83	-83	-89	0	0	0	0	0	0	0	0	0	0	0	0	0	-90	0	0	-89	0	0	0	-71	0	0	0	0	-92	0	0	0	0	0	0	0	0	-83	0	0	0	0	0	0	0	-89	0	0	-74	0	0	0	0	0	0	0	0	0	0	0	0	0	0	0	0	0	0	0	0	0	0	0	0	0	0	0	0	0	0	0	0	0	0	0	0	0	0	0	0	0	0	0	0	0	0	0	0	0	0	0	0	0	0	0	0	0	0	0	0	0	0	0	0	0	0	0	0	0	0	0	3702	-2630	2066	23341	-7556	-273	-48	963	247	0	0	0	-47	948	244	1606974701
-64	-59	-56	-72	-71	0	-82	0	-79	-86	-79	-78	-79	0	0	0	0	-87	-88	-88	0	-84	-87	-88	0	0	-87	0	0	0	0	0	0	-59	0	0	0	0	0	0	0	-91	0	0	0	0	0	0	0	0	0	0	0	0	0	-89	0	0	0	-90	0	0	-93	0	0	0	0	0	0	-91	0	0	0	0	0	0	0	0	0	0	0	0	0	0	0	0	0	0	0	0	0	0	0	0	0	0	0	0	0	0	0	0	0	0	0	0	0	0	0	0	0	0	0	0	0	0	0	0	0	0	0	0	0	0	0	0	0	0	0	0	3687	-2585	2118	23341	-7554	-273	-49	964	247	0	0	-1	-47	948	244	1606974703
0	0	-56	-71	0	-73	-81	0	-83	-86	-83	-83	-90	0	0	0	0	0	0	0	0	0	0	0	0	0	-88	0	0	-88	0	0	0	-70	0	0	0	0	-92	0	0	0	0	-84	-84	0	0	0	0	0	0	0	0	0	0	0	0	0	0	-92	0	0	0	0	0	0	0	0	0	0	0	0	0	0	0	0	0	0	0	0	0	0	0	0	0	0	0	0	0	0	0	0	0	0	0	0	0	0	0	0	0	0	0	0	0	0	0	0	0	0	0	0	0	0	0	0	0	0	0	0	0	0	0	0	0	0	0	0	0	0	3687	-2562	2080	23341	-7554	-273	-48	962	252	-1	-1	-1	-47	948	244	1606974704
-54	-58	-55	-73	-72	-65	0	0	-78	-84	-79	-78	-78	0	0	0	0	-88	-87	-87	0	-83	-88	-87	0	0	-87	0	0	0	0	0	0	-60	0	0	0	0	0	0	0	0	0	0	0	0	-80	-81	0	0	-83	0	0	0	0	0	0	0	0	-87	0	0	0	0	0	0	0	0	0	0	0	0	0	0	0	0	0	0	0	0	0	0	0	0	0	0	0	0	0	0	0	0	0	0	0	0	0	0	0	0	0	0	0	0	0	0	0	0	0	0	0	0	0	0	0	0	0	0	0	0	0	0	0	0	0	0	0	0	0	0	3702	-2585	2095	23341	-7554	-273	-49	964	246	0	0	-1	-47	948	244	1606974706
-56	-58	-56	-71	-71	0	0	-82	-78	0	-77	-77	-78	0	0	0	0	-90	-87	-88	0	-86	-88	-88	0	0	-87	0	0	0	0	0	0	-59	0	0	0	0	0	0	0	0	0	0	-84	-83	-81	0	-82	0	-83	0	0	0	0	0	-89	0	0	-88	0	-87	0	0	0	0	0	0	0	-90	0	0	0	0	0	0	0	0	0	0	0	0	0	0	0	0	0	0	0	0	0	0	0	0	0	0	0	0	0	0	0	0	0	0	0	0	0	0	0	0	0	0	0	0	0	0	0	0	0	0	0	0	0	0	0	0	0	0	0	0	3702	-2600	2118	23342	-7556	-272	-48	965	246	-1	-1	-1	-47	948	244	1606974707
0	0	0	0	0	0	0	0	-81	0	-82	-82	-92	-82	0	0	-85	0	0	0	-87	-83	0	0	0	-85	-86	0	0	-90	0	0	0	-70	0	0	0	0	0	0	0	0	0	0	0	0	0	-81	0	0	0	0	0	0	0	-86	0	0	0	-90	0	0	0	0	0	0	0	0	0	-88	0	0	0	0	0	0	0	0	0	0	0	0	0	0	0	0	0	0	0	0	0	0	0	0	0	0	0	0	0	0	0	0	0	0	0	0	0	0	0	0	0	0	0	0	0	0	0	0	0	0	0	0	0	0	0	0	0	0	0	0	3702	-2585	2065	23342	-7558	-274	-47	963	250	-1	0	-1	-47	948	243	1606974709
-63	-60	-57	-71	-73	0	0	0	0	0	-77	-78	-78	0	0	0	0	-89	-88	-89	0	-85	-88	-88	0	0	-87	0	0	0	0	0	0	-60	0	0	0	0	0	0	0	0	0	0	0	0	0	0	0	0	0	0	0	0	0	0	0	0	0	-88	0	0	0	0	0	0	0	0	0	0	0	0	0	0	0	0	0	0	0	0	0	0	0	0	0	0	0	0	0	0	0	0	0	0	0	0	0	0	0	0	0	0	0	0	0	0	0	0	0	0	0	0	0	0	0	0	0	0	0	0	0	0	0	0	0	0	0	0	0	0	3657	-2592	2065	23342	-7559	-273	-50	963	251	0	0	-1	-47	948	243	1606974711
-55	-58	-57	-70	-70	-73	0	0	-82	0	-82	-81	-91	0	0	0	0	0	0	0	0	0	0	0	0	0	-86	0	0	0	0	0	0	-71	0	0	0	0	-95	0	0	0	0	0	0	0	0	-81	0	0	0	0	0	0	0	0	0	0	0	-92	0	0	0	0	0	0	0	0	0	0	0	0	0	0	0	0	0	0	0	0	0	0	0	0	0	0	0	0	0	0	0	0	0	0	0	0	0	0	0	0	0	0	0	0	0	0	0	0	0	0	0	0	0	0	0	0	0	0	0	0	0	0	0	0	0	0	0	0	0	0	3657	-2600	2110	23343	-7563	-274	-47	963	253	0	0	0	-47	948	243	1606974712
-64	0	-57	-71	-71	-65	0	0	-76	0	-76	-77	-78	0	0	0	0	-88	-87	-88	0	-84	-88	-88	0	0	0	0	0	0	0	0	0	-59	0	0	0	0	0	0	0	0	0	0	0	0	0	-82	0	0	0	0	0	0	0	0	0	0	0	-88	0	0	0	0	0	0	0	0	0	0	0	0	0	0	0	0	0	0	0	0	0	0	0	0	0	0	0	0	0	0	0	0	0	0	0	0	0	0	0	0	0	0	0	0	0	0	0	0	0	0	0	0	0	0	0	0	0	0	0	0	0	0	0	0	0	0	0	0	0	0	3747	-2600	2036	23343	-7559	-273	-48	963	250	0	0	-1	-47	948	243	1606974714
-56	-60	-56	-71	-71	0	-83	0	-78	-86	-78	-78	-78	0	0	0	-86	-88	-87	-87	-85	-88	-87	-87	-84	-83	-84	0	0	0	0	0	0	-60	0	0	0	0	0	0	0	0	0	-81	0	0	-86	-82	0	0	0	0	0	0	0	0	0	0	0	-88	0	0	0	0	0	0	0	0	0	-90	0	0	0	0	0	0	0	0	0	0	0	0	0	0	0	0	0	0	0	0	0	0	0	0	0	0	0	0	0	0	0	0	0	0	0	0	0	0	0	0	0	0	0	0	0	0	0	0	0	0	0	0	0	0	0	0	0	0	0	0	3747	-2600	2021	23342	-7558	-273	-48	963	247	0	0	-1	-47	948	243	1606974716
0	-58	-57	-72	0	0	0	0	-79	-85	-77	-78	-78	-81	0	0	-87	-86	-87	-88	-85	-86	-89	-88	0	-83	-87	0	0	0	0	0	0	-60	-71	0	0	0	0	0	0	0	0	0	0	0	0	-83	0	0	0	0	0	0	0	0	0	0	0	-89	0	0	0	0	0	0	0	0	0	-90	0	0	0	0	0	0	0	0	0	0	0	0	0	0	0	0	0	0	0	0	0	0	0	0	0	0	0	0	0	0	0	0	0	0	0	0	0	0	0	0	0	0	0	0	0	0	0	0	0	0	0	0	0	0	0	0	0	0	0	0	3747	-2555	2118	23341	-7555	-273	-48	965	240	-1	-1	0	-47	948	244	1606974717
-58	-60	-57	-74	-69	-64	-81	-82	-78	0	-77	-78	-80	-80	0	0	0	-88	-89	-87	0	-82	-87	-87	0	0	-86	0	0	0	0	0	0	-61	0	0	0	0	0	0	0	0	0	0	0	0	0	0	0	0	0	0	0	0	-95	0	-86	0	0	-88	0	-87	0	0	0	0	0	0	0	0	0	0	0	0	0	0	0	0	0	0	0	0	0	0	0	0	0	0	0	0	0	0	0	0	0	0	0	0	0	0	0	0	0	0	0	0	0	0	0	0	0	0	0	0	0	0	0	0	0	0	0	0	0	0	0	0	0	0	0	0	3709	-2585	2095	23342	-7558	-273	-47	964	246	0	0	-1	-47	948	244	1606974719
-61	-58	-57	-76	-70	-65	-82	-81	-78	0	-78	-79	-79	-80	0	0	0	-88	-88	-88	0	-85	-89	-89	0	0	0	0	0	0	0	0	0	-60	-73	0	0	0	0	0	0	0	0	0	0	0	0	0	0	0	0	0	0	0	0	0	0	0	0	-87	0	0	0	0	0	0	0	0	0	0	0	0	0	0	0	0	0	0	0	0	0	0	0	0	0	0	0	0	0	0	0	0	0	0	0	0	0	0	0	0	0	0	0	0	0	0	0	0	0	0	0	0	0	0	0	0	0	0	0	0	0	0	0	0	0	0	0	0	0	0	3702	-2585	2065	23342	-7557	-274	-48	962	250	-1	-1	-1	-47	948	244	1606974720
0	0	-58	0	0	-74	0	0	-82	-83	-83	-83	-90	0	0	0	0	0	0	0	0	0	0	0	0	0	-86	0	0	-88	0	0	0	-70	0	0	0	0	-93	0	0	0	0	0	0	0	0	-79	-88	0	0	0	0	0	0	0	0	0	0	-90	0	0	0	0	0	0	0	0	0	0	0	0	0	0	0	0	0	0	0	0	0	0	0	0	0	0	0	0	0	0	0	0	0	0	0	0	0	0	0	0	0	0	0	0	0	0	0	0	0	0	0	0	0	0	0	0	0	0	0	0	0	0	0	0	0	0	0	0	0	0	3702	-2607	2066	23340	-7551	-272	-50	963	243	-1	0	0	-47	948	245	1606974722
0	-60	-57	0	0	0	0	0	-82	0	-82	-82	-92	0	0	0	0	0	0	0	0	-86	0	0	0	0	-77	0	0	-89	0	0	0	-70	0	0	0	0	-94	0	0	0	0	0	0	0	0	0	0	0	0	0	0	0	0	0	0	0	0	0	0	0	0	0	0	0	0	0	0	0	0	0	0	0	0	0	0	0	0	0	0	0	0	0	0	0	0	0	0	0	0	0	0	0	0	0	0	0	0	0	0	0	0	0	0	0	0	0	0	0	0	0	0	0	0	0	0	0	0	0	0	0	0	0	0	0	0	0	0	0	3694	-2600	2066	23343	-7560	-273	-49	963	248	0	0	-1	-47	948	243	1606974724
-57	-59	-58	-71	-72	0	-81	0	-78	0	-79	-77	-79	-81	0	0	0	-88	-87	-88	0	0	-87	-88	0	0	-89	0	0	0	0	0	0	-59	-72	0	0	0	0	0	0	0	0	0	0	0	0	-80	0	0	0	0	0	0	0	0	0	0	0	-87	0	0	0	0	0	0	0	0	0	0	0	0	0	0	0	0	0	0	0	0	0	0	0	0	0	0	0	0	0	0	0	0	0	0	0	0	0	0	0	0	0	0	0	0	0	0	0	0	0	0	0	0	0	0	0	0	0	0	0	0	0	0	0	0	0	0	0	0	0	0	3702	-2600	2066	23342	-7558	-272	-49	964	249	0	0	0	-47	948	244	1606974725
-63	-58	0	-71	-73	-65	-80	-81	-77	0	-77	-78	-78	-80	0	0	0	-87	-89	-88	0	-86	-88	-88	0	0	-86	0	0	0	0	0	0	-60	0	0	0	0	0	0	0	0	0	0	-88	-89	-90	0	0	0	-87	0	0	0	0	0	-87	0	0	-88	0	-87	0	0	0	0	0	0	0	-92	0	0	0	0	0	0	0	0	0	0	0	0	0	0	0	0	0	0	0	0	0	0	0	0	0	0	0	0	0	0	0	0	0	0	0	0	0	0	0	0	0	0	0	0	0	0	0	0	0	0	0	0	0	0	0	0	0	0	0	0	3732	-2585	2088	23349	-7546	-275	-51	963	252	-1	-1	-1	-47	948	245	1606974727
-56	-59	-58	-70	-73	-64	0	0	-78	0	-79	-77	-78	0	0	0	0	-89	-86	-87	0	-84	-88	-87	0	0	0	0	0	0	0	0	0	-60	0	0	0	0	0	0	0	0	0	0	0	0	0	0	0	0	0	0	0	0	0	-88	0	0	0	-89	0	0	0	0	0	0	0	0	0	0	0	0	0	0	0	0	0	0	0	0	0	0	0	0	0	0	0	0	0	0	0	0	0	0	0	0	0	0	0	0	0	0	0	0	0	0	0	0	0	0	0	0	0	0	0	0	0	0	0	0	0	0	0	0	0	0	0	0	0	0	3634	-2569	2065	23349	-7557	-273	-48	963	248	-1	-1	-1	-47	948	244	1606974728
-55	-57	-57	-71	-67	-65	-81	0	-77	0	-78	-78	-79	-82	0	0	-85	-88	-87	-88	-84	-86	-88	-88	-83	-85	-88	0	0	0	0	0	0	-60	0	0	0	0	0	0	0	0	0	0	0	0	0	0	0	0	0	-88	0	0	0	0	0	0	0	-87	0	0	0	0	0	0	0	0	0	0	0	0	0	0	0	0	0	0	0	0	0	0	0	0	0	0	0	0	0	0	0	0	0	0	0	0	0	0	0	0	0	0	0	0	0	0	0	0	0	0	0	0	0	0	0	0	0	0	0	0	0	0	0	0	0	0	0	0	0	0	3657	-2577	2095	23340	-7561	-273	-49	968	226	0	0	0	-47	948	243	1606974730
-64	-60	-56	-71	-72	0	-82	0	-79	0	-78	-77	-79	-81	0	0	0	-87	-87	-88	0	-84	-87	-87	0	0	-87	0	0	0	0	0	0	-59	0	0	0	0	0	0	0	0	0	-77	0	0	0	-79	0	0	0	0	0	0	0	0	0	0	0	-87	-92	0	0	0	0	0	0	0	0	0	0	0	0	0	0	0	0	0	0	0	0	0	0	0	0	0	0	0	0	0	0	0	0	0	0	0	0	0	0	0	0	0	0	0	0	0	0	0	0	0	0	0	0	0	0	0	0	0	0	0	0	0	0	0	0	0	0	0	0	0	3747	-2570	2080	23337	-7553	-273	-46	963	253	-1	-1	-1	-47	948	244	1606974732
-56	0	-57	-71	-72	0	-81	0	-82	0	-82	-82	-89	-79	0	0	-86	0	0	0	-85	-84	0	0	-86	-85	-86	0	0	-90	0	0	0	-71	0	0	0	0	-94	0	0	-94	0	0	0	0	0	0	0	0	0	0	0	0	0	-88	0	0	-75	-92	0	0	0	0	0	0	0	0	0	0	0	0	0	0	0	0	0	0	0	0	0	0	0	0	0	0	0	0	0	0	0	0	0	0	0	0	0	0	0	0	0	0	0	0	0	0	0	0	0	0	0	0	0	0	0	0	0	0	0	0	0	0	0	0	0	0	0	0	0	0	3747	-2592	2036	23339	-7557	-274	-47	963	251	0	0	-1	-47	948	244	1606974733
-57	-60	-57	-71	0	0	0	-80	-76	0	-77	-78	-78	-81	0	0	-86	-88	-87	-87	-84	-84	-88	-88	-84	-85	-86	0	0	0	0	0	0	-59	0	0	0	0	0	0	0	0	0	0	0	0	0	0	0	0	0	0	0	0	0	0	0	0	-75	-87	0	0	0	0	0	0	0	0	0	0	0	0	0	0	0	0	0	0	0	0	0	0	0	0	0	0	0	0	0	0	0	0	0	0	0	0	0	0	0	0	0	0	0	0	0	0	0	0	0	0	0	0	0	0	0	0	0	0	0	0	0	0	0	0	0	0	0	0	0	0	3702	-2600	2080	23337	-7553	-273	-47	963	248	0	0	-1	-47	948	244	1606974735
-63	0	-53	-71	-72	0	0	0	-77	-82	-77	-76	-79	-82	0	0	-87	-87	-87	-88	-86	-85	-87	-88	-86	-84	-74	0	0	0	0	0	0	-59	0	0	0	0	0	0	0	0	0	0	0	0	0	0	0	0	0	0	0	0	0	0	0	0	0	-87	0	0	0	0	0	0	0	0	0	0	0	0	0	0	0	0	0	0	0	0	0	0	0	0	0	0	0	0	0	0	0	0	0	0	0	0	0	0	0	0	0	0	0	0	0	0	0	0	0	0	0	0	0	0	0	0	0	0	0	0	0	0	0	0	0	0	0	0	0	0	3687	-2585	2035	23338	-7554	-273	-48	965	245	0	-1	-1	-47	948	244	1606974736
-57	-61	-54	0	-70	0	0	0	-82	0	-82	-82	-91	0	0	0	0	0	0	0	0	-84	0	0	0	0	-87	0	0	-90	0	0	0	-72	0	0	0	0	-94	0	0	0	0	0	0	0	0	-81	0	0	0	0	0	0	0	0	0	0	0	-91	0	0	0	0	0	0	0	0	0	0	0	0	0	0	0	0	0	0	0	0	0	0	0	0	0	0	0	0	0	0	0	0	0	0	0	0	0	0	0	0	0	0	0	0	0	0	0	0	0	0	0	0	0	0	0	0	0	0	0	0	0	0	0	0	0	0	0	0	0	0	3687	-2600	2080	23338	-7555	-273	-47	963	248	-1	0	-1	-47	948	244	1606974738
0	-58	-56	0	0	-64	-80	0	-76	-85	-77	-76	-78	0	0	0	0	-88	-87	-87	0	-84	-87	-87	0	0	-91	0	0	-91	0	0	0	-58	0	0	0	0	0	0	0	0	0	0	0	0	0	-80	0	0	0	0	0	0	0	-86	0	0	0	-90	0	-88	0	0	0	0	0	0	0	-90	0	0	0	0	0	0	0	0	0	0	0	0	0	0	0	0	0	0	0	0	0	0	0	0	0	0	0	0	0	0	0	0	0	0	0	0	0	0	0	0	0	0	0	0	0	0	0	0	0	0	0	0	0	0	0	0	0	0	0	0	3687	-2600	2080	23337	-7553	-273	-47	964	248	0	0	0	-47	948	244	1606974740
-57	-60	-57	-70	-71	-64	-79	-81	-76	0	-75	-75	-79	-82	0	0	0	-89	-88	-88	0	-85	-87	-87	0	0	-88	0	0	0	0	0	0	-59	-71	0	0	0	0	0	0	0	0	-82	0	0	0	-81	0	0	0	0	0	0	0	0	0	0	0	-88	0	0	0	0	0	0	0	0	0	0	0	0	0	0	0	0	0	0	0	0	0	0	0	0	0	0	0	0	0	0	0	0	0	0	0	0	0	0	0	0	0	0	0	0	0	0	0	0	0	0	0	0	0	0	0	0	0	0	0	0	0	0	0	0	0	0	0	0	0	0	3732	-2645	2036	23337	-7554	-273	-48	964	244	0	0	0	-47	948	244	1606974741
-56	0	0	-72	-73	0	-81	-83	-85	0	-83	-84	-92	-82	0	0	-83	0	0	0	-85	-84	0	0	-86	-85	-88	0	0	-89	0	0	0	-70	0	0	0	0	0	0	0	0	0	0	0	0	0	0	0	0	0	0	0	0	0	0	0	0	0	-92	0	0	0	0	0	0	0	0	0	0	0	0	0	0	0	0	0	0	0	0	0	0	0	0	0	0	0	0	0	0	0	0	0	0	0	0	0	0	0	0	0	0	0	0	0	0	0	0	0	0	0	0	0	0	0	0	0	0	0	0	0	0	0	0	0	0	0	0	0	0	3717	-2600	2036	23339	-7558	-273	-47	963	247	0	0	0	-47	948	244	1606974743
-57	-62	-56	-71	-71	0	0	-81	-77	-84	-77	-76	-78	-80	0	0	0	-88	-89	-88	0	-84	-88	-88	0	0	-89	0	0	0	0	0	0	-59	0	0	0	0	0	0	0	0	0	-82	0	0	0	0	0	0	0	0	0	0	0	0	0	0	0	-86	0	0	0	0	0	0	0	0	0	-89	0	0	0	0	0	0	0	0	0	0	0	0	0	0	0	0	0	0	0	0	0	0	0	0	0	0	0	0	0	0	0	0	0	0	0	0	0	0	0	0	0	0	0	0	0	0	0	0	0	0	0	0	0	0	0	0	0	0	0	0	3702	-2630	2095	23336	-7550	-273	-48	963	248	0	0	0	-47	948	245	1606974745
0	-60	-55	-71	0	0	-80	-80	-83	0	-83	-82	-91	-80	0	0	0	0	0	0	0	0	0	0	0	0	-86	0	0	-90	0	0	0	-73	0	0	0	0	0	0	0	0	0	0	0	0	0	-81	0	0	0	0	0	0	0	0	0	0	0	-93	0	0	0	0	0	0	0	0	0	0	0	0	0	0	0	0	0	0	0	0	0	0	0	0	0	0	0	0	0	0	0	0	0	0	0	0	0	0	0	0	0	0	0	0	0	0	0	0	0	0	0	0	0	0	0	0	0	0	0	0	0	0	0	0	0	0	0	0	0	0	3747	-2593	2095	23338	-7553	-273	-48	963	249	0	0	0	-47	948	244	1606974746
-56	-58	-55	0	-71	0	0	0	-83	0	-83	-83	-90	0	0	0	0	0	0	0	0	-84	0	0	0	0	-88	0	0	-89	0	0	0	-71	0	0	0	0	0	0	0	-91	0	0	0	0	0	0	0	0	0	0	0	0	0	0	0	0	0	-92	0	0	0	0	0	0	0	0	0	-90	0	0	0	0	0	0	0	0	0	0	0	0	0	0	0	0	0	0	0	0	0	0	0	0	0	0	0	0	0	0	0	0	0	0	0	0	0	0	0	0	0	0	0	0	0	0	0	0	0	0	0	0	0	0	0	0	0	0	0	0	3694	-2555	2080	23338	-7554	-273	-48	963	247	0	-1	0	-47	948	244	1606974748
-56	-61	-55	-70	-71	-65	0	0	-78	-86	-77	-76	-78	0	0	0	-87	-89	-88	-88	-84	-85	-88	-88	-84	-85	-89	0	0	0	0	0	0	-59	0	0	0	0	0	0	0	0	0	0	0	0	0	0	0	0	0	0	0	0	0	-91	0	0	0	-89	0	0	0	0	0	0	0	0	0	-92	0	0	0	0	0	0	0	0	0	0	0	0	0	0	0	0	0	0	0	0	0	0	0	0	0	0	0	0	0	0	0	0	0	0	0	0	0	0	0	0	0	0	0	0	0	0	0	0	0	0	0	0	0	0	0	0	0	0	0	0	3732	-2570	2080	23337	-7553	-273	-48	964	248	0	-1	0	-47	948	244	1606974749
-56	-59	-54	-70	-70	-74	-78	-79	-82	0	-83	-83	-91	-80	0	0	0	0	0	0	0	0	0	0	0	0	-86	0	0	-89	0	0	0	-70	0	0	0	0	0	0	0	0	0	0	0	0	0	0	0	0	0	0	0	0	0	0	0	0	0	-90	0	0	0	0	0	0	0	0	0	-90	0	0	0	0	0	0	0	0	0	0	0	0	0	0	0	0	0	0	0	0	0	0	0	0	0	0	0	0	0	0	0	0	0	0	0	0	0	0	0	0	0	0	0	0	0	0	0	0	0	0	0	0	0	0	0	0	0	0	0	0	3687	-2562	2103	23337	-7551	-273	-48	963	247	0	-1	0	-47	948	245	1606974751
-61	-62	0	-70	-71	0	-81	-77	-84	0	-83	-83	-91	-77	0	0	-85	0	0	0	-84	-84	0	0	-86	-83	-89	0	0	-89	0	0	0	-71	0	0	0	0	0	0	0	0	0	0	0	0	0	0	0	0	0	0	0	0	0	0	0	0	-75	-91	0	0	0	0	0	0	0	0	0	0	0	0	0	0	0	0	0	0	0	0	0	0	0	0	0	0	0	0	0	0	0	0	0	0	0	0	0	0	0	0	0	0	0	0	0	0	0	0	0	0	0	0	0	0	0	0	0	0	0	0	0	0	0	0	0	0	0	0	0	0	3672	-2585	2065	23338	-7553	-272	-48	963	247	0	0	0	-47	948	244	1606974752
-59	-62	-55	-71	-70	0	-77	-78	-83	0	-82	0	-90	-78	0	0	0	0	0	0	0	0	0	0	0	0	-87	0	0	-89	0	0	0	-72	0	0	0	0	0	0	0	0	0	0	0	0	0	0	0	0	0	0	0	0	0	0	0	0	0	-92	0	0	0	0	0	0	0	0	0	-90	0	0	0	0	0	0	0	0	0	0	0	0	0	0	0	0	0	0	0	0	0	0	0	0	0	0	0	0	0	0	0	0	0	0	0	0	0	0	0	0	0	0	0	0	0	0	0	0	0	0	0	0	0	0	0	0	0	0	0	0	3657	-2555	2095	23338	-7555	-272	-47	963	248	0	0	0	-47	948	244	1606974754
-65	-62	-55	0	-71	0	0	0	-78	-86	-78	-77	-78	0	0	0	0	-88	-89	-89	-84	-86	-88	-88	0	-83	-88	0	0	0	0	0	0	-60	0	0	0	0	0	0	0	0	0	0	0	0	0	0	0	0	0	0	0	0	0	-89	0	0	0	-88	0	0	0	0	0	0	0	0	0	0	0	0	0	0	0	0	0	0	0	0	0	0	0	0	0	0	0	0	0	0	0	0	0	0	0	0	0	0	0	0	0	0	0	0	0	0	0	0	0	0	0	0	0	0	0	0	0	0	0	0	0	0	0	0	0	0	0	0	0	0	3732	-2630	2096	23336	-7549	-272	-48	963	248	0	0	0	-47	948	245	1606974755
-61	0	-55	-70	-70	-65	0	0	-78	-85	-79	-77	-78	0	0	0	-83	-88	-88	-88	0	-85	-88	-88	0	-87	-87	0	0	0	0	0	0	-59	0	0	0	0	0	0	0	0	0	-83	0	0	-87	-84	0	0	0	0	0	0	0	0	0	0	0	-87	0	0	0	0	0	0	0	0	0	-91	0	0	0	0	0	0	0	0	0	0	0	0	0	0	0	0	0	0	0	0	0	0	0	0	0	0	0	0	0	0	0	0	0	0	0	0	0	0	0	0	0	0	0	0	0	0	0	0	0	0	0	0	0	0	0	0	0	0	0	0	3657	-2584	2013	23337	-7553	-273	-49	964	249	0	0	0	-47	948	244	1606974757
-63	-59	-55	-70	-71	-73	-78	-81	-83	0	-84	-82	-90	-80	0	0	0	0	0	0	0	0	0	0	0	0	-89	0	0	-90	0	0	0	-70	0	0	0	0	0	0	0	0	0	0	0	0	0	0	0	0	0	0	0	0	0	0	0	0	0	-90	0	0	0	0	0	0	0	0	0	0	0	0	0	0	0	0	0	0	0	0	0	0	0	0	0	0	0	0	0	0	0	0	0	0	0	0	0	0	0	0	0	0	0	0	0	0	0	0	0	0	0	0	0	0	0	0	0	0	0	0	0	0	0	0	0	0	0	0	0	0	3694	-2585	2080	23338	-7555	-272	-49	963	248	0	0	0	-47	948	244	1606974758
0	-59	-55	0	0	-73	0	0	-83	0	-83	-83	-90	0	0	0	0	0	0	0	0	0	0	0	0	0	0	0	0	-89	0	0	0	-70	0	0	0	0	-95	0	0	0	0	0	0	0	0	-78	0	0	0	0	0	0	0	0	0	0	0	-95	0	-87	0	0	0	0	0	0	0	-90	0	0	0	0	0	0	0	0	0	0	0	0	0	0	0	0	0	0	0	0	0	0	0	0	0	0	0	0	0	0	0	0	0	0	0	0	0	0	0	0	0	0	0	0	0	0	0	0	0	0	0	0	0	0	0	0	0	0	0	0	3702	-2570	2080	23338	-7554	-272	-48	963	248	-1	0	0	-47	948	244	1606974760
0	0	-54	-69	0	0	-77	-78	-82	-86	-82	-82	-90	-78	0	0	0	0	0	0	0	-87	0	0	0	0	-90	0	0	-90	0	0	0	-70	0	0	0	0	-93	0	0	0	0	0	0	0	0	-82	0	0	0	0	0	0	0	0	0	0	-75	-92	0	0	0	0	0	0	0	0	0	0	-88	0	0	0	0	0	0	0	0	0	0	0	0	0	0	0	0	0	0	0	0	0	0	0	0	0	0	0	0	0	0	0	0	0	0	0	0	0	0	0	0	0	0	0	0	0	0	0	0	0	0	0	0	0	0	0	0	0	0	0	3702	-2600	2066	23338	-7553	-272	-49	963	248	0	0	0	-47	948	244	1606974762
-64	-58	-55	-71	0	0	-80	-79	-77	-86	-78	0	-78	-80	0	0	-84	-90	-88	-88	0	0	-89	-88	0	-85	-87	0	0	0	0	0	0	-59	0	0	0	0	0	0	0	0	0	0	0	0	0	-78	0	0	0	0	0	0	0	-87	0	0	0	-89	0	0	0	0	0	0	0	0	0	0	0	0	0	0	0	0	0	0	0	0	0	0	0	0	0	0	0	0	0	0	0	0	0	0	0	0	0	0	0	0	0	0	0	0	0	0	0	0	0	0	0	0	0	0	0	0	0	0	0	0	0	0	0	0	0	0	0	0	0	0	3732	-2600	2073	23338	-7554	-272	-48	963	249	0	0	0	-47	948	244	1606974763
-56	-59	-54	-79	-66	0	-79	-76	-79	0	-78	0	-78	-79	0	0	0	-87	-87	-87	0	-87	-87	-86	0	0	-84	0	0	0	0	0	0	-61	-74	0	0	0	-94	0	0	0	0	0	0	0	0	0	0	0	0	0	0	0	0	0	0	0	0	-87	0	0	0	0	0	0	0	0	0	0	0	0	0	0	0	0	0	0	0	0	0	0	0	0	0	0	0	0	0	0	0	0	0	0	0	0	0	0	0	0	0	0	0	0	0	0	0	0	0	0	0	0	0	0	0	0	0	0	0	0	0	0	0	0	0	0	0	0	0	0	3732	-2555	2095	23336	-7549	-272	-48	964	246	0	0	0	-47	948	245	1606974765
-56	-59	-54	-81	-64	-66	-77	-78	-79	0	-78	-78	-79	-79	0	0	0	-86	-86	-86	0	0	-86	-87	0	0	-90	0	0	0	0	0	0	-60	0	0	0	0	0	0	0	0	0	0	0	0	0	0	0	0	0	0	0	0	0	0	-89	0	0	-90	0	-88	0	0	0	0	0	0	0	0	0	0	0	0	0	0	0	0	0	0	0	0	0	0	0	0	0	0	0	0	0	0	0	0	0	0	0	0	0	0	0	0	0	0	0	0	0	0	0	0	0	0	0	0	0	0	0	0	0	0	0	0	0	0	0	0	0	0	0	0	3694	-2630	2066	23338	-7553	-273	-49	964	248	0	0	0	-47	948	244	1606974767
-61	-61	-55	-80	-65	-67	-81	-79	-79	0	-77	-79	-78	-77	0	0	0	-86	-86	-86	0	-87	-86	-87	0	0	0	0	0	-92	0	0	0	-61	0	0	0	0	0	0	0	0	0	0	0	0	0	0	0	0	0	0	0	0	0	0	0	0	0	-87	0	0	0	0	0	0	0	0	0	-89	0	0	0	0	0	0	0	0	0	0	0	0	0	0	0	0	0	0	0	0	0	0	0	0	0	0	0	0	0	0	0	0	0	0	0	0	0	0	0	0	0	0	0	0	0	0	0	0	0	0	0	0	0	0	0	0	0	0	0	0	3732	-2585	2066	23340	-7559	-272	-47	964	247	0	0	0	-47	948	243	1606974768
0	-62	-55	0	0	0	0	0	-83	0	-83	-82	-91	0	0	0	-86	0	0	0	-87	-86	0	0	0	-86	-89	0	0	-90	0	0	0	-70	0	0	0	0	-93	0	0	0	0	0	0	0	0	-77	0	0	-88	0	0	0	0	0	-89	0	0	0	0	0	0	0	0	0	0	0	0	0	0	0	0	0	0	0	0	0	0	0	0	0	0	0	0	0	0	0	0	0	0	0	0	0	0	0	0	0	0	0	0	0	0	0	0	0	0	0	0	0	0	0	0	0	0	0	0	0	0	0	0	0	0	0	0	0	0	0	0	0	3732	-2592	2066	23337	-7552	-274	-48	962	255	0	-1	0	-47	948	244	1606974770
-60	-58	-55	0	-62	0	-80	-79	-77	0	-79	-78	-78	-76	0	0	-88	-86	-87	-86	-86	-87	-86	-87	0	-86	-89	0	0	-93	0	0	0	-61	0	0	0	0	0	0	0	0	0	0	0	0	0	0	0	0	-89	0	0	0	0	0	0	0	0	-88	0	0	0	0	0	0	0	0	0	-88	0	0	0	0	0	0	0	0	0	0	0	0	0	0	0	0	0	0	0	0	0	0	0	0	0	0	0	0	0	0	0	0	0	0	0	0	0	0	0	0	0	0	0	0	0	0	0	0	0	0	0	0	0	0	0	0	0	0	0	0	3732	-2570	2036	23337	-7552	-273	-49	964	248	0	-1	0	-47	948	244	1606974771
-56	0	-55	0	-65	-67	-80	0	-78	-87	-79	-79	-78	0	0	0	0	-86	-86	-86	0	0	-85	-85	0	0	-89	0	0	0	0	0	0	-60	0	0	0	0	0	0	0	0	0	0	0	0	0	-83	0	0	0	0	0	0	0	0	0	0	0	-87	0	0	0	0	0	0	0	0	0	0	0	0	0	0	0	0	0	0	0	0	0	0	0	0	0	0	0	0	0	0	0	0	0	0	0	0	0	0	0	0	0	0	0	0	0	0	0	0	0	0	0	0	0	0	0	0	0	0	0	0	0	0	0	0	0	0	0	0	0	0	3694	-2555	2080	23339	-7557	-273	-46	964	250	0	0	0	-47	948	244	1606974773
-55	-60	-55	0	-65	-75	0	0	-82	-86	-83	-83	-91	0	0	0	0	0	0	0	0	0	0	0	0	0	-89	0	0	-90	0	0	0	-70	0	0	0	0	-95	0	0	0	0	0	0	0	0	-82	0	0	0	0	0	0	0	-90	0	0	0	-93	0	0	0	0	0	0	0	0	0	0	0	0	0	0	0	0	0	0	0	0	0	0	0	0	0	0	0	0	0	0	0	0	0	0	0	0	0	0	0	0	0	0	0	0	0	0	0	0	0	0	0	0	0	0	0	0	0	0	0	0	0	0	0	0	0	0	0	0	0	0	3732	-2555	2065	23338	-7554	-273	-47	964	247	0	0	-1	-47	948	244	1606974775
-60	-59	-54	0	-64	-75	0	0	-82	0	-84	-82	-91	0	0	0	0	0	0	0	0	0	0	0	0	0	-89	0	0	-91	0	0	0	-71	0	0	0	0	0	0	0	0	0	0	0	0	0	0	0	0	0	0	0	0	0	0	0	0	0	-91	0	0	0	0	0	0	0	0	0	0	0	0	0	0	0	0	0	0	0	0	0	0	0	0	0	0	0	0	0	0	0	0	0	0	0	0	0	0	0	0	0	0	0	0	0	0	0	0	0	0	0	0	0	0	0	0	0	0	0	0	0	0	0	0	0	0	0	0	0	0	3672	-2577	2095	23336	-7549	-272	-48	963	250	0	0	0	-47	948	245	1606974776
-55	-61	-55	-86	-66	0	-76	-77	-80	0	-80	-78	-78	-76	0	0	0	-86	-87	-86	0	0	-87	-85	0	0	-89	0	0	0	0	0	0	-60	0	0	0	0	0	0	0	0	0	0	0	0	-88	0	0	0	0	0	0	0	0	0	-86	0	0	-88	0	-88	0	0	0	0	0	0	0	0	0	0	0	0	0	0	0	0	0	0	0	0	0	0	0	0	0	0	0	0	0	0	0	0	0	0	0	0	0	0	0	0	0	0	0	0	0	0	0	0	0	0	0	0	0	0	0	0	0	0	0	0	0	0	0	0	0	0	0	0	3687	-2555	2035	23337	-7553	-273	-48	963	247	0	0	0	-47	948	244	1606974778
-56	-60	-55	-84	-65	0	0	0	-82	-86	-83	-83	-90	0	0	0	0	0	0	0	0	0	0	0	0	0	0	0	0	-89	0	0	0	-70	0	0	0	0	-91	0	0	0	0	0	0	0	0	0	0	0	0	0	0	0	0	0	0	0	0	-93	0	0	0	0	0	0	0	0	0	0	0	0	0	0	0	0	0	0	0	0	0	0	0	0	0	0	0	0	0	0	0	0	0	0	0	0	0	0	0	0	0	0	0	0	0	0	0	0	0	0	0	0	0	0	0	0	0	0	0	0	0	0	0	0	0	0	0	0	0	0	3687	-2570	2080	23337	-7550	-272	-48	964	248	0	0	0	-47	948	245	1606974779
0	0	-55	-85	0	0	-81	-81	-82	0	-82	-83	-91	-76	0	0	-86	0	0	0	0	0	0	0	0	-86	-89	0	0	-92	0	0	0	-71	0	0	0	0	0	0	0	0	0	0	0	0	0	0	0	0	0	0	0	0	0	0	0	0	0	-93	0	-86	0	0	0	0	0	0	0	0	0	0	0	0	0	0	0	0	0	0	0	0	0	0	0	0	0	0	0	0	0	0	0	0	0	0	0	0	0	0	0	0	0	0	0	0	0	0	0	0	0	0	0	0	0	0	0	0	0	0	0	0	0	0	0	0	0	0	0	0	3694	-2569	2051	23338	-7554	-273	-48	963	249	0	0	0	-47	948	244	1606974781
-60	-61	-55	0	-66	-76	0	0	-82	0	-82	-82	-92	0	0	0	0	0	0	0	0	0	0	0	0	0	-87	0	0	-90	0	0	0	-71	0	0	0	0	-91	0	0	0	0	-82	0	-88	-86	0	0	0	-89	0	0	0	0	0	0	0	0	-91	0	0	0	0	0	0	0	0	0	-89	0	0	0	0	0	0	0	0	0	0	0	0	0	0	0	0	0	0	0	0	0	0	0	0	0	0	0	0	0	0	0	0	0	0	0	0	0	0	0	0	0	0	0	0	0	0	0	0	0	0	0	0	0	0	0	0	0	0	0	0	3641	-2555	2065	23338	-7556	-273	-48	964	246	0	0	0	-47	948	244	1606974783
-55	-61	-55	-82	-65	-66	0	-80	-79	-86	-79	-80	-79	-77	0	0	0	-86	-87	-87	0	0	-86	-86	0	0	-89	0	0	0	0	0	0	-61	0	0	0	0	-93	0	0	0	0	0	0	0	0	-85	0	0	0	0	0	0	0	0	0	0	0	-88	-92	0	0	0	0	0	0	0	0	-90	0	0	0	0	0	0	0	0	0	0	0	0	0	0	0	0	0	0	0	0	0	0	0	0	0	0	0	0	0	0	0	0	0	0	0	0	0	0	0	0	0	0	0	0	0	0	0	0	0	0	0	0	0	0	0	0	0	0	0	0	3732	-2525	2095	23337	-7552	-273	-48	963	250	0	0	0	-47	948	245	1606974784
-61	-60	-55	-83	-65	0	-83	-77	-80	-85	-79	-79	-79	-77	0	0	-87	-87	-86	-85	0	0	-86	-86	0	0	-88	0	0	0	0	0	0	-61	-74	0	0	0	0	0	0	0	0	0	0	0	0	-83	0	0	0	0	0	0	0	0	-87	0	0	-89	-94	-88	0	0	0	0	0	0	0	0	0	0	0	0	0	0	0	0	0	0	0	0	0	0	0	0	0	0	0	0	0	0	0	0	0	0	0	0	0	0	0	0	0	0	0	0	0	0	0	0	0	0	0	0	0	0	0	0	0	0	0	0	0	0	0	0	0	0	0	0	3687	-2555	2050	23337	-7551	-272	-48	963	247	0	0	0	-47	948	245	1606974786
-55	-59	-55	-83	-66	0	0	-81	-83	-86	-82	-83	-91	-81	0	0	0	0	0	0	0	0	0	0	0	0	-82	0	0	-91	0	0	0	-71	0	0	0	0	0	0	0	0	0	0	0	0	0	-83	0	0	0	0	0	0	0	0	0	0	0	-92	-94	0	0	0	0	0	0	0	0	-89	-91	0	0	0	0	0	0	0	0	0	0	0	0	0	0	0	0	0	0	0	0	0	0	0	0	0	0	0	0	0	0	0	0	0	0	0	0	0	0	0	0	0	0	0	0	0	0	0	0	0	0	0	0	0	0	0	0	0	0	0	3657	-2637	2036	23338	-7556	-273	-47	964	248	0	0	0	-47	948	244	1606974787
-57	-62	-55	-83	-65	-75	-76	-81	-83	0	-83	-84	-93	-82	0	0	0	0	0	0	0	0	0	0	0	0	-88	0	0	-91	0	0	0	-70	0	0	0	0	-94	0	0	0	0	0	0	0	0	0	0	0	0	0	0	0	0	0	-89	0	0	-91	-94	-88	0	0	0	0	0	0	0	0	0	0	0	0	0	0	0	0	0	0	0	0	0	0	0	0	0	0	0	0	0	0	0	0	0	0	0	0	0	0	0	0	0	0	0	0	0	0	0	0	0	0	0	0	0	0	0	0	0	0	0	0	0	0	0	0	0	0	0	0	3702	-2570	2080	23338	-7553	-273	-48	964	249	0	0	0	-47	948	244	1606974789
-56	-62	-54	-84	-66	-66	-81	-81	-79	0	-79	-79	-79	-80	0	0	0	-85	-86	-86	0	-84	-86	-87	0	0	-84	0	0	0	0	0	0	-60	-73	0	0	0	0	0	0	0	0	0	0	0	0	-81	0	0	-88	0	0	-89	0	0	0	0	-75	-88	0	-86	0	0	0	0	0	0	0	-89	0	0	0	0	0	0	0	0	0	0	0	0	0	0	0	0	0	0	0	0	0	0	0	0	0	0	0	0	0	0	0	0	0	0	0	0	0	0	0	0	0	0	0	0	0	0	0	0	0	0	0	0	0	0	0	0	0	0	0	0	3687	-2645	2066	23337	-7551	-272	-48	963	249	0	0	0	-47	948	245	1606974791
-58	-60	-55	-84	-65	-65	0	-81	-79	0	-79	-80	-78	-76	0	0	0	-85	-87	-86	0	0	-86	-86	0	0	-85	0	0	0	0	0	0	-61	0	0	0	0	0	0	0	0	0	0	0	0	-88	0	0	0	0	0	0	0	0	0	0	0	0	-90	-94	0	0	0	0	0	0	0	0	-90	0	0	0	0	0	0	0	0	0	0	0	0	0	0	0	0	0	0	0	0	0	0	0	0	0	0	0	0	0	0	0	0	0	0	0	0	0	0	0	0	0	0	0	0	0	0	0	0	0	0	0	0	0	0	0	0	0	0	0	0	3792	-2600	2006	23337	-7551	-273	-48	964	245	-1	0	0	-47	948	245	1606974792
-60	0	-54	0	0	0	-81	-77	-78	0	-79	-80	-79	-77	0	0	0	-87	-86	-86	0	0	-86	-86	0	0	-90	0	0	-92	0	0	0	-60	0	0	0	0	0	0	0	0	0	0	0	0	0	0	0	0	0	0	0	0	-95	-87	-88	0	0	-86	-94	-87	0	0	0	0	0	0	0	0	0	0	0	0	0	0	0	0	0	0	0	0	0	0	0	0	0	0	0	0	0	0	0	0	0	0	0	0	0	0	0	0	0	0	0	0	0	0	0	0	0	0	0	0	0	0	0	0	0	0	0	0	0	0	0	0	0	0	0	0	3687	-2570	2080	23337	-7553	-273	-48	963	249	0	0	0	-47	948	244	1606974794
-56	-61	-56	-83	-65	-67	-77	-76	-79	0	-80	-79	-78	-76	0	0	0	-86	-87	-86	0	-84	-86	-86	0	0	-88	0	0	0	0	0	0	-61	0	0	0	0	0	0	0	0	0	0	0	0	0	0	0	0	0	0	0	0	0	0	0	0	0	-84	-94	-87	0	0	0	0	0	0	0	-89	0	0	0	0	0	0	0	0	0	0	0	0	0	0	0	0	0	0	0	0	0	0	0	0	0	0	0	0	0	0	0	0	0	0	0	0	0	0	0	0	0	0	0	0	0	0	0	0	0	0	0	0	0	0	0	0	0	0	0	0	3717	-2585	2066	23337	-7552	-272	-47	964	247	0	0	0	-47	948	245	1606974795
-56	-62	-55	-82	-66	-67	-77	0	-79	-86	-79	-78	-78	0	0	0	-85	-87	-86	-86	-86	-85	-88	-86	-84	-85	-87	0	0	0	0	0	0	-60	0	0	0	0	0	0	0	0	0	0	0	0	0	0	0	0	0	0	0	0	0	0	0	0	-74	-88	0	0	0	0	0	0	0	0	0	0	0	0	0	0	0	0	0	0	0	0	0	0	0	0	0	0	0	0	0	0	0	0	0	0	0	0	0	0	0	0	0	0	0	0	0	0	0	0	0	0	0	0	0	0	0	0	0	0	0	0	0	0	0	0	0	0	0	0	0	0	3732	-2585	2095	23336	-7550	-273	-48	964	248	0	0	0	-47	948	245	1606974797
0	-61	-54	-85	0	-76	0	-77	-83	0	-83	-83	-89	-77	0	0	0	0	0	0	0	-87	0	0	0	0	-89	0	0	-89	0	0	0	-71	0	0	0	0	-94	0	0	0	0	0	0	0	0	-83	0	0	0	0	0	0	0	0	0	0	0	-91	-95	0	0	0	0	0	0	0	0	-90	0	0	0	0	0	0	0	0	0	0	0	0	0	0	0	0	0	0	0	0	0	0	0	0	0	0	0	0	0	0	0	0	0	0	0	0	0	0	0	0	0	0	0	0	0	0	0	0	0	0	0	0	0	0	0	0	0	0	0	0	3732	-2600	2081	23338	-7556	-273	-48	963	248	0	-1	-1	-47	948	244	1606974799
-60	-61	-55	0	0	-75	-76	-81	-83	0	-82	-84	-90	-82	0	0	0	0	0	0	0	-85	0	0	0	0	-89	0	0	-88	0	0	0	-70	0	0	0	0	-93	0	0	0	0	-84	0	0	0	0	0	0	0	0	0	0	0	0	0	0	0	-92	-96	0	0	0	0	0	0	0	0	0	0	0	0	0	0	0	0	0	0	0	0	0	0	0	0	0	0	0	0	0	0	0	0	0	0	0	0	0	0	0	0	0	0	0	0	0	0	0	0	0	0	0	0	0	0	0	0	0	0	0	0	0	0	0	0	0	0	0	0	0	3657	-2600	2118	23337	-7550	-272	-48	963	248	0	0	0	-47	948	245	1606974800
0	-60	-55	-83	0	0	-80	-76	-82	0	-83	-82	-90	-81	0	0	-84	0	0	0	-86	-84	0	0	-87	-86	-88	0	0	-90	0	0	0	-70	-73	0	0	0	-92	0	0	0	0	0	0	0	0	-83	0	0	0	0	0	0	0	0	0	0	0	-92	0	0	0	0	0	0	0	0	0	0	0	0	0	0	0	0	0	0	0	0	0	0	0	0	0	0	0	0	0	0	0	0	0	0	0	0	0	0	0	0	0	0	0	0	0	0	0	0	0	0	0	0	0	0	0	0	0	0	0	0	0	0	0	0	0	0	0	0	0	0	3695	-2600	2110	23338	-7553	-272	-48	964	246	0	0	0	-47	948	244	1606974802
-56	0	-55	-82	-65	0	0	0	-78	0	-78	-80	-78	0	0	0	0	-86	-85	-86	0	0	-85	-86	0	0	-89	0	0	0	0	0	0	-60	-73	0	0	0	0	0	0	0	0	0	0	0	0	-81	0	0	0	0	0	0	0	0	0	0	0	-88	-95	0	0	0	0	0	0	0	0	0	0	0	0	0	0	0	0	0	0	0	0	0	0	0	0	0	0	0	0	0	0	0	0	0	0	0	0	0	0	0	0	0	0	0	0	0	0	0	0	0	0	0	0	0	0	0	0	0	0	0	0	0	0	0	0	0	0	0	0	0	3687	-2585	2095	23337	-7551	-273	-48	963	248	0	-1	-1	-47	948	245	1606974804
-57	-62	-55	-82	-66	0	-77	-78	-83	-86	-83	-84	-90	-77	0	0	0	0	0	0	0	0	0	0	0	0	-88	0	0	-89	0	0	0	-71	0	0	0	0	-93	0	0	0	0	0	0	0	0	-84	0	0	0	0	0	0	0	0	0	0	0	-91	0	0	0	0	0	0	0	0	0	0	0	0	0	0	0	0	0	0	0	0	0	0	0	0	0	0	0	0	0	0	0	0	0	0	0	0	0	0	0	0	0	0	0	0	0	0	0	0	0	0	0	0	0	0	0	0	0	0	0	0	0	0	0	0	0	0	0	0	0	0	3739	-2555	2133	23337	-7551	-274	-48	963	250	0	0	0	-47	948	245	1606974805
-54	-62	-55	-82	-65	-66	0	-80	-79	-85	-79	-79	-78	0	0	0	0	-86	-85	-86	0	-82	-86	-86	0	0	-86	0	0	0	0	0	0	-60	-73	0	0	0	0	0	0	0	0	-82	0	0	0	-83	0	0	0	0	0	0	0	0	-88	0	0	-88	-94	0	0	0	0	0	0	0	0	-90	0	0	0	0	0	0	0	0	0	0	0	0	0	0	0	0	0	0	0	0	0	0	0	0	0	0	0	0	0	0	0	0	0	0	0	0	0	0	0	0	0	0	0	0	0	0	0	0	0	0	0	0	0	0	0	0	0	0	0	0	3747	-2645	2066	23336	-7549	-274	-48	963	247	0	0	0	-47	948	245	1606974807
-56	-59	-55	-81	-60	-75	-82	-80	-82	0	-83	-84	-92	-76	0	0	0	0	0	0	0	0	0	0	0	0	-86	0	0	-91	0	0	0	-71	-74	0	0	0	0	0	0	0	0	0	0	0	0	0	0	0	0	0	0	0	0	0	0	0	0	-91	0	0	0	0	0	0	0	0	0	0	0	0	0	0	0	0	0	0	0	0	0	0	0	0	0	0	0	0	0	0	0	0	0	0	0	0	0	0	0	0	0	0	0	0	0	0	0	0	0	0	0	0	0	0	0	0	0	0	0	0	0	0	0	0	0	0	0	0	0	0	3657	-2569	2035	23338	-7553	-273	-48	964	248	0	0	0	-47	948	244	1606974808
-60	-61	0	-84	-66	-66	-77	-76	-79	-88	-78	-79	-78	-77	0	0	0	-86	-85	-87	0	-85	-86	-86	0	0	-89	0	0	0	0	0	0	-60	0	0	0	0	0	0	0	-92	0	0	0	0	0	0	0	0	0	0	0	0	0	-88	0	0	0	-87	-95	0	0	0	0	0	0	0	0	-88	0	0	0	0	0	0	0	0	0	0	0	0	0	0	0	0	0	0	0	0	0	0	0	0	0	0	0	0	0	0	0	0	0	0	0	0	0	0	0	0	0	0	0	0	0	0	0	0	0	0	0	0	0	0	0	0	0	0	0	0	3672	-2585	2125	23337	-7552	-274	-48	964	249	0	0	-1	-47	948	245	1606974810
-57	-61	-55	-81	-65	-67	-81	-78	-80	0	-80	-78	-78	-82	0	0	0	-86	-86	-86	0	-85	-87	-87	0	0	-87	0	0	0	0	0	0	-60	-73	0	0	0	0	0	0	0	0	-83	0	0	0	0	0	0	0	0	0	0	0	0	0	0	0	-89	-92	0	0	0	0	0	0	0	0	0	0	0	0	0	0	0	0	0	0	0	0	0	0	0	0	0	0	0	0	0	0	0	0	0	0	0	0	0	0	0	0	0	0	0	0	0	0	0	0	0	0	0	0	0	0	0	0	0	0	0	0	0	0	0	0	0	0	0	0	0	3702	-2585	2065	23336	-7549	-273	-47	964	248	0	0	0	-47	948	245	1606974811
0	-62	-55	0	0	0	-77	-82	-79	0	-78	-81	-79	-77	0	0	0	-86	-86	-86	-87	-89	-87	-85	-85	-85	-88	0	0	0	0	0	0	-60	-73	0	0	0	0	0	0	0	0	0	0	0	0	-81	0	0	0	0	0	0	0	0	0	0	0	-86	-92	0	-94	0	0	0	0	0	0	-89	0	0	0	0	0	0	0	0	0	0	0	0	0	0	0	0	0	0	0	0	0	0	0	0	0	0	0	0	0	0	0	0	0	0	0	0	0	0	0	0	0	0	0	0	0	0	0	0	0	0	0	0	0	0	0	0	0	0	0	0	3642	-2585	2065	23338	-7556	-273	-48	963	250	-1	0	0	-47	948	244	1606974813
-56	-61	-55	0	-66	0	-81	-76	-78	-86	-79	-78	-79	-77	0	0	-85	-86	-86	-87	-84	-83	-86	-86	-84	-84	-86	0	0	0	0	0	0	-60	0	0	0	0	0	0	0	0	0	0	0	0	0	0	0	0	0	0	0	0	0	0	0	0	0	-88	0	0	0	0	0	0	0	0	0	0	0	0	0	0	0	0	0	0	0	0	0	0	0	0	0	0	0	0	0	0	0	0	0	0	0	0	0	0	0	0	0	0	0	0	0	0	0	0	0	0	0	0	0	0	0	0	0	0	0	0	0	0	0	0	0	0	0	0	0	0	3717	-2570	2066	23336	-7549	-272	-47	964	244	-1	-1	-1	-47	948	245	1606974814
-59	-60	-55	0	-64	0	0	-81	-78	0	-79	-78	-78	-76	0	0	0	-86	-86	-86	0	-85	-85	-87	0	0	0	0	0	0	0	0	0	-60	-73	0	0	0	0	0	0	0	0	-81	0	0	0	-83	0	0	0	0	0	0	0	0	0	0	0	-87	-94	0	0	0	0	0	0	0	0	0	0	0	0	0	0	0	0	0	0	0	0	0	0	0	0	0	0	0	0	0	0	0	0	0	0	0	0	0	0	0	0	0	0	0	0	0	0	0	0	0	0	0	0	0	0	0	0	0	0	0	0	0	0	0	0	0	0	0	0	0	3702	-2585	2095	23337	-7552	-274	-48	963	247	0	-1	-1	-47	948	245	1606974816
-55	-61	-55	-84	-65	-75	0	0	-82	0	-81	-84	-91	0	0	0	0	0	0	0	0	-83	0	0	0	0	0	0	0	-90	0	0	0	-71	0	0	0	0	-93	0	0	0	0	0	0	0	0	-82	0	0	0	0	0	0	0	0	0	0	0	0	-95	0	0	0	0	0	0	0	0	0	0	0	0	0	0	0	0	0	0	0	0	0	0	0	0	0	0	0	0	0	0	0	0	0	0	0	0	0	0	0	0	0	0	0	0	0	0	0	0	0	0	0	0	0	0	0	0	0	0	0	0	0	0	0	0	0	0	0	0	0	3687	-2569	2013	23338	-7556	-275	-45	962	259	0	0	-1	-47	948	244	1606974818
-61	-59	-55	-85	-66	-67	-82	-77	0	0	-79	-79	-78	-81	0	0	0	-87	-86	-85	0	0	-85	-85	0	0	-90	0	0	0	0	0	0	-60	-74	0	0	0	-97	0	0	0	0	0	0	0	0	-83	0	0	0	0	0	0	0	0	0	0	0	-88	-93	0	0	0	0	0	0	0	0	0	0	0	0	0	0	0	0	0	0	0	0	0	0	0	0	0	0	0	0	0	0	0	0	0	0	0	0	0	0	0	0	0	0	0	0	0	0	0	0	0	0	0	0	0	0	0	0	0	0	0	0	0	0	0	0	0	0	0	0	0	3694	-2585	2095	23336	-7549	-274	-48	963	245	-1	-1	0	-47	948	245	1606974819
-62	-63	-55	-83	-66	0	-81	-77	-83	0	-83	-83	-93	-77	0	0	-86	0	0	0	-84	-86	0	0	0	-84	-87	0	0	-91	0	0	0	-71	0	0	0	0	0	0	0	0	0	0	0	0	0	0	0	0	0	0	0	0	0	0	0	0	0	-92	0	0	0	0	0	0	0	0	0	0	-88	0	0	0	0	0	0	0	0	0	0	0	0	0	0	0	0	0	0	0	0	0	0	0	0	0	0	0	0	0	0	0	0	0	0	0	0	0	0	0	0	0	0	0	0	0	0	0	0	0	0	0	0	0	0	0	0	0	0	0	3732	-2570	2080	23337	-7552	-274	-48	964	248	0	0	0	-47	948	245	1606974821
-57	-60	-57	-74	-64	0	-77	-82	-78	-87	-77	-77	-79	-77	0	0	-84	-86	-86	-87	-85	-84	-86	-86	-85	-85	-89	0	0	-91	0	0	0	-61	0	0	0	0	0	0	0	0	0	0	0	0	0	-83	0	0	0	0	0	0	0	0	0	0	0	-87	-93	0	0	0	0	0	0	0	0	0	0	0	0	0	0	0	0	0	0	0	0	0	0	0	0	0	0	0	0	0	0	0	0	0	0	0	0	0	0	0	0	0	0	0	0	0	0	0	0	0	0	0	0	0	0	0	0	0	0	0	0	0	0	0	0	0	0	0	0	0	3732	-2585	2080	23338	-7554	-273	-48	964	248	0	0	0	-47	948	244	1606974822
-56	-63	0	-73	-63	-76	-83	0	-82	0	-82	-80	-90	-84	0	0	-84	0	0	0	-84	-84	0	0	-83	-84	0	0	0	-90	0	0	0	-70	0	0	0	0	0	0	0	0	0	0	0	0	0	0	0	0	0	0	0	0	0	0	0	0	0	-91	0	0	0	0	0	0	0	0	0	-89	0	0	0	0	0	0	0	0	0	0	0	0	0	0	0	0	0	0	0	0	0	0	0	0	0	0	0	0	0	0	0	0	0	0	0	0	0	0	0	0	0	0	0	0	0	0	0	0	0	0	0	0	0	0	0	0	0	0	0	0	3732	-2585	2021	23337	-7552	-273	-47	964	246	-1	0	-1	-47	948	244	1606974824
-55	-59	-53	-72	-65	-64	-77	-77	-79	-84	-79	-78	-78	-77	0	0	0	-87	-87	-87	0	-85	-89	-88	0	0	0	0	0	0	0	0	0	-61	0	0	0	0	0	0	0	0	0	0	0	0	0	0	0	0	0	0	0	0	0	0	0	0	0	-87	-93	0	0	0	0	0	0	0	0	0	0	0	0	0	0	0	0	0	0	0	0	0	0	0	0	0	0	0	0	0	0	0	0	0	0	0	0	0	0	0	0	0	0	0	0	0	0	0	0	0	0	0	0	0	0	0	0	0	0	0	0	0	0	0	0	0	0	0	0	0	3642	-2630	2066	23337	-7552	-274	-48	964	249	0	0	0	-47	948	245	1606974826
-56	-58	-53	-68	-74	-65	-73	-73	-80	0	-78	-78	-79	0	0	0	0	-88	-88	-88	0	0	-89	-87	0	0	0	0	0	0	0	0	0	-60	0	0	0	0	0	0	0	0	0	0	0	0	-86	0	0	0	0	0	0	0	0	0	0	0	0	-87	-93	0	0	0	0	0	0	0	0	-90	0	0	0	0	0	0	0	0	0	0	0	0	0	0	0	0	0	0	0	0	0	0	0	0	0	0	0	0	0	0	0	0	0	0	0	0	0	0	0	0	0	0	0	0	0	0	0	0	0	0	0	0	0	0	0	0	0	0	0	0	3672	-2540	2110	23338	-7554	-273	-48	964	245	0	0	-1	-47	948	244	1606974827
0	-62	-53	0	0	0	-79	0	-82	0	0	-82	-91	0	0	0	0	0	0	0	0	-86	0	-95	0	0	-88	0	0	-90	0	0	0	-69	0	0	0	0	-95	0	0	0	0	0	0	0	0	-80	0	0	0	0	0	0	0	0	0	0	0	-93	-95	0	0	0	0	0	0	0	0	0	0	0	0	0	0	0	0	0	0	0	0	0	0	0	0	0	0	0	0	0	0	0	0	0	0	0	0	0	0	0	0	0	0	0	0	0	0	0	0	0	0	0	0	0	0	0	0	0	0	0	0	0	0	0	0	0	0	0	0	0	3657	-2569	2021	23341	-7564	-273	-48	961	258	0	0	-1	-47	948	242	1606974829
-54	0	-53	-70	-73	0	-75	-76	-79	0	-80	-81	-79	-78	0	0	0	-89	-88	-89	0	-84	-89	-89	0	0	-90	0	0	0	0	0	0	-59	0	0	0	0	0	0	0	0	0	0	0	0	0	-82	0	0	0	0	0	0	0	0	0	0	0	-87	-92	0	0	0	0	0	0	0	0	0	0	0	0	0	0	0	0	0	0	0	0	0	0	0	0	0	0	0	0	0	0	0	0	0	0	0	0	0	0	0	0	0	0	0	0	0	0	0	0	0	0	0	0	0	0	0	0	0	0	0	0	0	0	0	0	0	0	0	0	0	3642	-2630	2095	23336	-7549	-273	-49	964	245	-1	-1	0	-47	948	245	1606974830
-60	-60	-55	-75	-71	-65	-81	0	-77	-84	-77	-77	-78	0	0	0	0	-89	-88	-89	0	-84	-88	-88	0	0	-87	0	0	0	0	0	0	-60	0	0	0	0	0	0	0	0	0	0	0	0	0	0	0	0	0	0	0	0	0	0	0	0	0	-90	-92	0	0	0	0	0	0	0	0	0	0	0	0	0	0	0	0	0	0	0	0	0	0	0	0	0	0	0	0	0	0	0	0	0	0	0	0	0	0	0	0	0	0	0	0	0	0	0	0	0	0	0	0	0	0	0	0	0	0	0	0	0	0	0	0	0	0	0	0	0	3702	-2570	2080	23338	-7554	-274	-48	962	252	-1	-1	0	-47	948	244	1606974832
-65	-58	-54	-67	0	-65	-79	-81	-77	-84	-78	-77	-79	-79	0	0	-83	-87	-88	-87	-85	-87	-88	-87	-85	-84	0	0	0	0	0	0	0	-60	0	0	0	0	0	0	0	0	0	0	0	0	0	0	0	0	0	0	0	0	0	-89	0	0	0	-86	-95	0	0	0	0	0	0	0	0	0	0	0	0	0	0	0	0	0	0	0	0	0	0	0	0	0	0	0	0	0	0	0	0	0	0	0	0	0	0	0	0	0	0	0	0	0	0	0	0	0	0	0	0	0	0	0	0	0	0	0	0	0	0	0	0	0	0	0	0	0	3702	-2585	2095	23338	-7556	-273	-49	963	242	0	-1	0	-47	948	244	1606974834
0	-59	-53	-69	0	-65	-81	-80	-77	0	-79	-79	-80	-79	0	0	0	-88	0	-88	0	-84	-87	-88	0	0	-87	0	0	0	0	0	0	-60	0	0	0	0	-94	0	0	0	0	0	-87	-86	-87	-82	0	0	-86	0	0	0	0	0	0	0	0	-86	-93	0	0	0	0	0	0	0	0	-89	0	0	0	0	0	0	0	0	0	0	0	0	0	0	0	0	0	0	0	0	0	0	0	0	0	0	0	0	0	0	0	0	0	0	0	0	0	0	0	0	0	0	0	0	0	0	0	0	0	0	0	0	0	0	0	0	0	0	0	0	3702	-2600	2110	23333	-7541	-274	-48	961	258	-1	-1	-1	-47	947	246	1606974835
-59	-60	-54	0	-70	0	-81	-79	-82	0	-81	-82	-88	-80	0	0	-84	0	0	0	-83	-82	0	0	-84	-82	-90	0	0	-90	0	0	0	-68	0	0	0	0	-93	0	0	0	0	0	0	0	0	0	0	0	0	0	0	0	0	0	0	0	0	-94	-95	0	0	0	0	0	0	0	0	0	0	0	0	0	0	0	0	0	0	0	0	0	0	0	0	0	0	0	0	0	0	0	0	0	0	0	0	0	0	0	0	0	0	0	0	0	0	0	0	0	0	0	0	0	0	0	0	0	0	0	0	0	0	0	0	0	0	0	0	0	3702	-2600	2095	23338	-7556	-275	-47	963	248	0	0	0	-47	948	244	1606974837
-56	-62	-54	0	-66	-72	0	0	-82	-83	-82	-81	-78	-81	0	0	-85	0	0	0	0	-86	0	0	0	-85	-86	0	0	0	0	0	0	-69	0	0	0	0	0	0	0	0	0	0	0	0	0	0	0	0	0	0	0	0	0	-89	0	0	0	0	-96	0	0	0	0	0	0	0	0	0	0	0	0	0	0	0	0	0	0	0	0	0	0	0	0	0	0	0	0	0	0	0	0	0	0	0	0	0	0	0	0	0	0	0	0	0	0	0	0	0	0	0	0	0	0	0	0	0	0	0	0	0	0	0	0	0	0	0	0	0	3657	-2600	2066	23338	-7553	-273	-47	962	252	-1	-1	-1	-47	948	244	1606974838
-65	-61	-56	-72	-66	-65	-78	0	-80	0	-80	-79	-78	0	0	0	0	-90	-88	-88	0	0	-88	-88	0	0	-86	0	0	0	0	0	0	-60	0	0	0	0	0	0	0	0	0	-84	0	0	-87	0	-87	0	-86	0	0	0	0	0	0	0	0	-86	-91	0	0	0	0	0	0	0	0	-92	0	0	0	0	0	0	0	0	0	0	0	0	0	0	0	0	0	0	0	0	0	0	0	0	0	0	0	0	0	0	0	0	0	0	0	0	0	0	0	0	0	0	0	0	0	0	0	0	0	0	0	0	0	0	0	0	0	0	0	0	3732	-2562	2080	23338	-7554	-273	-49	965	240	0	0	-1	-47	948	244	1606974840
0	-60	-51	-69	0	0	-77	-78	-81	0	-81	-82	-92	-76	0	0	-86	-96	-94	0	-86	0	0	-94	0	-88	-89	0	0	-90	0	0	0	-69	-71	0	0	0	0	0	0	0	0	0	0	0	0	0	0	0	0	0	0	0	0	0	0	0	-81	-94	0	0	0	0	0	0	0	0	0	0	0	0	0	0	0	0	0	0	0	0	0	0	0	0	0	0	0	0	0	0	0	0	0	0	0	0	0	0	0	0	0	0	0	0	0	0	0	0	0	0	0	0	0	0	0	0	0	0	0	0	0	0	0	0	0	0	0	0	0	0	3732	-2600	2081	23337	-7552	-274	-48	964	247	-1	0	-1	-47	948	244	1606974842
-56	-60	-54	-70	-68	-67	-79	0	-77	-81	0	-76	0	-82	0	0	0	-86	-86	-86	0	-86	-85	-85	0	0	-87	0	0	0	0	0	0	-63	0	0	0	0	-94	0	0	0	0	0	0	0	0	0	0	0	0	0	0	0	0	-91	0	0	0	-88	-94	0	0	0	0	0	0	0	0	0	0	0	0	0	0	0	0	0	0	0	0	0	0	0	0	0	0	0	0	0	0	0	0	0	0	0	0	0	0	0	0	0	0	0	0	0	0	0	0	0	0	0	0	0	0	0	0	0	0	0	0	0	0	0	0	0	0	0	0	0	3702	-2570	2095	23338	-7557	-274	-48	965	244	-1	-1	-1	-47	948	244	1606974843
0	-65	-54	-70	0	-67	0	-78	-78	-85	-79	-77	-79	-77	0	0	0	-88	-88	-87	0	-87	-88	-87	0	0	-91	0	0	0	0	0	0	-60	-72	0	0	0	0	0	0	0	0	0	0	0	0	-81	0	0	0	0	0	0	0	0	0	0	0	-89	-93	0	0	0	0	0	0	0	0	-90	0	0	0	0	0	0	0	0	0	0	0	0	0	0	0	0	0	0	0	0	0	0	0	0	0	0	0	0	0	0	0	0	0	0	0	0	0	0	0	0	0	0	0	0	0	0	0	0	0	0	0	0	0	0	0	0	0	0	0	0	3702	-2570	2095	23336	-7550	-273	-47	963	251	0	-1	-1	-47	948	245	1606974845
-62	-58	-53	-68	-75	0	0	0	-80	0	-81	-79	-80	0	0	0	0	0	0	0	0	-84	0	0	0	0	-88	0	0	0	0	0	0	-58	0	0	0	0	0	0	0	0	0	-82	-89	0	-88	0	0	0	-87	0	0	0	0	0	0	0	0	-87	-93	0	0	0	0	0	0	0	0	0	0	0	0	0	0	0	0	0	0	0	0	0	0	0	0	0	0	0	0	0	0	0	0	0	0	0	0	0	0	0	0	0	0	0	0	0	0	0	0	0	0	0	0	0	0	0	0	0	0	0	0	0	0	0	0	0	0	0	0	0	3702	-2585	2065	23337	-7552	-272	-48	963	245	0	0	0	-47	948	244	1606974846
-58	-59	-57	0	-63	-64	0	0	-78	0	-77	-78	-77	0	0	0	0	-89	-89	-89	0	-86	-89	-89	0	0	-89	0	0	0	0	0	0	-60	0	0	0	0	-94	0	0	0	0	-82	0	0	0	0	0	0	-88	0	0	0	0	0	0	0	0	-89	-94	0	0	0	0	0	0	0	0	-89	0	0	0	0	0	0	0	0	0	0	0	0	0	0	0	0	0	0	0	0	0	0	0	0	0	0	0	0	0	0	0	0	0	0	0	0	0	0	0	0	0	0	0	0	0	0	0	0	0	0	0	0	0	0	0	0	0	0	0	0	3642	-2630	2066	23338	-7554	-272	-50	965	243	0	0	0	-47	948	244	1606974848
0	-66	-64	-70	0	-76	0	-81	-82	-83	-81	-83	-89	0	0	0	0	-94	0	0	0	0	0	-94	0	0	-87	0	0	0	0	0	0	-70	0	0	0	0	0	0	0	0	0	0	-90	-89	-88	-83	0	0	0	0	0	0	0	-87	0	0	0	0	0	0	0	0	0	0	0	0	0	-89	0	0	0	0	0	0	0	0	0	0	0	0	0	0	0	0	0	0	0	0	0	0	0	0	0	0	0	0	0	0	0	0	0	0	0	0	0	0	0	0	0	0	0	0	0	0	0	0	0	0	0	0	0	0	0	0	0	0	0	0	3717	-2630	2066	23339	-7557	-274	-47	963	251	0	0	0	-47	948	244	1606974850
0	-59	-55	0	-68	0	0	0	-77	0	-78	-79	-80	0	0	0	-87	-90	-88	-91	-85	-84	-88	-89	-84	-86	-86	0	0	0	0	0	0	-69	-73	0	0	0	-93	0	0	0	0	0	0	0	0	-84	0	0	0	0	0	0	0	0	0	0	0	-87	0	0	0	0	0	0	0	0	0	0	0	0	0	0	0	0	0	0	0	0	0	0	0	0	0	0	0	0	0	0	0	0	0	0	0	0	0	0	0	0	0	0	0	0	0	0	0	0	0	0	0	0	0	0	0	0	0	0	0	0	0	0	0	0	0	0	0	0	0	0	3702	-2585	2088	23339	-7558	-273	-48	965	241	0	0	-1	-47	948	243	1606974851
-58	-61	-53	0	-68	-73	0	0	-81	0	-83	-82	-90	0	0	0	-86	-93	-93	0	0	-87	0	-94	0	-88	-89	0	0	-88	0	0	0	-73	0	0	0	0	-93	0	0	0	0	0	0	0	0	-82	0	0	0	0	0	0	0	-90	0	0	-74	-91	0	0	0	0	0	0	0	0	0	0	0	0	0	0	0	0	0	0	0	0	0	0	0	0	0	0	0	0	0	0	0	0	0	0	0	0	0	0	0	0	0	0	0	0	0	0	0	0	0	0	0	0	0	0	0	0	0	0	0	0	0	0	0	0	0	0	0	0	0	0	3702	-2585	2125	23337	-7552	-272	-47	964	248	-1	-1	-1	-47	948	245	1606974853
-60	0	-55	-67	-73	-69	0	-76	-77	0	-78	-78	0	-74	0	0	0	-87	-87	-86	0	-85	-86	-87	0	0	-85	0	0	0	0	0	0	-67	0	0	0	0	0	0	0	0	0	0	0	0	0	-81	0	0	0	0	0	0	0	0	0	0	0	-88	-93	0	0	0	0	0	0	0	0	-89	0	0	0	0	0	0	0	0	0	0	0	0	0	0	0	0	0	0	0	0	0	0	0	0	0	0	0	0	0	0	0	0	0	0	0	0	0	0	0	0	0	0	0	0	0	0	0	0	0	0	0	0	0	0	0	0	0	0	0	0	3747	-2570	2095	23343	-7570	-274	-51	958	263	0	0	0	-47	949	242	1606974854
-62	-61	-55	-70	-71	0	-79	-77	-78	-87	-78	-77	-81	0	0	0	0	-88	-89	-90	0	-85	-90	-87	0	0	-87	0	0	0	0	0	0	-59	0	0	0	0	0	0	0	0	0	0	0	0	0	0	0	0	0	0	0	0	0	0	0	0	0	-88	-93	0	-93	0	0	0	0	0	0	-90	0	0	0	0	0	0	0	0	0	0	0	0	0	0	0	0	0	0	0	0	0	0	0	0	0	0	0	0	0	0	0	0	0	0	0	0	0	0	0	0	0	0	0	0	0	0	0	0	0	0	0	0	0	0	0	0	0	0	0	0	3687	-2570	2095	23342	-7566	-273	-49	966	235	-1	-1	-1	-47	948	243	1606974856
-55	-60	-54	-73	-70	0	-78	-77	-82	0	-81	-81	-91	-77	0	0	0	0	0	0	0	-85	0	0	0	0	-88	0	0	-91	0	0	0	-71	0	0	0	0	-93	0	0	0	0	-83	0	0	0	-80	0	0	0	0	0	0	0	0	0	0	0	-92	0	0	0	0	0	0	0	0	0	0	0	0	0	0	0	0	0	0	0	0	0	0	0	0	0	0	0	0	0	0	0	0	0	0	0	0	0	0	0	0	0	0	0	0	0	0	0	0	0	0	0	0	0	0	0	0	0	0	0	0	0	0	0	0	0	0	0	0	0	0	3679	-2547	2110	23338	-7557	-274	-46	963	248	-1	-1	-1	-47	948	244	1606974857
-64	-60	-56	0	-74	-65	-81	-78	-76	0	-76	-77	-78	-79	0	0	0	-88	-88	-87	0	0	-88	-88	0	0	-87	0	0	0	0	0	0	-59	0	0	0	0	0	0	0	0	0	0	0	0	0	0	0	0	0	0	0	0	0	0	0	0	0	-87	-91	0	0	0	0	0	0	0	0	0	0	-94	0	0	0	0	0	0	0	0	0	0	0	0	0	0	0	0	0	0	0	0	0	0	0	0	0	0	0	0	0	0	0	0	0	0	0	0	0	0	0	0	0	0	0	0	0	0	0	0	0	0	0	0	0	0	0	0	0	0	3732	-2569	2006	23339	-7558	-274	-47	962	253	-1	-1	-1	-47	948	244	1606974859
0	0	0	-73	0	-65	-81	-79	-77	-86	-78	-78	-80	-79	0	0	0	-89	-88	-89	0	-85	-89	-89	0	0	-88	0	0	0	0	0	0	-60	0	0	0	0	0	0	0	0	0	0	0	0	0	0	0	0	0	0	0	0	0	0	0	0	0	-88	-93	0	0	0	0	0	0	0	0	-90	0	0	0	0	0	0	0	0	0	0	0	0	0	0	0	0	0	0	0	0	0	0	0	0	0	0	0	0	0	0	0	0	0	0	0	0	0	0	0	0	0	0	0	0	0	0	0	0	0	0	0	0	0	0	0	0	0	0	0	0	3702	-2645	2125	23338	-7555	-274	-44	967	241	-1	-1	-1	-47	948	244	1606974861
-60	-57	-54	-67	-68	-64	0	0	0	-87	-76	-76	-79	0	0	0	0	-89	0	-88	0	-85	-89	-88	0	0	-89	0	0	0	0	0	0	-60	0	0	0	0	0	0	0	0	0	0	0	0	0	-81	0	0	0	0	0	0	0	0	0	0	0	-88	0	0	-94	0	0	0	0	0	0	0	0	0	0	0	0	0	0	0	0	0	0	0	0	0	0	0	0	0	0	0	0	0	0	0	0	0	0	0	0	0	0	0	0	0	0	0	0	0	0	0	0	0	0	0	0	0	0	0	0	0	0	0	0	0	0	0	0	0	0	0	3732	-2585	1998	23338	-7555	-273	-45	963	249	-1	-1	-1	-47	948	244	1606974862
-59	-63	-58	-68	-70	0	0	0	-77	0	-75	-76	-79	0	0	0	0	-87	-88	-88	0	0	-88	-88	0	0	-87	0	0	0	0	0	0	-60	0	0	0	0	0	0	0	0	0	0	-88	-88	-87	0	0	0	-88	0	0	0	0	0	-87	0	0	-87	-92	0	0	0	0	0	0	0	0	0	0	0	0	0	0	0	0	0	0	0	0	0	0	0	0	0	0	0	0	0	0	0	0	0	0	0	0	0	0	0	0	0	0	0	0	0	0	0	0	0	0	0	0	0	0	0	0	0	0	0	0	0	0	0	0	0	0	0	0	0	3672	-2600	2095	23341	-7562	-273	-49	961	255	-1	-1	-1	-47	948	243	1606974864
-63	-61	-56	-68	-72	0	-78	-78	-77	0	-77	-76	-78	-79	0	0	0	-88	-88	-86	0	0	-88	-88	0	0	-86	0	0	0	0	0	0	-60	-72	0	0	0	0	0	0	0	0	0	0	0	-88	0	-89	0	-88	0	0	0	0	0	0	0	0	-87	-92	0	0	0	0	0	0	0	0	0	0	0	0	0	0	0	0	0	0	0	0	0	0	0	0	0	0	0	0	0	0	0	0	0	0	0	0	0	0	0	0	0	0	0	0	0	0	0	0	0	0	0	0	0	0	0	0	0	0	0	0	0	0	0	0	0	0	0	0	0	3702	-2570	2065	23336	-7550	-274	-49	964	242	-1	-1	-1	-47	948	245	1606974865
-62	-64	-56	-70	-72	0	0	0	-77	0	-75	-77	-78	0	0	0	0	-88	-88	-88	0	-85	-88	-88	0	0	-87	0	0	0	0	0	0	-60	0	0	0	0	0	0	0	0	0	0	0	0	-85	0	0	0	-88	0	0	0	0	0	0	0	0	-87	-93	0	0	0	0	0	0	0	0	0	0	-93	0	0	0	0	0	0	0	0	0	0	0	0	0	0	0	0	0	0	0	0	0	0	0	0	0	0	0	0	0	0	0	0	0	0	0	0	0	0	0	0	0	0	0	0	0	0	0	0	0	0	0	0	0	0	0	0	0	0	3687	-2600	2066	23338	-7555	-273	-47	963	250	-1	-1	-1	-47	948	244	1606974867
-58	-60	-55	-69	-72	-73	-77	-80	-81	-85	-83	-83	-91	-80	0	0	0	0	0	0	0	-84	0	0	0	0	-85	0	0	-90	0	0	0	-71	0	0	0	0	0	0	0	0	0	0	-88	-88	-88	-81	0	0	0	0	0	0	0	0	0	0	0	-91	0	0	0	0	0	0	0	0	0	0	0	0	0	0	0	0	0	0	0	0	0	0	0	0	0	0	0	0	0	0	0	0	0	0	0	0	0	0	0	0	0	0	0	0	0	0	0	0	0	0	0	0	0	0	0	0	0	0	0	0	0	0	0	0	0	0	0	0	0	0	3740	-2570	2080	23340	-7559	-272	-48	964	247	0	-1	0	-47	948	243	1606974868
-58	-63	-54	-69	-71	0	0	0	-76	-85	-77	-76	-79	0	0	0	0	-87	-88	-88	0	-84	-88	-87	0	0	-86	0	0	0	0	0	0	-58	0	0	0	0	0	0	0	0	0	0	0	0	0	-80	0	0	0	0	0	0	0	0	-86	0	0	-87	0	-87	0	0	0	0	0	0	0	-90	0	0	0	0	0	0	0	0	0	0	0	0	0	0	0	0	0	0	0	0	0	0	0	0	0	0	0	0	0	0	0	0	0	0	0	0	0	0	0	0	0	0	0	0	0	0	0	0	0	0	0	0	0	0	0	0	0	0	0	0	3732	-2555	2095	23337	-7553	-273	-47	967	241	-1	-1	-1	-47	948	244	1606974870
-58	0	-55	-70	-72	0	-80	-77	-77	0	0	-77	-79	-80	0	0	-84	-88	-88	-88	-87	-83	-88	-88	0	-84	-89	0	0	0	0	0	0	-60	0	0	0	0	0	0	0	0	0	0	0	0	0	0	0	0	0	-88	0	0	0	0	0	0	0	-89	-93	0	0	0	0	0	0	0	0	0	0	0	0	0	0	0	0	0	0	0	0	0	0	0	0	0	0	0	0	0	0	0	0	0	0	0	0	0	0	0	0	0	0	0	0	0	0	0	0	0	0	0	0	0	0	0	0	0	0	0	0	0	0	0	0	0	0	0	0	0	3687	-2600	2036	23337	-7551	-272	-46	963	254	0	-1	-1	-47	948	245	1606974871
-58	-60	-54	-71	-73	0	-79	-80	-81	0	-82	-83	-90	-80	0	0	0	0	0	0	0	-84	0	-95	0	0	-90	0	0	-90	0	0	0	-70	0	0	0	0	-94	0	0	0	0	0	0	0	-86	0	0	0	-87	0	0	0	0	0	0	0	0	-96	0	0	0	0	0	0	0	0	0	-90	0	0	0	0	0	0	0	0	0	0	0	0	0	0	0	0	0	0	0	0	0	0	0	0	0	0	0	0	0	0	0	0	0	0	0	0	0	0	0	0	0	0	0	0	0	0	0	0	0	0	0	0	0	0	0	0	0	0	0	0	3702	-2585	2095	23339	-7557	-272	-49	964	243	-1	-1	0	-47	948	244	1606974873
-63	-63	-53	-70	-74	-64	-79	-79	-76	0	-77	-76	-78	-78	0	0	-86	-89	-88	-88	-84	-84	-88	-87	-85	-85	-88	0	0	0	0	0	0	-60	0	0	0	0	0	0	0	0	0	0	0	0	0	0	0	0	0	0	0	0	0	0	0	0	-74	-87	-92	0	0	0	0	0	0	0	0	0	0	0	0	0	0	0	0	0	0	0	0	0	0	0	0	0	0	0	0	0	0	0	0	0	0	0	0	0	0	0	0	0	0	0	0	0	0	0	0	0	0	0	0	0	0	0	0	0	0	0	0	0	0	0	0	0	0	0	0	0	3694	-2585	2035	23340	-7559	-273	-50	961	252	0	0	-1	-47	948	243	1606974874
-60	-63	-53	-70	-73	0	-79	-78	-75	0	-75	-76	-78	-78	0	0	0	-88	-87	-89	-84	-85	-87	-88	0	0	-85	0	0	-92	0	0	0	-59	0	0	0	0	0	0	0	0	0	0	0	0	0	-83	0	0	0	0	0	0	0	0	0	0	0	-86	-93	0	0	0	0	0	0	0	0	-90	0	0	0	0	0	0	0	0	0	0	0	0	0	0	0	0	0	0	0	0	0	0	0	0	0	0	0	0	0	0	0	0	0	0	0	0	0	0	0	0	0	0	0	0	0	0	0	0	0	0	0	0	0	0	0	0	0	0	0	0	3695	-2570	2147	23337	-7552	-274	-46	965	240	-1	-1	-1	-47	948	244	1606974876
0	-61	-55	-71	-72	-64	-81	-78	-75	0	-77	-76	-78	-81	0	0	0	-89	-87	-88	0	0	0	-88	0	0	-86	0	0	0	0	0	0	-60	0	0	0	0	0	0	0	0	0	0	0	0	0	0	0	0	0	0	0	0	0	0	-89	0	0	-86	0	-87	0	0	0	0	0	0	0	0	0	0	0	0	0	0	0	0	0	0	0	0	0	0	0	0	0	0	0	0	0	0	0	0	0	0	0	0	0	0	0	0	0	0	0	0	0	0	0	0	0	0	0	0	0	0	0	0	0	0	0	0	0	0	0	0	0	0	0	0	3702	-2600	2066	23339	-7557	-273	-46	963	250	0	-1	-1	-47	948	244	1606974878
0	-62	-54	0	0	-77	0	0	-81	-82	-82	-83	-91	0	0	0	0	0	0	0	0	-87	0	0	0	0	-88	0	0	-92	0	0	0	-70	-72	0	0	0	-92	0	0	-91	0	0	0	0	0	0	0	0	0	0	0	0	0	-89	0	0	0	-89	0	0	0	0	0	0	0	0	0	0	0	0	0	0	0	0	0	0	0	0	0	0	0	0	0	0	0	0	0	0	0	0	0	0	0	0	0	0	0	0	0	0	0	0	0	0	0	0	0	0	0	0	0	0	0	0	0	0	0	0	0	0	0	0	0	0	0	0	0	0	3732	-2600	2073	23338	-7553	-272	-48	965	244	0	0	-1	-47	948	244	1606974879
0	-62	-53	-79	0	-74	-76	-79	-83	0	-83	-83	-91	-76	0	0	-91	0	0	0	0	-86	0	0	-84	-85	0	0	0	-89	0	0	0	-73	0	0	0	0	-92	0	0	0	0	0	0	0	0	0	0	0	0	0	0	0	0	0	0	0	0	-92	0	-87	0	0	0	0	0	0	0	-86	0	0	0	0	0	0	0	0	0	0	0	0	0	0	0	0	0	0	0	0	0	0	0	0	0	0	0	0	0	0	0	0	0	0	0	0	0	0	0	0	0	0	0	0	0	0	0	0	0	0	0	0	0	0	0	0	0	0	0	0	3702	-2555	2095	23339	-7559	-273	-46	963	249	0	0	-1	-47	948	243	1606974881
0	-63	-53	0	0	0	0	0	-83	0	-82	-82	-89	0	0	0	0	0	0	0	0	-85	0	0	0	0	-89	0	0	-91	0	0	0	-72	-72	0	0	0	-93	0	0	-91	0	0	0	0	0	-83	0	0	0	0	0	0	0	0	0	0	0	0	0	0	0	0	0	0	0	0	0	0	0	0	0	0	0	0	0	0	0	0	0	0	0	0	0	0	0	0	0	0	0	0	0	0	0	0	0	0	0	0	0	0	0	0	0	0	0	0	0	0	0	0	0	0	0	0	0	0	0	0	0	0	0	0	0	0	0	0	0	0	3687	-2585	2080	23339	-7556	-272	-51	964	239	0	0	0	-47	948	244	1606974882
-57	-63	0	-74	-64	-64	-82	-77	-78	0	-79	-78	-80	-82	0	0	0	-87	-86	-87	0	0	-87	-87	0	0	-89	0	0	-93	0	0	0	-61	0	0	0	0	0	0	0	0	0	0	0	-89	-88	0	0	0	-87	0	0	0	0	0	-88	0	-74	-86	0	-87	0	0	0	0	0	0	0	-92	0	0	0	0	0	0	0	0	0	0	0	0	0	0	0	0	0	0	0	0	0	0	0	0	0	0	0	0	0	0	0	0	0	0	0	0	0	0	0	0	0	0	0	0	0	0	0	0	0	0	0	0	0	0	0	0	0	0	0	0	3739	-2555	2065	23342	-7568	-274	-42	965	249	0	0	-1	-47	949	242	1606974884
0	-63	-54	-75	0	0	0	0	-83	0	-84	-83	-89	0	0	0	0	0	0	0	0	0	0	0	0	0	-89	0	0	-92	0	0	0	-72	0	0	0	0	-92	0	0	0	0	0	0	0	-87	0	0	0	-89	0	0	0	0	0	0	0	0	-92	0	0	0	0	0	0	0	0	0	0	0	0	0	0	0	0	0	0	0	0	0	0	0	0	0	0	0	0	0	0	0	0	0	0	0	0	0	0	0	0	0	0	0	0	0	0	0	0	0	0	0	0	0	0	0	0	0	0	0	0	0	0	0	0	0	0	0	0	0	0	3649	-2629	2036	23347	-7454	-245	-51	962	237	-8	-2	4	-42	944	261	1606974886
-61	-57	-51	-67	-64	0	-72	-75	0	0	0	-94	-92	-73	0	0	0	0	0	0	0	-86	0	0	0	0	-89	0	0	-89	0	0	0	-77	0	0	0	0	0	0	0	0	0	0	0	0	0	-88	0	0	0	0	0	0	0	0	0	0	0	-93	0	0	0	0	0	0	0	0	0	0	0	0	0	0	0	0	0	0	0	0	0	0	0	0	0	0	0	0	0	0	0	0	0	0	0	0	0	0	0	0	0	0	0	0	0	0	0	0	0	0	0	0	0	0	0	0	0	0	0	0	0	0	0	0	0	0	0	0	0	0	1904	-2282	-283	20331	369	242	-5	-78	961	-1	-1	-1	41	-64	977	1606974887
-68	0	0	-78	-77	-91	0	-83	0	0	0	0	-91	-83	0	0	0	0	0	0	0	0	0	0	0	0	0	0	0	0	0	0	0	-81	0	0	0	0	0	0	0	0	0	0	0	0	0	0	0	0	0	0	0	0	0	0	0	0	0	-92	0	0	0	0	0	0	0	0	0	0	0	0	0	0	0	0	0	0	0	0	0	0	0	0	0	0	0	0	0	0	0	0	0	0	0	0	0	0	0	0	0	0	0	0	0	0	0	0	0	0	0	0	0	0	0	0	0	0	0	0	0	0	0	0	0	0	0	0	0	0	1963	-2057	-209	21223	458	-2	-6	-79	964	-1	0	0	-1	-79	977	1606974889
-67	-68	0	0	-76	-91	0	0	0	0	0	0	-94	0	0	0	0	0	0	0	0	0	0	0	0	0	0	0	0	0	0	0	0	-82	0	0	0	0	0	0	0	0	0	0	0	0	0	0	0	0	0	0	0	0	0	0	0	0	0	0	0	0	0	0	0	0	-90	0	0	0	0	0	0	0	0	0	0	0	0	0	0	0	0	0	0	0	0	0	0	0	0	0	0	0	0	0	0	0	0	0	0	0	0	0	0	0	0	0	0	0	0	0	0	0	0	0	0	0	0	0	0	0	0	0	0	0	0	0	0	0	2016	-2117	-209	21938	467	-29	-5	-80	964	-1	-1	0	-5	-81	977	1606974890
-67	-70	0	-77	0	0	0	-84	0	0	0	0	0	-81	0	0	0	0	0	0	0	0	0	0	0	0	0	0	0	0	0	0	0	-80	0	0	0	0	0	0	0	0	0	0	0	0	0	0	0	0	0	0	0	0	0	-90	0	0	0	-92	0	0	0	0	0	0	0	0	0	0	0	0	0	0	0	0	0	0	0	0	0	0	0	0	0	0	0	0	0	0	0	0	0	0	0	0	0	0	0	0	0	0	0	0	0	0	0	0	0	0	0	0	0	0	0	0	0	0	0	0	0	0	0	0	0	0	0	0	0	0	2009	-2102	-209	21938	469	-31	-6	-80	963	-1	-1	0	-6	-81	977	1606974892
-69	-66	-62	0	-77	0	0	0	0	0	0	0	-91	0	0	0	0	0	0	0	0	0	0	0	0	0	0	0	0	0	0	0	0	-80	0	0	0	0	0	0	0	0	0	0	0	0	0	-87	0	0	0	0	0	0	0	0	0	0	0	-91	0	0	0	0	0	0	0	0	0	0	0	0	0	0	0	0	0	0	0	0	0	0	0	0	0	0	0	0	0	0	0	0	0	0	0	0	0	0	0	0	0	0	0	0	0	0	0	0	0	0	0	0	0	0	0	0	0	0	0	0	0	0	0	0	0	0	0	0	0	0	2009	-2095	-209	21938	468	-31	-6	-80	963	0	-1	0	-6	-81	977	1606974893
-67	-67	0	-75	0	-75	-84	-82	-95	-91	0	0	0	-84	0	0	0	0	0	0	0	0	0	0	0	0	0	-92	0	0	0	0	0	-79	0	0	0	0	0	0	0	0	0	0	0	0	0	0	0	0	0	0	0	0	0	-89	0	0	0	-91	0	0	0	0	0	0	0	0	0	0	0	0	0	0	0	0	0	0	0	0	0	0	0	0	0	0	0	0	0	0	0	0	0	0	0	0	0	0	0	0	0	0	0	0	0	0	0	0	0	0	0	0	0	0	0	0	0	0	0	0	0	0	0	0	0	0	0	0	0	0	1993	-2102	-194	21938	469	-31	-6	-80	964	-1	-1	0	-6	-81	977	1606974895
0	-71	0	-78	0	-77	0	0	-93	0	0	0	-93	0	0	0	0	0	0	0	0	0	0	0	0	0	0	0	-92	0	0	0	0	-84	0	0	0	0	0	0	0	0	0	0	0	0	0	0	0	0	0	0	0	0	0	0	0	0	-87	-92	0	0	0	0	0	0	0	0	0	0	0	0	0	0	0	0	0	0	0	0	0	0	0	0	0	0	0	0	0	0	0	0	0	0	0	0	0	0	0	0	0	0	0	0	0	0	0	0	0	0	0	0	0	0	0	0	0	0	0	0	0	0	0	0	0	0	0	0	0	0	1986	-2147	-179	21938	468	-32	-6	-80	962	-1	0	-1	-6	-81	977	1606974897
-68	-71	-64	0	-85	-86	0	0	0	0	0	0	-90	0	0	0	0	0	0	0	0	0	0	0	0	0	0	0	0	0	0	0	0	-80	0	0	0	0	0	0	0	0	0	-89	0	0	0	-89	0	0	0	0	0	0	0	0	0	0	0	-92	0	0	0	0	0	0	0	0	0	0	0	0	0	0	0	0	0	0	0	0	0	0	0	0	0	0	0	0	0	0	0	0	0	0	0	0	0	0	0	0	0	0	0	0	0	0	0	0	0	0	0	0	0	0	0	0	0	0	0	0	0	0	0	0	0	0	0	0	0	0	2024	-2103	-149	21938	468	-33	-6	-80	963	0	0	0	-6	-81	977	1606974898
-69	-76	-78	-75	-78	0	-82	-84	-84	-90	-80	-88	-82	-83	0	0	0	-88	-88	-89	0	0	-91	-89	0	0	0	0	0	-80	0	0	0	-70	0	0	0	0	0	0	0	0	0	0	0	0	0	-85	0	0	0	0	0	0	0	-90	0	0	0	-85	-93	0	0	0	0	0	0	0	0	0	0	0	0	0	0	0	0	0	0	0	0	0	0	0	0	0	0	0	0	0	0	0	0	0	0	0	0	0	0	0	0	0	0	0	0	0	0	0	0	0	0	0	0	0	0	0	0	0	0	0	0	0	0	0	0	0	0	0	0	0	211	-2543	-622	32131	-8070	2634	213	900	170	43	-33	-144	435	867	142	1606974900
-54	-65	-55	-72	-70	-64	0	-78	-75	-81	-73	-75	-81	0	0	0	0	-88	-88	-89	0	-80	-86	-88	0	0	-87	0	0	0	0	0	0	-60	0	0	0	0	0	0	0	0	0	0	0	0	-88	0	0	0	-89	0	0	0	0	-82	0	0	0	0	0	0	0	0	0	0	0	0	0	-94	0	0	0	0	0	0	0	0	0	0	0	0	0	0	0	0	0	0	0	0	0	0	0	0	0	0	0	0	0	0	0	0	0	0	0	0	0	0	0	0	0	0	0	0	0	0	0	0	0	0	0	0	0	0	0	0	0	0	0	0	3658	-2580	2707	22582	-7885	-502	-41	935	217	-66	56	-32	-86	958	188	1606974902
-58	0	-54	-72	-70	-78	-81	-81	-79	-89	-79	-78	0	-81	0	0	-83	-93	-92	-93	-82	-86	-92	-92	-83	-83	-89	0	0	0	0	0	0	-68	0	0	0	0	0	0	0	0	0	0	0	0	0	0	0	0	0	0	0	0	0	0	0	0	0	-93	0	0	0	0	0	0	0	0	0	0	0	0	0	0	0	0	0	0	0	0	0	0	0	0	0	0	0	0	0	0	0	0	0	0	0	0	0	0	0	0	0	0	0	0	0	0	0	0	0	0	0	0	0	0	0	0	0	0	0	0	0	0	0	0	0	0	0	0	0	0	3747	-2569	1887	24455	-8309	-263	-19	977	35	-6	-9	-3	-45	972	117	1606974903
-56	-58	-55	-75	-67	-75	0	0	-78	0	-83	-80	-87	-80	0	0	-83	-93	-93	0	-83	-84	0	-93	-83	-84	-87	0	-92	0	0	0	0	-72	0	0	0	0	0	0	0	0	0	0	0	0	0	-85	0	0	0	0	0	0	0	0	0	0	0	0	0	0	0	0	0	0	0	0	0	0	0	0	0	0	0	0	0	0	0	0	0	0	0	0	0	0	0	0	0	0	0	0	0	0	0	0	0	0	0	0	0	0	0	0	0	0	0	0	0	0	0	0	0	0	0	0	0	0	0	0	0	0	0	0	0	0	0	0	0	0	3739	-2584	1871	24110	-8354	-174	153	1064	196	-4	1	1	-30	973	110	1606974905
0	-58	-58	0	-73	0	0	0	-85	0	-85	-83	-83	0	0	0	0	0	0	0	0	0	0	0	0	0	-89	0	0	0	0	0	0	-68	0	0	0	0	0	0	0	0	0	0	0	0	0	0	0	0	0	0	0	0	0	0	0	0	0	-90	0	0	0	0	0	0	0	0	0	-91	0	0	0	0	0	0	0	0	0	0	0	0	0	0	0	0	0	0	0	0	0	0	0	0	0	0	0	0	0	0	0	0	0	0	0	0	0	0	0	0	0	0	0	0	0	0	0	0	0	0	0	0	0	0	0	0	0	0	0	0	3763	-2632	2454	23251	-8701	-181	120	1033	185	10	1	-8	-31	978	51	1606974906
0	-57	-55	-71	-72	0	-79	-78	-78	0	-79	-78	-85	-78	0	0	-82	-94	-93	-91	-84	-82	-92	0	-83	-83	0	-93	-93	0	0	-91	-91	-75	-73	0	0	0	0	0	0	0	0	0	0	0	0	0	0	0	0	0	0	0	0	0	0	0	0	0	0	0	0	0	0	0	0	0	0	0	0	0	0	0	0	0	0	0	0	0	0	0	0	0	0	0	0	0	0	0	0	0	0	0	0	0	0	0	0	0	0	0	0	0	0	0	0	0	0	0	0	0	0	0	0	0	0	0	0	0	0	0	0	0	0	0	0	0	0	0	3389	-2472	512	26828	-8558	52	-3	989	23	-2	2	8	3	977	75	1606974908
-68	0	-53	0	-68	0	-79	0	-82	0	-84	-83	-83	0	0	0	0	0	0	0	0	-85	0	0	0	0	-88	0	0	0	0	0	0	-70	0	0	0	0	0	0	0	0	0	0	0	0	0	0	0	0	0	0	0	0	0	0	0	0	0	0	0	0	0	0	0	0	0	0	0	0	0	0	0	0	0	0	0	0	0	0	0	0	0	0	0	0	0	0	0	0	0	0	0	0	0	0	0	0	0	0	0	0	0	0	0	0	0	0	0	0	0	0	0	0	0	0	0	0	0	0	0	0	0	0	0	0	0	0	0	0	3556	-2580	1065	25487	-8650	64	-65	973	88	-9	-8	5	11	978	59	1606974910
