-51	-48	0	-47	-55	0	-74	-74	-75	0	-74	0	-76	-73	0	0	0	-81	-82	-81	0	-83	-81	-81	0	0	-79	0	0	0	0	0	0	-53	-64	0	0	-95	0	-93	-94	0	0	0	0	0	0	0	0	0	0	0	0	0	0	0	0	0	0	0	0	0	0	0	0	0	0	0	0	0	0	0	0	0	0	0	0	0	0	0	0	-57	0	0	0	0	0	0	0	0	0	0	0	0	0	0	0	0	0	0	0	0	0	0	0	0	0	0	0	0	0	3241	-3308	3187	22005	-7796	-129	-23	972	206	0	0	-1	-23	958	204	1606974583
0	-46	-53	-51	-54	-54	-69	-71	-75	0	-75	-76	-75	-69	0	0	0	-81	-80	-81	0	-78	-81	-81	0	0	-82	0	0	0	0	0	0	-54	0	0	0	-95	0	0	0	0	0	0	0	0	0	0	0	0	0	0	0	0	0	0	0	0	0	0	0	0	0	0	0	0	0	0	0	0	-85	0	0	0	0	0	0	0	0	0	0	-59	0	0	0	0	0	0	0	0	0	0	0	0	0	0	0	0	0	0	0	0	0	0	0	0	0	0	0	0	0	3241	-3398	3097	22037	-7819	-124	-22	973	204	0	0	-1	-22	959	200	1606974585
-45	-46	0	-52	-54	-52	-72	-70	-72	0	-73	-72	-76	-73	0	-84	0	-81	-83	-81	0	0	-82	-81	0	0	-86	-93	-92	0	0	-92	0	-51	0	0	-93	-93	0	0	0	0	0	0	0	0	0	0	0	0	0	0	0	0	0	0	0	0	0	0	0	0	0	0	0	0	0	0	0	0	0	-95	0	0	0	0	0	0	0	0	0	-57	0	0	0	0	0	0	0	0	0	0	0	0	0	0	0	0	0	0	0	0	0	0	0	0	0	0	0	0	0	3241	-3338	3112	22042	-7810	-124	-22	973	205	0	0	0	-22	959	202	1606974586
-52	-45	0	-58	-51	0	-70	0	-73	0	-75	-74	-75	-70	0	0	0	-81	-82	-81	-78	-78	-81	-82	-73	0	-85	-90	-91	0	0	-91	0	-52	0	0	-94	-96	0	0	0	0	0	0	0	0	0	0	0	0	0	0	0	0	0	0	0	0	0	0	0	0	0	0	0	0	0	0	0	0	0	0	0	0	0	0	0	0	0	0	0	-55	0	0	0	0	0	0	0	0	0	0	0	0	0	0	0	0	0	0	0	0	0	0	0	0	0	0	0	0	0	3271	-3323	3097	22038	-7799	-123	-21	972	209	-1	0	-1	-21	958	204	1606974588
0	-45	-49	-55	-53	0	0	0	-82	0	-82	-82	-73	0	0	0	0	-85	-86	-85	0	-82	-85	-86	0	0	-83	-91	-92	0	0	-90	-91	-51	0	0	0	0	0	0	0	-87	-87	0	0	0	0	0	0	0	0	0	0	0	0	0	0	0	0	0	0	0	0	0	0	0	0	0	0	0	0	0	0	0	0	0	0	0	0	0	0	-59	0	0	0	0	0	0	0	0	0	0	0	0	0	0	0	0	0	0	0	0	0	0	0	0	0	0	0	0	0	3241	-3323	3105	22036	-7793	-123	-21	972	209	0	0	-1	-21	958	205	1606974589
-54	-45	-48	-53	-52	0	-72	-70	-86	0	-84	-84	-73	-71	0	0	0	-86	-86	-85	-82	0	-87	-87	0	-81	0	-91	-91	0	0	-91	-91	-53	0	0	-95	-97	0	0	0	0	0	0	0	0	0	0	0	0	0	0	0	0	0	0	0	0	0	0	0	0	0	0	0	0	0	0	0	0	0	0	0	0	0	0	0	0	0	0	0	-57	0	0	0	0	0	0	0	0	0	0	0	0	0	0	0	0	0	0	0	0	0	0	0	0	0	0	0	0	0	3226	-3323	3097	22040	-7801	-121	-22	973	207	0	0	0	-21	958	204	1606974591
-53	-45	0	-52	-52	0	-70	-70	-75	0	-73	-73	-75	-71	0	0	-80	-82	-82	-81	-80	-80	-82	-82	-79	-80	-84	-91	-93	0	0	-92	0	-51	0	0	0	-94	0	0	0	0	0	0	0	0	0	0	0	0	0	0	0	0	0	0	0	0	0	0	0	0	0	0	0	0	0	0	0	0	0	0	0	0	0	0	0	0	0	0	0	-55	0	0	0	0	0	0	0	0	0	0	0	0	0	0	0	0	0	0	0	0	0	0	0	0	0	0	0	0	0	3218	-3338	3112	22043	-7810	-121	-21	972	209	0	0	0	-21	959	202	1606974592
0	-49	-49	-52	-52	0	-70	-70	-81	0	-81	-81	-73	-69	0	0	-79	-85	-87	-87	0	0	-86	-86	0	0	-83	-90	-90	0	0	-91	-90	-51	0	0	-95	0	-95	0	0	-85	-89	0	0	0	0	-87	0	0	0	0	0	0	0	0	0	0	0	0	0	0	0	0	0	0	0	0	0	0	0	0	0	0	0	0	0	0	0	0	0	-56	0	0	0	0	0	0	0	0	0	0	0	0	0	0	0	0	0	0	0	0	0	0	0	0	0	0	0	0	0	3226	-3383	3112	22040	-7809	-126	-22	972	207	0	0	0	-22	959	202	1606974594
-52	-49	0	-52	-51	0	0	0	-79	-68	-80	-80	-74	0	0	-87	0	-85	-85	-85	0	-79	-86	-86	0	0	-84	-90	-90	0	-91	-88	-90	-51	0	0	-95	-94	-94	-95	0	-85	0	0	0	0	0	0	0	0	0	0	0	0	0	0	0	0	0	0	0	0	0	0	0	0	0	0	0	0	0	0	0	0	0	0	0	0	0	0	0	-56	0	0	0	0	0	0	0	0	0	0	0	0	0	0	0	0	0	0	0	0	0	0	0	0	0	0	0	0	0	3331	-3353	3113	22031	-7777	-122	-21	972	209	-1	-1	-1	-21	958	207	1606974596
-53	-45	0	0	-52	0	0	0	-75	0	-74	-75	-76	0	0	0	0	-82	-82	-82	0	0	-82	-82	0	0	-83	-91	-91	0	-90	-91	-91	-52	0	0	-93	-94	0	0	0	0	0	0	0	0	0	0	0	0	0	0	0	0	0	0	0	0	0	0	0	0	0	0	0	0	0	0	0	0	0	0	0	0	0	0	0	0	0	0	0	-57	0	0	0	0	0	0	0	0	0	0	0	0	0	0	0	0	0	0	0	0	0	0	0	0	0	0	0	0	0	3271	-3323	3112	22036	-7793	-124	-22	972	210	-1	0	-1	-22	958	205	1606974597
0	-44	0	0	-50	-52	0	0	-75	0	-75	-75	-75	0	0	0	0	-81	-81	-81	0	0	-82	-81	0	0	-82	-90	-90	0	-91	-89	-90	-52	0	0	-95	-93	0	0	0	0	0	0	0	0	0	0	0	0	0	0	0	0	0	0	0	0	0	0	0	0	0	0	0	0	0	0	0	0	0	0	0	0	0	0	0	0	0	0	0	-58	0	0	0	0	0	0	0	0	0	0	0	0	0	0	0	0	0	0	0	0	0	0	0	0	0	0	0	0	0	3241	-3383	3120	22029	-7773	-126	-22	969	223	1	0	0	-22	958	208	1606974599
0	0	-48	-52	-52	-67	-70	-70	-80	0	-80	-80	-74	0	0	0	0	-86	-86	-86	0	0	-86	-85	0	0	-81	-91	-92	0	0	-90	0	-51	0	0	-95	0	-95	-96	0	0	0	0	0	0	0	0	0	0	0	0	0	0	0	0	0	0	0	0	0	0	0	0	0	0	0	0	0	0	0	0	0	0	0	0	0	0	0	0	0	-56	0	0	0	0	0	0	0	0	0	0	0	0	0	0	0	0	0	0	0	0	0	0	0	0	0	0	0	0	0	3241	-3338	3082	22049	-7796	-124	-22	973	203	0	0	0	-21	959	203	1606974600
-54	-49	-48	-52	-52	-66	-71	-71	-85	0	-85	-84	-74	-71	0	0	0	-85	-85	-85	0	0	-85	-86	0	0	-82	-91	-91	0	-91	-90	-92	-51	0	0	-94	0	-95	0	0	-84	0	0	0	0	-89	0	-91	0	-88	0	0	0	0	0	0	0	0	0	0	0	0	0	0	0	0	0	0	0	0	0	0	0	0	0	0	0	0	0	0	-55	0	0	0	0	0	0	0	0	0	0	0	0	0	0	0	0	0	0	0	0	0	0	0	0	0	0	0	0	0	3331	-3368	3098	22053	-7786	-121	-20	975	197	-1	-1	-1	-21	958	206	1606974602
-51	-49	0	-53	-53	-66	-70	0	-81	0	-80	-81	-74	0	0	0	0	-84	-86	-85	0	0	-86	-85	0	0	-82	-91	-92	0	0	-91	0	-51	0	0	0	0	-94	0	0	0	0	0	0	0	0	0	0	0	0	0	0	0	0	0	0	0	0	0	0	0	0	0	0	0	0	0	0	0	0	0	0	0	0	0	0	0	0	0	0	-56	0	0	0	0	0	0	0	0	0	0	0	0	0	0	0	0	0	0	0	0	0	0	0	0	0	0	0	0	0	3180	-3323	3097	22056	-7796	-122	-21	972	210	0	0	0	-21	958	204	1606974603
0	-48	-48	-52	0	-67	-70	-72	-81	0	-81	-81	-74	-71	0	0	-79	-85	-86	-85	-80	-80	-86	-85	-79	-81	-83	-92	-91	0	0	-90	-90	-51	0	0	-94	0	-93	0	0	0	0	0	0	0	0	0	0	-87	0	0	-88	-91	0	0	0	0	0	0	0	0	0	0	0	0	0	0	0	0	0	0	0	0	0	0	0	0	0	0	0	-58	0	0	0	0	0	0	0	0	0	0	0	0	0	0	0	0	0	0	0	0	0	0	0	0	0	0	0	0	0	3211	-3308	3097	22050	-7780	-123	-21	973	207	-1	0	-1	-21	958	207	1606974605
0	-48	0	-53	-48	-52	0	0	-73	-79	-74	-75	-75	-72	0	0	0	-82	-81	-82	0	0	-82	-82	0	0	-82	-91	-91	0	-89	-92	-91	-53	0	0	-94	-95	0	-94	0	0	0	0	0	0	0	0	0	0	0	0	0	0	0	0	0	0	0	0	0	0	0	0	0	0	0	0	0	0	0	0	0	0	0	0	0	0	0	0	0	-57	0	0	0	0	0	0	0	0	0	0	0	0	0	0	0	0	0	0	0	0	0	0	0	0	0	0	0	0	0	3286	-3338	3083	22051	-7782	-121	-21	973	206	-1	0	0	-21	958	206	1606974606
-53	0	-49	-53	-53	-66	0	-71	-82	-79	-80	-80	-75	-70	0	0	-79	-84	-86	-85	-80	-79	-87	-86	-80	-80	-82	-91	-90	0	0	-91	0	-51	0	0	0	0	0	0	0	-84	0	0	0	0	0	0	0	0	0	0	0	0	0	0	0	0	0	0	0	0	0	0	0	0	0	0	0	0	0	0	0	0	0	0	0	0	0	0	0	-56	0	0	0	0	0	0	0	0	0	0	0	0	0	0	0	0	0	0	0	0	0	0	0	0	0	0	0	0	0	3226	-3368	3127	22054	-7795	-124	-20	973	208	-1	0	-1	-22	958	204	1606974608
-54	0	0	0	-50	-67	-70	-70	-81	0	-81	-80	-75	-71	0	0	0	-85	-86	-85	0	0	-85	-85	0	0	0	-92	-91	0	0	-89	-91	-51	0	0	0	0	0	0	0	0	0	0	-87	0	0	0	0	0	0	0	0	0	0	0	0	0	0	0	0	0	0	0	0	0	0	0	0	0	0	0	0	0	0	0	0	0	0	0	0	-56	0	0	0	0	0	0	0	0	0	0	0	0	0	0	0	0	0	0	0	0	0	0	0	0	0	0	0	0	0	3278	-3293	3127	22054	-7790	-122	-23	972	211	0	0	0	-21	958	205	1606974610
-53	-51	0	-52	-52	-65	-70	-72	-80	0	-80	-81	-74	-70	0	0	0	-86	-86	-85	0	-78	-87	-86	0	0	-83	-91	-91	0	0	-90	-90	-51	0	0	0	0	0	0	0	0	0	0	0	0	0	0	0	0	0	0	0	0	0	0	0	0	0	0	0	0	0	0	0	0	0	0	0	0	0	0	0	0	0	0	0	0	0	0	0	-56	0	0	0	0	0	0	0	0	0	0	0	0	0	0	0	0	0	0	0	0	0	0	0	0	0	0	0	0	0	3271	-3368	3083	22055	-7796	-123	-20	973	208	-1	0	-1	-21	958	204	1606974611
-52	-49	-47	-52	-52	0	-72	-72	-73	0	-73	-74	-75	-70	0	0	0	-82	-82	-81	0	0	-82	-81	0	0	-82	-90	-90	0	-90	-91	-91	-52	0	0	-94	-93	0	-94	0	0	-87	0	0	0	0	0	0	0	0	0	0	0	0	0	0	0	0	0	0	0	0	0	0	0	0	0	0	-91	0	0	0	0	0	0	0	0	0	0	0	-57	0	0	0	0	0	0	0	0	0	0	0	0	0	0	0	0	0	0	0	0	0	0	0	0	0	0	0	0	0	3271	-3368	3112	22058	-7799	-118	-20	974	204	0	0	0	-21	958	204	1606974613
-53	-46	-47	-52	-53	0	0	0	-81	0	-82	-81	-75	-71	0	0	0	-84	-86	-85	0	-81	-85	-85	0	0	-81	-93	-90	0	0	-91	0	-51	0	0	0	-94	-93	-93	0	0	0	0	0	0	-88	0	0	0	0	0	0	0	0	-92	0	0	0	0	0	0	0	0	0	0	0	0	0	0	-85	0	0	0	0	0	0	0	0	0	0	-55	0	0	0	0	0	0	0	0	0	0	0	0	0	0	0	0	0	0	0	0	0	0	0	0	0	0	0	0	0	3271	-3331	3112	22055	-7791	-120	-21	973	208	-1	0	0	-21	958	205	1606974614
-55	-48	-52	-52	-52	0	0	-72	-80	0	-80	-80	-74	0	0	0	0	-86	-85	-86	0	0	-85	-85	0	0	-83	-90	-91	0	0	-91	0	-51	0	0	0	0	-93	-95	0	-87	0	0	0	0	0	0	0	0	0	0	0	0	0	0	0	0	0	0	0	0	0	0	0	0	0	0	0	0	0	0	0	0	0	0	0	0	0	0	0	0	0	0	0	0	0	0	0	0	0	0	0	0	0	0	0	0	0	0	0	0	0	0	0	0	0	0	0	0	0	3271	-3331	3127	22062	-7811	-120	-22	974	199	0	0	0	-21	959	202	1606974616
-53	-45	-50	-53	-53	0	-72	-71	-74	0	-76	-75	-76	-72	0	0	0	-82	-81	-81	0	-80	-82	-82	0	0	-81	-91	-91	0	0	-91	-92	-52	0	0	0	0	-94	0	0	-85	0	0	0	0	0	0	0	0	0	0	0	-89	0	0	0	0	0	0	0	0	0	0	0	0	0	0	0	0	0	0	0	0	0	0	0	0	0	0	0	0	0	0	0	0	0	0	0	0	0	0	0	0	0	0	0	0	0	0	0	0	0	0	0	0	0	0	0	0	0	3271	-3368	3112	22041	-7775	-125	-16	977	188	0	0	0	-22	958	208	1606974618
-53	-49	-48	-52	-52	-52	-71	-71	-74	0	-74	-73	-75	-71	0	0	0	-82	-81	-81	0	-77	-81	-82	0	0	-82	-91	-92	0	0	-91	-91	-53	0	0	0	-92	0	-94	0	0	0	0	0	0	0	0	0	0	0	0	0	0	0	0	0	0	0	0	0	0	0	0	0	0	0	0	0	0	0	0	0	0	0	0	0	0	0	0	0	-57	0	0	0	0	0	0	0	0	0	0	0	0	0	0	0	0	0	0	0	0	0	0	0	0	0	0	0	0	0	3241	-3323	3082	22039	-7791	-124	-24	971	214	-1	0	-1	-22	958	205	1606974619
-53	-50	-49	-52	-52	-67	0	-73	-80	-79	-81	-80	-74	0	0	0	0	-86	-85	-86	0	0	-86	-85	0	0	-82	-91	-91	0	-90	-91	0	-51	0	0	0	-94	0	0	0	0	0	0	0	0	0	0	0	0	0	0	0	0	0	0	0	0	0	0	0	0	0	0	0	0	0	0	0	0	0	0	0	0	0	0	0	0	0	0	0	-56	0	0	0	0	0	0	0	0	0	0	0	0	0	0	0	0	0	0	0	0	0	0	0	0	0	0	0	0	0	3226	-3300	3112	22038	-7784	-122	-20	974	199	0	0	0	-21	958	206	1606974621
-54	-46	-48	-52	-52	-66	-70	0	-81	-78	-80	-80	-74	0	0	-85	0	-84	-86	-86	0	-81	-85	-86	0	0	-86	-92	-91	0	-90	-91	-89	-51	0	0	0	0	0	0	0	-85	0	0	0	0	0	0	0	0	0	0	0	0	0	0	0	0	0	0	0	0	0	0	0	0	0	0	0	0	-85	0	0	0	0	0	0	0	0	0	0	-56	0	0	0	0	0	0	0	0	0	0	0	0	0	0	0	0	0	0	0	0	0	0	0	0	0	0	0	0	0	3241	-3368	3127	22007	-7789	-120	-21	972	211	-1	0	0	-21	958	205	1606974623
-53	-45	0	-53	-51	-66	0	0	-80	0	-79	-80	-74	-70	0	0	0	-85	-85	-85	0	-80	-85	-84	0	0	-81	-90	-92	0	0	-91	0	-51	0	0	-94	-95	-94	0	0	0	0	0	0	0	0	0	0	0	0	0	0	0	0	0	0	0	0	0	0	0	0	0	0	0	0	0	0	0	0	0	0	0	0	0	0	0	0	0	0	-54	0	0	0	0	0	0	0	0	0	0	0	0	0	0	0	0	0	0	0	0	0	0	0	0	0	0	0	0	0	3226	-3338	3127	22019	-7796	-120	-20	974	204	0	0	0	-21	958	204	1606974624
0	-45	0	-53	0	0	-73	-69	-73	0	-71	-72	-76	-70	0	0	-80	-81	-82	-83	-79	-79	-82	-82	-81	-79	-80	-92	-91	0	0	-90	0	-53	0	0	-94	-94	-95	-95	0	0	0	0	0	0	0	0	0	0	0	0	0	0	0	0	0	0	0	0	0	0	0	0	0	0	0	0	0	0	0	0	0	0	0	0	0	0	0	0	0	-58	0	0	0	0	0	0	0	0	0	0	0	0	0	0	0	0	0	0	0	0	0	0	0	0	0	0	0	0	0	3286	-3293	3112	22018	-7794	-122	-22	972	209	0	0	0	-21	958	204	1606974626
-55	-45	-47	-52	-52	0	-74	-71	-80	-78	-79	-79	-75	-74	0	0	0	-85	-85	-85	0	-79	-84	-85	0	0	-83	-90	-91	0	0	-91	0	-51	0	0	-94	-93	-94	-93	0	-85	0	0	0	0	0	0	0	0	0	0	0	0	0	0	0	0	0	0	0	0	0	0	0	0	0	0	0	0	0	0	0	0	0	0	0	0	0	0	0	-56	0	0	0	0	0	0	0	0	0	0	0	0	0	0	0	0	0	0	0	0	0	0	0	0	0	0	0	0	0	3271	-3338	3142	22019	-7799	-122	-22	972	210	0	0	-1	-21	958	204	1606974627
-55	-45	-47	-52	-53	0	0	0	-80	0	-80	-80	-74	0	0	0	0	-85	-85	-85	0	0	-85	-87	0	0	-82	-90	-91	0	0	-91	0	-51	0	0	0	-95	0	0	0	0	0	0	0	0	0	-88	0	0	0	0	0	0	0	0	0	0	0	0	0	0	0	0	0	0	0	0	0	0	0	0	0	0	0	0	0	0	0	0	0	-56	0	0	0	0	0	0	0	0	0	0	0	0	0	0	0	0	0	0	0	0	0	0	0	0	0	0	0	0	0	3241	-3323	3127	22010	-7770	-122	-21	973	209	0	0	-1	-21	957	208	1606974629
-52	-44	0	0	-53	0	-72	-72	-81	-78	-80	-81	-75	-72	0	0	0	-85	-86	-85	0	-80	-86	-85	0	0	-81	-92	-92	0	0	-89	-93	-51	0	0	-94	0	0	-94	0	0	0	0	-88	0	0	0	0	0	0	0	0	0	0	0	0	0	0	0	0	0	0	0	0	0	0	0	0	0	0	0	0	0	0	0	0	0	0	0	0	-55	0	0	0	0	0	0	0	0	0	0	0	0	0	0	0	0	0	0	0	0	0	0	0	0	0	0	0	0	0	3271	-3308	3127	22018	-7795	-123	-22	972	210	0	0	0	-22	958	204	1606974630
-51	-44	0	0	-51	-53	0	0	-75	-80	-74	-74	-75	0	0	0	0	-81	-82	-83	0	-81	-83	-82	0	0	-83	-92	-91	0	0	-90	0	-53	0	0	-92	-93	0	-94	0	0	0	0	0	0	0	0	0	0	0	0	0	0	0	0	0	0	0	0	0	0	0	0	0	0	0	0	0	0	0	0	0	0	0	0	0	0	0	0	0	-57	0	0	0	0	0	0	0	0	0	0	0	0	0	0	0	0	0	0	0	0	0	0	0	0	0	0	0	0	0	3286	-3346	3142	22020	-7801	-121	-22	972	209	0	0	0	-21	959	203	1606974632
-51	-47	0	-52	-53	0	-72	-72	-74	-79	-73	-73	-76	-71	0	-85	0	-81	-82	-81	0	-80	-81	-82	0	0	-82	-89	-90	0	-91	-92	-90	0	0	0	0	-93	0	-94	0	0	0	0	0	0	0	0	0	0	0	0	0	0	0	0	0	0	0	0	0	0	0	0	0	0	0	0	0	0	-91	0	0	0	0	0	0	0	0	0	0	-57	0	0	0	0	0	0	0	0	0	0	0	0	0	0	0	0	0	0	0	0	0	0	0	0	0	0	0	0	0	3271	-3338	3112	22024	-7811	-121	-23	971	214	0	0	0	-21	959	202	1606974633
-52	-45	-48	-52	-52	0	0	-71	-79	-80	-80	-79	-74	0	0	0	0	-85	-87	-86	0	0	-86	-86	0	0	-84	-91	-92	0	0	-91	-93	-51	0	0	-92	0	-94	-95	0	0	0	0	0	0	0	0	0	0	0	0	0	0	0	0	0	0	0	0	0	0	0	0	0	0	0	0	0	-89	0	0	0	0	0	0	0	0	0	0	0	-57	0	0	0	0	0	0	0	0	0	0	0	0	0	0	0	0	0	0	0	0	0	0	0	0	0	0	0	0	0	3316	-3368	3098	22021	-7802	-121	-22	972	210	0	0	0	-21	959	203	1606974635
-54	0	-48	-52	-53	0	-70	-72	-79	-79	-80	-80	-74	-70	0	0	0	-85	-85	-86	-76	-74	-86	-86	0	0	-81	-91	-90	0	0	-92	0	-51	0	0	0	-95	0	0	0	-87	0	0	0	0	0	0	0	0	0	0	0	0	0	0	0	0	0	0	0	0	0	0	0	0	0	0	0	0	0	0	0	0	0	0	0	0	0	0	0	-59	0	0	0	0	0	0	0	0	0	0	0	0	0	0	0	0	0	0	0	0	0	0	0	0	0	0	0	0	0	3316	-3338	3097	22016	-7792	-124	-23	973	204	0	0	0	-22	958	205	1606974637
0	-50	0	-52	0	0	-70	-71	-81	0	-80	-81	-73	-72	0	0	0	-88	-86	-86	-75	-73	-85	-85	0	-73	-82	-91	-90	0	0	-91	0	-52	0	0	-94	0	0	0	0	0	0	0	-88	0	0	0	0	0	0	0	0	0	0	0	0	0	0	0	0	0	0	0	0	0	0	0	0	-90	0	0	0	0	0	0	0	0	0	0	0	-57	0	0	0	0	0	0	0	0	0	0	0	0	0	0	0	0	0	0	0	0	0	0	0	0	0	0	0	0	0	3278	-3338	3083	22015	-7788	-123	-23	972	210	-1	0	-1	-21	958	205	1606974638
0	-45	-47	-51	-53	0	-69	0	-81	0	-81	-81	-73	-72	0	-86	0	-85	-86	-86	0	0	-85	-86	0	0	-81	-91	-91	0	0	-91	0	-51	0	0	-94	0	0	-95	0	-85	0	0	0	0	0	0	0	0	0	0	0	0	0	0	0	0	0	0	0	0	0	0	0	0	0	0	0	-92	0	0	0	0	0	0	0	0	0	0	0	-57	0	0	0	0	0	0	0	0	0	0	0	0	0	0	0	0	0	0	0	0	0	0	0	0	0	0	0	0	0	3316	-3338	3097	22021	-7803	-121	-20	974	202	-1	0	0	-21	959	203	1606974640
-55	-49	-47	-53	-53	-52	-70	-73	-75	-80	-74	-74	-76	-70	0	0	0	-80	-82	-81	-73	-76	-81	-81	-74	-74	-82	-91	-92	0	-91	-92	-92	-51	0	0	-93	-93	0	-94	0	0	0	0	0	0	-90	0	0	0	-89	0	0	0	0	0	0	0	0	0	0	0	0	0	0	0	0	0	0	0	0	0	0	0	0	0	0	0	0	0	0	-58	0	0	0	0	0	0	0	0	0	0	0	0	0	0	0	0	0	0	0	0	0	0	0	0	0	0	0	0	0	3241	-3338	3097	22020	-7798	-120	-22	972	210	0	0	0	-21	958	204	1606974641
0	-49	-52	-53	-51	-66	-70	0	-81	-79	-80	-81	-73	0	0	0	0	-84	-85	-86	-76	-73	-85	-86	-74	-74	-82	0	-91	0	0	-91	0	-52	0	0	-94	-93	-95	-95	0	0	0	0	0	0	0	0	0	0	0	0	0	0	0	0	0	0	0	0	0	0	0	0	0	0	0	0	0	0	0	0	0	0	0	0	0	0	0	0	0	-56	0	0	0	0	0	0	0	0	0	0	0	0	0	0	0	0	0	0	0	0	0	0	0	0	0	0	0	0	0	3316	-3309	3172	22019	-7799	-123	-21	973	205	0	0	0	-21	958	204	1606974643
-52	-44	-48	-53	-53	-68	-72	-72	-80	0	-80	-79	-74	-70	0	0	-73	-85	-85	-86	0	0	-85	-86	0	0	-82	-92	-90	0	-90	-91	-92	-51	0	0	0	-95	-94	-94	0	0	0	0	0	0	0	0	0	0	0	0	0	0	0	0	0	0	0	0	0	0	0	0	0	0	0	0	0	0	0	0	0	0	0	0	0	0	0	0	0	-57	0	0	0	0	0	0	0	0	0	0	0	0	0	0	0	0	0	0	0	0	0	0	0	0	0	0	0	0	0	3241	-3323	3097	22015	-7786	-123	-21	973	205	-1	0	-1	-22	958	206	1606974645
-49	-44	-49	-53	-53	-66	-71	-73	-80	-79	-81	-82	-73	-71	0	0	0	-86	-86	-85	0	-74	-86	-85	0	0	-81	-90	-89	0	-91	-91	-93	-51	0	0	-95	-95	0	-95	0	0	0	0	0	0	0	0	0	0	0	0	0	0	0	0	0	0	0	0	0	0	0	0	0	0	0	0	0	0	0	0	0	0	0	0	0	0	0	0	0	-57	0	0	0	0	0	0	0	0	0	0	0	0	0	0	0	0	0	0	0	0	0	0	0	0	0	0	0	0	0	3226	-3383	3097	22017	-7794	-125	-23	972	211	-1	0	-1	-22	958	204	1606974646
-52	-45	-49	-54	-53	-67	-71	0	-80	-79	-80	-80	-75	-72	-84	0	0	-85	-85	-86	0	-76	-85	-85	0	0	-82	-90	-89	0	-90	-91	0	-51	0	0	-95	-94	0	0	0	0	0	0	0	0	0	0	0	0	0	0	0	0	0	0	0	0	0	0	0	0	0	0	0	0	0	0	0	0	0	0	0	0	0	0	0	0	0	0	0	-57	0	0	0	0	0	0	0	0	0	0	0	0	0	0	0	0	0	0	0	0	0	0	0	0	0	0	0	0	0	3226	-3353	3142	22016	-7788	-122	-22	972	211	0	0	0	-21	958	205	1606974648
-53	-44	-50	-53	-48	-66	-71	-70	-80	0	-80	-80	-74	-71	0	0	0	-84	-85	-84	0	-77	-85	-85	0	0	-85	-90	-92	0	-92	-91	0	-52	-61	0	-96	-94	0	-94	0	0	0	0	0	0	-88	0	0	0	-87	0	0	0	0	0	0	0	0	0	0	0	0	0	0	0	0	0	0	0	0	0	0	0	0	0	0	0	0	0	0	-56	0	0	0	0	0	0	0	0	0	0	0	0	0	0	0	0	0	0	0	0	0	0	0	0	0	0	0	0	0	3211	-3323	3127	22020	-7798	-120	-22	973	208	0	0	0	-21	958	204	1606974649
-53	-45	-48	-53	-53	-53	-70	-70	-73	-79	-73	-74	-75	-70	0	0	0	-81	-82	-81	0	0	-82	-82	0	0	-84	-91	-90	0	0	-90	-91	-52	0	0	-95	-94	-94	-94	0	-83	0	0	0	0	0	0	0	0	0	0	0	0	0	0	0	0	0	0	0	0	0	0	0	0	0	0	0	0	0	0	0	0	0	0	0	0	0	0	0	-58	0	0	0	0	0	0	0	0	0	0	0	0	0	0	0	0	0	0	0	0	0	0	0	0	0	0	0	0	0	3241	-3406	3112	22021	-7803	-122	-21	973	205	0	0	-1	-21	959	203	1606974651
0	-45	-50	-52	-52	-67	-73	-73	-80	-79	-80	-80	-74	-73	0	0	0	-85	-86	-85	0	-74	-85	-84	0	0	-81	-89	-89	0	0	-90	0	-51	0	0	0	0	0	0	0	-86	0	0	0	0	0	0	0	0	0	0	0	0	0	0	0	0	0	0	0	0	0	0	0	0	0	0	0	0	0	0	0	0	0	0	0	0	0	0	0	-54	0	0	0	0	0	0	0	0	0	0	0	0	0	0	0	0	0	0	0	0	0	0	0	0	0	0	0	0	0	3241	-3323	3120	22019	-7801	-124	-22	973	206	0	0	0	-22	959	203	1606974653
-55	-50	-49	-53	-52	-67	0	0	-81	-80	-80	-81	-74	0	0	0	0	-85	-85	-85	0	-74	-84	-85	-74	-74	-81	-90	-90	0	0	-90	0	-51	0	0	0	0	0	0	0	0	0	0	0	0	0	0	0	0	0	0	0	0	0	0	0	0	0	0	0	0	0	0	0	0	0	0	0	0	0	0	0	0	0	0	0	0	0	0	0	-55	0	0	0	0	0	0	0	0	0	0	0	0	0	0	0	0	0	0	0	0	0	0	0	0	0	0	0	0	0	3271	-3353	3157	22020	-7799	-121	-22	973	209	0	0	0	-21	958	204	1606974654
-52	-50	0	-53	-52	-67	0	-69	-80	0	-81	-81	-74	-70	0	0	0	-85	-86	-85	0	-74	-85	-85	0	0	-83	-91	-91	0	0	-93	0	-51	0	0	0	0	0	-95	0	0	0	0	0	0	0	0	0	0	0	0	0	0	0	0	0	0	0	0	0	0	0	0	0	0	0	0	0	0	-85	0	0	0	0	0	0	0	0	0	0	-59	0	0	0	0	0	0	0	0	0	0	0	0	0	0	0	0	0	0	0	0	0	0	0	0	0	0	0	0	0	3271	-3368	3097	22019	-7800	-124	-22	972	212	0	0	0	-22	959	203	1606974656
-52	-51	-49	-53	-52	-65	0	-72	-80	-80	-80	-81	-74	-73	0	0	0	-86	-85	-86	0	-80	-85	-85	0	0	0	-92	-91	0	0	-91	-91	-51	0	0	-96	-93	0	0	0	-86	0	0	0	0	0	0	0	-89	0	0	0	0	0	0	0	0	0	0	0	0	0	0	0	0	0	0	0	0	-85	0	0	0	0	0	0	0	0	0	0	-59	0	0	0	0	0	0	0	0	0	0	0	0	0	0	0	0	0	0	0	0	0	0	0	0	0	0	0	0	0	3286	-3316	3097	22014	-7784	-123	-20	972	214	-1	0	-1	-21	958	206	1606974658
-53	-44	-50	-52	-53	-67	0	-69	-80	-80	-81	-81	-74	-69	0	0	0	-86	-86	-85	0	-80	-85	-85	0	0	-82	-90	-91	0	0	-91	-93	-51	0	0	-95	-94	-95	-93	0	0	0	0	0	0	0	0	0	0	-89	0	0	0	0	0	0	0	0	0	0	0	0	0	0	0	0	0	0	0	0	0	0	0	0	0	0	0	0	0	0	-55	0	0	0	0	0	0	0	0	0	0	0	0	0	0	0	0	0	0	0	0	0	0	0	0	0	0	0	0	0	3241	-3429	3187	22015	-7789	-124	-21	973	206	0	0	-1	-22	958	205	1606974659
-51	-45	-48	-52	-51	0	-72	-72	-73	-80	-74	-73	-76	-69	0	0	-79	-81	-82	-81	-80	-81	-81	-81	-81	-81	-83	-90	-91	0	-91	-92	-92	-52	0	0	-93	-94	0	-94	0	0	0	0	0	0	-89	0	0	-89	0	0	0	0	0	0	0	0	0	-95	0	0	0	0	0	0	0	0	0	0	0	0	0	0	0	0	0	0	0	0	0	-58	0	0	0	0	0	0	0	0	0	0	0	0	0	0	0	0	0	0	0	0	0	0	0	0	0	0	0	0	0	3316	-3323	3127	22018	-7793	-120	-21	973	209	0	0	0	-21	958	205	1606974661
0	-45	0	0	-53	0	-73	-68	-80	-79	-81	-80	-74	-70	0	0	0	-85	-86	-85	0	-75	-85	-86	0	0	-80	-91	-92	0	0	-91	-91	-51	0	0	0	0	0	0	0	0	0	0	0	0	0	0	0	0	0	0	0	0	0	-91	0	0	0	0	0	0	0	0	0	0	0	0	0	0	0	0	0	0	0	0	0	0	0	0	0	-56	0	0	0	0	0	0	0	0	0	0	0	0	0	0	0	0	0	0	0	0	0	0	0	0	0	0	0	0	0	3241	-3331	3097	22016	-7792	-123	-22	972	212	-1	0	-1	-22	958	205	1606974663
-53	-45	-49	-52	-52	0	-72	-72	-81	-78	-80	-81	-75	-69	0	0	0	-85	-85	-85	0	-76	-85	-85	0	0	-84	-91	-90	0	-91	-90	-91	-51	0	0	-93	0	0	-94	0	-87	0	0	0	0	0	0	0	-87	0	0	0	0	0	0	0	0	0	0	0	0	0	0	0	0	0	0	0	0	0	0	0	0	0	0	0	0	0	0	0	-57	0	0	0	0	0	0	0	0	0	0	0	0	0	0	0	0	0	0	0	0	0	0	0	0	0	0	0	0	-94	3241	-3368	3112	22019	-7798	-121	-21	973	204	-1	0	-1	-21	958	204	1606974664
0	-45	-49	-52	-53	0	-69	-69	-80	0	-80	-81	-74	-68	0	-86	0	-85	-86	-85	0	0	-85	-85	0	0	-80	-92	-90	0	-90	-90	-91	-50	0	0	0	-94	-94	-95	0	0	0	0	0	0	0	0	0	0	0	0	0	0	0	0	0	0	0	0	0	0	0	0	0	0	0	0	0	-93	0	0	0	0	0	0	0	0	0	0	0	-58	0	0	0	0	0	0	0	0	0	0	0	0	0	0	0	0	0	0	0	0	0	0	0	0	0	0	0	0	0	3233	-3331	3097	22016	-7791	-123	-21	972	210	0	0	-1	-21	958	205	1606974666
-53	-45	-49	0	-51	-52	0	-71	-75	0	-74	-74	-75	0	0	0	0	-81	-81	-81	0	-75	-81	-80	0	0	-82	-91	-90	0	0	-91	0	-52	-63	0	-93	-94	-93	-95	0	0	0	0	0	0	0	0	0	0	0	0	0	0	0	0	0	0	0	0	0	0	0	0	0	0	0	0	0	0	0	0	0	0	0	0	0	0	0	0	0	-55	0	0	0	0	0	0	0	0	0	0	0	0	0	0	0	0	0	0	0	0	0	0	0	0	0	0	0	0	0	3286	-3331	3097	22017	-7794	-123	-22	972	210	0	0	-1	-22	958	204	1606974667
-54	-44	-49	-52	-52	0	-69	-69	-75	0	-73	-75	-76	-72	0	0	0	-81	-81	-80	0	-74	-81	-81	0	0	-83	0	-91	0	-92	-90	0	-52	-63	0	0	0	0	-95	0	0	0	0	0	0	0	0	0	0	0	0	0	0	0	0	0	0	0	0	0	0	0	0	0	0	0	0	-94	0	0	0	0	0	0	0	0	0	0	0	0	-59	0	0	0	0	0	0	0	0	0	0	0	0	0	0	0	0	0	0	0	0	0	0	0	0	0	0	0	0	0	3264	-3361	3112	22021	-7803	-122	-21	973	205	0	0	-1	-21	959	203	1606974669
-53	-45	0	-53	0	0	-73	-73	-81	-78	-81	-80	-74	-72	0	0	0	-84	-85	-86	0	0	-85	-86	-70	0	-82	-93	-91	0	-91	-93	-92	-51	0	0	0	-94	0	0	0	-86	0	0	0	0	0	0	0	0	0	0	0	0	0	0	0	0	0	0	0	0	0	0	0	0	0	0	0	0	0	0	0	0	0	0	0	0	0	0	0	-59	0	0	0	0	0	0	0	0	0	0	0	0	0	0	0	0	0	0	0	0	0	0	0	0	0	0	0	0	0	3271	-3323	3083	22021	-7804	-123	-21	974	203	0	0	0	-22	959	203	1606974671
0	-48	0	-53	-52	0	-69	-73	-81	0	-81	-81	-74	-74	0	0	0	-85	-85	-85	0	-74	-85	-86	0	0	-85	-90	-92	0	0	-89	-91	-51	0	0	0	0	0	0	0	0	0	0	0	0	0	0	0	0	0	0	0	0	0	0	0	0	0	0	0	0	0	0	0	0	0	0	0	0	0	0	0	0	0	0	0	0	0	0	0	0	0	0	0	0	0	0	0	0	0	0	0	0	0	0	0	0	0	0	0	0	0	0	0	0	0	0	0	0	0	3271	-3308	3142	22021	-7802	-121	-20	973	207	0	0	0	-21	959	203	1606974672
-54	-45	-49	-52	-52	0	-73	-70	-80	-80	-80	-80	-73	-70	0	0	-73	-86	-85	-85	-75	-74	-86	-85	-75	-74	-81	-92	-92	0	-91	-89	0	-51	0	0	-93	0	0	-94	0	-86	0	0	0	0	0	0	0	0	0	0	0	0	0	0	0	0	0	0	0	0	0	0	0	0	0	0	0	0	0	0	0	0	0	0	0	0	0	0	0	-58	0	0	0	0	0	0	0	0	0	0	0	0	0	0	0	0	0	0	0	0	0	0	0	0	0	0	0	0	0	3271	-3339	3187	22015	-7786	-123	-21	972	212	-1	0	-1	-22	958	206	1606974674
-53	-45	-50	-53	-52	0	0	-69	-81	-78	-80	-81	-74	-73	0	0	0	-85	-87	-85	0	-81	-86	-86	0	0	-81	0	-91	0	0	-91	0	-51	0	0	-94	-96	0	-94	0	0	0	0	0	0	0	0	0	0	0	0	0	0	0	0	0	0	0	0	0	0	0	0	0	0	0	0	0	0	0	0	0	0	0	0	0	0	0	0	0	-55	0	0	0	0	0	0	0	0	0	0	0	0	0	0	0	0	0	0	0	0	0	0	0	0	0	0	0	0	0	3211	-3353	3105	22020	-7797	-120	-21	972	210	0	0	0	-21	958	204	1606974676
-54	-45	-51	-53	-52	0	-70	0	-80	0	-80	-80	-74	0	0	0	0	-85	-85	-85	-80	-80	-85	-86	0	0	-83	-90	-90	0	-89	-91	-91	-51	-62	0	-94	-96	-95	0	0	0	0	0	0	0	0	0	0	0	0	0	0	0	0	0	0	0	0	0	0	0	0	0	0	0	0	0	0	0	0	0	0	0	0	0	0	0	0	0	0	-55	0	0	0	0	0	0	0	0	0	0	0	0	0	0	0	0	0	0	0	0	0	0	0	0	0	0	0	0	0	3233	-3315	3097	22019	-7798	-122	-22	973	208	0	0	0	-21	958	204	1606974677
-52	-48	-51	-52	-54	0	-69	-72	-80	0	-80	-80	-74	-72	0	0	0	-85	-86	-85	0	-81	-86	-86	0	0	-83	-90	-90	0	0	-90	0	-51	0	0	-93	-93	0	-95	0	0	0	0	0	0	-89	-89	0	0	-88	0	0	0	0	0	0	0	0	0	0	0	0	0	0	0	0	0	0	0	0	0	0	0	0	0	0	0	0	0	0	0	0	0	0	0	0	0	0	0	0	0	0	0	0	0	0	0	0	0	0	0	0	0	0	0	0	0	0	0	0	3241	-3338	3090	22018	-7797	-124	-21	973	209	0	0	-1	-22	958	204	1606974679
0	0	-50	-53	-52	0	-69	-72	-81	0	-81	-80	0	-69	0	0	0	-85	-86	-85	0	-80	-85	-85	0	0	0	-90	-90	0	-90	-91	-90	-51	0	0	-95	-94	0	-94	0	0	0	0	0	0	0	0	0	0	0	0	0	0	0	0	0	0	0	-94	0	0	0	0	0	0	0	0	0	0	0	0	0	0	0	0	0	0	0	0	0	-55	0	0	0	0	0	0	0	0	0	0	0	0	0	0	0	0	0	0	0	0	0	0	0	0	0	0	0	0	0	3226	-3338	3157	22018	-7798	-123	-21	973	207	0	0	-1	-21	958	204	1606974680
0	-44	-49	0	-53	0	0	-69	-80	0	-80	-80	-74	-69	0	0	0	-84	-85	-85	0	-80	-85	-85	0	0	-85	-92	-91	0	-93	-91	-93	-51	0	0	-97	-94	0	-94	0	0	0	0	0	0	0	0	0	-88	0	0	-88	-88	0	0	0	0	0	0	0	0	0	0	0	0	0	0	0	0	0	0	0	0	0	0	0	0	0	0	0	-59	0	0	0	0	0	0	0	0	0	0	0	0	0	0	0	0	0	0	0	0	0	0	0	0	0	0	0	0	0	3241	-3383	3142	22016	-7791	-124	-21	973	205	-1	0	-1	-22	958	205	1606974682
-53	-45	-49	-54	-52	0	-73	-70	-80	0	-80	-79	-74	-74	0	0	0	-85	-86	-86	0	-79	-85	-85	0	0	-81	-92	-90	0	0	-91	0	-52	0	0	-97	-94	0	0	0	-87	0	0	0	0	0	0	0	0	0	0	0	0	0	0	0	0	0	0	0	0	0	0	0	0	0	0	0	0	0	0	0	0	0	0	0	0	0	0	0	-58	0	0	0	0	0	0	0	0	0	0	0	0	0	0	0	0	0	0	0	0	0	0	0	0	0	0	0	0	0	3271	-3293	3127	22017	-7793	-124	-21	973	207	0	0	-1	-22	958	205	1606974683
-53	-45	-49	-52	0	0	0	-69	-81	-78	-81	-81	-73	-74	0	0	-81	-86	-85	-85	-80	-79	-85	-86	-81	-80	-81	-91	-89	0	-91	-89	-91	-51	0	0	-94	-94	0	-95	0	0	0	0	0	0	0	0	0	0	0	0	0	0	0	0	0	0	0	0	0	0	0	0	0	0	0	0	0	0	0	0	0	0	0	0	0	0	0	0	0	0	0	0	0	0	0	0	0	0	0	0	0	0	0	0	0	0	0	0	0	0	0	0	0	0	0	0	0	0	0	3271	-3353	3097	22018	-7792	-120	-21	973	209	-1	-1	0	-21	958	205	1606974685
-53	-50	0	-53	-48	0	0	-69	-81	0	-80	-81	-74	-70	0	0	0	-85	-85	-85	0	0	-85	-85	0	0	-83	-89	-91	0	-92	-92	0	-51	0	0	-94	-93	0	0	0	0	0	0	-88	0	0	0	0	0	0	0	0	0	0	0	0	0	0	0	0	0	0	0	0	0	0	0	0	0	0	0	0	0	0	0	0	0	0	0	0	-55	0	0	0	0	0	0	0	0	0	0	0	0	0	0	0	0	0	0	0	0	0	0	0	0	0	0	0	0	0	3196	-3368	3083	22018	-7795	-121	-22	973	208	0	0	0	-21	958	204	1606974687
-56	-45	-45	-52	-52	0	-70	-74	-81	0	-81	-81	-74	-73	0	0	0	-84	-86	-86	0	-80	-85	-85	0	0	-81	-92	-90	0	-92	-90	0	-51	0	0	-94	-95	-95	0	0	0	0	0	0	0	0	0	0	0	0	0	0	0	0	0	0	0	0	0	0	0	0	0	0	0	0	0	0	0	0	0	0	0	0	0	0	0	0	0	0	-58	0	0	0	0	0	0	0	0	0	0	0	0	0	0	0	0	0	0	0	0	0	0	0	0	0	0	0	0	0	3271	-3308	3083	22016	-7788	-120	-22	973	205	-1	0	0	-21	958	205	1606974688
-55	-46	0	-52	-53	0	-69	-69	-81	-79	-81	-82	-74	-72	0	0	0	-85	-85	-86	0	0	-86	-87	0	0	-82	-90	-91	0	-89	-91	-91	-52	0	0	-93	-94	0	-94	0	0	0	0	0	0	0	0	0	-88	0	0	0	0	0	0	0	0	0	0	0	0	0	0	0	0	0	0	0	0	0	0	0	0	0	0	0	0	0	0	0	-55	0	0	0	0	0	0	0	0	0	0	0	0	0	0	0	0	0	0	0	0	0	0	0	0	0	0	0	0	0	3241	-3384	3187	22019	-7796	-121	-21	974	205	0	0	0	-21	958	204	1606974690
-52	-46	0	-53	0	-51	-70	-71	-75	0	-73	-75	-76	-69	0	0	0	-81	-81	-81	-81	-81	-82	-81	0	-80	-83	-90	-90	0	-90	-89	-89	-52	0	0	-94	-93	0	-94	0	-87	0	0	0	0	0	0	0	0	0	0	0	0	0	0	0	0	0	0	0	0	0	0	0	0	0	0	0	0	0	0	0	0	0	0	0	0	0	0	0	0	0	0	0	0	0	0	0	0	0	0	0	0	0	0	0	0	0	0	0	0	0	0	0	0	0	0	0	0	0	3241	-3368	3112	22017	-7793	-123	-21	974	206	-1	0	-1	-21	958	205	1606974691
0	-52	0	-52	-53	0	-72	-69	-72	0	-72	-73	-76	-72	0	0	0	-81	-81	-81	0	-80	-81	-82	0	0	-82	-91	-90	0	0	-90	-92	-52	0	0	-92	-94	0	-94	0	0	0	0	0	-90	-88	0	0	0	0	0	0	0	0	0	0	0	0	0	0	0	0	0	0	0	0	0	0	0	0	0	0	0	0	0	0	0	0	0	0	-57	0	0	0	0	0	0	0	0	0	0	0	0	0	0	0	0	0	0	0	0	0	0	0	0	0	0	0	0	0	3241	-3353	3112	22017	-7790	-121	-22	972	211	-1	0	0	-21	958	205	1606974693
0	-52	-49	-52	-53	-52	-72	-69	-75	-78	-75	-74	-76	-73	0	-90	0	-81	-81	-81	0	0	-82	-81	0	0	-85	-91	-91	0	0	-91	0	-53	0	0	-94	-94	0	-94	0	-85	0	0	-89	0	0	0	0	0	0	0	0	0	0	0	0	0	0	0	0	0	0	0	0	0	0	0	0	0	0	0	0	0	0	0	0	0	0	0	0	0	0	0	0	0	0	0	0	0	0	0	0	0	0	0	0	0	0	0	0	0	0	0	0	0	0	0	0	0	0	3241	-3368	3097	22024	-7810	-121	-21	975	199	0	0	0	-21	959	199	1606974695
0	-48	0	-52	-53	0	-69	0	-75	0	-72	-75	-77	-72	0	0	0	-81	-83	-82	0	0	-82	-82	0	0	-83	-90	-90	0	-90	-90	-91	-52	0	0	-94	-94	0	-95	0	0	0	0	0	0	0	0	0	0	0	0	0	0	0	0	0	0	0	0	0	0	0	0	0	0	0	0	0	-89	0	0	0	0	0	0	0	0	0	0	0	-57	0	0	0	0	0	0	0	0	0	0	0	0	0	0	0	0	0	0	0	0	0	0	0	0	0	0	0	0	0	3256	-3391	3098	22018	-7793	-119	-22	973	208	0	0	0	-21	959	203	1606974696
-54	-45	-49	-52	-53	0	-72	-71	-83	0	-83	-83	-74	-69	0	-89	0	-85	-85	-85	-79	-82	-85	-86	0	-80	-83	-90	-90	0	0	-89	-90	-53	0	0	0	0	0	-95	0	-84	0	0	-88	0	0	0	0	-90	0	0	0	0	0	0	0	0	0	0	0	0	0	0	0	0	0	0	0	0	0	0	0	0	0	0	0	0	0	0	0	-57	0	0	0	0	0	0	0	0	0	0	0	0	0	0	0	0	0	0	0	0	0	0	0	0	0	0	0	0	0	3324	-3338	3097	22017	-7791	-121	-22	972	209	0	0	0	-21	958	205	1606974698
-55	-50	-50	-53	0	0	-70	0	-82	-80	-80	-81	-74	-72	0	0	-77	-85	-85	-86	-72	-73	-84	-85	-74	-75	-82	-91	-91	0	0	-90	-91	-51	0	0	-95	0	-96	-95	0	0	0	0	0	0	0	0	0	0	0	0	0	0	0	0	0	0	0	0	0	0	0	0	0	0	0	0	0	0	0	0	0	0	0	0	0	0	0	0	0	0	0	0	0	0	0	0	0	0	0	0	0	0	0	0	0	0	0	0	0	0	0	0	0	0	0	0	0	0	0	3271	-3323	3112	22019	-7796	-120	-23	972	210	0	0	0	-21	958	204	1606974699
-51	-45	0	-53	-51	0	-70	0	-81	0	-82	-81	-73	-69	0	-86	0	-84	-84	-85	0	-73	-84	-85	0	0	-82	-91	-91	0	0	-90	-91	-52	0	0	-94	-93	0	-94	0	0	0	0	-88	0	0	0	0	0	0	0	0	0	0	-91	0	0	0	0	0	0	0	0	0	0	0	0	0	0	0	0	0	0	0	0	0	0	0	0	0	-57	0	0	0	0	0	0	0	0	0	0	0	0	0	0	0	0	0	0	0	0	0	0	0	0	0	0	0	0	0	3271	-3301	3127	22019	-7792	-117	-21	973	208	-1	-1	0	-20	958	205	1606974701
-53	-48	-49	-54	-53	-51	-70	-71	-74	0	-73	-74	-76	-69	0	0	0	-80	-82	-81	-74	-74	-81	-81	-75	-75	-81	-90	-90	0	0	-90	0	-51	0	0	-94	-95	-92	0	0	0	0	0	0	0	0	0	0	0	-88	0	0	0	0	0	0	0	0	0	0	0	0	0	0	0	0	0	0	0	0	0	0	0	0	0	0	0	0	0	0	-58	0	0	0	0	0	0	0	0	0	0	0	0	0	0	0	0	0	0	0	0	0	0	0	0	0	0	0	0	0	3286	-3331	3097	22016	-7786	-120	-20	972	211	-1	0	0	-21	958	206	1606974703
-54	-45	-50	-53	-52	-66	-70	-71	-81	0	-80	-81	-74	-71	0	0	0	-84	-85	-85	0	-76	-84	-85	0	0	-82	-91	-91	0	-91	-91	0	-52	0	0	-93	0	0	-95	0	0	0	0	0	0	0	0	0	0	0	0	-88	0	0	0	0	0	0	0	0	0	0	0	0	0	0	0	0	0	0	0	0	0	0	0	0	0	0	0	0	-58	0	0	0	0	0	0	0	0	0	0	0	0	0	0	0	0	0	0	0	0	0	0	0	0	0	0	0	0	0	3189	-3368	3150	22016	-7790	-122	-21	973	208	0	0	-1	-21	958	205	1606974704
0	-48	-48	-54	-53	-66	-72	-70	-80	0	-80	-81	-75	-69	0	0	-74	-84	-85	-84	-75	-75	-85	-84	-73	-73	0	-89	-91	0	0	-91	0	-51	0	0	-93	0	0	-96	0	0	0	0	0	0	0	0	0	0	0	0	0	0	0	0	0	0	0	0	0	0	0	0	0	0	0	0	0	0	0	0	0	0	0	0	0	0	0	0	0	-56	0	0	0	0	0	0	0	0	0	0	0	0	0	0	0	0	0	0	0	0	0	0	0	0	0	0	0	0	0	3286	-3368	3090	22017	-7792	-121	-21	973	206	0	0	-1	-21	958	205	1606974706
-53	-49	-49	-53	-50	-66	-73	-69	-81	0	-80	-81	-74	-70	0	0	0	-84	-85	-85	0	-77	-85	-85	0	0	-82	-90	-91	0	0	-91	0	-51	0	0	-95	0	0	0	0	0	0	0	0	0	0	0	0	0	0	0	0	0	0	0	0	0	0	0	0	0	0	0	0	0	0	0	0	0	0	0	0	0	0	0	0	0	0	0	0	-55	0	0	0	0	0	0	0	0	0	0	0	0	0	0	0	0	0	0	0	0	0	0	0	0	0	0	0	0	0	3226	-3308	3127	22017	-7791	-121	-22	972	210	0	0	0	-21	958	205	1606974707
-54	-48	-50	-54	-53	-53	-70	-72	-73	0	-74	-74	-77	-72	0	-89	0	-80	-80	-80	0	-73	-80	-80	0	0	-85	-91	-91	0	0	-90	0	-51	0	0	-92	-95	-94	-94	0	0	0	0	0	0	0	0	0	0	0	0	0	0	0	0	-86	0	0	0	0	-86	0	0	-85	0	0	0	-95	0	-85	0	0	0	0	0	0	0	0	0	0	-56	0	0	0	0	0	0	0	0	0	0	0	0	0	0	0	0	0	0	0	0	0	0	0	0	0	0	0	0	0	3226	-3330	3112	22012	-7777	-123	-20	975	199	-1	-1	-1	-21	958	207	1606974709
-55	-49	-48	-53	-53	0	-71	-69	-73	-78	-73	-73	-76	-69	0	0	0	-81	-81	-80	0	0	-81	-81	0	0	-84	-90	-91	0	0	-91	0	-51	0	0	-94	-93	0	-94	0	0	0	0	0	0	0	0	0	0	0	0	0	0	0	0	0	0	0	0	0	0	0	0	0	0	0	0	0	0	0	0	0	0	0	0	0	0	0	0	0	-58	0	0	0	0	0	0	0	0	0	0	0	0	0	0	0	0	0	0	0	0	0	0	0	0	0	0	0	0	0	3316	-3338	3105	22018	-7789	-118	-22	974	199	-2	-1	-1	-21	958	205	1606974711
-55	0	-48	-52	-53	0	-69	-72	-81	-79	-81	-81	-74	-69	0	0	0	-84	-85	-84	0	-77	-84	-84	0	0	-81	-90	-92	0	0	-90	-90	-51	0	0	-96	-93	0	-95	0	-86	0	0	-87	0	0	0	0	0	0	0	0	0	0	0	0	0	0	0	0	0	0	0	0	0	0	0	0	0	0	0	0	0	0	0	0	0	0	0	0	-55	0	0	0	0	0	0	0	0	0	0	0	0	0	0	0	0	0	0	0	0	0	0	0	0	0	0	0	0	0	3271	-3323	3097	22068	-7777	-119	-20	974	205	-1	-1	0	-21	958	207	1606974712
-53	-45	-49	-53	-53	0	-69	-72	-82	-80	-80	-80	-74	-69	0	0	0	-86	-86	-85	0	-75	-85	-84	0	0	-82	-91	-90	0	0	-91	0	-51	0	0	-93	-94	0	-94	0	0	0	0	0	0	0	0	0	0	0	0	0	0	0	0	0	0	0	0	0	0	0	0	0	0	0	0	0	0	0	0	0	0	0	0	0	0	0	0	0	-58	0	0	0	0	0	0	0	0	0	0	0	0	0	0	0	0	0	0	0	0	0	0	0	0	0	0	0	0	0	3271	-3368	3127	22054	-7787	-118	-21	973	207	0	-1	0	-21	958	206	1606974714
-55	-45	-49	-52	-53	0	0	0	-80	-79	-81	-80	-74	-71	0	0	0	-87	-85	-85	0	-75	-85	-85	0	0	-81	-90	-89	0	0	-91	-91	-51	0	0	-96	-95	0	-94	0	0	0	0	0	0	0	0	0	0	0	0	0	0	0	0	0	0	0	0	0	0	0	0	0	0	0	0	0	0	0	0	0	0	0	0	0	0	0	0	0	-59	0	0	0	0	0	0	0	0	0	0	0	0	0	0	0	0	0	0	0	0	0	0	0	0	0	0	0	0	0	3271	-3368	3083	22043	-7783	-119	-21	973	205	-1	-1	0	-21	958	206	1606974716
-53	-46	-48	-51	-52	0	-71	-72	-80	0	-80	-80	-73	-71	0	0	0	-85	-85	-84	0	0	-85	-85	0	0	-82	-92	-91	0	0	-91	-89	-51	0	0	0	-94	0	0	0	-85	0	0	0	0	0	0	0	0	0	0	0	0	0	0	0	0	0	0	0	0	0	0	0	0	0	0	0	0	0	0	0	0	0	0	0	0	0	0	0	-58	0	0	0	0	0	0	0	0	0	0	0	0	0	0	0	0	0	0	0	0	0	0	0	0	0	0	0	0	0	3226	-3323	3082	22047	-7801	-124	-22	973	206	0	-1	-1	-22	959	203	1606974717
-52	-49	-48	-51	-53	0	-69	-69	-80	0	-80	-82	-75	0	0	0	0	-85	-85	-85	0	-75	-86	-85	0	0	-81	-90	-90	0	-90	-91	0	-53	0	0	-95	-96	0	0	0	-86	0	0	0	0	0	0	0	0	0	0	0	0	0	0	0	0	0	0	0	0	0	0	0	0	0	0	0	0	0	0	0	0	0	0	0	0	0	0	0	-57	0	0	0	0	0	0	0	0	0	0	0	0	0	0	0	0	0	0	0	0	0	0	0	0	0	0	0	0	0	3286	-3331	3105	22042	-7780	-120	-22	973	205	0	0	0	-21	958	207	1606974719
-53	-45	0	0	-53	0	-69	-69	-81	0	-80	-80	-74	-69	0	0	0	-85	-85	-85	0	-73	-86	-86	0	0	-82	-91	-90	0	-91	-90	-90	-51	0	0	-96	0	0	-95	0	0	0	0	0	0	0	0	0	0	0	0	0	0	0	0	0	0	0	0	0	0	0	0	0	0	0	0	0	0	0	0	0	0	0	0	0	0	0	0	0	-57	0	0	0	0	0	0	0	0	0	0	0	0	0	0	0	0	0	0	0	0	0	0	0	0	0	0	0	0	0	3256	-3323	3112	22046	-7788	-117	-21	973	208	-1	-1	0	-20	958	205	1606974720
-52	-45	-49	-52	-52	0	-71	-68	-81	-80	-81	-81	-73	-69	0	0	0	-86	-85	-85	0	-76	-86	-85	0	0	-81	-90	-91	0	0	-90	-91	-51	0	0	-96	0	0	0	0	0	0	0	0	0	0	0	0	0	0	0	0	0	0	0	0	0	0	0	0	0	0	0	0	0	0	0	0	0	0	0	0	0	0	0	0	0	0	0	0	-55	0	0	0	0	0	0	0	0	0	0	0	0	0	0	0	0	0	0	0	0	0	0	0	0	0	0	0	0	0	3286	-3301	3127	22044	-7787	-120	-22	973	211	-1	0	0	-21	958	206	1606974722
-52	-49	-47	0	-51	0	0	0	-79	-81	-80	-81	-74	0	0	0	0	-85	-86	-85	0	-75	-86	-84	0	0	-82	-91	-92	0	-91	-90	0	-51	0	0	-95	0	0	0	0	-85	0	0	0	0	0	0	0	0	0	0	0	0	0	0	0	0	0	0	0	0	0	0	0	0	0	0	0	0	0	0	0	0	0	0	0	0	0	0	0	-55	0	0	0	0	0	0	0	0	0	0	0	0	0	0	0	0	0	0	0	0	0	0	0	0	0	0	0	0	0	3271	-3398	3128	22044	-7784	-119	-21	972	212	-1	-1	0	-21	958	206	1606974724
-55	0	0	-51	-52	0	-71	-69	-80	0	-81	-81	-74	-71	0	0	0	-85	-84	-85	-74	-75	-85	-86	0	0	-82	-90	-92	0	0	-90	-89	-51	0	0	-94	-94	0	-94	0	0	0	0	0	0	0	0	0	0	0	0	0	0	0	0	0	0	0	0	0	0	0	0	0	0	0	0	0	0	0	0	0	0	0	0	0	0	0	0	0	-57	0	0	0	0	0	0	0	0	0	0	0	0	0	0	0	0	0	0	0	0	0	0	0	0	0	0	0	0	0	3271	-3308	3179	22042	-7777	-118	-19	973	211	0	0	-1	-21	958	207	1606974725
-51	-45	0	-52	-51	0	-69	-71	-79	0	-80	-81	-74	-71	0	0	0	-84	-84	-85	0	-73	-85	-85	0	0	-82	-90	-91	0	0	-90	-92	-51	0	0	-94	0	0	0	0	0	0	0	0	0	0	0	0	0	0	0	0	0	0	0	0	0	0	0	0	0	0	0	0	0	0	0	0	0	0	0	0	0	0	0	0	0	0	0	0	-55	0	0	0	0	0	0	0	0	0	0	0	0	0	0	0	0	0	0	0	0	0	0	0	0	0	0	0	0	0	3286	-3413	3090	22047	-7797	-122	-23	973	207	0	0	0	-21	958	204	1606974727
-53	-48	-48	-51	-52	0	-70	-70	-74	0	-73	-74	-76	-72	0	0	0	-81	-81	-81	0	-74	-81	-80	0	0	-81	0	-91	0	0	-91	-90	-52	0	0	-94	-94	0	-92	0	-86	0	0	0	0	-87	0	0	0	-87	0	0	0	0	0	0	0	0	0	0	0	0	0	0	0	0	0	0	0	0	0	0	0	0	0	0	0	0	0	0	-56	0	0	0	0	0	0	0	0	0	0	0	0	0	0	0	0	0	0	0	0	0	0	0	0	0	0	0	0	0	3286	-3308	3142	22044	-7786	-119	-22	972	211	-1	-1	0	-21	958	206	1606974728
-52	-48	-48	-52	-51	0	-69	-68	-80	0	-80	-80	0	-71	0	0	0	-85	-85	-86	0	-75	-85	-85	0	0	-81	-91	-92	0	0	-90	0	-51	0	-94	-93	-96	0	-94	0	0	0	0	0	0	0	-88	0	0	0	0	-87	-85	0	0	-85	0	0	0	0	-84	0	0	0	0	0	0	0	0	0	0	0	0	0	0	0	0	0	0	0	-57	0	0	0	0	0	0	0	0	0	0	0	0	0	0	0	0	0	0	0	0	0	0	0	0	0	0	0	0	0	3271	-3383	3083	22046	-7789	-118	-21	974	204	-1	-1	0	-21	958	205	1606974730
-53	-45	-48	-52	-51	0	-72	-72	-73	0	-72	-73	-76	-70	0	0	0	-82	-83	-81	0	-73	-82	-81	0	0	-84	-89	-90	0	0	-92	-89	-51	0	0	-93	-93	-95	-95	0	0	0	0	0	0	0	0	0	0	0	0	-86	-88	0	0	-84	0	0	0	0	-87	0	-87	0	0	0	0	0	-89	0	0	0	0	0	0	0	0	0	0	0	-57	0	0	0	0	0	0	0	0	0	0	0	0	0	0	0	0	0	0	0	0	0	0	0	0	0	0	0	0	0	3241	-3338	3127	22044	-7783	-117	-21	973	209	-1	-1	0	-20	958	206	1606974732
-53	-44	-47	-52	-51	0	-73	0	-80	0	-80	-80	-74	-73	0	0	-74	-86	-85	-85	0	0	-84	-85	0	0	-82	-90	-90	0	-90	-90	-91	-51	0	0	-94	0	-94	-94	0	0	0	0	0	0	0	0	0	0	0	0	0	0	0	0	0	0	0	0	0	0	0	0	0	0	0	0	0	0	0	0	0	0	0	0	0	0	0	0	0	-57	0	0	0	0	0	0	0	0	0	0	0	0	0	0	0	0	0	0	0	0	0	0	0	0	0	0	0	0	0	3271	-3368	3142	22045	-7785	-117	-21	973	206	0	0	0	-20	958	206	1606974733
-53	-44	-46	-52	-51	0	-72	-72	-80	-78	-80	-80	-74	-67	0	-86	0	-85	-85	-86	0	-75	-85	-86	0	0	-84	-90	-90	0	-91	-92	-93	-51	0	0	-94	-92	0	-94	0	-85	0	0	0	0	0	0	0	0	0	0	0	0	0	0	0	0	0	0	0	0	0	0	0	0	0	0	0	0	0	0	0	0	0	0	0	0	0	0	0	-60	0	0	0	0	0	0	0	0	0	0	0	0	0	0	0	0	0	0	0	0	0	0	0	0	0	0	0	0	0	3271	-3323	3142	22046	-7793	-120	-22	973	209	0	0	0	-21	958	205	1606974735
-53	-44	0	-52	-53	0	-70	-72	-81	-79	-80	-80	-74	-69	0	0	0	-85	-85	-85	0	-74	-85	-85	0	0	-81	-91	-89	0	0	-91	0	-53	0	0	-94	0	0	0	0	0	0	0	0	0	0	0	0	0	0	0	0	0	0	0	0	0	0	0	0	0	0	0	0	0	0	0	0	0	0	0	0	0	0	0	0	0	0	0	0	-55	0	0	0	0	0	0	0	0	0	0	0	0	0	0	0	0	0	0	0	0	0	0	0	0	0	0	0	0	0	3233	-3353	3112	22046	-7793	-120	-22	973	209	0	0	0	-21	958	205	1606974736
-54	-44	-48	-52	-52	0	-72	-72	-80	0	-80	-81	-74	-71	0	0	-75	-85	-84	-85	-75	-76	-85	-85	-75	-75	-82	-92	-91	0	0	-91	0	-51	0	0	-94	-95	0	0	0	0	0	0	0	0	0	0	0	-88	0	0	0	0	0	0	0	0	0	0	0	0	0	0	0	0	0	0	0	0	0	0	0	0	0	0	0	0	0	0	0	-60	0	0	0	0	0	0	0	0	0	0	0	0	0	0	0	0	0	0	0	0	0	0	0	0	0	0	0	0	0	3241	-3323	3135	22046	-7793	-121	-21	973	207	0	0	0	-21	958	205	1606974738
-52	0	0	-53	-52	0	-72	-69	-72	-78	-73	-73	-75	-68	0	0	0	-82	-81	-81	0	-74	-81	-82	0	0	-83	-88	-91	0	-91	-89	0	-51	0	0	-94	-93	0	-93	0	-85	0	0	0	0	0	0	0	0	0	0	0	0	0	0	0	0	0	0	0	0	0	0	0	0	0	0	0	0	-84	0	0	0	0	0	0	0	0	0	0	-62	0	0	0	0	0	0	0	0	0	0	0	0	0	0	0	0	0	0	0	0	0	0	0	0	0	0	0	0	0	3271	-3338	3127	22045	-7790	-121	-21	973	208	0	0	0	-21	958	205	1606974740
-54	-48	-47	-52	-52	0	-69	-68	-73	-80	-74	-73	-76	-72	0	-86	0	-81	-82	-80	0	-73	-80	-81	0	0	-85	-91	-91	0	0	-91	0	-51	0	0	-94	-93	0	-94	0	0	0	0	0	0	0	0	0	0	0	0	0	0	0	0	0	0	0	0	0	-86	0	0	-84	0	0	0	0	0	0	0	0	0	0	0	0	0	0	0	0	-61	0	0	0	0	0	0	0	0	0	0	0	0	0	0	0	0	0	0	0	0	0	0	0	0	0	0	0	0	0	3226	-3323	3112	22044	-7786	-121	-21	973	207	-1	-1	-1	-21	958	206	1606974741
-54	-46	-48	-52	-52	0	-69	0	-80	-79	-81	-80	-74	-71	0	0	-76	-85	-85	-86	-75	-74	-85	-85	-74	-74	-83	-91	-91	0	0	-89	-91	-51	0	0	0	-93	0	0	0	-82	0	0	0	0	0	0	0	0	0	0	0	0	0	0	0	0	0	0	0	0	0	0	0	0	0	0	0	0	0	0	0	0	0	0	0	0	0	0	0	-55	0	0	0	0	0	0	0	0	0	0	0	0	0	0	0	0	0	0	0	0	0	0	0	0	0	0	0	0	0	3196	-3398	3127	22045	-7791	-121	-22	973	207	0	0	-1	-21	958	205	1606974743
-54	-45	0	-52	-52	0	-68	-72	-72	0	-74	-74	-76	-69	0	0	0	-82	-82	-81	0	-75	-81	-81	0	0	-81	-90	-92	0	-90	-91	0	-52	0	0	-96	0	-93	0	0	0	0	0	0	0	0	0	0	0	0	0	0	0	0	0	0	0	0	0	0	0	0	0	0	0	0	0	0	0	0	0	0	0	0	0	0	0	0	0	0	-55	0	0	0	0	0	0	0	0	0	0	0	0	0	0	0	0	0	0	0	0	0	0	0	0	0	0	0	0	0	3271	-3353	3083	22045	-7789	-120	-21	973	208	0	-1	-1	-21	958	205	1606974745
-51	-45	0	-52	-52	0	0	-69	-80	-80	-79	-79	-73	-71	0	0	0	-84	-85	-85	0	-75	-86	-86	0	0	-83	-90	-91	0	0	-90	0	-51	0	0	-93	-94	0	-92	0	-83	0	0	0	0	0	0	0	-86	0	0	0	0	0	0	0	0	0	0	0	0	0	0	0	0	0	0	0	0	0	0	0	0	0	0	0	0	0	0	0	-56	0	0	0	0	0	0	0	0	0	0	0	0	0	0	0	0	0	0	0	0	0	0	0	0	0	0	0	0	-93	3271	-3384	3202	22045	-7790	-120	-21	973	208	0	0	-1	-21	958	205	1606974746
-53	-49	0	0	-51	0	-70	0	-81	-72	-80	-80	-74	0	0	0	0	-85	-85	-86	0	0	-85	-85	0	0	-82	-91	-91	0	0	-90	0	-53	0	0	-96	-95	0	-95	0	-85	0	0	0	0	0	0	0	0	0	0	0	0	0	0	0	0	0	0	0	0	0	0	0	0	0	0	0	0	0	0	0	0	0	0	0	0	0	0	0	-62	0	0	0	0	0	0	0	0	0	0	0	0	0	0	0	0	0	0	0	0	0	0	0	0	0	0	0	0	0	3241	-3368	3112	22046	-7793	-120	-21	974	205	0	0	0	-21	958	205	1606974748
-54	-44	0	-51	-52	0	-70	-70	-79	-79	-79	-79	-75	-69	0	0	0	-85	-86	-85	0	-74	-86	-86	0	0	-83	-91	-91	0	-90	-92	0	-53	0	0	0	0	-93	0	0	0	0	-86	0	0	0	0	0	0	0	0	0	0	0	0	0	0	0	0	0	0	0	0	0	0	0	0	0	0	0	0	0	0	0	0	0	0	0	0	0	-60	0	0	0	0	0	0	0	0	0	0	0	0	0	0	0	0	0	0	0	0	0	0	0	0	0	0	0	0	0	3226	-3368	3112	22044	-7787	-121	-20	974	205	-1	0	-1	-21	958	206	1606974749
-54	-48	-60	-53	-52	0	0	-72	-79	-77	-78	-79	-73	-69	0	-85	0	-85	-85	-85	0	-76	-85	-84	0	0	-81	-91	0	0	0	-91	0	-51	0	0	0	0	0	0	0	0	0	0	0	0	0	0	0	0	0	0	-88	0	0	0	-85	0	0	0	0	-85	0	-85	-88	0	0	0	0	0	0	0	0	0	0	0	0	0	0	0	0	-58	0	0	0	0	0	0	0	0	0	0	0	0	0	0	0	0	0	0	0	0	0	0	0	0	0	0	0	0	0	3241	-3331	3097	22048	-7798	-119	-22	972	211	0	0	0	-21	958	204	1606974751
-54	-45	-49	-52	-52	0	-72	-72	-80	0	-81	-80	-74	-71	0	0	-71	-84	-86	-85	-73	-74	-85	-85	0	0	-84	-92	-90	0	0	-91	0	-51	0	0	-93	-94	0	-94	0	-86	0	0	0	0	0	-87	0	-87	0	0	0	0	0	0	0	0	0	0	0	0	0	0	0	0	0	0	0	0	0	0	0	0	0	0	0	0	0	0	0	-56	0	0	0	0	0	0	0	0	0	0	0	0	0	0	0	0	0	0	0	0	0	0	0	0	0	0	0	0	0	3271	-3383	3120	22043	-7787	-122	-22	972	210	-1	-1	-1	-21	958	206	1606974752
-52	-45	-47	-52	-52	-67	0	-69	-80	-79	-81	-81	-73	0	0	0	0	-85	-85	-85	0	-74	-85	-85	0	0	-82	-91	-90	0	0	-91	0	-53	-62	0	-93	-94	0	-95	0	0	0	0	0	0	0	-87	0	0	0	0	0	0	0	0	-86	0	-72	0	0	-85	0	0	0	0	0	0	0	0	0	-95	0	0	0	0	0	0	0	0	0	-58	0	0	0	0	0	0	0	0	0	0	0	0	0	0	0	0	0	0	0	0	0	0	0	0	0	0	0	0	0	3226	-3338	3127	22045	-7792	-121	-21	973	207	0	0	-1	-21	958	205	1606974754
0	-46	-49	-52	-52	-67	-68	0	-80	-79	-82	-81	-74	-71	0	0	0	-86	-85	-85	0	-74	-86	-85	0	0	-81	-91	-92	0	0	-89	0	-50	0	0	-93	-93	0	-93	0	0	0	0	0	0	0	-86	0	0	0	0	0	0	0	0	-86	0	0	0	0	0	0	0	0	0	0	0	0	0	0	0	0	0	0	0	0	0	0	0	0	-60	0	0	0	0	0	0	0	0	0	0	0	0	0	0	0	0	0	0	0	0	0	0	0	0	0	0	0	0	0	3241	-3368	3127	22046	-7794	-121	-21	973	207	-1	-1	-1	-21	958	204	1606974755
-53	-45	-50	-51	-53	-67	-73	-73	-81	0	-80	-80	-74	-70	0	0	0	-84	-85	-85	0	-74	-85	-85	0	0	-81	-91	-91	0	0	-91	0	-51	-63	0	-94	-94	0	-96	0	-86	0	0	-88	0	0	0	0	0	0	0	0	-86	0	0	0	0	0	0	0	0	0	0	0	0	0	0	0	0	-88	0	0	0	0	0	0	0	0	0	0	-59	0	0	0	0	0	0	0	0	0	0	0	0	0	0	0	0	0	0	0	0	0	0	0	0	0	0	0	0	0	3240	-3308	3038	22040	-7774	-120	-21	972	214	0	0	0	-21	958	208	1606974757
-54	-45	-47	-52	-53	-66	-68	-67	-81	0	-80	-80	-73	-68	0	0	0	-85	-86	-86	0	-74	-84	-85	0	0	0	-92	0	0	0	0	0	-51	0	0	-95	-94	0	-94	0	-86	0	0	-88	0	0	0	0	0	0	0	0	0	0	0	0	0	0	0	0	0	0	0	0	0	0	0	0	0	0	0	0	0	0	0	0	0	0	0	0	-58	0	0	0	0	0	0	0	0	0	0	0	0	0	0	0	0	0	0	0	0	0	0	0	0	0	0	0	0	0	3241	-3368	3083	22042	-7784	-122	-22	973	211	-1	0	-1	-21	958	206	1606974758
0	-44	-47	-52	-53	-51	-72	-69	-72	0	-73	-73	-76	-71	0	0	0	-81	-81	-81	0	-78	-81	-82	0	0	-81	-92	-93	0	0	-92	0	-52	0	0	-92	-94	-94	-95	0	-85	0	0	0	0	0	-87	0	0	0	0	0	0	0	0	0	0	0	0	0	0	0	0	0	0	0	0	0	0	0	0	0	0	0	0	0	0	0	0	0	-58	0	0	0	0	0	0	0	0	0	0	0	0	0	0	0	0	0	0	0	0	0	0	0	0	0	0	0	0	0	3331	-3338	3127	22046	-7792	-121	-21	973	207	0	-1	0	-21	958	205	1606974760
-53	-49	0	-53	-52	-65	-68	-72	-81	0	-81	-80	-74	-72	0	0	0	-85	-85	-85	-79	-79	-85	-85	0	-80	-80	-91	-92	0	0	-92	0	-51	0	0	-95	-93	0	-95	0	-86	0	0	0	0	-87	0	0	0	0	0	0	0	-94	0	0	0	0	0	0	0	0	0	0	0	0	0	0	0	0	0	0	0	0	0	0	0	0	0	0	-60	0	0	0	0	0	0	0	0	0	0	0	0	0	0	0	0	0	0	0	0	0	0	0	0	0	0	0	0	0	3211	-3338	3112	22044	-7787	-121	-21	973	207	-1	0	-1	-21	958	206	1606974762
-53	-46	-46	-52	-49	-66	-68	-68	-81	0	-80	-81	-74	-72	0	0	0	-85	-85	-84	0	-80	-85	-86	0	0	-83	-92	-91	0	0	-91	0	-51	-62	0	0	-95	0	-94	0	-87	0	0	0	0	-89	-86	0	0	-88	0	0	0	0	0	0	0	0	0	0	0	0	0	0	0	0	0	0	0	0	0	0	0	0	0	0	0	0	0	0	-55	0	0	0	0	0	0	0	0	0	0	0	0	0	0	0	0	0	0	0	0	0	0	0	0	0	0	0	0	0	3331	-3338	3127	22044	-7789	-122	-21	973	208	0	0	-1	-21	958	205	1606974763
-53	-45	-47	-52	-52	-52	-73	-72	-72	0	-72	-73	-75	-73	0	0	0	-82	-82	-82	0	-79	-82	-82	0	0	-79	-91	-91	0	0	-92	0	-52	0	0	-94	-93	0	-94	0	0	0	0	0	0	0	0	0	0	0	0	0	0	0	0	0	0	0	0	0	-86	0	0	0	0	0	0	0	0	0	0	0	0	0	0	0	0	0	0	0	-55	0	0	0	0	0	0	0	0	0	0	0	0	0	0	0	0	0	0	0	0	0	0	0	0	0	0	0	0	0	3286	-3338	3090	22045	-7790	-121	-21	973	207	0	-1	0	-21	958	205	1606974765
-52	-45	0	0	-51	-66	0	0	-79	-78	-80	-80	-74	0	0	0	0	-85	-86	-85	0	0	-85	-85	0	0	-80	-90	-90	0	0	-90	-92	-52	0	-94	-92	-93	-95	-95	0	0	0	0	0	0	0	0	0	0	0	0	0	0	0	0	0	0	0	0	0	0	0	0	0	0	0	0	0	0	0	0	0	0	0	0	0	0	0	0	0	-62	0	0	0	0	0	0	0	0	0	0	0	0	0	0	0	0	0	0	0	0	0	0	0	0	0	0	0	0	0	3271	-3338	3112	22045	-7788	-120	-21	973	208	0	0	0	-21	958	206	1606974767
-53	-45	0	-52	-52	-67	-69	-72	-82	0	-79	-80	-74	-74	0	0	0	-85	-85	-86	0	0	-85	-84	0	0	-84	-91	-89	0	0	-91	-91	-53	0	0	0	-95	0	-94	0	0	0	0	0	0	0	0	0	0	0	0	0	0	0	0	0	0	0	0	0	0	0	0	0	0	0	0	0	0	0	0	0	0	0	0	0	0	0	0	0	-59	0	0	0	0	0	0	0	0	0	0	0	0	0	0	0	0	0	0	0	0	0	0	0	0	0	0	0	0	0	3278	-3308	3112	22044	-7786	-120	-21	973	208	0	0	-1	-21	958	206	1606974768
0	-44	-47	-52	0	-67	-72	-72	-80	-78	-80	-81	-74	-72	0	0	0	-85	-85	-84	-79	-79	-86	-85	-80	-79	-81	-91	-92	0	0	-90	-91	-52	0	-92	-94	-94	-93	-94	0	0	0	0	0	0	0	0	0	0	0	0	0	0	0	0	0	0	0	0	0	0	0	0	0	0	0	0	0	0	0	0	0	0	0	0	0	0	0	0	0	-56	0	0	0	0	0	0	0	0	0	0	0	0	0	0	0	0	0	0	0	0	0	0	0	0	0	0	0	0	0	3286	-3293	3097	22045	-7788	-120	-21	973	208	-1	-1	-1	-21	958	205	1606974770
-52	-50	-50	-52	-53	-66	-73	-73	-80	0	-80	-79	-74	-70	0	0	0	-85	-86	-86	0	-79	-84	-85	0	0	-81	-91	-91	0	0	-91	-90	-51	0	0	-95	-95	0	-93	0	-86	0	0	0	0	0	-89	0	0	0	0	0	0	0	0	0	0	0	0	0	0	0	0	0	0	0	0	0	0	0	-93	0	0	0	0	0	0	0	0	0	-59	0	0	0	0	0	0	0	0	0	0	0	0	0	0	0	0	0	0	0	0	0	0	0	0	0	0	0	0	0	3271	-3368	3097	22044	-7787	-121	-21	973	208	0	0	-1	-21	958	206	1606974771
-55	-49	-47	-52	-52	-65	0	-72	-81	-78	-80	-80	-74	0	0	0	0	-86	-86	-85	0	-79	-86	-85	0	0	-80	-90	-91	0	0	-91	0	-52	0	-94	-95	-93	0	-94	0	-86	0	0	0	0	0	0	0	0	0	0	0	0	0	0	0	0	0	0	0	0	0	0	0	0	0	0	0	0	0	0	0	0	0	0	0	0	0	0	0	-59	0	0	0	0	0	0	0	0	0	0	0	0	0	0	0	0	0	0	0	0	0	0	0	0	0	0	0	0	0	3286	-3323	3097	22044	-7787	-119	-21	973	208	0	-1	-1	-21	958	206	1606974773
-52	0	-48	-53	-52	-67	0	0	-81	-78	-81	-82	-74	0	0	0	0	-85	-85	-85	0	-73	-86	-86	0	0	-84	-92	-91	0	0	-90	0	-52	0	0	-94	-94	0	-94	0	0	0	0	-90	-89	-89	0	-87	0	0	0	0	0	0	0	0	0	0	-96	0	0	0	0	0	0	0	0	0	0	0	0	0	0	0	0	0	0	0	0	0	-57	0	0	0	0	0	0	0	0	0	0	0	0	0	0	0	0	0	0	0	0	0	0	0	0	0	0	0	0	0	3286	-3308	3142	22045	-7790	-121	-22	973	208	-1	0	0	-21	958	205	1606974775
-53	-45	-47	-52	-53	-52	-72	0	-72	-79	-73	-74	-76	0	0	-87	0	-82	-82	-82	0	-75	-82	-82	0	0	-84	-91	-91	0	0	-91	0	-52	0	0	-93	-93	-93	-95	0	0	0	0	0	0	0	0	0	0	0	0	0	0	0	0	0	0	0	0	0	0	0	0	0	0	0	0	0	0	0	0	0	0	0	0	0	0	0	0	0	-55	0	0	0	0	0	0	0	0	0	0	0	0	0	0	0	0	0	0	0	0	0	0	0	0	0	0	0	0	0	3233	-3323	3052	22044	-7788	-120	-21	973	208	0	0	0	-21	958	205	1606974776
-53	-45	-48	0	-51	-65	0	0	-81	-79	-80	-80	-73	0	0	-87	0	-86	-84	-85	0	-74	-85	-85	0	0	-82	-90	-92	0	0	-91	0	-51	0	0	-93	-92	0	-94	0	0	0	0	0	0	0	0	0	0	0	0	0	0	0	0	0	0	0	0	0	0	0	0	0	0	0	0	0	0	0	0	0	0	0	0	0	0	0	0	0	-55	0	0	0	0	0	0	0	0	0	0	0	0	0	0	0	0	0	0	0	0	0	0	0	0	0	0	0	0	0	3324	-3308	3157	22044	-7788	-120	-21	973	208	0	0	-1	-21	958	205	1606974778
-54	-45	-49	-52	-53	-65	-68	-68	-81	0	-81	-81	-73	-72	0	0	0	-85	-85	-86	0	0	-85	-85	0	0	-83	-90	-90	0	0	-91	0	-53	0	0	-92	-93	0	-94	0	-86	0	0	0	0	0	0	0	0	0	0	0	0	0	0	0	0	0	0	0	0	0	0	0	0	0	0	0	0	0	0	0	0	0	0	0	0	0	0	0	-59	0	0	0	0	0	0	0	0	0	0	0	0	0	0	0	0	0	0	0	0	0	0	0	0	0	0	0	0	0	3226	-3330	3082	22045	-7789	-119	-21	973	209	-1	-1	-1	-21	958	205	1606974779
-50	-45	-47	0	-52	-52	0	0	-74	-79	-73	-74	-77	0	0	0	0	-82	-81	-81	0	0	-80	-82	0	0	-81	-90	-91	0	0	-90	0	-52	0	0	-92	0	0	-92	0	0	0	0	0	0	0	0	0	0	0	0	0	0	0	0	-85	0	0	0	0	-86	0	0	0	0	0	0	0	0	0	0	0	0	0	0	0	0	0	0	0	-59	0	0	0	0	0	0	0	0	0	0	0	0	0	0	0	0	0	0	0	0	0	0	0	0	0	0	0	0	0	3271	-3293	3112	22044	-7788	-121	-21	973	209	0	0	-1	-21	958	205	1606974781
-52	-45	-47	-52	-52	-65	-69	-69	-80	-79	-80	-80	-74	-73	0	0	0	-86	-84	-85	0	0	-84	-85	0	0	-81	-90	-90	0	0	-92	-90	-51	0	0	0	-94	0	0	0	0	0	0	0	-88	-89	0	0	-84	-89	0	-89	-85	0	-89	0	0	0	0	0	0	0	0	0	0	0	0	0	0	0	0	0	0	0	0	0	0	0	0	0	-56	0	0	0	0	0	0	0	0	0	0	0	0	0	0	0	0	0	0	0	0	0	0	0	0	0	0	0	0	0	3241	-3338	3112	22045	-7790	-120	-21	973	207	0	0	0	-21	958	205	1606974783
-52	0	-48	0	-51	-52	-73	-74	-72	-78	-73	-72	-76	-73	0	-87	0	-82	-82	-81	0	-75	-81	-82	0	0	-83	-92	-91	0	-91	-92	0	-52	0	0	0	-93	0	-92	0	0	0	0	0	0	0	0	0	0	0	0	0	0	0	0	0	0	0	0	0	0	0	0	0	0	0	0	0	0	0	0	0	0	0	0	0	0	0	0	0	-57	0	0	0	0	0	0	0	0	0	0	0	0	0	0	0	0	0	0	0	0	0	0	0	0	0	0	0	0	0	3279	-3338	3142	22045	-7791	-120	-21	973	207	0	0	0	-21	958	205	1606974784
-53	-45	-47	-52	-51	-66	0	-69	-80	-79	-80	-81	-74	-69	0	0	0	-84	-84	-84	0	-72	-85	-84	0	0	-82	-90	-91	0	0	-91	0	-51	0	0	-94	-93	0	-94	0	0	0	0	0	0	0	0	0	0	0	0	0	0	0	0	0	0	0	-93	0	0	0	0	0	0	0	0	0	0	0	0	0	0	0	0	0	0	0	0	0	-56	0	0	0	0	0	0	0	0	0	0	0	0	0	0	0	0	0	0	0	0	0	0	0	0	0	0	0	0	0	3293	-3316	3097	22045	-7788	-119	-21	973	209	-1	0	-1	-21	958	206	1606974786
-52	-45	-48	-53	-51	-66	-73	-73	-80	-80	-80	-80	-75	-73	0	0	0	-85	-85	-85	0	0	-86	-85	0	0	-82	-92	-93	0	0	-89	0	-51	0	0	-93	-94	0	-95	0	0	0	0	0	0	0	0	0	0	0	0	0	0	0	-88	0	0	0	-94	0	0	0	0	0	0	0	0	0	0	0	0	0	0	0	0	0	0	0	0	0	-63	0	0	0	0	0	0	0	0	0	0	0	0	0	0	0	0	0	0	0	0	0	0	0	0	0	0	0	0	0	3286	-3308	3097	22044	-7786	-120	-21	973	208	0	0	0	-21	958	206	1606974787
-53	-51	-47	-53	-52	-66	-73	-68	-80	0	-80	-79	-74	-69	0	0	0	-85	-84	-85	0	-76	-85	-85	0	0	0	-90	-91	0	0	-89	-90	-52	0	0	-92	-93	0	-95	-95	-86	0	0	0	0	0	0	0	0	0	0	0	-84	0	0	0	0	0	0	0	0	0	0	0	0	0	0	0	0	0	0	0	0	0	0	0	0	0	0	0	-56	0	0	0	0	0	0	0	0	0	0	0	0	0	0	0	0	0	0	0	0	0	0	0	0	0	0	0	0	0	3241	-3338	3082	22046	-7792	-120	-21	973	207	0	0	-1	-21	958	205	1606974789
-54	-45	-47	-52	-52	-66	0	-69	-80	-79	-80	-79	-74	0	0	0	0	-84	-85	-85	0	-74	-86	-85	0	0	-83	-91	-91	0	0	-91	-91	-51	0	0	-92	-95	0	-94	0	-86	0	0	0	0	0	0	0	0	0	0	0	0	0	-88	0	0	0	0	0	0	0	0	0	0	0	0	0	0	0	0	0	0	0	0	0	0	0	0	0	-57	0	0	0	0	0	0	0	0	0	0	0	0	0	0	0	0	0	0	0	0	0	0	0	0	0	0	0	0	0	3241	-3338	3157	22043	-7786	-122	-21	973	207	0	0	-1	-21	958	206	1606974791
-53	-46	-50	-53	-51	-52	0	-69	-75	0	-73	-74	-76	-69	0	0	0	-80	-81	-80	-75	-73	-81	-81	-70	0	-83	-91	-91	0	0	-90	-92	-52	0	0	-93	0	0	0	0	0	0	0	0	0	0	0	0	0	0	0	0	0	0	0	0	0	0	0	0	0	0	0	0	0	0	0	0	0	0	0	0	0	0	0	0	0	0	0	0	-59	0	0	0	0	0	0	0	0	0	0	0	0	0	0	0	0	0	0	0	0	0	0	0	0	0	0	0	0	0	3271	-3331	3112	22042	-7782	-120	-21	974	207	-1	0	0	-21	958	206	1606974792
0	-45	-51	-52	0	-67	-69	-69	-81	-79	-80	-80	-74	-72	0	0	0	-84	-84	-85	-74	-74	-85	-84	0	0	-84	0	-91	0	0	-92	-92	-51	0	0	0	0	-94	-94	0	0	0	0	0	0	0	0	0	0	0	0	0	0	0	0	0	0	0	0	0	0	0	0	0	0	0	0	0	0	0	0	0	0	0	0	0	0	0	0	0	-59	0	0	0	0	0	0	0	0	0	0	0	0	0	0	0	0	0	0	0	0	0	0	0	0	0	0	0	0	0	3278	-3323	3157	22045	-7788	-120	-21	973	209	0	0	0	-21	958	205	1606974794
-52	-48	-50	-52	-52	-66	0	0	-80	-80	-80	-80	-74	0	0	0	0	-85	-85	-86	0	-73	-86	-84	0	0	-82	-90	-90	0	-90	-91	0	-51	0	0	-94	-95	0	-95	0	0	0	0	0	0	0	0	0	0	0	0	0	0	0	0	0	0	0	0	0	0	0	0	0	0	0	0	0	0	0	0	0	0	0	0	0	0	0	0	0	-59	0	0	0	0	0	0	0	0	0	0	0	0	0	0	0	0	0	0	0	0	0	0	0	0	0	0	0	0	0	3211	-3368	3097	22043	-7784	-121	-21	973	209	0	0	-1	-21	958	206	1606974795
-51	-44	-51	0	-52	0	0	0	-73	-79	-72	-72	-76	0	0	0	0	-82	-82	-82	0	0	-82	-81	0	0	-84	-92	-90	0	0	-91	0	-52	0	0	0	-94	0	-94	0	0	0	0	0	0	0	0	0	0	0	0	0	0	0	0	0	0	0	0	0	0	0	0	0	0	0	0	0	0	0	0	0	0	0	0	0	0	0	0	0	0	0	0	0	0	0	0	0	0	0	0	0	0	0	0	0	0	0	0	0	0	0	0	0	0	0	0	0	0	0	3241	-3383	3097	22043	-7786	-121	-21	973	209	0	0	-1	-21	958	206	1606974797
-53	-43	-49	-52	-49	0	0	-72	-79	-72	-79	-80	-75	0	0	0	0	-84	-85	-85	0	-75	-84	-84	0	0	-85	-90	-92	0	-89	-90	0	-51	0	0	-93	-93	-95	0	0	0	0	0	0	0	0	0	0	0	0	0	0	0	0	0	0	0	0	0	0	0	0	0	0	0	0	0	0	0	0	0	0	0	0	0	0	0	0	0	0	-58	0	0	0	0	0	0	0	0	0	0	0	0	0	0	0	0	0	0	0	0	0	0	0	0	0	0	0	0	0	3241	-3338	3127	22045	-7789	-121	-21	973	209	0	0	-1	-21	958	205	1606974799
-52	-46	0	0	-53	0	0	0	-78	0	-79	-79	-73	0	0	0	-79	-85	-85	-84	-79	-80	-85	-85	-81	-80	-81	-91	-91	0	0	-90	0	-51	0	0	-93	0	0	0	0	0	0	0	0	0	0	0	0	0	0	0	0	0	0	0	0	0	0	0	0	0	0	0	0	0	0	0	0	0	0	0	0	0	0	0	0	0	0	0	0	-59	0	0	0	0	0	0	0	0	0	0	0	0	0	0	0	0	0	0	0	0	0	0	0	0	0	0	0	0	0	3271	-3368	3097	22043	-7785	-121	-21	973	209	0	0	-1	-21	958	206	1606974800
-52	-45	-49	-52	-52	0	-72	-71	-80	-77	-80	-80	-74	-69	0	0	0	-85	-85	-86	0	0	-85	-86	0	0	-83	-90	-90	0	0	-91	-91	-51	0	0	-93	-94	0	-94	0	-86	0	0	0	0	0	0	0	0	0	0	0	0	0	0	-87	0	0	0	0	-84	0	-85	0	0	0	0	0	0	0	0	0	0	0	0	0	0	0	0	0	-58	0	0	0	0	0	0	0	0	0	0	0	0	0	0	0	0	0	0	0	0	0	0	0	0	0	0	0	0	0	3211	-3353	3097	22044	-7787	-119	-21	973	210	0	0	0	-21	958	206	1606974802
-54	-44	0	-52	-52	0	-72	-68	-80	-79	-80	-79	-73	-71	0	0	0	-86	-86	-85	0	0	-86	-86	0	0	-82	-89	0	0	0	-90	-92	-52	0	0	-94	-93	0	0	0	0	0	0	0	0	0	0	0	0	0	0	0	0	0	-90	0	0	0	0	0	0	0	0	0	0	0	0	0	0	0	0	0	0	0	0	0	0	0	0	0	-55	0	0	0	0	0	0	0	0	0	0	0	0	0	0	0	0	0	0	0	0	0	0	0	0	0	0	0	0	0	3240	-3308	3052	22046	-7792	-120	-22	973	208	0	0	-1	-21	958	205	1606974804
-52	-45	-49	-52	-53	0	-72	-69	-79	0	-79	-79	-74	-72	0	-87	0	-85	-85	-86	0	-79	-85	-85	0	0	-82	-90	-90	0	-90	-91	0	-51	0	0	-94	-94	0	-94	0	0	0	0	-87	-90	0	-87	0	0	0	0	0	0	0	0	0	0	0	0	0	0	0	0	0	0	0	0	0	0	0	0	0	0	0	0	0	0	0	0	0	-56	0	0	0	0	0	0	0	0	0	0	0	0	0	0	0	0	0	0	0	0	0	0	0	0	0	0	0	0	0	3241	-3308	3097	22043	-7786	-121	-22	973	210	0	0	-1	-21	958	206	1606974805
-52	-49	-49	-53	-52	-52	-70	-69	-74	-79	-74	-74	-75	-69	0	0	0	-81	-82	-82	-78	-81	-81	-81	0	0	-83	-90	-90	0	0	-91	-90	-51	0	0	-95	0	0	0	0	0	0	0	0	0	0	0	0	0	-89	0	-87	0	0	0	-86	0	0	0	0	-86	0	0	0	0	0	0	0	0	0	0	0	0	0	0	0	0	0	0	0	-55	0	0	0	0	0	0	0	0	0	0	0	0	0	0	0	0	0	0	0	0	0	0	0	0	0	0	0	0	0	3271	-3323	3083	22044	-7788	-120	-21	973	209	0	0	-1	-21	958	205	1606974807
-53	-45	-49	0	-52	-67	-70	-69	-80	-80	-79	-81	-74	-72	0	0	0	-86	-86	-85	0	-79	-86	-85	0	0	-84	-90	-91	0	0	-90	-91	-51	0	0	-93	0	-93	0	0	0	0	-87	0	0	0	0	0	0	0	0	0	0	0	0	0	0	0	0	0	0	0	0	0	0	0	0	0	-91	0	0	0	0	0	0	0	0	0	0	0	-55	0	0	0	0	0	0	0	0	0	0	0	0	0	0	0	0	0	0	0	0	0	0	0	0	0	0	0	0	0	3211	-3338	3097	22046	-7793	-121	-21	973	207	0	0	-1	-21	958	205	1606974808
-52	-45	-50	-53	-52	-52	0	-71	-72	0	-72	-73	-76	-70	0	0	-80	-82	-82	-82	-79	-79	-82	-82	-80	-80	-83	-90	-90	0	0	-91	0	-52	0	0	0	0	0	0	0	-84	0	0	-90	0	-90	0	0	0	-87	0	0	0	0	0	0	0	0	0	0	0	0	0	0	0	0	0	0	0	0	0	0	0	0	0	0	0	0	0	0	-58	0	0	0	0	0	0	0	0	0	0	0	0	0	0	0	0	0	0	0	0	0	0	0	0	0	0	0	0	0	3316	-3308	3112	22044	-7786	-120	-21	973	208	0	0	-1	-21	958	206	1606974810
0	-46	-50	-52	-52	-64	-71	0	-79	-80	-79	-79	-74	-74	0	0	0	-84	-86	-85	0	-81	-85	-85	0	0	-82	-91	-90	0	-92	-89	-90	-51	0	0	-95	-93	0	-94	0	0	0	0	0	0	0	0	0	0	0	0	0	0	0	0	0	0	0	0	0	0	0	0	0	0	0	0	0	0	0	0	0	0	0	0	0	0	0	0	0	-58	0	0	0	0	0	0	0	0	0	0	0	0	0	0	0	0	0	0	0	0	0	0	0	0	0	0	0	0	0	3271	-3383	3113	22044	-7787	-120	-21	973	208	0	0	-1	-21	958	206	1606974811
-53	-45	-49	-53	-51	-65	-73	-70	-81	0	-80	-80	-74	-72	0	0	0	-87	-86	-86	0	0	0	-85	0	0	-83	-91	-90	0	0	-90	0	-53	0	0	-94	-94	0	-95	-94	0	0	0	0	0	0	0	0	0	0	0	0	-86	0	0	0	0	0	0	0	0	0	0	0	0	0	0	0	0	0	0	0	0	0	0	0	0	0	0	0	-57	0	0	0	0	0	0	0	0	0	0	0	0	0	0	0	0	0	0	0	0	0	0	0	0	0	0	0	0	0	3271	-3338	3097	22044	-7787	-120	-21	973	209	0	0	-1	-21	958	206	1606974813
-53	-45	-49	-53	-51	0	-70	-69	-80	-80	-80	-80	-75	-72	0	0	0	-85	-86	-87	0	-74	-85	-86	0	0	-82	-90	-91	0	-92	-91	-91	-51	0	0	-94	-94	0	0	0	0	0	0	0	0	-89	0	0	0	-86	0	0	0	0	0	0	0	0	0	0	0	0	0	0	0	0	0	0	0	0	0	0	0	0	0	0	0	0	0	0	-59	0	0	0	0	0	0	0	0	0	0	0	0	0	0	0	0	0	0	0	0	0	0	0	0	0	0	0	0	0	3271	-3338	3097	22045	-7789	-121	-21	973	208	0	0	-1	-21	958	205	1606974814
0	-45	0	-52	-51	0	0	-70	-80	-79	-80	-79	-74	-69	0	0	0	-84	-85	-86	0	-73	-86	-86	0	0	-81	-91	-91	0	-91	-89	-91	-51	0	0	-94	0	0	-93	0	0	0	0	-89	0	0	0	0	0	0	0	0	0	0	0	0	0	0	0	0	0	0	0	0	0	0	0	0	0	0	0	0	0	0	0	0	0	0	0	0	-57	0	0	0	0	0	0	0	0	0	0	0	0	0	0	0	0	0	0	0	0	0	0	0	0	0	0	0	0	0	3241	-3368	3112	22044	-7787	-120	-21	973	208	0	0	-1	-21	958	206	1606974816
-52	-50	-59	-53	-51	0	-70	-69	-79	0	-80	-81	-73	-70	0	0	0	-85	-86	-85	0	0	-86	-85	0	0	-84	-91	-91	0	0	-91	-91	-51	0	0	-95	0	0	0	0	-86	0	0	0	0	0	0	0	0	0	0	0	0	0	0	0	0	0	0	0	0	0	0	0	0	0	0	0	0	-87	0	0	0	0	0	0	0	0	0	0	-57	0	0	0	0	0	0	0	0	0	0	0	0	0	0	0	0	0	0	0	0	0	0	0	0	0	0	0	0	0	3271	-3338	3083	22045	-7790	-121	-21	973	208	0	0	-1	-21	958	205	1606974818
-52	-45	-50	-53	-52	-51	-73	-70	-74	0	-74	-72	-76	-72	0	0	0	-80	-82	-82	0	0	-82	-82	0	0	-80	-89	-91	0	0	-91	-92	-52	-62	-94	-93	-94	0	-92	0	0	0	0	0	0	0	0	0	0	0	0	0	0	0	0	0	0	0	0	0	0	0	0	0	0	0	0	0	0	0	0	0	0	0	0	0	0	0	0	0	-58	0	0	0	0	0	0	0	0	0	0	0	0	0	0	0	0	0	0	0	0	0	0	0	0	0	0	0	0	0	3286	-3338	3127	22045	-7790	-121	-21	973	207	0	0	-1	-21	958	205	1606974819
-52	-44	0	-52	-52	0	-71	-69	-73	0	-72	-75	-75	-69	0	0	0	-82	-81	-82	0	-79	-82	-82	0	0	-84	-91	-93	0	0	-91	-92	-51	0	0	-93	-93	0	-94	0	0	0	0	0	0	0	0	0	0	0	0	0	-87	0	0	0	0	0	0	0	0	0	0	0	0	0	0	0	0	0	0	0	0	0	0	0	0	0	0	0	-61	0	0	0	0	0	0	0	0	0	0	0	0	0	0	0	0	0	0	0	0	0	0	0	0	0	0	0	0	0	3301	-3368	3083	22045	-7790	-121	-21	973	210	0	0	-1	-21	958	205	1606974821
0	-44	0	0	0	0	0	0	-79	-79	-79	-79	-74	0	0	0	0	-85	-85	-85	0	0	-85	-85	0	0	0	-91	-90	0	0	-91	0	-51	0	0	-93	0	0	0	0	0	0	0	0	0	0	0	0	0	0	0	0	0	0	0	0	0	0	0	0	0	0	0	0	0	0	0	0	0	0	0	0	0	0	0	0	0	0	0	0	-63	0	0	0	0	0	0	0	0	0	0	0	0	0	0	0	0	0	0	0	0	0	0	0	0	0	0	0	0	0	3196	-3338	3112	22045	-7790	-120	-21	973	207	0	0	-1	-21	958	205	1606974822
-52	-45	0	-52	-51	0	-70	-70	-80	-79	-80	-79	-75	-73	0	0	0	-84	-85	-85	0	-78	-86	-86	0	0	-84	-90	-90	0	0	-91	-91	-51	0	0	-95	0	0	-94	0	-87	0	0	0	0	0	0	0	0	0	0	0	0	0	0	0	0	0	0	0	0	0	0	0	0	0	0	0	0	0	0	0	0	0	0	0	0	0	0	0	-63	0	0	0	0	0	0	0	0	0	0	0	0	0	0	0	0	0	0	0	0	0	0	0	0	0	0	0	0	0	3256	-3308	3112	22045	-7789	-121	-21	973	209	0	0	-1	-21	958	205	1606974824
-52	-45	-48	-53	-51	0	-74	-74	-80	-80	-81	-80	-74	-74	0	0	0	-84	-85	-86	0	-79	-86	-85	0	0	-85	-91	-91	0	0	-89	-91	-52	0	0	-94	-94	0	0	0	0	0	0	-90	0	0	0	0	0	0	0	0	0	0	0	0	0	0	0	0	0	0	0	0	0	0	0	0	0	0	0	0	0	0	0	0	0	0	0	0	-63	0	0	0	0	0	0	0	0	0	0	0	0	0	0	0	0	0	0	0	0	0	0	0	0	0	0	0	0	0	3271	-3308	3097	22044	-7788	-120	-21	973	209	0	0	-1	-21	958	205	1606974826
-53	-44	-48	-53	-50	0	-69	-73	-79	0	-79	-80	-73	-71	0	-86	0	-84	-84	-84	0	0	-85	-85	0	0	-83	-90	-92	0	0	-92	0	-52	0	0	-93	-93	0	-92	0	0	0	0	0	0	0	0	0	0	0	0	0	-89	0	0	0	0	0	0	0	0	0	0	0	0	0	0	0	0	0	0	0	0	0	0	0	0	0	0	0	-52	0	0	0	0	0	0	0	0	0	0	0	0	0	0	0	0	0	0	0	0	0	0	0	0	0	0	0	0	0	3226	-3338	3112	22045	-7789	-120	-21	973	208	-1	-1	-1	-21	958	205	1606974827
-54	-44	-50	0	-52	0	0	0	-79	-80	-79	-79	-74	0	0	0	0	-84	-86	-85	0	-82	-85	-86	0	0	-81	-91	-92	0	0	-90	-92	-51	0	0	-94	-93	-95	-94	0	0	0	0	0	0	0	0	0	0	0	0	0	0	0	0	0	0	0	0	0	0	0	0	0	0	0	0	0	0	-89	0	0	0	0	0	0	0	0	0	0	-63	0	0	0	0	0	0	0	0	0	0	0	0	0	0	0	0	0	0	0	0	0	0	0	0	0	0	0	0	0	3278	-3323	3120	22046	-7792	-120	-21	973	206	-1	-1	-1	-21	958	205	1606974829
-53	-45	0	-53	-52	0	-71	-70	-79	0	-79	-79	-74	-72	0	0	0	-84	-85	-85	0	0	-85	-86	0	0	-83	-90	-93	0	0	-92	0	-53	0	0	0	-94	0	0	0	0	0	0	0	0	0	0	0	0	0	0	0	0	0	0	0	0	0	0	0	0	0	0	0	0	0	0	0	0	0	0	0	0	0	0	0	0	0	0	0	-63	0	0	0	0	0	0	0	0	0	0	0	0	0	0	0	0	0	0	0	0	0	0	0	0	0	0	0	0	0	3234	-3503	3090	22045	-7791	-120	-22	973	209	0	0	0	-21	958	205	1606974830
-54	-46	-49	-53	-52	0	-70	-73	-79	0	-79	-79	-74	-73	0	0	0	-85	-86	-86	0	-73	-85	-85	0	0	-83	-90	-90	0	0	-91	0	-51	0	0	-93	-94	0	-95	0	0	0	0	0	0	0	0	0	0	0	0	0	0	0	0	0	0	0	-97	0	0	0	0	0	0	0	0	0	0	0	0	0	0	0	0	0	0	0	0	0	-57	0	0	0	0	0	0	0	0	0	0	0	0	0	0	0	0	0	0	0	0	0	0	0	0	0	0	0	0	0	3316	-3293	3097	22048	-7796	-118	-21	973	208	-1	-1	0	-21	958	204	1606974832
-52	-45	-48	-52	-52	0	-71	-72	-75	-79	-72	-72	-75	-70	0	0	0	-81	-81	-82	0	0	-81	-82	0	0	-81	-91	-92	0	0	-93	-91	-52	0	0	-92	-94	0	0	0	0	0	0	0	0	0	0	0	0	0	0	0	0	0	-88	0	0	0	0	0	0	0	0	0	0	0	0	0	0	0	0	0	0	0	0	0	0	0	0	0	-57	0	0	0	0	0	0	0	0	0	0	0	0	0	0	0	0	0	0	0	0	0	0	0	0	0	0	0	0	-94	3271	-3338	3097	22045	-7790	-121	-20	973	207	-1	-1	-1	-21	958	205	1606974834
-52	-45	0	-53	-53	0	-71	-73	-80	0	-79	-80	-74	-70	0	0	0	-85	-85	-85	0	-74	-86	-86	0	0	-84	-91	-90	0	0	-91	-91	-51	0	0	-94	-93	-94	0	0	0	0	0	0	0	0	0	0	0	0	0	0	0	0	0	-86	0	0	0	0	0	0	0	0	0	0	0	0	0	0	0	0	0	0	0	0	0	0	0	0	-56	0	0	0	0	0	0	0	0	0	0	0	0	0	0	0	0	0	0	0	0	0	0	0	0	0	0	0	0	0	3271	-3338	3097	22044	-7785	-120	-21	973	210	0	-1	0	-21	958	206	1606974835
0	-45	-48	0	-51	0	0	0	-79	-71	-79	-80	-74	0	0	0	0	-86	-85	-85	0	-74	-85	-86	0	0	-82	-93	-90	0	-91	-92	-90	-51	0	0	-93	-94	-96	-94	0	0	0	0	0	0	0	0	0	0	0	0	0	0	0	0	0	0	0	-94	0	0	0	0	0	0	0	0	0	-91	0	0	0	0	0	0	0	0	0	0	0	-59	0	0	0	0	0	0	0	0	0	0	0	0	0	0	0	0	0	0	0	0	0	0	0	0	0	0	0	0	0	3286	-3338	3053	22044	-7787	-120	-21	973	207	-1	0	-1	-21	958	206	1606974837
-50	-45	-49	0	-52	0	0	0	-79	-80	-80	-78	-74	0	0	0	0	-85	-85	-85	0	-74	-85	-85	0	0	-82	-90	-92	0	0	-92	0	-52	0	-94	-93	-95	0	-94	0	0	0	0	0	0	0	0	0	0	0	0	0	0	0	0	-86	0	0	0	0	-87	0	0	0	0	0	0	0	0	-87	0	0	0	0	0	0	0	0	0	0	-59	0	0	0	0	0	0	0	0	0	0	0	0	0	0	0	0	0	0	0	0	0	0	0	0	0	0	0	0	0	3241	-3323	3120	22046	-7791	-120	-22	973	208	-1	-1	0	-21	958	205	1606974838
-54	-46	0	-53	-52	0	-72	-71	-79	0	-79	-78	-74	-71	0	0	0	-84	-84	-85	0	-74	-85	-85	0	0	-84	-91	-91	0	0	-91	-91	-51	0	0	-93	-94	-94	-92	0	0	0	0	0	0	0	0	0	0	0	0	0	0	0	0	0	0	0	0	0	0	0	0	0	0	0	0	0	0	0	0	0	0	0	0	0	0	0	0	0	-55	0	0	0	0	0	0	0	0	0	0	0	0	0	0	0	0	0	0	0	0	0	0	0	0	0	0	0	0	0	3271	-3308	3083	22044	-7787	-120	-21	973	208	0	0	-1	-21	958	206	1606974840
-55	-45	0	-52	-51	0	-73	-70	-79	-78	-79	-80	-74	-70	0	0	0	-85	-85	-84	-75	-75	-85	-85	-74	-73	-83	-91	-91	0	0	-91	-90	-51	0	-93	-93	-92	0	-93	-96	0	0	0	0	0	0	0	0	0	0	0	-88	-86	0	0	-88	0	0	0	0	-86	0	0	0	0	0	0	0	0	0	0	0	0	0	0	0	0	0	0	0	-55	0	0	0	0	0	0	0	0	0	0	0	0	0	0	0	0	0	0	0	0	0	0	0	0	0	0	0	0	0	3241	-3330	3082	22044	-7788	-120	-21	973	209	0	0	-1	-21	958	205	1606974842
-53	-48	-49	-53	-50	0	0	-71	-80	0	-80	-78	-74	0	0	0	0	-83	-84	-85	0	0	-84	-85	0	0	-82	-91	-90	0	0	-90	-91	-51	0	0	0	-94	0	-94	-94	0	0	0	0	0	0	0	0	0	0	0	0	0	0	0	0	0	0	0	0	0	0	0	0	0	0	0	0	0	0	0	0	0	0	0	0	0	0	0	0	-56	0	0	0	0	0	0	0	0	0	0	0	0	0	0	0	0	0	0	0	0	0	0	0	0	0	0	0	0	0	3263	-3323	3083	22046	-7792	-121	-21	973	208	0	-1	-1	-21	958	205	1606974843
0	-45	-48	0	-52	0	0	0	-80	0	-80	-79	-73	0	0	0	0	-84	-85	-85	-73	-73	-85	-85	0	0	-84	-92	-92	0	-90	-91	-91	-51	0	0	-94	-95	0	-94	0	0	0	0	0	0	0	0	0	0	0	0	0	0	0	0	0	0	0	0	0	0	0	0	0	0	0	0	0	0	0	0	0	0	0	0	0	0	0	0	0	-50	0	0	0	0	0	0	0	0	0	0	0	0	0	0	0	0	0	0	0	0	0	0	0	0	0	0	0	0	0	3271	-3308	3053	22044	-7789	-121	-21	973	208	0	-1	-1	-21	958	205	1606974845
-53	-45	0	-51	-53	0	-69	0	-74	-80	-74	-73	-75	0	0	0	0	-82	-82	-81	0	-73	-82	-81	0	0	-82	-91	-91	0	-89	-90	0	-52	0	0	-94	-92	-95	0	0	0	0	0	0	0	-87	0	0	0	0	0	0	0	0	0	0	0	0	0	0	0	0	0	0	0	0	0	0	0	0	0	0	0	0	0	0	0	0	0	0	-59	0	0	0	0	0	0	0	0	0	0	0	0	0	0	0	0	0	0	0	0	0	0	0	0	0	0	0	0	0	3271	-3308	3142	22045	-7789	-120	-21	973	208	0	0	-1	-21	958	205	1606974846
-53	-45	-49	-52	-52	0	0	-73	-80	-79	-81	-80	-74	-73	0	-84	0	-85	-85	-86	0	-73	-85	-85	0	0	-81	-90	-91	0	0	-90	0	-50	0	0	-94	-93	0	0	0	0	0	0	0	0	0	0	0	0	0	0	0	0	0	-89	0	0	0	0	0	0	0	0	0	0	0	0	0	0	0	0	0	0	0	0	0	0	0	0	0	-63	0	0	0	0	0	0	0	0	0	0	0	0	0	0	0	0	0	0	0	0	0	0	0	0	0	0	0	0	0	3271	-3323	3097	22045	-7791	-120	-22	973	207	-1	-1	-1	-21	958	205	1606974848
-55	-45	-48	-52	-52	0	0	-73	-80	-77	-80	-81	-73	-69	0	0	0	-85	-85	-85	0	-74	-84	-85	0	0	-84	-90	-92	0	0	-91	-89	-51	0	0	-94	-94	0	0	0	0	0	0	0	0	0	0	0	0	0	0	0	0	0	0	0	0	0	0	0	0	0	0	0	0	0	0	0	0	0	0	0	0	0	0	0	0	0	0	0	-56	0	0	0	0	0	0	0	0	0	0	0	0	0	0	0	0	0	0	0	0	0	0	0	0	0	0	0	0	0	3271	-3331	3075	22045	-7789	-121	-21	973	208	-1	0	0	-21	958	205	1606974850
-53	-50	-49	-52	-51	0	0	-73	-80	0	-80	-80	-74	-73	0	0	0	-85	-86	-84	0	-73	-85	-85	0	0	0	-90	-90	0	-92	-92	0	-51	0	0	-94	-93	0	0	0	0	0	0	0	0	-89	-88	0	0	0	0	0	0	0	0	0	0	0	0	0	0	0	0	0	0	0	0	0	0	0	0	0	0	0	0	0	0	0	0	0	-59	0	0	0	0	0	0	0	0	0	0	0	0	0	0	0	0	0	0	0	0	0	0	0	0	0	0	0	0	0	3241	-3331	3142	22045	-7789	-121	-21	973	207	-1	-1	0	-21	958	205	1606974851
0	-49	0	-52	-52	0	-70	-73	-80	-79	-79	-80	-74	-72	0	0	0	-85	-86	-85	-74	-76	-85	-85	0	0	-83	-93	-91	0	0	-93	0	-53	0	0	-93	-93	0	0	-93	-84	0	0	0	0	0	0	0	0	0	0	0	0	0	0	0	0	0	0	0	0	0	0	0	0	0	0	0	0	0	0	0	0	0	0	0	0	0	0	0	-60	0	0	0	0	0	0	0	0	0	0	0	0	0	0	0	0	0	0	0	0	0	0	0	0	0	0	0	0	0	3301	-3286	3112	22046	-7792	-121	-21	973	206	-1	-1	-1	-21	958	205	1606974853
0	-50	-49	-52	-51	0	-70	-71	-79	-80	-78	-78	-74	-70	0	0	0	-85	-84	-85	0	0	-85	-85	0	0	-82	-90	-91	0	0	-92	-90	-52	0	-93	-93	-91	-94	-93	-93	0	0	0	0	0	0	0	0	0	0	0	0	0	0	0	0	0	0	0	0	0	0	0	0	0	0	0	0	0	0	0	0	0	0	0	0	0	0	0	0	-58	0	0	0	0	0	0	0	0	0	0	0	0	0	0	0	0	0	0	0	0	0	0	0	0	0	0	0	0	0	3316	-3301	3097	22044	-7787	-121	-21	973	208	0	0	-1	-21	958	206	1606974854
0	-46	-49	0	-53	0	0	-71	-78	-79	-78	-78	-74	0	0	0	0	-84	-85	-84	0	-74	-85	-85	0	0	-82	-91	0	0	-88	-89	-90	-56	0	0	-93	0	-93	-94	0	-84	-86	0	0	0	0	0	0	0	0	0	0	0	0	0	0	0	0	0	0	0	0	0	0	0	0	0	0	0	0	0	0	0	0	0	0	0	0	0	0	-56	0	0	0	0	0	0	0	0	0	0	0	0	0	0	0	0	0	0	0	0	0	0	0	0	0	0	0	0	0	3286	-3308	3097	22044	-7789	-121	-21	973	208	0	-1	-1	-21	958	205	1606974856
-56	-52	-49	-50	-53	-51	-71	-71	-73	0	-74	-73	-75	-71	0	0	0	-80	-81	-81	0	-75	-81	-81	0	0	-83	-89	-89	0	0	-91	-90	-47	0	-95	-93	-94	-94	-93	0	-84	0	0	0	0	0	0	0	0	0	0	0	0	0	0	0	0	0	0	0	0	0	0	0	0	0	0	0	0	0	0	0	0	0	0	0	0	0	0	0	-58	0	0	0	0	0	0	0	0	0	0	0	0	0	0	0	0	0	0	0	0	0	0	0	0	0	0	0	0	0	3286	-3338	3112	22046	-7794	-120	-21	973	207	0	-1	-1	-21	958	204	1606974857
-53	-44	-53	-51	-53	-66	0	-71	-78	0	-79	-78	-73	0	0	0	-74	-84	-84	-85	-75	-73	-84	-85	-74	-73	-82	-89	-89	0	-91	-90	-90	-60	0	0	-93	-94	0	-94	0	-85	0	0	0	0	0	0	0	0	0	0	0	0	0	0	0	0	0	0	0	0	0	0	0	0	0	0	0	0	0	0	0	0	0	0	0	0	0	0	0	-55	0	0	0	0	0	0	0	0	0	0	0	0	0	0	0	0	0	0	0	0	0	0	0	0	0	0	0	0	0	3316	-3323	3105	22044	-7790	-121	-22	973	208	0	0	-1	-21	958	205	1606974859
-53	-45	-50	-51	-53	-66	-71	-71	-78	-78	-79	-78	0	-71	0	0	0	-85	-84	-85	0	-75	-84	-85	0	0	0	-90	-90	0	0	-91	-91	-59	0	0	-94	-93	0	-95	0	0	0	0	0	0	0	0	0	0	0	0	0	0	0	0	0	0	0	0	0	0	0	0	0	0	0	0	0	0	0	0	0	0	0	0	0	0	0	0	0	-64	0	0	0	0	0	0	0	0	0	0	0	0	0	0	0	0	0	0	0	0	0	0	0	0	0	0	0	0	0	3286	-3353	3127	22045	-7790	-121	-21	973	208	0	0	-1	-21	958	205	1606974861
-56	-45	-50	-52	-53	-66	-71	-70	-79	-76	-77	-77	-74	-69	0	0	0	-85	-85	-85	0	-75	-84	-85	0	0	0	-90	-90	0	0	-90	-88	-59	0	0	-94	-94	0	-93	0	0	0	0	0	0	0	0	0	0	0	0	0	0	-95	0	0	0	0	0	0	0	0	0	0	0	0	0	0	0	0	0	0	0	0	0	0	0	0	0	0	-63	0	0	0	0	0	0	0	0	0	0	0	0	0	0	0	0	0	0	0	0	0	0	0	0	0	0	0	0	0	3286	-3293	3082	22047	-7795	-120	-21	973	207	0	-1	-1	-21	958	204	1606974862
-57	-52	0	-52	-52	-51	-72	-71	-73	0	-73	-73	-74	-71	0	0	0	-80	-82	-81	-74	-73	-82	-82	-73	0	-82	-90	-91	0	-91	-89	0	-47	0	-92	-94	-93	0	-91	-91	-84	0	0	0	0	-89	0	0	0	-88	0	0	0	0	0	0	0	-71	0	0	-85	0	0	-88	0	0	0	0	-91	0	0	0	0	0	0	0	0	0	0	0	-57	0	0	0	0	0	0	0	0	0	0	0	0	0	0	0	0	0	0	0	0	0	0	0	0	0	0	0	0	0	3241	-3353	3097	22045	-7790	-121	-21	973	208	0	-1	-1	-21	958	205	1606974864
-52	-45	-51	-53	-53	-66	-70	-71	-77	0	-77	-78	-73	-71	0	0	0	-84	-84	-85	0	-73	-84	-85	0	0	-82	-90	-91	0	-89	-91	-92	-59	-63	0	0	-94	-96	-95	0	-85	0	0	0	0	0	0	0	0	0	0	0	0	0	0	0	0	0	0	0	0	0	0	0	0	0	0	0	0	0	0	0	0	0	0	0	0	0	0	0	-55	0	0	0	0	0	0	0	0	0	0	0	0	0	0	0	0	0	0	0	0	0	0	0	0	0	0	0	0	0	3286	-3331	3112	22045	-7792	-121	-21	973	208	0	0	-1	-21	958	205	1606974865
0	-44	-50	-52	-53	-52	-69	0	-74	-79	-74	-73	-75	-70	0	0	0	-81	-82	-81	0	-75	-81	-82	0	0	-83	-90	-89	0	0	-90	0	-48	0	-94	-94	-93	0	0	0	0	0	0	0	0	0	0	0	0	0	0	0	0	0	0	0	0	0	0	0	0	0	0	0	0	0	0	0	0	0	0	0	0	0	0	0	0	0	0	0	-59	0	0	0	0	0	0	0	0	0	0	0	0	0	0	0	0	0	0	0	0	0	0	0	0	0	0	0	0	0	3240	-3308	3052	22047	-7795	-121	-21	973	207	0	0	-1	-21	958	204	1606974867
-55	-44	-49	0	-53	-65	0	-70	-79	-76	-77	-79	-74	-71	0	0	0	-85	-85	-84	0	-72	-85	-85	0	0	-82	-90	-90	0	-89	-90	-91	-59	0	0	-94	-96	0	-96	0	0	0	0	0	0	0	0	0	0	0	0	0	0	0	0	0	0	0	0	0	0	0	0	0	0	0	0	0	0	0	0	0	0	0	0	0	0	0	0	0	-59	0	0	0	0	0	0	0	0	0	0	0	0	0	0	0	0	0	0	0	0	0	0	0	0	0	0	0	0	0	3211	-3338	3112	22045	-7790	-121	-21	973	208	-1	-1	-1	-21	958	205	1606974868
-53	-44	-49	-52	-52	-68	-71	0	-78	0	-79	-78	-74	-71	0	0	0	-84	-84	-86	0	-72	-85	-86	0	0	-82	-90	-92	0	-90	-92	-92	-59	-64	-93	-94	-94	0	-94	0	0	0	0	0	0	0	0	0	0	0	0	-90	0	0	0	0	0	0	0	0	0	0	0	0	0	0	0	0	0	0	0	0	0	0	0	0	0	0	0	0	-55	0	0	0	0	0	0	0	0	0	0	0	0	0	0	0	0	0	0	0	0	0	0	0	0	0	0	0	0	0	3271	-3338	3112	22045	-7791	-121	-21	973	207	0	0	-1	-21	958	205	1606974870
-54	-51	-48	-51	-52	-51	-71	-70	-73	-77	-74	-73	-75	-69	0	0	0	-80	-81	-81	0	-74	-80	-81	0	0	-83	-90	-91	0	-89	-91	0	-46	0	0	-93	-93	-93	-93	0	0	0	0	0	0	0	0	0	-90	0	0	-88	-86	0	0	0	0	0	0	0	0	0	0	0	0	0	0	0	0	0	0	0	0	0	0	0	0	0	0	0	0	0	0	0	0	0	0	0	0	0	0	0	0	0	0	0	0	0	0	0	0	0	0	0	0	0	0	0	0	0	3271	-3376	3083	22047	-7795	-120	-21	973	207	0	-1	0	-21	958	204	1606974871
-54	-51	-49	-51	-53	-73	-70	-71	-79	0	-78	-79	-74	-71	0	0	0	-86	-87	-86	0	-75	-85	-86	0	0	-83	-90	-90	0	-90	-91	-89	-58	0	-94	-92	-92	0	-94	-92	0	0	0	0	0	0	0	0	0	0	0	0	0	-93	0	0	0	0	-93	0	0	0	0	0	0	0	0	0	0	0	0	0	0	0	0	0	0	0	0	0	-59	0	0	0	0	0	0	0	0	0	0	0	0	0	0	0	0	0	0	0	0	0	0	0	0	0	0	0	0	0	3316	-3338	3083	22045	-7792	-121	-21	973	207	-1	-1	-1	-21	958	205	1606974873
0	-45	-48	-51	-53	-50	0	-70	-74	0	-73	-74	-75	-70	0	0	-74	-80	-81	-81	-73	-73	-80	-81	-73	-73	-85	-90	-89	0	0	-91	-90	-47	0	0	-94	-94	0	-93	0	0	0	0	0	0	0	0	0	0	0	0	0	0	0	0	0	0	0	0	0	0	0	0	0	0	0	0	0	0	0	0	0	0	0	0	0	0	0	0	0	-60	0	0	0	0	0	0	0	0	0	0	0	0	0	0	0	0	0	0	0	0	0	0	0	0	0	0	0	0	0	3241	-3368	3083	22045	-7791	-121	-21	973	208	0	-1	0	-21	958	205	1606974874
0	-49	-50	-52	-52	-51	0	0	-73	-80	0	-73	-74	0	0	0	0	-82	-82	-82	0	-74	-81	-83	0	0	-81	-90	-92	0	-91	-90	0	-46	0	0	-91	-94	0	-95	0	0	0	0	0	0	-88	0	0	0	-88	0	0	0	0	0	0	0	0	0	0	0	0	0	0	0	0	0	0	0	0	0	0	0	0	0	0	0	0	0	0	-60	0	0	0	0	0	0	0	0	0	0	0	0	0	0	0	0	0	0	0	0	0	0	0	0	0	0	0	0	0	3271	-3368	3083	22047	-7796	-120	-21	973	207	0	-1	-1	-21	958	204	1606974876
-54	-43	0	-51	-53	-66	-71	-71	-78	-78	-79	-79	-74	-70	0	0	0	-84	-86	-85	0	0	-84	-85	0	0	-82	-89	0	0	0	-91	-91	-59	0	0	-92	-94	0	-94	0	0	0	0	0	0	-87	0	0	0	-92	0	0	0	0	0	0	0	0	0	0	0	0	0	0	0	0	0	0	0	0	0	0	0	0	0	0	0	0	0	0	-61	0	0	0	0	0	0	0	0	0	0	0	0	0	0	0	0	0	0	0	0	0	0	0	0	0	0	0	0	0	3196	-3308	3082	22045	-7792	-121	-21	973	207	0	-1	-1	-21	958	205	1606974878
-55	-44	-49	-52	-53	0	-71	0	-77	0	-77	-78	-73	-70	0	0	0	-85	-84	-85	0	-74	-84	-86	0	0	-83	-89	-93	0	-90	-90	-92	-58	0	0	-93	-94	0	-94	0	-84	0	0	0	0	0	0	0	0	0	0	0	0	0	0	0	0	-72	0	0	0	0	0	0	0	0	0	0	0	0	-94	0	0	0	0	0	0	0	0	-91	-55	0	0	0	0	0	0	0	0	0	0	0	0	0	0	0	0	0	0	0	0	0	0	0	0	0	0	0	0	0	3278	-3323	3083	22046	-7793	-121	-21	973	207	0	0	0	-21	958	205	1606974879
0	-49	-50	-52	-53	0	-71	-70	-78	0	-78	-78	-74	-70	0	0	0	-85	-85	-85	0	0	-85	-86	0	0	-83	-90	-92	0	0	-89	-91	-60	-64	0	-92	-93	0	-94	0	0	0	0	0	0	0	0	0	0	0	0	0	0	0	0	-87	0	0	0	0	-85	0	0	0	0	0	0	0	0	-88	0	0	0	0	0	0	0	0	0	0	-61	0	0	0	0	0	0	0	0	0	0	0	0	0	0	0	0	0	0	0	0	0	0	0	0	0	0	0	0	0	3256	-3293	3090	22047	-7796	-121	-22	973	207	0	-1	0	-21	958	204	1606974881
-56	-44	-52	0	-53	0	0	0	-77	-79	-77	-78	-74	0	0	0	0	-84	-86	-85	0	-74	-84	-86	0	0	-82	-90	-90	0	-90	-90	-92	-59	0	0	0	-93	-95	-95	0	0	0	0	0	0	0	0	0	0	0	0	0	0	0	0	0	0	0	0	0	0	0	0	0	0	0	0	0	0	0	0	0	0	0	0	0	0	0	0	0	-59	0	0	0	0	0	0	0	0	0	0	0	0	0	0	0	0	0	0	0	0	0	0	0	0	0	0	0	0	0	3234	-3368	3142	22046	-7794	-122	-22	973	207	-1	-1	0	-21	958	204	1606974882
0	-53	-51	-51	-53	0	-71	-70	-73	-79	-72	-73	-75	-70	0	0	0	-81	-82	-82	-73	-73	-81	-81	0	0	-81	-91	-90	0	-89	-90	-91	-47	-64	0	-93	-92	-93	-94	-93	-85	0	0	0	0	0	0	0	0	0	0	-89	-90	0	0	0	0	0	0	0	0	0	0	0	0	0	0	0	0	0	0	0	0	0	0	0	0	0	0	0	-55	0	0	0	0	0	0	0	0	0	0	0	0	0	0	0	0	0	0	0	0	0	0	0	0	0	0	0	0	0	3240	-3315	3052	22046	-7794	-121	-21	973	207	0	-1	0	-21	958	204	1606974884
0	-43	-50	-51	-53	0	-70	-71	-79	0	-78	-78	-74	-70	0	0	0	-85	-85	-84	0	0	-85	-85	0	0	-81	-90	-90	0	-92	-91	-90	-60	0	0	-93	-95	0	-95	0	-83	0	0	0	0	0	0	0	0	0	0	0	0	0	0	0	0	0	0	0	0	0	0	0	0	0	0	0	0	0	0	0	0	0	0	0	0	0	0	0	0	0	0	0	0	0	0	0	0	0	0	0	0	0	0	0	0	0	0	0	0	0	0	0	0	0	0	0	0	0	3226	-3338	3112	22048	-7799	-121	-21	973	206	0	-1	-1	-21	958	204	1606974886
-55	-45	-51	-52	-53	-50	0	-71	-73	-79	-73	-74	-74	-71	0	0	0	-81	-81	-82	0	-75	-81	-81	0	0	-83	-90	-91	0	-91	-89	-91	-46	0	0	-94	-93	0	-92	0	0	0	0	0	0	0	0	0	0	0	0	0	0	0	0	0	0	0	0	0	0	0	0	0	0	0	0	0	0	0	0	0	0	0	0	0	0	0	0	0	-56	0	0	0	0	0	0	0	0	0	0	0	0	0	0	0	0	0	0	0	0	0	0	0	0	0	0	0	0	0	3226	-3323	3105	22047	-7795	-121	-21	973	207	0	-1	0	-21	958	204	1606974887
-52	-45	-51	-52	-53	-51	-70	-71	-73	0	-73	-73	-74	-70	0	0	0	-81	-82	-82	0	-73	-82	-80	0	0	-82	-91	-91	0	-91	-92	0	-47	0	0	-92	-92	-94	-93	-92	-83	0	0	0	0	0	0	0	0	0	0	0	0	0	0	0	0	0	0	0	0	0	0	0	0	0	0	0	0	-85	0	0	0	0	0	0	0	0	0	0	-56	0	0	0	0	0	0	0	0	0	0	0	0	0	0	0	0	0	0	0	0	0	0	0	0	0	0	0	0	0	3241	-3383	3097	22047	-7795	-121	-21	973	207	0	-1	-1	-21	958	204	1606974889
-57	-45	-51	-52	-52	-66	-70	-71	-78	-79	-77	-78	-73	-71	0	0	0	-83	-84	-85	0	-75	-85	-84	0	0	-82	-89	-90	0	0	-90	-91	-59	-63	0	-94	-92	-96	-94	0	0	0	0	0	0	0	0	0	0	0	0	0	0	0	0	0	0	0	0	0	0	0	0	0	0	0	0	0	0	0	0	0	0	0	0	0	0	0	0	0	-56	0	0	0	0	0	0	0	0	0	0	0	0	0	0	0	0	0	0	0	0	0	0	0	0	0	0	0	0	0	3241	-3323	3105	22048	-7799	-120	-21	973	206	-1	-1	-1	-21	958	204	1606974890
-56	-44	-52	0	-52	-65	-70	-70	-76	-79	-78	-78	-75	-70	0	0	0	-85	-86	-87	0	-76	-85	-86	0	0	-81	-89	0	0	0	0	0	-58	0	-93	-94	-94	-94	-93	0	0	0	0	0	0	0	0	0	0	0	0	0	0	0	0	0	0	0	0	0	0	0	0	0	0	0	0	0	0	0	0	0	0	0	0	0	0	0	0	0	-53	0	0	0	0	0	0	0	0	0	0	0	0	0	0	0	0	0	0	0	0	0	0	0	0	0	0	0	0	0	3339	-3323	3038	22046	-7792	-121	-21	973	207	-1	-1	-1	-21	958	205	1606974892
0	-43	-50	-53	0	-66	-71	-71	-77	-73	-78	-78	-74	-71	0	0	0	-85	-85	-85	0	-73	-85	-85	0	0	-81	-90	-91	0	0	-90	0	-59	0	0	-95	0	-94	-94	0	0	0	0	0	0	0	0	0	0	0	0	0	0	0	0	-86	0	0	0	0	0	0	0	0	0	0	0	0	0	0	0	0	0	0	0	0	0	0	0	0	-60	0	0	0	0	0	0	0	0	0	0	0	0	0	0	0	0	0	0	0	0	0	0	0	0	0	0	0	0	0	3233	-3323	3082	22046	-7793	-120	-21	973	207	-1	-1	0	-21	958	205	1606974893
-53	-46	-52	-51	-53	-66	-70	-71	-80	-78	-78	-79	-73	-71	0	0	0	-84	-84	-84	0	-78	-85	-85	0	0	-83	-92	-90	0	-89	-91	0	-58	-63	0	-95	-94	0	-95	0	0	0	0	0	0	0	0	0	0	0	0	0	0	0	0	0	0	0	0	0	0	0	0	0	0	0	0	0	0	0	0	0	0	0	0	0	0	0	0	0	-61	0	0	0	0	0	0	0	0	0	0	0	0	0	0	0	0	0	0	0	0	0	0	0	0	0	0	0	0	0	3271	-3338	3097	22048	-7797	-120	-21	973	205	-1	-1	-1	-21	958	204	1606974895
0	-45	-52	-49	-53	-69	0	-70	-79	-76	-79	-79	-74	-71	0	0	0	-85	-86	-85	0	-80	-85	-85	0	0	-82	-91	-89	0	-89	-90	-90	-59	0	0	-93	-95	-95	-95	0	-84	0	0	0	0	0	0	0	0	0	0	0	0	0	0	0	0	0	0	0	0	0	0	0	0	0	0	0	0	0	-96	0	0	0	0	0	0	0	0	0	-55	0	0	0	0	0	0	0	0	0	0	0	0	0	0	0	0	0	0	0	0	0	0	0	0	0	0	0	0	0	3278	-3323	3038	22046	-7794	-120	-21	973	207	0	-1	0	-21	958	204	1606974897
0	-48	-51	-51	-52	-67	-70	-72	-79	-79	-79	-80	-73	-71	0	0	0	-85	-87	-86	0	-80	-86	-87	0	0	0	-90	-90	0	0	-90	-91	-60	0	-93	-93	-93	-94	-95	0	0	0	0	0	0	0	0	0	0	0	0	-87	0	0	0	0	0	0	0	0	0	0	0	0	0	0	0	0	0	0	0	0	0	0	0	0	0	0	0	0	-53	0	0	0	0	0	0	0	0	0	0	0	0	0	0	0	0	0	0	0	0	0	0	0	0	0	0	0	0	0	3271	-3308	3097	22047	-7795	-121	-21	973	207	0	-1	-1	-21	958	204	1606974898
-52	-49	-54	-51	-53	-67	-71	-71	-80	-78	-81	-78	-74	-71	0	0	0	-85	-85	-85	0	-80	-84	-85	0	0	-82	-91	-91	0	-92	-89	-90	-59	0	0	-93	-93	0	-94	0	0	0	0	0	0	0	0	0	0	0	0	0	0	0	0	0	0	0	0	0	0	0	0	0	0	0	0	0	0	0	0	0	0	0	0	0	0	0	0	0	-63	0	0	0	0	0	0	0	0	0	0	0	0	0	0	0	0	0	0	0	0	0	0	0	0	0	0	0	0	0	3271	-3331	3083	22048	-7798	-120	-21	973	206	0	-1	0	-21	958	204	1606974900
-58	-49	0	-51	-53	-66	-70	-70	-79	0	-80	-78	-74	0	0	0	0	-83	-85	-85	0	-78	-85	-84	0	0	0	-90	-90	0	-91	-89	-89	-59	0	0	-94	-93	-94	-95	0	0	0	0	0	0	0	0	0	0	0	0	0	0	0	0	0	0	0	0	0	0	0	0	0	0	0	0	0	0	0	0	0	0	0	0	0	0	0	0	0	-55	0	0	0	0	0	0	0	0	0	0	0	0	0	0	0	0	0	0	0	0	0	0	0	0	0	0	0	0	0	3271	-3323	3045	22047	-7795	-120	-21	973	207	0	0	-1	-21	958	204	1606974902
-55	-47	-53	-51	-53	-53	-68	-70	-73	0	-73	-74	-75	-69	0	0	-79	-81	-82	-82	0	-79	-81	-82	-78	0	-82	-90	-89	0	-91	-89	-90	-47	0	-92	-95	-91	0	-94	-93	0	0	0	0	0	0	0	0	0	0	0	0	0	0	0	0	0	0	0	0	0	0	0	0	0	0	0	0	0	0	0	0	0	0	0	0	0	0	0	0	-57	0	0	0	0	0	0	0	0	0	0	0	0	0	0	0	0	0	0	0	0	0	0	0	0	0	0	0	0	0	3286	-3323	3142	22046	-7793	-120	-21	973	207	-1	-1	-1	-21	958	204	1606974903
-50	-48	-51	-52	-52	-67	-71	-70	-80	-77	-80	-81	-74	-70	0	0	-79	-84	-85	-84	-80	-79	-84	-85	-81	-80	-82	-92	-91	0	0	-90	0	-59	0	0	-93	0	-94	-93	0	0	0	0	0	0	0	0	0	0	0	0	0	0	0	0	0	0	0	0	0	0	0	0	0	0	0	0	0	0	0	0	0	0	0	0	0	0	0	0	0	-58	0	0	0	0	0	0	0	0	0	0	0	0	0	0	0	0	0	0	0	0	0	0	0	0	0	0	0	0	0	3316	-3293	3105	22047	-7795	-121	-21	973	207	-1	-1	-1	-21	958	204	1606974905
-54	-45	-51	-52	-52	-65	-70	-71	-79	-76	-80	-80	-74	-70	0	0	0	-85	-85	-85	0	-78	-85	-85	0	0	-84	-91	-90	0	0	-92	0	-60	0	0	-94	-94	0	-93	0	-85	0	0	0	0	0	0	0	0	0	0	0	0	0	0	0	0	0	0	0	0	0	0	0	0	0	0	0	0	0	0	0	0	0	0	0	0	0	0	0	-55	0	0	0	0	0	0	0	0	0	0	0	0	0	0	0	0	0	0	0	0	0	0	0	0	0	0	0	0	0	3241	-3323	3105	22047	-7797	-120	-21	973	207	-1	-1	0	-21	958	204	1606974906
0	-49	-49	-52	-52	-67	-71	-70	-81	-76	-78	-78	-74	-70	0	0	0	-85	-85	-85	0	-79	-85	-87	0	0	-82	-91	0	0	-91	-92	0	-58	0	0	0	-95	0	-94	0	0	0	0	0	0	0	0	0	0	0	0	0	0	0	0	0	0	0	0	0	0	0	0	0	0	0	0	0	0	0	0	0	0	0	0	0	0	0	0	0	-60	0	0	0	0	0	0	0	0	0	0	0	0	0	0	0	0	0	0	0	0	0	0	0	0	0	0	0	0	0	3271	-3368	3068	22046	-7795	-121	-22	973	207	-1	-1	0	-21	958	204	1606974908
-55	-49	-53	-52	-52	-51	-70	-70	-74	0	-74	-74	-74	-70	0	0	0	-81	-82	-81	0	0	-82	-82	0	0	-83	-91	-90	0	0	-91	-91	-47	0	0	-92	-93	-93	-94	0	-86	0	0	0	0	0	0	0	-88	0	0	0	0	0	0	0	0	0	0	0	0	0	0	0	0	0	0	0	0	0	0	0	0	0	0	0	0	0	0	0	-57	0	0	0	0	0	0	0	0	0	0	0	0	0	0	0	0	0	0	0	0	0	0	0	0	0	0	0	0	0	3286	-3278	3105	22046	-7794	-121	-21	973	207	-1	-1	-1	-21	958	204	1606974910
-54	-50	0	-52	-53	0	0	0	-74	0	-74	-74	-75	0	0	0	-79	-81	-81	-81	-79	-80	-81	-82	-81	-79	-81	0	0	0	0	0	0	-47	0	-93	-94	-92	0	-94	0	0	0	0	0	0	0	0	0	0	0	0	0	0	0	0	0	0	0	0	0	0	0	0	0	0	0	0	0	0	0	0	0	0	0	0	0	0	0	0	0	-60	0	0	0	0	0	0	0	0	0	0	0	0	0	0	0	0	0	0	0	0	0	0	0	0	0	0	0	0	0	3286	-3368	3083	22047	-7797	-121	-22	973	207	-1	0	-1	-21	958	204	1606974911
-52	-46	-51	0	-52	0	0	-69	-78	0	-78	-78	-73	0	0	0	0	-84	-85	-85	0	-78	-85	-85	0	0	0	-92	-90	0	-90	-90	-90	-60	-64	0	-94	-94	0	-95	0	0	0	0	0	0	0	0	0	0	0	0	0	0	0	0	0	0	0	0	0	0	0	0	0	0	0	0	0	0	0	0	0	0	0	0	0	0	0	0	0	-55	0	0	0	0	0	0	0	0	0	0	0	0	0	0	0	0	0	0	0	0	0	0	0	0	0	0	0	0	0	3211	-3322	3052	22047	-7795	-121	-21	974	207	0	0	-1	-21	958	204	1606974913
-51	-45	-52	-52	-52	0	-71	0	-79	0	-79	-78	-73	-71	0	0	0	-84	-85	-85	0	0	-84	-84	0	0	-83	-91	-92	0	-89	-88	-91	-59	0	0	-94	-94	-94	-92	-94	0	0	0	0	0	0	0	0	0	0	0	0	0	0	0	0	0	0	0	0	0	0	0	0	0	0	0	0	0	0	0	0	0	0	0	0	0	0	0	0	-55	0	0	0	0	0	0	0	0	0	0	0	0	0	0	0	0	0	0	0	0	0	0	0	0	0	0	0	0	0	3226	-3323	3135	22046	-7794	-120	-21	973	207	-1	0	-1	-21	958	204	1606974914
-53	-45	0	-52	-52	0	0	-70	-79	0	-79	-79	-73	-70	0	0	0	-86	-85	-85	-79	-80	-86	-86	0	-79	0	-89	-91	0	0	-90	0	-59	0	0	-94	-94	0	0	0	0	0	0	0	0	0	0	0	0	0	0	0	0	0	0	0	0	0	0	0	0	0	0	0	0	0	0	0	0	0	0	0	0	0	0	0	0	0	0	0	-56	0	0	0	0	0	0	0	0	0	0	0	0	0	0	0	0	0	0	0	0	0	0	0	0	0	0	0	0	0	3271	-3293	3120	22047	-7797	-122	-22	973	207	-1	-1	-1	-21	958	204	1606974916
-51	-45	0	0	-54	0	0	0	-78	-76	-80	-78	-73	0	0	0	0	-84	-86	-85	0	-80	-85	-85	0	0	-83	-90	-91	0	0	-89	-90	-60	0	0	-95	-94	0	-93	0	0	0	0	0	0	0	0	0	-88	0	0	0	0	0	0	0	0	0	0	0	0	0	0	0	0	0	0	0	0	0	0	0	0	0	0	0	0	0	0	0	-56	0	0	0	0	0	0	0	0	0	0	0	0	0	0	0	0	0	0	0	0	0	0	0	0	0	0	0	0	0	3286	-3368	3083	22047	-7795	-121	-21	973	207	-1	-1	-1	-21	958	204	1606974917
0	-49	-52	-52	-52	0	-70	-69	-73	0	-74	-73	-74	-70	0	0	0	-81	-81	-81	0	-78	-82	-81	0	0	-84	-90	-90	0	0	-90	-91	-48	0	0	-92	-94	0	-92	0	0	0	0	0	0	-91	0	0	0	0	0	0	0	0	0	0	0	0	0	0	0	0	0	0	0	0	0	0	0	0	0	0	0	0	0	0	0	0	0	0	-57	0	0	0	0	0	0	0	0	0	0	0	0	0	0	0	0	0	0	0	0	0	0	0	0	0	0	0	0	0	3248	-3308	3083	22046	-7794	-121	-21	973	207	-1	0	-1	-21	958	205	1606974919
-55	-49	-53	-51	-52	0	-70	0	-78	-78	-78	-78	-73	0	0	0	0	-85	-84	-84	0	-79	-85	-84	0	0	-84	-90	-91	0	-90	-90	0	-60	0	0	-94	-94	0	0	-94	0	0	0	0	0	0	0	0	0	0	0	0	0	0	0	0	0	0	0	0	0	0	0	0	0	0	0	0	0	0	0	0	0	0	0	0	0	0	0	0	-59	0	0	0	0	0	0	0	0	0	0	0	0	0	0	0	0	0	0	0	0	0	0	0	0	0	0	0	0	0	3316	-3338	3097	22047	-7797	-121	-21	973	207	-1	-1	-1	-21	958	204	1606974920
-54	-49	-51	0	0	-52	0	0	-73	0	-73	-74	-75	0	0	0	0	-81	-82	-80	0	0	-82	-80	0	0	-80	-90	-90	0	-90	-91	-91	-48	0	-94	-91	-91	0	-92	0	0	0	0	0	0	0	0	0	0	0	0	0	0	0	0	0	0	0	-96	0	0	0	0	0	0	0	0	0	0	0	0	0	0	0	0	0	0	0	0	0	-56	0	0	0	0	0	0	0	0	0	0	0	0	0	0	0	0	0	0	0	0	0	0	0	0	0	0	0	0	0	3241	-3338	3082	22046	-7794	-120	-21	973	207	-1	0	-1	-21	958	204	1606974922
0	-45	-52	-51	-52	-67	-70	-70	-78	-77	-79	-78	-73	-69	-84	0	0	-84	-85	-85	0	-79	-84	-84	0	0	-82	-90	-90	0	-90	-90	0	-60	0	0	-95	0	-94	-93	0	0	0	0	0	0	0	0	0	0	0	0	0	0	0	0	0	0	0	0	0	0	0	0	0	0	0	0	0	0	0	0	0	0	0	0	0	0	0	0	0	-62	0	0	0	0	0	0	0	0	0	0	0	0	0	0	0	0	0	0	0	0	0	0	0	0	0	0	0	0	0	3278	-3338	3097	22046	-7795	-121	-21	973	207	-1	-1	-1	-21	958	204	1606974923
-53	-44	-54	-52	0	-66	-70	-70	-78	-78	-79	-80	-74	-70	0	0	0	-84	-85	-84	0	-79	-83	-85	0	0	-82	-91	-92	0	0	0	0	-58	0	0	-94	-92	-94	-93	0	0	0	0	0	0	0	0	0	0	0	0	0	0	0	0	0	0	0	0	0	0	0	0	0	0	0	0	0	0	0	0	0	0	0	0	0	0	0	0	0	-59	0	0	0	0	0	0	0	0	0	0	0	0	0	0	0	0	0	0	0	0	0	0	0	0	0	0	0	0	0	3211	-3383	3097	22048	-7799	-121	-21	973	206	-1	-1	-1	-21	958	204	1606974925
-55	-50	-53	-52	-53	-66	-70	-69	-79	-78	-78	-78	-74	-69	0	0	0	-84	-85	-85	0	-78	-84	-84	0	0	-82	-89	-90	0	0	-92	-90	-58	0	-93	-93	-93	0	-95	0	0	0	0	0	0	0	0	0	0	0	0	0	0	0	0	0	0	0	0	0	0	0	0	0	0	0	0	0	0	0	0	0	0	0	0	0	0	0	0	0	-55	0	0	0	0	0	0	0	0	0	0	0	0	0	0	0	0	0	0	0	0	0	0	0	0	0	0	0	0	0	3271	-3330	3045	22047	-7796	-121	-21	973	207	-1	-1	-1	-21	958	204	1606974927
-53	-49	0	0	-53	0	0	-69	-73	-78	-73	-73	-75	0	0	0	0	-81	-82	-81	0	-76	-81	-82	0	0	-81	-91	0	0	-91	-90	0	-47	0	-92	0	0	0	-94	0	0	0	0	-91	0	0	0	0	0	0	0	0	0	0	0	0	0	0	0	0	0	0	0	0	0	0	0	0	0	0	0	0	0	0	0	0	0	0	0	0	-59	0	0	0	0	0	0	0	0	0	0	0	0	0	0	0	0	0	0	0	0	0	0	0	0	0	0	0	0	0	3271	-3398	3053	22047	-7796	-120	-21	973	206	-1	-1	-1	-21	958	204	1606974928
-54	-44	-53	-52	-53	-52	-70	-69	-73	0	-73	-72	-75	-70	0	0	0	-81	-81	-80	0	0	-80	-80	0	0	-82	-90	-90	0	0	-90	0	-46	0	0	-93	-94	0	-94	0	0	0	0	0	0	0	0	0	0	0	0	0	0	0	0	0	0	0	0	0	0	0	0	0	0	0	0	0	0	0	0	0	0	0	0	0	0	0	0	0	-59	0	0	0	0	0	0	0	0	0	0	0	0	0	0	0	0	0	0	0	0	0	0	0	0	0	0	0	0	0	3181	-3383	3105	22048	-7800	-121	-22	973	206	-1	-1	-1	-21	959	203	1606974930
-52	-45	-49	-51	-53	-68	-70	-70	-78	0	-78	-78	-74	-70	0	0	0	-84	-85	-85	0	-74	-84	-86	0	0	-81	-92	-91	0	-90	-90	-90	-60	0	0	-94	-93	-94	-95	0	0	0	0	0	0	-88	0	0	0	-90	0	0	0	0	0	0	0	0	0	0	0	0	0	0	0	0	0	0	0	0	0	0	0	0	0	0	0	0	0	0	0	0	0	0	0	0	0	0	0	0	0	0	0	0	0	0	0	0	0	0	0	0	0	0	0	0	0	0	0	0	3241	-3323	3105	22046	-7795	-121	-21	973	207	-1	-1	-1	-21	958	204	1606974931
-56	-44	0	-51	-53	-68	-69	-68	-79	0	-78	-78	-74	-68	0	0	0	-84	-85	-84	0	-74	-85	-86	0	0	-84	-91	-91	0	-92	-90	-91	-60	0	0	-93	-94	-94	-93	-92	-84	0	0	0	0	-88	0	0	0	-87	0	0	0	0	0	0	0	0	0	0	0	0	0	0	0	0	0	0	0	0	0	0	0	0	0	0	0	0	0	0	-55	0	0	0	0	0	0	0	0	0	0	0	0	0	0	0	0	0	0	0	0	0	0	0	0	0	0	0	0	0	3271	-3338	3097	22047	-7795	-120	-21	973	207	-1	0	-1	-21	958	204	1606974933
-53	-44	-52	-51	-53	-67	-69	0	-77	-77	-79	-79	-73	-68	0	0	0	-86	-87	-85	0	-74	-86	-85	0	0	-82	-90	-91	0	-88	-89	-90	-59	0	0	-95	-94	0	-94	0	-85	0	0	0	0	0	0	0	0	0	0	0	0	0	0	0	0	0	0	0	0	0	0	0	0	0	0	0	0	0	0	0	0	0	0	0	0	0	0	0	-55	0	0	0	0	0	0	0	0	0	0	0	0	0	0	0	0	0	0	0	0	0	0	0	0	0	0	0	0	0	3271	-3315	3083	22048	-7799	-121	-21	973	206	-1	-1	-1	-21	958	204	1606974934
-53	-49	-51	-51	-53	-67	-69	-70	-78	0	-78	-78	-75	-69	0	0	0	-87	-85	-85	0	-75	-84	-84	0	0	-81	-90	0	0	0	0	-91	-60	0	0	-93	-94	0	-93	-93	0	0	0	0	0	0	0	0	0	0	0	0	0	-95	0	0	0	0	0	0	0	-95	0	0	0	0	0	0	0	0	-95	0	0	0	0	0	0	0	0	0	-60	0	0	0	0	0	0	0	0	0	0	0	0	0	0	0	0	0	0	0	0	0	0	0	0	0	0	0	0	0	3241	-3323	3112	22047	-7795	-120	-21	973	207	-1	-1	-1	-21	958	204	1606974936
0	-46	-52	-52	-53	0	-70	-70	-74	0	-73	-73	-74	-71	0	0	0	-81	-81	-81	0	-73	-81	-82	0	0	-84	-91	-92	0	-89	-92	-89	-46	0	-93	-94	-93	-94	-93	-94	0	0	0	0	0	0	-88	0	0	0	0	0	0	0	0	0	0	0	0	0	0	0	0	0	0	0	0	0	0	0	0	0	0	0	0	0	0	0	0	0	-61	0	0	0	0	0	0	0	0	0	0	0	0	0	0	0	0	0	0	0	0	0	0	0	0	0	0	0	0	0	3316	-3316	3083	22047	-7796	-120	-21	973	206	-1	-1	-1	-21	958	204	1606974938
-52	-51	-51	0	-53	0	0	0	-79	-78	-79	-79	-74	0	0	0	0	-86	-85	-85	0	0	-85	-85	0	0	-82	-90	-90	0	-90	-91	-90	-60	0	0	-93	-94	0	0	-93	0	0	0	0	0	-87	0	0	0	0	0	0	0	0	0	0	0	0	0	0	0	0	0	0	0	0	0	0	0	0	0	0	0	0	0	0	0	0	0	0	-63	0	0	0	0	0	0	0	0	0	0	0	0	0	0	0	0	0	0	0	0	0	0	0	0	0	0	0	0	0	3256	-3323	3083	22048	-7799	-120	-21	973	206	-1	-1	-1	-21	958	204	1606974939
-56	-49	0	-52	-52	0	-70	-70	-78	-77	-78	-79	-74	-69	0	0	-74	-85	-84	-85	-73	-73	-86	-84	-74	-74	-83	-91	-91	0	-90	-89	-89	-59	0	0	-94	-95	0	-95	0	0	0	0	0	0	0	0	0	0	0	0	0	0	0	0	0	0	0	0	0	0	-93	0	0	0	0	0	0	0	0	0	0	0	0	0	0	0	0	0	0	-56	0	0	0	0	0	0	0	0	0	0	0	0	0	0	0	0	0	0	0	0	0	0	0	0	0	0	0	0	0	3271	-3323	3112	22047	-7796	-120	-21	973	207	-1	-1	-1	-21	958	204	1606974941
-53	-51	-53	-52	-53	-66	-69	0	-78	-78	-80	-78	-73	-71	0	0	0	-85	-84	-85	0	-74	-84	-84	0	0	-80	-90	-90	0	-90	-90	-90	-59	0	0	-95	-93	-94	-95	0	0	0	0	0	0	0	0	0	0	-90	0	0	0	0	0	0	0	0	0	0	0	0	0	0	0	0	0	0	-92	0	0	0	0	0	0	0	0	0	0	0	-56	0	0	0	0	0	0	0	0	0	0	0	0	0	0	0	0	0	0	0	0	0	0	0	0	0	0	0	0	0	3256	-3308	3127	22047	-7795	-120	-21	973	207	-1	-1	-1	-21	958	204	1606974942
-54	-49	0	-51	0	-70	0	-70	-78	-77	-79	-79	-74	0	0	0	0	-84	-86	-86	0	-75	-86	-85	0	0	-84	-90	-89	0	-88	-90	-91	-61	0	0	0	0	0	-95	-93	-84	0	0	0	0	0	0	0	0	0	0	0	0	0	0	0	0	0	0	0	0	0	0	0	0	0	0	0	0	0	0	0	0	0	0	0	0	0	0	0	-56	0	0	0	0	0	0	0	0	0	0	0	0	0	0	0	0	0	0	0	0	0	0	0	0	0	0	0	0	0	3241	-3308	3097	22048	-7798	-121	-21	973	205	-1	-1	-1	-21	958	204	1606974944
-49	-48	-49	-48	-52	-71	0	-70	-80	-77	-79	-79	-74	-70	0	0	0	-87	-85	-85	-73	-73	-86	-85	-74	-73	-83	-91	-90	0	0	-90	-89	-60	0	0	-94	-94	0	-95	-94	0	0	0	0	0	0	0	0	0	0	0	0	0	-94	0	0	0	0	0	0	0	0	0	0	0	0	0	0	0	0	-97	0	0	0	0	0	0	0	0	0	-56	0	0	0	0	0	0	0	0	0	0	0	0	0	0	0	0	0	0	0	0	0	0	0	0	0	0	0	0	0	3181	-3330	3112	22047	-7796	-120	-21	973	206	-1	-1	-1	-21	958	204	1606974945
-51	-48	-50	-51	-53	-67	0	0	-79	-77	-80	-79	-73	-71	0	0	0	-86	-85	-85	0	-74	-85	-86	0	0	-82	-90	-90	0	0	-90	-91	-54	0	0	-93	-94	-93	-94	0	0	0	0	0	0	0	0	0	0	0	0	0	0	-94	0	0	0	0	0	0	0	0	0	0	0	0	0	0	0	0	0	0	0	0	0	0	0	0	0	0	-55	0	0	0	0	0	0	0	0	0	0	0	0	0	0	0	0	0	0	0	0	0	0	0	0	0	0	0	0	0	3226	-3308	3112	22048	-7796	-119	-21	973	206	-1	-1	0	-21	958	204	1606974947
-53	-49	-47	-51	-52	-66	-71	-68	-79	0	-79	-78	-73	-70	0	0	0	-85	-84	-85	0	-75	-85	-86	0	0	-82	-90	-88	0	-91	-90	-91	-54	0	-94	-92	-91	0	-94	-92	0	0	0	0	0	0	0	0	0	0	0	-90	0	0	0	0	0	0	0	0	0	0	0	0	0	0	0	0	0	0	0	0	0	0	0	0	0	0	0	0	-55	0	0	0	0	0	0	0	0	0	0	0	0	0	0	0	0	0	0	0	0	0	0	0	0	0	0	0	0	0	3241	-3323	3142	22048	-7799	-120	-21	973	206	-1	-1	-1	-21	958	204	1606974949
-53	-49	-49	0	-52	-65	0	0	-80	-78	-80	-79	-74	0	0	0	0	-85	-85	-85	0	0	-85	-85	0	0	-81	-91	-91	0	0	-91	-91	-52	0	0	-94	-94	0	-94	0	0	0	0	0	0	0	0	0	0	0	0	0	0	0	0	0	0	0	0	0	0	0	0	0	0	0	0	0	0	0	0	0	0	0	0	0	0	0	0	0	-59	0	0	0	0	0	0	0	0	0	0	0	0	0	0	0	0	0	0	0	0	0	0	0	0	0	0	0	0	0	3241	-3338	3120	22047	-7796	-121	-22	973	206	-1	-1	0	-21	958	204	1606974950
-52	-44	-50	-52	-52	-52	0	0	-73	-78	-74	-74	-75	-71	0	0	0	-82	-82	-81	0	-74	-82	-82	0	0	0	-91	-91	0	0	-91	-91	-51	0	0	0	-94	0	-94	0	-87	0	-84	0	0	0	0	0	0	0	0	0	0	0	0	0	0	0	0	0	0	0	0	0	0	0	0	0	-91	0	0	0	0	0	0	0	0	0	0	0	-62	0	0	0	0	0	0	0	0	0	0	0	0	0	0	0	0	0	0	0	0	0	0	0	0	0	0	0	0	0	3278	-3338	3097	22046	-7793	-121	-22	973	207	-1	-1	0	-21	958	205	1606974952
0	-46	-49	-53	-53	-65	-70	-70	-80	0	-79	-79	-73	-69	0	0	0	-85	-85	-85	0	-74	-86	-85	0	0	-82	-90	-90	0	0	-89	-91	-53	0	0	-95	-94	0	-95	0	0	0	0	0	0	0	0	0	0	0	0	0	0	0	0	0	0	0	0	0	0	0	0	0	0	0	0	0	0	0	0	0	0	0	0	0	0	0	0	0	-60	0	0	0	0	0	0	0	0	0	0	0	0	0	0	0	0	0	0	0	0	0	0	0	0	0	0	0	0	0	3226	-3383	3083	22047	-7797	-121	-21	974	204	-1	-1	-1	-21	958	204	1606974953
0	-45	-50	-52	-53	-65	-69	-71	-80	0	-80	-80	-74	-69	0	0	-71	-85	-85	-85	-73	-74	-85	-85	0	-74	-83	-90	-93	0	0	-91	-90	-51	0	0	-95	-93	0	-94	0	0	0	0	-88	0	-88	0	-88	0	-90	0	0	0	0	0	0	0	0	0	0	0	0	0	0	0	0	0	0	0	0	0	0	0	0	0	0	0	0	0	0	-55	0	0	0	0	0	0	0	0	0	0	0	0	0	0	0	0	0	0	0	0	0	0	0	0	0	0	0	0	0	3226	-3375	3068	22047	-7794	-120	-22	973	207	-1	-1	0	-21	958	204	1606974955
0	-44	-48	-53	-52	-66	-69	-72	-80	-78	-80	-79	-74	-69	0	0	0	-85	-85	-85	0	0	-85	-85	0	0	-82	-92	-93	0	0	-91	-90	-52	0	-94	-95	-94	0	0	0	0	0	0	0	0	0	0	0	0	0	0	0	0	0	0	0	0	0	0	0	0	0	0	0	0	0	0	0	0	0	0	0	0	0	0	0	0	0	0	0	-57	0	0	0	0	0	0	0	0	0	0	0	0	0	0	0	0	0	0	0	0	0	0	0	0	0	0	0	0	0	3316	-3301	3045	22047	-7794	-120	-21	973	207	-1	-1	-1	-21	958	204	1606974987
-52	-45	-49	-52	-52	-66	0	0	-80	0	-80	-79	-74	-69	0	0	0	-84	-86	-85	0	-80	-85	-85	0	0	-85	-90	-89	0	0	-91	-90	-52	0	-93	-93	-94	0	-95	-93	0	0	0	0	0	0	0	0	0	0	0	0	0	0	0	0	0	0	-93	0	0	0	0	0	0	0	0	0	0	0	0	0	0	0	0	0	0	0	0	0	-59	0	0	0	0	0	0	0	0	0	0	0	0	0	0	0	0	0	0	0	0	0	0	0	0	0	0	0	0	0	3241	-3323	3082	22047	-7795	-120	-21	973	206	-1	-1	0	-21	958	204	1606974988
-53	-52	-49	-52	-51	-65	-71	0	-79	-77	-79	-81	-74	0	0	0	0	-84	-85	-84	0	-78	-84	-85	0	0	-83	-90	-91	0	0	-91	-90	-52	0	-94	-92	-95	0	-91	0	-84	0	0	0	0	0	0	0	0	0	0	0	0	0	0	0	0	0	0	0	0	-96	0	0	0	0	0	0	0	0	0	0	0	0	0	0	0	0	0	0	-59	0	0	0	0	0	0	0	0	0	0	0	0	0	0	0	0	0	0	0	0	0	0	0	0	0	0	0	0	0	3226	-3338	3112	22047	-7795	-120	-21	973	207	-1	-1	0	-21	958	204	1606974990
-54	-51	-49	-51	-50	-68	0	0	-80	-77	-79	-79	-75	0	0	0	0	-85	-85	-85	0	0	-85	-85	0	0	-81	-92	-89	0	0	-90	-90	-58	0	-94	-92	-92	-94	-96	0	0	0	0	0	0	0	0	0	0	0	0	0	0	0	-89	0	0	0	0	0	0	0	0	0	0	0	0	0	0	0	-94	0	0	0	0	0	0	0	0	0	-55	0	0	0	0	0	0	0	0	0	0	0	0	0	0	0	0	0	0	0	0	0	0	0	0	0	0	0	0	0	3211	-3338	3090	22046	-7793	-119	-21	973	207	-1	-1	-1	-21	958	205	1606974991
-53	-45	-53	0	-53	0	0	0	-73	0	-72	-72	-75	0	0	0	0	-81	-81	-82	0	-74	-81	-81	0	0	-81	-90	-89	0	0	-89	0	-47	0	0	-93	-92	-92	-94	0	0	0	0	0	0	0	0	0	0	0	0	0	0	0	0	0	0	0	0	0	0	0	0	0	0	0	0	0	0	0	0	0	0	0	0	0	0	0	0	0	-59	0	0	0	0	0	0	0	0	0	0	0	0	0	0	0	0	0	0	0	0	0	0	0	0	0	0	0	0	0	3331	-3338	3053	22048	-7800	-121	-21	973	206	0	0	-1	-21	958	203	1606974993
0	-46	-50	-51	-53	0	-70	-70	-78	-78	-78	-79	-73	-70	0	0	0	-85	-86	-86	0	0	-84	-85	0	0	-82	-91	-91	0	0	-92	0	-60	0	0	-94	-93	-93	-94	-94	-85	0	0	0	0	0	0	0	0	0	0	0	0	0	0	0	0	0	-92	0	0	0	0	0	0	0	0	0	0	0	0	0	0	0	0	0	0	0	0	0	0	0	0	0	0	0	0	0	0	0	0	0	0	0	0	0	0	0	0	0	0	0	0	0	0	0	0	0	0	0	3226	-3308	3112	22047	-7797	-121	-22	973	207	0	0	0	-21	958	204	1606974995
-55	-46	-51	0	-52	0	0	-70	-79	0	-79	-78	-74	-70	0	0	0	-85	-85	-85	0	0	-85	-85	0	0	-83	-92	-91	0	-89	-90	0	-59	0	0	-94	-93	0	-94	0	-84	0	0	0	0	0	0	0	0	0	0	0	0	0	0	0	0	0	0	0	0	0	0	0	0	0	0	0	0	0	0	0	0	0	0	0	0	0	0	0	-55	0	0	0	0	0	0	0	0	0	0	0	0	0	0	0	0	0	0	0	0	0	0	0	0	0	0	0	0	0	3240	-3308	3030	22046	-7795	-121	-21	973	207	0	0	0	-21	958	204	1606974996
-51	-44	-50	-52	-52	0	-69	0	-78	0	-79	-77	-74	-70	0	0	0	-84	-85	-85	0	-74	-83	-85	0	0	-81	-91	-91	0	-90	-89	0	-59	-63	0	-95	-94	-96	-94	0	0	0	0	0	0	0	0	0	0	0	0	0	0	-95	0	0	0	0	0	0	0	0	0	0	0	0	0	0	-92	0	0	0	0	0	0	0	0	0	0	0	-58	0	0	0	0	0	0	0	0	0	0	0	0	0	0	0	0	0	0	0	0	0	0	0	0	0	0	0	0	0	3264	-3361	3150	22048	-7801	-121	-21	973	206	0	0	0	-21	959	203	1606974998
-52	-49	-55	-51	-53	0	-70	0	-79	-75	-80	-80	-74	-69	0	0	0	-84	-86	-85	0	-77	-85	-85	0	0	-82	-89	-89	0	-91	-93	-90	-59	0	0	-93	-92	0	-94	0	0	0	0	0	0	0	0	0	0	0	0	0	0	0	0	0	0	0	0	0	0	0	0	0	0	0	0	0	0	0	0	0	0	0	0	0	0	0	0	0	-63	0	0	0	0	0	0	0	0	0	0	0	0	0	0	0	0	0	0	0	0	0	0	0	0	0	0	0	0	0	3286	-3315	3045	22047	-7795	-121	-21	973	207	0	0	0	-21	958	204	1606974999
0	-48	-53	-52	0	0	0	0	-81	-76	-79	-80	-75	0	0	0	0	-84	-84	-85	0	-75	-85	-85	0	0	-82	-91	-89	0	0	-89	-91	-59	0	0	-94	-92	-95	-93	0	0	0	0	0	0	0	0	0	0	0	0	0	0	0	-88	0	0	0	0	0	0	0	0	0	0	0	0	0	0	0	0	0	0	0	0	0	0	0	0	0	-55	0	0	-93	0	0	0	0	0	0	0	0	0	0	0	0	0	0	0	0	0	0	0	0	0	0	0	0	0	0	3241	-3323	3172	22046	-7794	-121	-21	973	207	0	0	-1	-21	958	204	1606975001
-52	0	-52	0	-53	-51	-70	-70	-74	-78	-73	-75	-74	-70	0	0	0	-82	-82	-81	-73	-74	-82	-82	0	0	-83	-91	-89	0	0	-90	0	-47	0	-92	-94	0	-95	-93	-93	0	0	0	0	0	0	0	0	0	0	0	0	0	0	0	0	0	0	0	0	0	0	0	0	0	0	0	0	0	0	0	0	0	0	0	0	0	0	0	0	-61	0	0	0	0	0	0	0	0	0	0	0	0	0	0	0	0	0	0	0	0	0	0	0	0	0	0	0	0	0	3233	-3338	3112	22047	-7797	-122	-21	973	207	0	0	-1	-21	958	204	1606975002
-56	-45	-56	-51	-53	-67	0	0	-78	-77	-79	-78	-74	-70	0	0	0	-84	-84	-85	0	-74	-85	-84	0	0	-82	-90	-90	0	-89	-90	-91	-59	0	0	-93	-94	-95	-96	0	0	0	0	0	0	0	0	0	0	0	0	0	0	0	0	0	0	0	0	0	0	0	0	0	0	0	0	0	0	0	-94	0	0	0	0	0	0	0	0	0	0	0	0	0	0	0	0	0	0	0	0	0	0	0	0	0	0	0	0	0	0	0	0	0	0	0	0	0	0	0	3241	-3323	3112	22048	-7800	-121	-21	973	206	0	0	-1	-21	958	203	1606975004
-57	-46	-53	-51	0	-65	-69	-68	-79	0	-79	-78	-74	-69	0	0	0	-84	-84	-85	0	0	-84	-85	0	0	-82	-91	-91	0	-91	-90	-91	-59	0	0	-93	-92	-94	-94	0	0	0	0	0	0	-90	-87	0	0	0	0	0	0	0	0	0	0	0	0	0	0	0	0	0	0	0	0	0	-92	0	0	0	0	0	0	0	0	0	0	0	-61	0	0	0	0	0	0	0	0	0	0	0	0	0	0	0	0	0	0	0	0	0	0	0	0	0	0	0	0	0	3271	-3338	3097	22047	-7795	-120	-21	973	207	0	0	-1	-21	958	204	1606975006
0	-50	0	-52	0	-65	0	-69	-80	0	-78	-79	-74	-70	0	-87	0	-84	-84	-84	0	-75	-85	-85	0	0	-83	-91	-92	0	-91	-89	-92	-58	0	0	-93	-92	-94	-94	-93	0	0	0	0	0	0	0	0	0	0	0	0	0	0	0	0	0	0	0	0	0	0	0	0	0	0	0	0	0	0	0	0	0	0	0	0	0	0	0	0	-61	0	0	0	0	0	0	0	0	0	0	0	0	0	0	0	0	0	0	0	0	0	0	0	0	0	0	0	0	0	3271	-3368	3083	22046	-7795	-121	-21	973	207	0	0	-1	-21	958	204	1606975007
-55	-52	0	-53	-53	-66	-70	-69	-79	0	-79	-78	-74	-69	0	0	0	-84	-84	-85	0	-76	-84	-85	0	0	-81	-90	-91	0	0	-90	-90	-60	0	0	-95	0	-95	0	0	0	0	0	0	0	0	0	0	0	0	0	0	0	-93	0	0	0	0	0	0	0	0	0	0	0	0	0	0	0	0	0	0	0	0	0	0	0	0	0	0	-60	0	0	0	0	0	0	0	0	0	0	0	0	0	0	0	0	0	0	0	0	0	0	0	0	0	0	0	0	0	3241	-3338	3082	22046	-7797	-122	-22	973	207	0	0	-1	-21	958	204	1606975009
-52	-52	-52	-52	0	0	-68	-68	-73	-77	-73	-73	-75	-69	0	0	0	-81	-81	-82	0	-75	-80	-80	0	0	-82	-92	-91	0	-90	-90	-90	-47	0	-93	-93	-94	-95	-94	0	0	0	0	0	0	0	0	0	0	-88	0	0	0	0	0	0	0	0	0	0	0	0	0	0	0	0	0	0	0	0	0	0	0	0	0	0	0	0	0	0	-59	0	0	0	0	0	0	0	0	0	0	0	0	0	0	0	0	0	0	0	0	0	0	0	0	0	0	0	0	0	3249	-3368	3068	22047	-7798	-122	-21	973	206	0	0	-1	-21	958	204	1606975010
-56	-52	-50	-52	-53	0	-67	-69	-78	-76	-79	-79	-74	-68	0	0	0	-85	-85	-84	0	-76	-85	-85	0	0	-83	-90	-90	0	-91	-90	0	-59	0	0	-93	0	0	-93	0	-82	0	0	0	0	0	0	0	0	0	0	0	0	0	0	0	0	0	0	0	0	0	0	0	0	0	0	0	0	0	0	0	0	0	0	0	0	0	0	0	-59	0	0	0	0	0	0	0	0	0	0	0	0	0	0	0	0	0	0	0	0	0	0	0	0	0	0	0	0	0	3256	-3338	3112	22047	-7796	-121	-21	973	207	0	0	-1	-21	958	204	1606975012
-51	-49	-51	-51	-53	-51	-68	-69	-73	-76	-74	-73	-75	-68	0	0	0	-82	-81	-82	0	-74	-81	-81	0	0	-82	-92	-90	0	-90	-90	-89	-48	0	-92	-93	-93	0	-94	-93	-85	0	0	0	0	0	0	0	0	0	0	0	0	0	0	0	0	0	0	0	0	0	0	0	0	0	0	0	0	0	0	0	0	0	0	0	0	0	0	0	-58	0	0	0	0	0	0	0	0	0	0	0	0	0	0	0	0	0	0	0	0	0	0	0	0	0	0	0	0	0	3286	-3338	3097	22049	-7801	-120	-21	973	206	0	0	0	-21	959	203	1606975013
-51	-46	0	-49	-53	-65	-68	-69	-79	-76	-80	-79	-74	-68	-85	0	0	-85	-85	-85	0	-73	-85	-84	0	0	-82	-91	-89	0	0	-91	-89	-59	0	0	-94	-95	0	-94	0	0	0	-88	0	0	0	0	0	0	0	0	0	0	0	0	0	0	0	0	0	0	0	0	0	0	0	0	0	0	0	0	0	0	0	0	0	0	0	0	0	-59	0	0	0	0	0	0	0	0	0	0	0	0	0	0	0	0	0	0	0	0	0	0	0	0	0	0	0	0	0	3233	-3338	3075	22047	-7796	-121	-21	973	207	0	0	-1	-21	958	204	1606975015
-57	-52	-51	-51	-52	-66	0	-68	-79	-76	-79	-79	-74	-67	0	0	0	-86	-85	-85	0	-74	-84	-84	0	0	-82	-91	-90	0	-91	-89	-91	-60	0	-95	-95	-92	0	-95	0	-82	0	0	0	0	0	0	0	0	0	0	0	0	0	0	0	0	0	0	0	0	0	0	0	0	0	0	0	0	0	0	0	0	0	0	0	0	0	0	0	-63	0	0	0	0	0	0	0	0	0	0	0	0	0	0	0	0	0	0	0	0	0	0	0	0	0	0	0	0	0	3211	-3353	3112	22047	-7797	-121	-21	973	207	0	-1	-1	-21	958	204	1606975017
-55	-46	-52	-51	-53	-67	0	0	-80	-76	-80	-79	-74	-69	0	0	0	-84	-84	-85	0	0	-85	-86	0	0	-82	-89	-91	0	-90	-91	-91	-59	0	0	-96	-95	-96	-94	0	0	0	0	0	0	0	0	0	0	0	0	0	0	0	0	0	0	0	0	0	0	0	0	0	0	0	0	0	0	0	0	0	0	0	0	0	0	0	0	0	-65	0	0	0	0	0	0	0	0	0	0	0	0	0	0	0	0	0	0	0	0	0	0	0	0	0	0	0	0	0	3211	-3338	3090	22049	-7802	-121	-21	973	206	0	-1	-1	-21	959	203	1606975018
-56	-46	-54	-51	-54	-52	-67	0	-73	0	-73	-73	-75	-68	0	0	0	-80	-82	-81	0	0	-80	-81	0	0	-81	-90	-90	0	0	-91	-90	-47	0	-92	-94	-94	-93	-91	-93	-84	0	0	0	0	0	0	0	0	0	0	0	0	0	0	0	0	0	0	0	0	0	0	0	0	0	0	0	0	0	0	0	0	0	0	0	0	0	0	0	-58	0	0	0	0	0	0	0	0	0	0	0	0	0	0	0	0	0	0	0	0	0	0	0	0	0	0	0	0	0	3286	-3338	3112	22046	-7795	-122	-21	973	207	0	0	-1	-21	958	204	1606975020
0	-49	-53	0	-53	0	0	-67	-73	-76	-73	-73	-77	0	0	0	0	-81	-81	-82	0	-74	-81	-81	0	0	-83	-90	-90	0	0	-90	0	-46	0	0	-94	-93	0	-93	-94	0	0	0	0	0	0	0	0	0	0	0	0	0	0	0	0	0	0	0	0	0	0	0	0	0	0	0	0	0	0	0	0	0	0	0	0	0	0	0	0	-59	0	0	0	0	0	0	0	0	0	0	0	0	0	0	0	0	0	0	0	0	0	0	0	0	0	0	0	0	0	3271	-3338	3127	22047	-7796	-120	-21	973	206	0	0	0	-21	958	204	1606975021
-52	-46	-50	-52	-53	-52	-67	-68	-74	-76	-74	-74	-74	-69	0	0	0	-81	-81	-81	0	-74	-81	-81	0	0	-83	-89	-90	0	-90	-90	-91	-47	0	-92	-93	-92	0	0	0	0	0	0	0	0	-89	0	0	0	0	0	0	0	0	0	0	0	0	0	0	0	0	0	0	0	0	0	0	0	0	0	0	0	0	0	0	0	0	0	0	-59	0	0	0	0	0	0	0	0	0	0	0	0	0	0	0	0	0	0	0	0	0	0	0	0	0	0	0	0	0	3271	-3338	3112	22050	-7804	-121	-21	973	205	0	0	0	-21	959	203	1606975023
0	-46	-50	-53	0	-66	-66	-69	-79	0	-79	-78	-73	-67	0	0	0	-85	-85	-84	-74	-77	-85	-84	0	0	-81	-91	-91	0	-90	-92	-90	-59	0	0	-94	-93	-95	-93	0	-86	0	0	-88	0	0	0	0	0	0	0	0	0	0	0	0	0	0	0	0	0	0	0	0	0	0	0	0	0	0	0	0	0	0	0	0	0	0	0	0	-59	0	0	0	0	0	0	0	0	0	0	0	0	0	0	0	0	0	0	0	0	0	0	0	0	0	0	0	0	0	3240	-3323	3038	22048	-7798	-121	-21	973	206	0	0	0	-21	958	204	1606975024
0	-50	-56	-50	0	-64	-68	-66	-77	-77	-78	-79	-75	-67	0	0	-77	-85	-85	-85	-77	-79	-86	-84	-77	-77	-81	-89	-90	0	-91	-91	-89	-59	-64	0	-93	-94	0	0	0	-88	0	-83	0	0	-87	0	0	0	0	0	0	0	0	0	0	0	0	0	0	0	0	0	0	0	0	0	0	0	0	0	0	0	0	0	0	0	0	0	0	-60	0	0	0	0	0	0	0	0	0	0	0	0	0	0	0	0	0	0	0	0	0	0	0	0	0	0	0	0	0	3361	-3339	3135	22048	-7798	-119	-21	973	207	0	-1	0	-21	958	204	1606975026
-52	-50	0	-47	-52	-64	-68	0	-79	-80	-79	-80	-74	-68	0	0	0	-86	-86	-86	0	-82	-86	-85	0	0	-84	0	-91	0	0	0	0	-57	0	0	-93	-93	0	-95	0	0	0	0	0	0	0	0	0	0	0	0	0	0	0	0	0	0	0	0	0	0	0	0	0	0	0	0	0	0	0	0	0	0	0	0	0	0	0	0	0	-62	0	0	0	0	0	0	0	0	0	0	0	0	0	0	0	0	0	0	0	0	0	0	0	0	0	0	0	0	0	3241	-3323	3127	22049	-7803	-121	-21	973	205	0	0	-1	-21	959	203	1606975028
