-43	-54	-46	0	-52	0	0	0	-75	-74	-74	-73	-70	0	0	-85	0	-82	-83	-84	0	0	-83	-85	0	0	-89	-89	-90	0	-91	-91	-90	-53	-56	0	0	0	-91	0	0	0	0	0	0	0	0	0	0	0	0	0	0	0	0	0	-85	0	0	0	0	-85	0	-86	-86	0	0	0	-90	0	0	0	0	0	0	0	0	0	0	0	0	-59	0	0	0	0	0	0	0	0	0	0	0	0	0	0	0	0	0	0	0	0	0	0	0	0	0	0	0	0	0	0	0	4004	-2484	2752	23119	-7768	-219	-39	970	210	0	0	0	-38	957	209	1606974583
-45	-50	-46	-54	-58	0	-70	-70	-73	-76	-75	-74	-71	-71	0	0	-79	-82	-83	-83	-81	-80	-84	-83	-80	-79	-87	-89	-90	0	-91	-91	-92	-53	0	0	0	0	-92	0	0	0	0	-85	0	0	0	0	0	0	0	0	0	0	0	0	0	0	0	0	0	0	0	0	0	0	0	0	-93	0	0	0	0	0	0	0	0	0	0	0	0	-63	0	0	0	0	0	0	0	0	0	0	0	0	0	0	0	0	0	0	0	0	0	0	0	0	0	0	0	0	0	0	0	4079	-2499	2738	23109	-7781	-218	-37	970	210	0	0	0	-38	957	206	1606974585
-43	-50	-45	-52	-59	0	-70	-70	-77	-77	-77	-78	-74	-70	0	0	0	-88	-89	-88	0	-81	-87	-89	0	0	-90	-89	-90	0	-89	-89	-90	-59	0	0	0	0	-89	0	0	0	0	0	0	0	0	0	0	0	0	0	0	0	0	0	0	0	0	0	0	0	0	0	0	0	0	0	0	0	0	0	0	0	0	0	0	0	0	0	0	-62	0	0	0	0	0	0	0	0	0	0	0	0	0	0	0	0	0	0	0	0	0	0	0	0	0	0	0	0	0	0	0	4109	-2484	2752	23112	-7769	-218	-38	969	212	0	0	-1	-38	957	209	1606974586
-47	-60	-46	-55	-58	0	-69	-68	-77	-71	-78	-82	-75	-70	0	0	-83	-87	-87	-86	-83	-81	-87	-87	-81	-82	0	-90	-88	0	-89	-90	-89	-55	0	0	0	0	-90	0	0	0	0	0	0	0	0	-81	0	0	0	0	0	0	0	0	0	0	0	0	0	0	0	0	0	0	0	0	0	0	0	0	0	0	0	0	0	0	0	0	0	-64	0	0	0	0	0	0	0	0	0	0	0	0	0	0	0	0	0	0	0	0	0	0	0	0	0	0	0	0	0	0	0	4049	-2499	2752	23111	-7766	-218	-38	970	212	0	0	-1	-38	957	209	1606974588
-46	-47	-47	-53	-58	-57	-68	-67	-74	-76	-73	-73	-70	-67	0	0	-78	-81	-82	-82	-80	-72	-82	-82	-77	-78	0	-90	-90	0	0	-89	-90	-53	0	0	0	0	-93	0	0	0	0	0	0	0	0	0	0	0	0	0	0	0	0	0	0	0	0	0	0	0	0	0	0	0	0	0	-91	0	0	0	0	0	0	0	0	0	0	0	0	-60	0	0	0	0	0	0	0	0	0	0	0	0	0	0	0	0	0	0	0	0	0	0	0	0	0	0	0	0	0	0	0	4065	-2552	2783	23111	-7764	-218	-38	969	212	0	0	0	-38	957	209	1606974589
-50	-48	-45	-54	-58	-57	-68	-68	-74	0	-75	-74	-71	-69	0	0	0	-83	-83	-83	0	-78	-83	-84	0	0	-88	-91	-90	0	-90	-89	-90	-53	0	0	0	0	-93	0	0	0	0	0	0	0	0	0	0	0	0	0	0	0	0	0	0	0	0	0	0	0	0	0	0	0	0	0	0	0	0	0	0	0	0	0	0	0	0	0	0	-61	0	0	0	0	0	0	0	0	0	0	0	0	0	0	0	0	0	0	0	0	0	0	0	0	0	0	0	0	0	0	0	4057	-2514	2767	23110	-7762	-218	-38	970	213	0	0	0	-38	957	210	1606974591
-50	-54	-47	-54	-56	-56	0	0	-74	-74	-73	-73	-71	-71	0	0	-78	-84	-84	-83	-78	-78	-83	-83	-79	-78	-88	-90	-90	0	-89	-89	-90	-52	0	0	0	0	-93	0	0	-90	0	0	0	0	0	0	0	0	0	0	0	0	0	0	0	0	0	0	0	0	0	0	0	0	0	0	-91	0	0	0	0	0	0	0	0	0	0	0	0	-63	0	0	0	0	0	0	0	0	0	0	0	0	0	0	0	0	0	0	0	0	0	0	0	0	0	0	0	0	0	0	0	4147	-2515	2768	23109	-7757	-218	-38	970	213	-1	-1	0	-38	956	210	1606974592
-49	-49	0	-54	-57	-57	-71	0	-73	-74	-73	-73	-70	0	0	0	-80	-83	-82	-84	-78	-79	-84	-84	-77	-78	0	-90	-88	0	-88	-89	-89	-54	0	0	0	0	-91	0	0	0	0	0	0	0	0	0	0	0	0	0	0	0	0	0	0	0	0	0	0	0	0	0	0	0	0	0	-90	0	0	0	0	0	0	0	0	0	0	0	0	-61	0	0	0	0	0	0	0	0	0	0	0	0	0	0	0	0	0	0	0	0	0	0	0	0	0	0	0	0	0	0	0	4019	-2544	2767	23110	-7761	-217	-38	971	213	-1	-1	0	-38	957	210	1606974594
0	-48	-46	-54	0	-56	0	-71	-73	-74	-74	-74	-72	0	0	0	-76	-83	-83	-84	-79	-77	-84	-83	-77	-77	0	-90	-90	0	-90	-89	-89	-53	-58	0	0	0	-92	0	0	0	0	0	0	0	0	0	0	0	0	0	0	0	0	0	0	0	0	0	0	0	0	0	0	0	0	0	-93	0	0	0	0	0	0	0	0	0	0	0	0	-58	0	0	0	0	0	0	0	0	0	0	0	0	0	0	0	0	0	0	0	0	0	0	0	0	0	0	0	0	0	0	0	3959	-2499	2767	23109	-7756	-216	-38	970	214	-1	-1	-1	-37	956	211	1606974596
-46	-49	0	-55	-57	0	-70	-70	-74	-74	-74	-74	-70	-70	0	0	-78	-84	-84	-84	-77	-80	-84	-84	-77	-78	-88	-90	-90	0	-90	-90	-90	-54	0	0	0	0	-94	0	0	0	0	0	0	0	0	0	0	0	0	0	0	0	0	0	0	0	0	0	0	0	0	0	0	0	0	0	-92	0	0	0	0	0	0	0	0	0	0	0	0	-59	0	0	0	0	0	0	0	0	0	0	0	0	0	0	0	0	0	0	0	0	0	0	0	0	0	0	0	0	0	0	0	4019	-2514	2738	23110	-7757	-216	-37	971	212	-1	-1	0	-37	956	210	1606974597
-50	-49	-48	-55	-52	0	-70	-68	-79	0	-77	-79	-75	-69	0	0	0	-89	-88	-88	0	-78	-87	-88	0	0	-89	-90	-90	0	-90	-91	-91	-57	0	0	0	0	-89	0	0	0	0	0	0	0	0	0	0	0	0	0	0	0	0	0	0	0	0	0	0	0	0	0	0	0	0	0	0	0	-86	0	0	0	0	0	0	0	0	0	0	-65	0	0	0	0	0	0	0	0	0	0	0	0	0	0	0	0	0	0	0	0	0	0	0	0	0	0	0	0	0	0	0	4049	-2499	2738	23110	-7760	-216	-38	970	212	-1	-1	-1	-37	957	210	1606974599
-50	-55	-46	-54	-58	0	-70	-69	-79	-74	-76	-76	-74	-69	0	0	0	-88	-88	-89	0	-77	-89	-88	0	0	-89	-90	-91	0	0	-89	-90	-58	0	0	0	0	-89	0	0	0	-89	0	0	0	0	0	0	0	0	-91	0	0	0	0	0	0	0	0	0	0	0	0	0	0	0	0	0	0	-85	0	0	0	0	0	0	0	0	0	0	-58	0	0	0	0	0	0	0	0	0	0	0	0	0	0	0	0	0	0	0	0	0	0	0	0	0	0	0	0	0	0	0	4049	-2544	2730	23109	-7757	-217	-38	970	213	-1	-1	0	-37	956	211	1606974600
-49	-48	-46	-53	-57	-62	-68	0	-72	-73	-76	-75	-71	-68	0	0	-77	-91	-90	-89	-77	-77	-88	-89	-79	-77	-88	-91	-92	0	-92	-91	-91	-54	-56	0	0	0	0	0	0	0	0	0	0	0	0	-82	0	0	0	0	0	0	0	0	0	0	0	0	0	0	0	0	0	0	0	0	-93	0	0	0	0	0	0	0	0	0	0	0	0	-59	0	0	0	0	0	0	0	0	0	0	0	0	0	0	0	0	0	0	0	0	0	0	0	0	0	0	0	0	0	0	0	3959	-2529	2767	23109	-7757	-217	-38	970	213	-1	-1	-1	-38	956	210	1606974602
0	-51	-47	-57	-60	-63	-67	-66	-77	-67	-76	-79	-78	-66	0	0	-80	-88	-89	-87	-79	-80	-89	-88	-79	-79	0	-89	-90	0	-89	-88	-88	-57	0	0	0	0	-89	0	0	0	-92	0	0	0	0	0	0	0	0	0	0	0	0	0	0	0	0	0	0	0	0	0	0	0	0	0	0	0	0	0	0	0	0	0	0	0	0	0	0	-62	0	0	0	0	0	0	0	0	0	0	0	0	0	0	0	0	0	0	0	0	0	0	0	0	0	0	0	0	0	0	0	4080	-2559	2753	23110	-7759	-216	-38	970	213	-1	-1	0	-37	957	210	1606974603
-49	0	-46	-53	-56	-58	-67	-67	-74	-78	-74	-74	-70	-68	0	0	0	-82	-82	-82	0	-77	-82	-83	0	0	-89	-90	-90	0	-90	-91	-92	-53	0	0	0	0	-92	0	0	0	0	0	0	0	0	0	0	0	0	0	0	0	0	0	0	0	-71	0	0	0	0	0	0	0	0	0	-90	0	0	0	0	0	0	0	0	0	0	0	0	-63	0	0	0	0	0	0	0	0	0	0	0	0	0	0	0	0	0	0	0	0	0	0	0	0	0	0	0	0	0	0	0	4080	-2544	2812	23109	-7755	-217	-38	970	212	-1	-1	0	-38	956	211	1606974605
-49	-51	-45	-53	-57	-63	-68	-68	-72	0	-75	-73	-71	-67	0	0	0	-86	-87	-88	0	-80	-87	-88	0	0	-90	0	-93	0	0	-91	0	-54	0	0	0	0	-94	0	0	-93	0	0	0	0	0	0	0	0	0	0	0	0	0	0	0	0	0	0	0	0	0	0	0	0	0	0	0	0	0	0	0	0	0	0	0	0	0	0	0	-60	0	0	0	0	0	0	0	0	0	0	0	0	0	0	0	0	0	0	0	0	0	0	0	0	0	0	0	0	0	0	0	4049	-2544	2753	23108	-7753	-217	-38	970	213	-1	-1	0	-38	956	211	1606974606
-48	-50	-47	-53	-60	-64	-69	-69	-79	-75	-81	-78	-73	-69	0	-89	0	-90	-88	-89	0	-79	-89	-88	0	0	-92	-89	-90	0	-89	-90	-89	-57	0	0	0	0	-88	0	0	0	0	0	0	0	0	0	0	0	0	0	0	0	0	0	0	0	0	0	0	0	0	0	0	0	0	0	0	0	0	0	0	0	0	0	0	0	0	0	0	-62	0	0	0	0	0	0	0	0	0	0	0	0	0	0	0	0	0	0	0	0	0	0	0	0	0	0	0	0	0	0	0	4050	-2544	2812	23110	-7760	-217	-38	971	211	-1	-1	0	-37	957	210	1606974608
-46	-47	-49	-55	-57	-57	-71	-72	-76	0	-75	-74	0	-72	0	0	-77	-84	-83	-84	-78	-78	-83	-84	-78	-79	0	-89	-90	0	-90	-91	-90	-52	0	0	0	0	-95	0	0	-89	-88	0	0	0	0	0	0	0	0	0	0	0	0	0	0	0	0	0	0	0	0	0	0	0	0	0	-93	0	0	0	0	0	0	0	0	0	0	0	0	-60	0	0	0	0	0	0	0	0	0	0	0	0	0	0	0	0	0	0	0	0	0	0	0	0	0	0	0	0	0	0	0	4110	-2544	2738	23109	-7755	-217	-38	971	212	-1	-1	0	-37	956	211	1606974610
-51	-50	-54	-55	-56	0	-67	-67	-78	0	-77	-79	-74	-68	0	0	0	-89	-89	-88	0	-78	-88	-89	0	0	-91	-89	-89	0	-89	-90	-89	-57	0	0	0	0	-91	0	0	0	0	0	0	0	0	0	0	0	0	0	0	0	0	0	0	0	0	0	0	0	0	0	0	0	-89	0	0	0	0	0	0	0	0	0	0	0	0	0	0	-62	0	0	0	0	0	0	0	0	0	0	0	0	0	0	0	0	0	0	0	0	0	0	0	0	0	0	0	0	0	0	0	4057	-2499	2767	23109	-7757	-218	-38	970	214	-1	-1	0	-38	956	211	1606974611
-48	-49	-52	-55	-58	0	-67	-70	-80	-74	-79	-79	-75	-68	0	0	-75	-88	-88	-88	-76	-75	-88	-88	-75	-76	-93	-90	-89	0	-90	-91	-89	-56	0	0	0	0	-88	0	0	0	-90	0	0	0	0	0	0	0	0	0	0	0	0	0	0	0	0	0	0	0	0	0	0	0	0	0	0	0	0	0	0	0	0	0	0	0	0	0	0	0	0	0	0	0	0	0	0	0	0	0	0	0	0	0	0	0	0	0	0	0	0	0	0	0	0	0	0	0	0	0	0	4065	-2544	2745	23109	-7754	-217	-37	971	213	-1	-1	0	-38	956	211	1606974613
-48	-48	-52	-53	-56	0	0	-68	-79	-76	-80	-76	-76	-68	0	0	0	-91	-88	-88	0	-73	-87	-88	0	0	-87	-90	-90	0	-90	-91	-89	-57	0	0	0	0	-87	0	0	-91	0	0	0	0	0	0	0	0	0	-93	0	0	0	0	0	0	0	0	0	0	0	0	0	0	0	0	0	0	0	0	0	0	0	0	0	0	0	0	0	-70	0	0	0	0	0	0	0	0	0	0	0	0	0	0	0	0	0	0	0	0	0	0	0	0	0	0	0	0	0	0	0	4064	-2469	2738	23109	-7755	-217	-37	970	214	-1	-1	-1	-38	956	211	1606974614
-49	-50	-52	-53	-57	0	-68	-68	-76	-75	-80	-78	-74	-66	0	-86	0	-88	-89	-89	0	0	-88	-88	0	0	-92	-90	-90	0	-90	-91	-90	-57	0	0	0	0	-90	0	0	0	0	0	0	0	0	-83	0	0	0	0	0	0	0	0	0	0	0	0	0	0	0	0	0	0	0	0	0	0	0	0	0	0	0	0	0	0	0	0	0	-64	0	0	0	0	0	0	0	0	0	0	0	0	0	0	0	0	0	0	0	0	0	0	0	0	0	0	0	0	0	0	0	4079	-2499	2738	23108	-7752	-218	-38	970	213	-1	-1	0	-38	956	211	1606974616
-48	0	-46	-54	-58	-62	-70	-70	-79	-74	-76	-79	-75	-70	0	0	0	-89	-89	-87	0	0	-88	-89	0	0	-87	-91	-90	0	-88	-89	-89	-56	0	0	0	0	-90	0	0	0	0	0	0	0	0	0	0	0	0	0	0	0	0	0	0	0	0	0	0	0	0	0	0	0	0	0	0	0	0	0	0	0	0	0	0	0	0	0	0	-62	0	0	0	0	0	0	0	0	0	0	0	0	0	0	0	0	0	0	0	0	0	0	0	0	0	0	0	0	0	0	0	4072	-2559	2768	23109	-7754	-217	-37	970	213	-1	-1	-1	-38	956	211	1606974618
-49	-55	-48	-53	-60	-62	-70	-70	-77	-74	-77	-80	-76	-70	0	-85	0	-88	-89	-87	0	0	-88	-87	0	0	-88	-89	-90	0	0	-90	-91	-58	0	0	0	0	-87	0	0	-90	0	0	0	0	0	0	0	0	0	0	0	0	0	0	0	0	0	0	0	0	0	-85	-86	0	0	0	0	0	0	0	0	0	0	0	0	0	0	0	0	-61	0	0	0	0	0	0	0	0	0	0	0	0	0	0	0	0	0	0	0	0	0	0	0	0	0	0	0	0	0	0	0	4080	-2544	2745	23109	-7756	-217	-38	970	213	0	0	-1	-38	956	211	1606974619
-47	-57	-47	-54	-58	-62	-70	-69	-77	-74	-77	-80	-74	-69	0	0	0	-89	-90	-89	0	-75	-89	-88	0	0	-89	-90	-90	0	-89	-89	-89	-57	0	0	0	0	-87	0	0	0	0	0	0	0	0	0	0	0	0	0	0	0	0	0	-87	0	0	0	0	-88	0	0	0	0	0	0	0	0	0	0	0	0	0	0	0	0	0	0	0	0	0	0	0	0	0	0	0	0	0	0	0	0	0	0	0	0	0	0	0	0	0	0	0	0	0	0	0	0	0	0	0	4080	-2597	2738	23108	-7752	-217	-37	970	214	-1	-1	-1	-37	956	211	1606974621
-47	-57	-46	-53	-58	-57	-69	0	-75	0	-75	-74	-71	-69	0	0	0	-83	-83	-84	0	-77	-84	-83	0	0	-89	-90	-89	0	-89	-90	-90	-54	0	0	0	0	-93	0	0	-91	0	0	0	0	0	-84	0	0	0	0	0	0	0	0	0	0	0	0	0	0	0	0	0	0	0	0	-93	0	0	0	0	0	0	0	0	0	0	0	0	-61	0	0	0	0	0	0	0	0	0	0	0	0	0	0	0	0	0	0	0	0	0	0	0	0	0	0	0	0	0	0	0	4012	-2544	2752	23109	-7756	-217	-38	970	213	-1	-1	0	-38	956	211	1606974623
-49	-57	0	-53	-58	-62	-68	-68	-77	-73	-79	-79	-74	-68	0	0	0	-88	-87	-88	0	-77	-87	-88	0	0	-87	-90	-88	0	-90	-90	-90	-57	0	0	0	0	-91	0	0	0	0	0	0	0	0	-85	0	0	0	0	0	0	0	0	0	0	0	0	0	0	0	0	0	0	0	0	0	0	0	0	0	0	0	0	0	0	0	0	0	-61	0	0	0	0	0	0	0	0	0	0	0	0	0	0	0	0	0	0	0	0	0	0	0	0	0	0	0	0	0	0	0	4049	-2499	2752	23108	-7753	-218	-38	970	214	-1	-1	-1	-38	956	211	1606974624
-49	-57	-48	-53	-57	-63	-69	-70	-77	0	-77	-79	-74	-70	0	0	0	-89	-88	-90	0	0	-88	-88	0	0	-88	-90	-90	0	-90	-89	-90	-58	0	0	0	0	-89	0	0	-90	0	0	0	0	0	0	0	0	0	0	0	0	0	0	0	0	0	0	0	0	0	0	0	0	0	0	0	0	0	0	0	0	0	0	0	0	0	0	0	-64	0	0	0	0	0	0	0	0	0	0	0	0	0	0	0	0	0	0	0	0	0	0	0	0	0	0	0	0	0	0	0	4019	-2559	2730	23109	-7755	-217	-38	970	214	-1	-1	-1	-38	956	211	1606974626
-49	-56	-47	-53	-59	-62	-70	-69	-80	-74	-79	-79	-75	-69	0	-86	0	-87	-87	-88	0	-76	-88	-88	0	0	-88	-89	-89	0	-89	-90	-90	-58	0	0	0	0	-90	0	0	0	0	0	0	0	0	0	0	0	0	-91	0	0	0	0	0	0	0	0	0	0	0	0	0	0	0	0	0	0	0	0	0	0	0	0	0	0	0	0	0	-62	0	0	0	0	0	0	0	0	0	0	0	0	0	0	0	0	0	0	0	0	0	0	0	0	0	0	0	0	0	0	0	4064	-2514	2752	23108	-7752	-217	-37	970	214	-1	-1	-1	-38	956	211	1606974627
-50	-57	-46	-53	-58	-62	-68	-68	-76	0	-79	-79	-74	-69	0	-87	0	-89	-89	-88	0	0	-89	-88	0	0	-88	-88	-89	0	-90	-90	-90	-57	0	0	0	0	-87	0	0	0	0	0	0	0	0	0	0	0	0	0	0	0	0	0	0	0	0	0	0	0	0	-87	0	0	0	0	0	0	0	0	0	0	0	0	0	0	0	0	0	-61	0	0	0	0	0	0	0	0	0	0	0	0	0	0	0	0	0	0	0	0	0	0	0	0	0	0	0	0	0	0	0	4064	-2506	2708	23109	-7757	-217	-38	970	215	-1	-1	-1	-38	956	211	1606974629
-48	-57	-46	-53	-58	0	-69	-70	-79	0	-79	-75	-74	-70	0	0	0	-88	-88	-89	0	0	-89	-89	0	0	0	-89	-90	0	-90	-90	-89	-57	-58	0	0	0	-89	0	0	0	0	0	0	0	0	0	0	0	0	0	0	0	0	0	0	0	0	0	0	0	0	0	0	0	0	0	0	0	-86	0	0	0	0	0	0	0	0	0	0	-61	0	0	0	0	0	0	0	0	0	0	0	0	0	0	0	0	0	0	0	0	0	0	0	0	0	0	0	0	0	0	0	4019	-2544	2738	23108	-7751	-217	-38	970	214	-1	-1	-1	-38	956	212	1606974630
-50	-55	-49	-53	-59	0	-69	-69	-78	0	-78	-79	-75	-70	0	-86	0	-90	-87	-87	0	0	-89	-90	0	0	-87	-89	-90	0	-89	-90	-90	-57	0	0	0	0	-91	0	0	0	0	0	0	0	0	0	0	0	0	0	0	0	0	0	-87	0	0	0	0	-86	0	0	-87	0	0	0	0	0	0	0	0	0	0	0	0	0	0	0	0	-59	0	0	0	0	0	0	0	0	0	0	0	0	0	0	0	0	0	0	0	0	0	0	0	0	0	0	0	0	0	0	0	4065	-2544	2760	23108	-7753	-218	-38	972	213	-1	-1	-1	-38	956	211	1606974632
-48	0	-51	-53	-57	-56	-69	-70	-75	-73	-75	-76	-70	-69	0	-86	-77	-82	-83	-83	-75	-75	-83	-83	-75	-76	-88	-89	-91	0	-89	-89	-90	-53	-56	0	0	0	-94	0	0	0	0	0	0	0	0	0	0	0	0	0	-88	0	0	-93	-86	0	0	0	0	-86	0	0	0	0	0	0	-91	0	0	0	0	0	0	0	0	0	0	0	0	-60	0	0	0	0	0	0	0	0	0	0	0	0	0	0	0	0	0	0	0	0	0	0	0	0	0	0	0	0	0	0	0	4020	-2544	2827	23109	-7755	-218	-38	970	214	-1	-1	-1	-38	956	211	1606974633
-50	-57	-51	-54	-57	0	-71	-69	-75	-74	-76	-75	-70	-71	0	0	0	-83	-83	-84	0	-73	-83	-84	0	0	0	-91	-89	0	-89	-88	-91	-54	0	0	0	0	-94	0	0	-89	0	0	0	0	0	0	0	0	0	0	0	0	0	0	0	0	-75	0	0	0	0	0	0	0	0	0	-92	0	0	0	0	0	0	0	0	0	0	0	0	-62	0	0	0	0	0	0	0	0	0	0	0	0	0	0	0	0	0	0	0	0	0	0	0	0	0	0	0	0	0	0	0	4004	-2544	2723	23108	-7753	-217	-38	970	213	-1	-1	-1	-38	956	211	1606974635
-50	-57	-52	-53	-58	-57	0	0	-76	0	-75	-75	-70	-70	0	0	-76	-83	-83	-83	-77	-76	-84	-84	-75	-75	-88	-89	-91	0	-91	-90	-90	-53	0	0	0	0	-93	0	0	0	0	0	0	0	0	0	0	0	0	-96	0	0	0	0	0	0	0	0	0	0	0	0	0	0	0	0	0	0	0	0	0	0	0	0	0	0	0	0	0	-63	0	0	0	0	0	0	0	0	0	0	0	0	0	0	0	0	0	0	0	0	0	0	0	0	0	0	0	0	0	0	0	4049	-2544	2738	23109	-7755	-217	-38	970	213	-1	-1	0	-38	956	211	1606974637
-49	-53	-50	-54	-57	-63	-69	-68	-77	0	-80	-77	-74	-68	0	0	0	-89	-88	-87	0	-77	-87	-87	0	0	-89	-90	-90	0	-90	-90	-90	-58	0	0	0	0	-90	0	0	-90	0	0	0	0	0	0	0	0	0	-93	0	0	0	0	0	0	0	0	0	0	0	0	0	0	0	0	0	0	0	0	0	0	0	0	0	0	0	0	0	-60	0	0	0	0	0	0	0	0	0	0	0	0	0	0	0	0	0	0	0	0	0	0	0	0	0	0	0	0	0	0	0	4065	-2544	2738	23109	-7756	-217	-39	970	213	-1	-1	-1	-38	956	211	1606974638
-48	-52	-47	-53	-58	0	-68	-69	-76	-75	-76	-75	-71	-68	0	0	0	-84	-84	-84	0	-75	-85	-84	0	0	-87	-89	-90	0	-89	-89	-90	-54	0	0	0	0	-93	0	0	0	0	0	0	0	0	0	0	0	0	0	0	0	0	0	0	0	0	0	0	0	0	0	0	0	0	0	0	0	0	0	0	0	0	0	0	0	0	0	0	-62	0	0	0	0	0	0	0	0	0	0	0	0	0	0	0	0	0	0	0	0	0	0	0	0	0	0	0	0	0	0	0	4064	-2514	2752	23108	-7754	-218	-38	970	213	-1	-1	0	-38	956	211	1606974640
0	-57	-51	-54	0	-63	-69	0	-78	-73	-80	-79	-75	-69	0	0	0	-90	-88	-89	0	-75	-89	-90	0	0	-85	-89	-89	0	-89	-91	-89	-57	-58	0	0	0	-90	0	0	0	-89	0	0	0	0	0	0	0	0	0	0	0	0	0	0	0	0	0	0	0	0	0	0	0	0	0	0	0	0	0	0	0	0	0	0	0	0	0	0	0	0	0	0	0	0	0	0	0	0	0	0	0	0	0	0	0	0	0	0	0	0	0	0	0	0	0	0	0	0	0	0	4049	-2514	2738	23108	-7754	-218	-38	970	213	-1	-1	-1	-38	956	211	1606974641
0	-53	-51	-54	0	-62	-69	-68	-80	0	-79	-79	-75	-69	0	0	-76	-90	-89	-88	-76	-76	-90	-89	-75	-75	-86	-89	-90	0	-90	-89	-89	-58	-58	0	0	0	0	0	0	0	0	0	0	0	0	-83	0	0	0	0	0	0	0	0	0	0	0	0	0	0	0	0	0	0	0	0	0	0	0	0	0	0	0	0	0	0	0	0	0	-60	0	0	0	0	0	0	0	0	0	0	0	0	0	0	0	0	0	0	0	0	0	0	0	0	0	0	0	0	0	0	0	3974	-2544	2745	23109	-7757	-217	-39	970	213	-1	-1	-1	-38	956	211	1606974643
-48	-57	-49	-53	-56	-57	-68	-69	-76	0	-75	-75	-71	-69	0	0	-75	-83	-83	-83	-76	-75	-83	-83	-76	-76	-88	-90	0	0	-89	-91	-90	-52	0	0	0	0	-94	0	0	0	0	0	0	0	0	0	0	0	0	0	0	0	0	0	0	0	0	0	0	0	0	0	0	0	0	0	-94	0	0	0	0	0	0	0	0	0	0	0	0	-61	0	0	0	0	0	0	0	0	0	0	0	0	0	0	0	0	0	0	0	0	0	0	0	0	0	0	0	0	0	0	0	4049	-2514	2752	23108	-7753	-216	-38	970	213	-1	-1	0	-37	956	211	1606974645
-49	-57	-50	-52	-57	-63	-69	-68	-80	-75	-76	-80	-75	-68	0	0	0	-88	-89	-88	0	-76	-89	-88	0	0	-89	-89	-90	0	-90	-90	-90	-56	0	0	0	0	-89	0	0	0	0	0	0	0	0	0	0	0	0	0	0	0	0	0	0	0	0	0	0	0	0	0	0	0	0	0	0	0	0	0	0	0	0	0	0	0	0	0	0	-62	0	0	0	0	0	0	0	0	0	0	0	0	0	0	0	0	0	0	0	0	0	0	0	0	0	0	0	0	0	0	0	4064	-2514	2782	23108	-7754	-217	-39	970	213	-1	-1	0	-38	956	211	1606974646
-49	-52	-50	-54	-57	-62	-68	-69	-76	-74	-77	-79	-74	-69	0	0	-76	-87	-89	-88	-77	-75	-87	-88	-75	-76	-87	-93	-90	0	-89	-88	-89	-56	0	0	0	0	-88	0	0	0	-90	0	0	0	0	0	0	0	0	0	0	0	0	0	0	0	0	0	0	0	0	0	0	0	0	0	0	0	0	0	0	0	0	0	0	0	0	0	0	-62	0	0	0	0	0	0	0	0	0	0	0	0	0	0	0	0	0	0	0	0	0	0	0	0	0	0	0	0	0	0	0	4064	-2514	2782	23109	-7757	-216	-38	970	213	-1	-1	0	-37	956	211	1606974648
-48	-53	-50	-52	-57	-62	-68	-69	-79	0	-79	-79	-76	-69	0	0	0	-89	-89	-88	0	-77	-90	-89	0	0	-88	-91	-88	0	-90	-89	-89	-56	0	0	0	0	-89	0	0	0	0	-86	0	0	0	0	0	0	0	0	0	0	0	0	0	0	0	0	0	0	0	0	0	0	-88	0	0	0	0	0	0	0	0	0	0	0	0	0	0	-60	0	0	0	0	0	0	0	0	0	0	0	0	0	0	0	0	0	0	0	0	0	0	0	0	0	0	0	0	0	0	0	4049	-2454	2693	23109	-7754	-216	-38	970	214	-1	-1	-1	-37	956	211	1606974649
-49	-52	-49	-53	-57	-62	-68	-69	-77	0	-76	-76	-75	-68	0	0	-76	-90	-90	-87	-76	-75	-89	-88	-75	-76	-86	-90	-89	0	-89	-89	-90	-57	0	0	0	0	-88	0	0	0	0	0	0	0	0	0	0	0	0	0	0	0	0	0	0	0	0	0	0	0	0	0	0	0	0	0	0	0	0	0	0	0	0	0	0	0	0	0	0	-61	0	0	0	0	0	0	0	0	0	0	0	0	0	0	0	0	0	0	0	0	0	0	0	0	0	0	0	0	0	0	0	4004	-2582	2783	23109	-7755	-216	-39	970	213	-1	-1	0	-37	956	211	1606974651
-49	0	-50	-53	-56	-63	-69	-68	-77	0	-77	-80	-75	-68	0	0	0	-90	-89	-88	0	0	-87	-88	0	0	-87	-90	-91	0	-90	-89	-90	-57	0	0	0	0	-88	0	0	0	0	0	0	0	0	0	0	0	0	0	0	0	0	0	0	0	0	0	0	0	0	0	0	0	0	0	0	0	0	0	0	0	0	0	0	0	0	0	0	-61	0	0	0	0	0	0	0	0	0	0	0	0	0	0	0	0	0	0	0	0	0	0	0	0	0	0	0	0	0	0	0	4004	-2552	2797	23110	-7758	-217	-37	970	213	-1	-1	0	-38	957	210	1606974653
0	0	-50	-53	0	-62	-67	-69	-76	0	-77	-79	-75	-68	0	0	-75	-90	-89	-89	-77	-77	-91	-89	-76	-78	-87	-91	-91	0	-90	-89	-89	-57	-58	0	0	0	-89	0	0	0	0	0	0	0	0	0	0	0	0	0	0	0	0	0	0	0	0	0	0	0	0	0	0	0	0	0	0	0	0	0	0	0	0	0	0	0	0	0	0	-62	0	0	0	0	0	0	0	0	0	0	0	0	0	0	0	0	0	0	0	0	0	0	0	0	0	0	0	0	0	0	0	4049	-2559	2753	23109	-7756	-217	-38	970	213	-1	-1	-1	-38	956	211	1606974654
0	-52	-48	-54	0	0	-68	-68	-75	-75	-75	-74	-71	-68	0	0	-76	-83	-84	-84	-75	-77	-83	-84	-76	-75	-87	-90	-89	0	-91	-90	-90	-54	-57	0	0	0	-92	0	0	0	0	0	0	0	0	0	0	0	0	0	0	0	0	0	0	0	0	0	0	0	0	0	0	0	0	0	-94	0	0	0	0	0	0	0	0	0	0	0	0	-61	0	0	0	0	0	0	0	0	0	0	0	0	0	0	0	0	0	0	0	0	0	0	0	0	0	0	0	0	0	0	0	4049	-2484	2767	23109	-7755	-217	-37	972	213	-1	-1	-1	-38	956	211	1606974656
-48	-53	0	-53	-57	0	-68	-68	-78	-74	-79	-78	-74	-68	0	0	0	-89	-88	-87	0	-77	-88	-87	0	0	-87	-90	-91	0	-89	-90	-89	-57	-58	0	0	0	-87	0	0	0	0	0	0	0	0	0	0	0	0	0	0	0	0	0	0	0	0	0	0	0	0	0	0	0	0	0	0	0	0	0	0	0	0	0	0	0	0	0	0	-61	0	0	0	0	0	0	0	0	0	0	0	0	0	0	0	0	0	0	0	0	0	0	0	0	0	0	0	0	0	0	0	4035	-2499	2805	23110	-7758	-217	-37	970	213	-1	-1	-1	-38	957	210	1606974658
-49	-53	-50	-53	0	0	-68	-68	-80	0	-77	-79	-74	-69	0	0	-75	-88	-89	-87	-77	-75	-88	-87	-76	-77	-86	-90	-89	0	-90	-89	-89	-57	0	0	0	0	-89	0	0	0	0	0	0	0	0	-83	0	0	0	0	0	0	0	0	0	0	0	0	0	0	0	0	0	0	0	0	0	0	0	0	0	0	0	0	0	0	0	0	0	-60	0	0	0	0	0	0	0	0	0	0	0	0	0	0	0	0	0	0	0	0	0	0	0	0	0	0	0	0	0	0	0	4011	-2476	2767	23108	-7753	-216	-38	971	213	-1	-1	0	-37	956	211	1606974659
-48	-53	-50	-53	-57	0	-68	-69	-79	-74	-79	-76	-74	-68	0	0	0	-91	-88	-88	0	-74	-89	-88	0	0	-90	-89	-90	0	-89	-90	-90	-57	0	0	0	0	-87	0	0	0	0	0	0	0	0	0	0	0	0	0	0	0	0	0	0	0	0	0	0	0	0	0	0	0	0	0	0	0	-85	0	0	0	0	0	0	0	0	0	0	-58	0	0	0	0	0	0	0	0	0	0	0	0	0	0	0	0	0	0	0	0	0	0	0	0	0	0	0	0	0	0	0	4049	-2514	2752	23109	-7756	-217	-38	970	214	-1	-1	-1	-37	956	211	1606974661
-48	-57	-50	-54	-57	0	0	0	-79	0	-77	-80	-74	0	0	0	-75	-89	-88	-88	-75	-75	-89	-88	-76	-76	-88	-91	-91	0	-89	-90	-91	-57	0	0	0	0	-87	0	0	0	0	0	0	0	0	0	0	0	0	0	0	0	0	0	0	0	0	0	0	0	0	0	0	0	0	0	0	0	0	0	0	0	0	0	0	0	0	0	0	-59	0	0	0	0	0	0	0	0	0	0	0	0	0	0	0	0	0	0	0	0	0	0	0	0	0	0	0	0	0	0	0	4019	-2483	2678	23109	-7757	-217	-38	970	214	-1	0	-1	-38	956	210	1606974663
-47	-58	-50	-53	-57	0	-69	-69	-79	-74	-80	-79	-75	-69	0	0	0	-88	-88	-88	0	-75	-89	-89	0	0	-88	-91	-90	0	-90	-90	-89	-58	0	0	0	0	-88	0	0	0	0	0	0	0	0	0	0	0	0	-93	0	0	0	0	0	0	0	0	0	0	0	0	0	0	0	0	0	0	0	0	0	0	0	0	0	0	0	0	0	-61	0	0	0	0	0	0	0	0	0	0	0	0	0	0	0	0	0	0	0	0	0	0	0	0	0	0	0	0	0	0	0	4064	-2499	2752	23109	-7755	-216	-39	970	214	-1	0	0	-37	956	211	1606974664
-49	-53	-50	-53	-57	0	-68	-68	-79	-75	-80	-80	-74	-68	0	0	-77	-88	-87	-88	-77	-76	-88	-89	-77	-76	-86	-90	-91	0	-90	-91	-90	-57	0	0	0	0	-90	0	0	0	0	0	0	0	0	0	0	0	0	0	0	0	0	0	0	0	0	0	0	0	0	0	0	0	0	0	0	0	0	0	0	0	0	0	0	0	0	0	0	-61	0	0	0	0	0	0	0	0	0	0	0	0	0	0	0	0	0	0	0	0	0	0	0	0	0	0	0	0	0	0	0	4064	-2469	2752	23109	-7755	-217	-38	970	213	-1	-1	-1	-38	956	211	1606974666
-49	-46	-52	-53	-58	0	-68	-70	-77	-75	-80	-77	-74	-69	0	0	-75	-89	-88	-89	-75	-75	-89	-89	-76	-75	-87	-89	-90	0	-89	-90	-90	-58	0	0	0	0	-87	0	0	0	0	0	0	0	0	0	0	0	0	0	0	0	0	0	0	0	0	0	0	0	0	0	0	0	0	0	0	0	0	0	0	0	0	0	0	0	0	0	0	-62	0	0	0	0	0	0	0	0	0	0	0	0	0	0	0	0	0	0	0	0	0	0	0	0	0	0	0	0	0	0	0	4109	-2484	2752	23110	-7758	-216	-38	971	213	0	-1	0	-37	957	210	1606974667
-49	0	-51	-52	-57	0	0	0	-75	-74	-74	-75	-69	-69	0	0	0	-83	-84	-83	0	0	-83	-83	0	0	-87	-91	-90	0	-89	-90	-90	-53	0	0	0	0	-93	0	0	0	0	0	0	0	0	0	0	0	0	0	0	0	0	0	0	0	0	0	0	0	0	0	0	0	0	0	-93	0	0	0	0	0	0	0	0	0	0	0	0	-61	0	0	0	0	0	0	0	0	0	0	0	0	0	0	0	0	0	0	0	0	0	0	0	0	0	0	0	0	0	0	0	4049	-2559	2738	23109	-7756	-216	-38	970	214	-1	-1	0	-37	956	211	1606974669
-50	-58	-49	-53	-57	0	-67	-68	-75	-75	-75	-75	-70	-68	0	0	0	-84	-83	-83	0	-74	-83	-83	0	0	-76	-89	-91	0	-89	-90	-90	-53	-58	0	0	0	-92	0	0	0	0	-86	0	0	0	0	0	0	0	0	0	0	0	0	0	0	0	0	0	0	0	0	0	0	0	0	-92	0	0	0	0	0	0	0	0	0	0	0	0	-61	0	0	0	0	0	0	0	0	0	0	0	0	0	0	0	0	0	0	0	0	0	0	0	0	0	0	0	0	0	0	0	4094	-2514	2723	23109	-7756	-217	-38	970	213	-1	-1	-1	-38	956	211	1606974671
-48	-56	-49	-52	-57	-63	-69	-67	-77	-73	-79	-76	-75	-68	0	0	-75	-88	-88	-88	-76	-75	-88	-88	-75	-76	-89	-89	-89	0	-89	-90	-90	-57	-57	0	0	0	0	0	0	0	0	0	0	0	0	-82	0	0	0	0	0	0	0	0	0	0	0	0	0	0	0	0	0	0	0	0	0	0	0	0	0	0	0	0	0	0	0	0	0	-60	0	0	0	0	0	0	0	0	0	0	0	0	0	0	0	0	0	0	0	0	0	0	0	0	0	0	0	0	0	0	0	4019	-2544	2782	23110	-7759	-218	-39	970	212	0	-1	-1	-38	957	210	1606974672
-49	-57	-50	-53	-57	-62	-68	-68	-79	0	-79	-78	-75	-68	0	0	0	-88	-88	-89	-75	-75	-87	-87	-75	0	-86	-90	-89	0	-90	-89	-90	-58	0	0	0	0	-89	0	0	0	0	-85	0	0	0	-81	0	0	0	0	0	0	0	0	0	0	0	0	0	0	0	0	0	0	0	0	0	0	0	0	0	0	0	0	0	0	0	0	0	-61	0	0	0	0	0	0	0	0	0	0	0	0	0	0	0	0	0	0	0	0	0	0	0	0	0	0	0	0	0	0	0	4049	-2544	2783	23109	-7755	-217	-38	971	214	-1	-1	0	-38	956	211	1606974674
-49	-56	-49	-53	-57	-63	-69	-69	-77	-73	-80	-79	-75	-68	0	0	0	-88	-87	-88	0	0	-87	-88	0	0	-88	-90	-88	0	-89	-90	-91	-58	0	0	0	0	-87	0	0	0	0	0	0	0	0	0	0	0	0	0	0	0	0	0	0	0	0	0	0	0	0	0	0	0	0	0	0	0	0	0	0	0	0	0	0	0	0	0	0	-61	0	0	0	0	0	0	0	0	0	0	0	0	0	0	0	0	0	0	0	0	0	0	0	0	0	0	0	0	0	0	0	4004	-2514	2752	23109	-7756	-217	-39	970	213	-1	-1	-1	-38	956	211	1606974676
-49	-58	-49	0	-58	-63	-68	-67	-79	-75	-77	-79	-75	-67	0	0	-76	-89	-88	-88	-76	-75	-88	-88	-75	-75	-87	-89	-90	0	-92	-89	-90	-57	0	0	0	0	-90	0	0	0	0	0	0	0	0	-83	0	0	0	0	0	0	0	0	0	0	0	0	0	0	0	0	0	0	0	0	0	0	0	0	0	0	0	0	0	0	0	0	0	-61	0	0	0	0	0	0	0	0	0	0	0	0	0	0	0	0	0	0	0	0	0	0	0	0	0	0	0	0	0	0	0	4049	-2514	2752	23110	-7758	-217	-38	970	212	-1	-1	0	-38	956	211	1606974677
-49	-59	0	-52	-54	-63	-68	-68	-80	-75	-80	-79	-74	-68	0	-86	-75	-88	-88	-88	-75	-75	-88	-89	-75	-75	-86	0	0	0	0	0	0	-56	0	0	0	0	-89	0	0	0	0	0	0	0	0	0	0	0	0	0	0	0	0	0	0	0	0	0	0	0	0	0	0	0	0	0	0	0	0	0	0	0	0	0	0	0	0	0	0	-61	0	0	0	0	0	0	0	0	0	0	0	0	0	0	0	0	0	0	0	0	0	0	0	0	0	0	0	0	0	0	0	3959	-2544	2782	23109	-7757	-217	-39	969	213	-1	-1	-1	-38	956	211	1606974679
-49	-58	-49	-51	-58	-62	-68	-68	-76	0	-76	-77	-75	-68	0	0	0	-89	-87	-87	0	-75	-88	-88	0	0	0	-91	-89	0	-90	-89	-90	-57	0	0	0	0	-89	0	0	-88	0	0	0	0	0	0	0	0	0	0	0	0	0	0	0	0	0	0	0	0	0	0	0	0	0	0	0	0	0	0	0	0	0	0	0	0	0	0	0	-60	0	0	0	0	0	0	0	0	0	0	0	0	0	0	0	0	0	0	0	0	0	0	0	0	0	0	0	0	0	0	0	4064	-2529	2768	23109	-7755	-217	-38	970	213	-1	-1	-1	-38	956	211	1606974680
-48	-57	-50	0	-58	0	0	-69	-79	-75	-76	-76	-75	-69	0	0	0	-89	-89	-88	0	-77	-89	-87	0	0	-87	-91	-90	0	-90	-89	-90	-58	0	0	0	0	-88	0	0	-89	0	0	0	0	0	0	0	-87	0	0	0	0	0	0	0	0	0	0	0	0	0	0	0	-93	0	0	0	0	0	0	0	0	0	0	0	0	0	0	0	-59	0	0	0	0	0	0	0	0	0	0	0	0	0	0	0	0	0	0	0	0	0	0	0	0	0	0	0	0	0	0	0	4049	-2499	2723	23110	-7759	-217	-38	970	213	-1	-1	0	-38	957	210	1606974682
-50	-58	-50	-53	-57	0	-69	-68	-77	0	-79	-80	-75	-68	-78	0	-78	-89	-87	-89	-76	-77	-87	-87	-76	-76	-83	-89	-89	0	-89	-90	-89	-57	-53	0	0	0	-89	0	0	0	0	0	0	0	0	0	0	0	0	0	0	0	0	0	0	0	0	0	0	0	0	0	0	0	0	0	0	0	0	0	0	0	0	0	0	0	0	0	0	-61	0	0	0	0	0	0	0	0	0	0	0	0	0	0	0	0	0	0	0	0	0	0	0	0	0	0	0	0	0	0	0	4049	-2499	2752	23109	-7757	-216	-37	970	213	0	-1	0	-37	956	211	1606974683
-48	-53	-50	-53	-58	0	-69	-68	-80	0	-77	-76	-75	-69	0	0	-75	-89	-89	-89	-77	-75	0	-88	-78	-75	0	-91	-91	0	-89	-90	-89	-58	0	0	0	0	0	0	0	0	0	0	0	0	0	0	0	0	0	0	0	0	0	0	0	0	0	0	0	0	0	0	0	0	-87	0	0	0	0	0	0	0	0	0	0	0	0	0	0	-61	0	0	0	0	0	0	0	0	0	0	0	0	0	0	0	0	0	0	0	0	0	0	0	0	0	0	0	0	0	0	0	4004	-2514	2752	23109	-7754	-217	-37	970	214	-1	-1	-1	-38	956	211	1606974685
-50	-53	-49	-53	-56	0	-68	-69	-80	0	-76	-77	0	-69	0	0	-78	-88	-87	-88	-78	-77	-89	-88	-78	-79	-87	-90	-89	0	-90	-89	-89	-57	0	0	0	0	-89	0	0	0	0	0	0	0	0	0	0	0	0	0	0	0	0	0	0	0	0	0	0	0	0	0	0	0	0	0	0	0	0	0	0	0	0	0	0	0	0	0	0	-60	0	0	0	0	0	0	0	0	0	0	0	0	0	0	0	0	0	0	0	0	0	0	0	0	0	0	0	0	0	0	0	4034	-2499	2782	23109	-7757	-217	-38	970	213	-1	-1	0	-38	956	211	1606974687
0	-59	-50	-53	-58	0	-70	0	-80	-74	-80	-80	-75	-70	0	0	-76	-88	-88	-87	-79	-80	-86	-89	-77	-77	0	-90	-91	0	-89	-90	-90	-58	0	0	0	0	-89	0	0	-90	0	0	0	0	0	0	0	0	0	0	0	0	0	-92	0	0	0	0	0	0	0	0	0	0	0	0	0	0	0	0	0	0	0	0	0	0	0	0	0	-58	0	0	0	0	0	0	0	0	0	0	0	0	0	0	0	0	0	0	0	0	0	0	0	0	0	0	0	0	0	0	0	4049	-2544	2760	23109	-7756	-216	-38	970	213	-1	-1	0	-37	956	211	1606974688
-50	-52	0	0	-58	0	0	-69	-79	0	-80	-79	-75	-69	0	-86	0	-86	-88	-88	0	-77	-88	-88	0	0	-89	-89	-90	0	-91	-89	-90	-57	-58	0	0	0	-89	0	0	0	0	0	0	0	0	0	0	0	0	0	0	0	0	0	-86	0	0	0	0	-86	0	0	-86	0	0	0	0	0	-84	0	0	0	0	0	0	0	0	0	0	0	0	0	0	0	0	0	0	0	0	0	0	0	0	0	0	0	0	0	0	0	0	0	0	0	0	0	0	0	0	0	0	4049	-2514	2767	23109	-7756	-216	-38	970	213	-1	-1	0	-37	956	211	1606974690
0	-52	-51	-53	0	-57	-70	-70	-75	0	-75	-75	-71	-69	0	0	-79	-83	-84	-83	0	0	-83	-83	-77	0	0	-90	-90	0	-89	-91	-90	-54	-57	0	0	0	-93	0	0	0	0	-86	0	0	0	0	0	0	0	0	0	0	0	-91	0	0	0	0	0	0	0	0	0	0	0	0	-91	0	0	0	0	0	0	0	0	0	0	0	0	-62	0	0	0	0	0	0	0	0	0	0	0	0	0	0	0	0	0	0	0	0	0	0	0	0	0	0	0	0	0	0	0	4057	-2544	2768	23109	-7755	-217	-38	970	213	-1	-1	-1	-37	956	211	1606974691
-50	-58	-51	-53	-57	-62	-68	-68	-79	-74	-77	-77	-74	-69	0	0	-71	-87	-88	-88	0	-79	-88	-89	0	0	-88	-91	-91	0	-89	-90	-91	-57	0	0	0	0	-87	0	0	0	0	0	0	0	0	-82	0	0	0	0	0	0	0	0	0	0	0	0	0	0	0	0	0	0	0	0	0	0	0	0	0	0	0	0	0	0	0	0	0	-61	0	0	0	0	0	0	0	0	0	0	0	0	0	0	0	0	0	0	0	0	0	0	0	0	0	0	0	0	0	0	0	4109	-2484	2775	23110	-7759	-217	-38	970	213	-1	0	0	-37	957	210	1606974693
-48	-52	-51	-52	-58	-56	-69	-69	-75	0	-74	-75	-71	-69	0	0	0	-85	-83	-82	0	-76	-84	-84	0	0	-87	-89	-89	0	-88	-90	-89	-53	0	0	0	0	-92	0	0	0	0	0	0	0	0	0	0	0	0	0	0	0	0	0	0	0	0	0	0	0	0	0	0	0	0	0	-91	0	0	0	0	0	0	0	0	0	0	0	0	-61	0	0	0	0	0	0	0	0	0	0	0	0	0	0	0	0	0	0	0	0	0	0	0	0	0	0	0	0	0	0	0	4087	-2476	2738	23109	-7754	-217	-37	970	213	-1	-1	0	-38	956	211	1606974695
-48	-56	-51	-54	-58	-63	-69	-69	-79	-75	-77	-79	-75	-68	0	0	-77	-88	-88	-88	-76	-77	-88	-88	-77	-76	0	-90	-89	0	-89	-90	-90	-58	0	0	0	0	-86	0	0	0	0	0	0	0	0	-83	0	0	0	0	0	0	0	0	0	0	0	0	0	0	0	0	0	0	0	0	0	0	0	0	0	0	0	0	0	0	0	0	0	-62	0	0	0	0	0	0	0	0	0	0	0	0	0	0	0	0	0	0	0	0	0	0	0	0	0	0	0	0	0	0	0	4020	-2559	2797	23109	-7755	-217	-39	970	213	-1	-1	0	-38	956	211	1606974696
-49	-59	-51	-52	-57	-63	-68	-68	-79	-74	-79	-77	-75	-68	0	-88	0	-87	-88	-89	0	-75	-89	-87	0	0	-86	-90	-89	0	-90	-91	-91	-57	0	0	0	0	-88	0	0	0	0	0	0	0	0	0	0	0	0	-91	0	0	0	0	0	0	0	0	0	0	0	0	0	0	0	0	0	0	0	0	0	0	0	0	0	0	0	0	0	-60	0	0	0	0	0	0	0	0	0	0	0	0	0	0	0	0	0	0	0	0	0	0	0	0	0	0	0	0	0	0	0	4050	-2574	2768	23110	-7757	-216	-38	971	213	-1	-1	-1	-37	956	210	1606974698
-48	-59	-51	-53	-57	-62	-68	-69	-79	0	-79	-79	-75	-69	0	0	-76	-89	-88	-87	0	-76	-86	-88	-76	-78	-88	-90	-91	0	-91	-90	-91	-58	0	0	0	0	-88	0	0	0	0	0	0	0	0	0	0	0	0	0	0	0	0	0	0	0	0	0	0	0	0	0	0	0	0	0	0	0	0	0	0	0	0	0	0	0	0	0	0	-61	0	0	0	0	0	0	0	0	0	0	0	0	0	0	0	0	0	0	0	0	0	0	0	0	0	0	0	0	0	0	0	4019	-2514	2752	23109	-7756	-216	-37	970	213	-1	-1	0	-37	956	211	1606974699
0	-58	-50	-53	0	-56	-68	-69	-74	-64	-74	-76	-71	-69	0	0	-75	-84	-84	-84	-76	-75	-84	-83	-75	-75	-88	-92	-90	0	-89	-89	-91	-55	-57	0	0	0	-93	0	0	0	0	0	0	0	0	0	0	0	0	0	0	0	0	0	0	0	0	0	0	0	0	0	0	0	0	0	0	0	0	0	0	0	0	0	0	0	0	0	0	-61	0	0	0	0	0	0	0	0	0	0	0	0	0	0	0	0	0	0	0	0	0	0	0	0	0	0	0	0	0	0	0	4065	-2544	2753	23109	-7756	-217	-38	970	213	-1	-1	0	-38	956	211	1606974701
0	-52	-51	-53	0	0	-68	0	-77	-74	-79	-80	-75	0	0	0	-76	-88	-88	-88	-75	-76	-88	-88	-75	-77	-90	-90	-90	0	-90	-90	-90	-58	-58	0	0	0	0	0	0	0	0	-85	0	0	0	0	0	0	0	0	0	0	0	0	0	0	0	0	0	0	0	0	0	0	0	0	0	0	0	0	0	0	0	0	0	0	0	0	0	-61	0	0	0	0	0	0	0	0	0	0	0	0	0	0	0	0	0	0	0	0	0	0	0	0	0	0	0	0	0	0	0	4065	-2544	2753	23109	-7757	-217	-38	970	213	-1	-1	-1	-38	956	210	1606974703
-47	-59	-51	0	-58	0	0	0	-79	0	-79	-77	-75	0	0	0	0	-88	-87	-87	0	-75	-88	-89	0	0	-88	-90	-90	0	-90	-90	-92	-57	0	0	0	0	-89	0	0	-90	-89	0	0	0	0	0	0	0	0	0	0	0	0	0	0	0	0	0	0	0	0	0	0	0	0	0	0	0	0	0	0	0	0	0	0	0	0	0	0	-60	0	0	0	0	0	0	0	0	0	0	0	0	0	0	0	0	0	0	0	0	0	0	0	0	0	0	0	0	0	0	0	4064	-2454	2782	23109	-7756	-217	-38	970	213	-1	-1	-1	-38	956	211	1606974704
-48	-52	-51	-53	-57	0	-70	-68	-77	-75	-79	-79	-76	-69	0	0	0	-89	-87	-89	0	-75	-88	-88	0	0	-86	-90	-90	0	-90	-90	-90	-58	-57	0	0	0	-88	0	0	0	0	0	0	0	0	0	0	0	0	0	0	0	0	0	0	0	0	0	0	0	0	0	0	0	0	0	0	0	0	0	0	0	0	0	0	0	0	0	0	-60	0	0	0	0	0	0	0	0	0	0	0	0	0	0	0	0	0	0	0	0	0	0	0	0	0	0	0	0	0	0	0	4020	-2544	2812	23108	-7753	-218	-38	970	213	-1	-1	-1	-38	956	211	1606974706
-49	-59	-50	-53	-58	0	-68	-69	-79	-75	-79	-80	-75	-70	0	0	0	-87	-89	-86	0	-75	-89	-89	0	0	-86	-89	-90	0	-89	-89	-90	-57	-57	0	0	0	-86	0	0	0	0	-87	0	0	0	0	0	0	0	0	0	0	0	-93	0	0	0	0	0	0	0	0	0	0	0	0	0	0	0	0	0	0	0	0	0	0	0	0	0	-61	0	0	0	0	0	0	0	0	0	0	0	0	0	0	0	0	0	0	0	0	0	0	0	0	0	0	0	0	0	0	0	4020	-2589	2783	23110	-7758	-216	-38	970	213	-1	-1	0	-37	957	210	1606974707
0	-53	-52	-53	-58	0	-69	-69	-79	0	-76	-77	-74	-70	0	0	0	-88	-88	-89	0	-76	-87	-87	0	0	-86	-90	-90	0	-89	-89	-90	-58	0	0	0	0	-89	0	0	0	0	-86	0	0	0	0	0	0	0	0	0	0	0	0	0	0	0	0	0	0	0	0	0	0	0	0	0	0	0	0	0	0	0	0	0	0	0	0	0	-59	0	0	0	0	0	0	0	0	0	0	0	0	0	0	0	0	0	0	0	0	0	0	0	0	0	0	0	0	0	0	0	4019	-2514	2730	23108	-7754	-217	-38	970	213	-1	-1	0	-38	956	211	1606974709
-49	-53	-50	-53	-58	0	-68	-69	-77	-73	-79	-80	-76	-70	0	0	0	-89	-88	-88	0	0	-88	-88	0	0	0	-89	-90	0	-89	-89	-89	-57	0	0	0	0	-88	0	0	0	0	0	0	0	0	0	0	0	0	0	0	0	0	0	0	0	0	0	0	0	0	0	0	0	0	0	0	0	0	0	0	0	0	0	0	0	0	0	0	-61	0	0	0	0	0	0	0	0	0	0	0	0	0	0	0	0	0	0	0	0	0	0	0	0	0	0	0	0	0	0	0	4004	-2514	2708	23109	-7755	-217	-38	970	213	-1	-1	0	-38	956	211	1606974711
-48	-59	-50	-52	-58	0	-68	-70	-77	-74	-77	-79	-75	-69	0	0	0	-88	-87	-88	0	-75	-89	-87	0	0	-86	-90	-91	0	-88	-90	-89	-57	0	0	0	0	-87	0	0	0	0	0	0	0	0	0	0	0	0	0	0	0	0	0	0	0	0	0	0	0	0	0	0	0	0	0	0	0	-84	0	0	0	0	0	0	0	0	0	0	-59	0	0	0	0	0	0	0	0	0	0	0	0	0	0	0	0	0	0	0	0	0	0	0	0	0	0	0	0	0	0	0	4049	-2529	2768	23110	-7759	-217	-38	970	213	-1	-1	0	-37	957	210	1606974712
-49	-53	-49	-53	-58	0	-70	-69	-77	-74	-78	-80	-75	-70	0	0	-75	-90	-88	-89	-77	-76	-89	-89	-77	-76	-86	-89	-89	0	0	-90	-91	-57	0	0	0	0	-89	0	0	0	0	-84	0	0	0	0	0	0	0	0	0	0	0	0	0	0	0	0	0	0	0	0	0	0	0	0	0	0	0	0	0	0	0	0	0	0	0	0	0	-61	0	0	0	0	0	0	0	0	0	0	0	0	0	0	0	0	0	0	0	0	0	0	0	0	0	0	0	0	0	0	0	4185	-2515	2738	23109	-7755	-216	-38	970	213	-1	-1	-1	-38	956	211	1606974714
-48	-53	0	-52	-58	-63	-69	-69	-77	0	-77	-77	-75	-69	-79	0	0	-88	-87	-88	0	-77	-88	-87	0	0	-87	-89	-90	0	-89	-89	-90	-57	-58	0	0	0	-88	0	0	0	0	0	0	0	0	0	0	0	0	0	-89	0	0	0	-86	0	0	0	0	-85	0	-85	0	0	0	0	0	0	0	0	0	0	0	0	0	0	0	0	0	-62	0	0	0	0	0	0	0	0	0	0	0	0	0	0	0	0	0	0	0	0	0	0	0	0	0	0	0	0	0	0	0	4019	-2499	2738	23109	-7755	-217	-38	970	213	-1	0	-1	-38	956	211	1606974716
-48	-58	-51	-53	-57	-62	0	0	-77	-75	-78	-77	-75	0	0	0	0	-89	-90	-88	0	-76	-87	-87	0	0	-86	-90	-89	0	-89	-89	-88	-58	0	0	0	0	-86	0	0	0	0	0	0	0	0	0	0	0	0	0	0	0	0	0	0	0	0	0	0	0	0	0	0	0	0	0	0	0	0	0	0	0	0	0	0	0	0	0	0	-61	0	0	0	0	0	0	0	0	0	0	0	0	0	0	0	0	0	0	0	0	0	0	0	0	0	0	0	0	0	0	0	4019	-2514	2738	23110	-7759	-216	-39	970	213	0	0	-1	-37	957	210	1606974717
-49	-53	-51	-52	-55	-57	-69	-69	-74	-74	-74	-75	-70	-68	0	-86	0	-82	-83	-83	0	0	-83	-83	0	0	-83	-89	-90	0	-89	-90	-90	-53	0	0	0	0	-91	0	0	0	0	0	0	0	0	0	0	0	0	0	0	-88	0	0	0	0	0	0	0	0	0	0	0	0	0	0	-95	0	0	0	0	0	0	0	0	0	0	0	0	-60	0	0	0	0	0	0	0	0	0	0	0	0	0	0	0	0	0	0	0	0	0	0	0	0	0	0	0	0	0	0	0	4064	-2514	2767	23109	-7757	-216	-37	969	213	-1	0	0	-37	956	211	1606974719
-49	-51	-52	-54	-58	-56	-69	-68	-74	-75	-74	-74	-71	-68	0	-87	0	-83	-84	-83	0	-75	-84	-83	0	0	-89	-91	-89	0	0	-91	-90	-53	0	0	0	0	-91	0	0	0	0	0	0	0	0	0	0	0	0	0	0	-89	0	0	0	0	0	0	0	0	0	0	0	0	0	0	-91	0	-86	0	0	0	0	0	0	0	0	0	0	-62	0	0	0	0	0	0	0	0	0	0	0	0	0	0	0	0	0	0	0	0	0	0	0	0	0	0	0	0	0	0	0	4019	-2536	2738	23108	-7754	-218	-38	970	213	-1	-1	-1	-38	956	211	1606974720
-50	-52	-51	-53	-57	-63	-69	-69	-79	-75	-77	-77	-75	-69	0	0	0	-89	-89	-89	0	-77	-88	-88	0	0	-87	-90	-90	0	-90	-90	-90	-58	0	0	0	0	-88	0	0	0	-85	0	0	0	0	-81	0	0	0	0	0	0	0	0	0	0	0	0	0	0	0	0	0	0	0	0	0	0	-85	0	0	0	0	0	0	0	0	0	0	-61	0	0	0	0	0	0	0	0	0	0	0	0	0	0	0	0	0	0	0	0	0	0	0	0	0	0	0	0	0	0	0	3974	-2559	2752	23110	-7760	-216	-38	970	214	0	-1	-1	-37	957	210	1606974722
-49	-51	-51	-53	-57	-63	-69	-69	-77	-70	-77	-79	-74	-68	0	-87	0	-88	-88	-88	0	-76	-88	-87	0	0	-85	0	0	0	0	0	-90	-59	0	0	0	0	-87	0	0	0	-87	0	0	0	0	-83	0	0	0	0	0	-85	0	0	0	0	0	0	0	0	0	0	0	0	0	0	0	0	0	0	0	0	0	0	0	0	0	0	0	-61	0	0	0	0	0	0	0	0	0	0	0	0	0	0	0	0	0	0	0	0	0	0	0	0	0	0	0	0	0	0	0	4064	-2492	2767	23109	-7756	-217	-38	970	214	-1	-1	0	-38	956	211	1606974724
-50	-52	-51	0	-57	-56	-68	-69	-75	-76	-74	-75	-70	-69	0	0	0	-84	-84	-84	0	-76	-84	-84	0	0	-87	-90	-89	0	-88	-89	-90	-53	0	0	0	0	-91	0	0	-87	0	0	0	0	0	0	0	0	0	0	0	0	0	0	0	0	0	0	0	0	0	0	0	0	0	0	0	0	-85	0	0	0	0	0	0	0	0	0	0	0	0	0	0	0	0	0	0	0	0	0	0	0	0	0	0	0	0	0	0	0	0	0	0	0	0	0	0	0	0	0	0	4049	-2559	2753	23109	-7756	-218	-38	970	213	0	0	-1	-38	956	211	1606974725
-47	-58	-50	0	-56	-63	-68	-70	-77	-74	-77	-79	-75	-69	0	0	0	-88	-88	-88	0	-77	-89	-88	0	0	-84	-90	-89	0	-92	-89	-90	-57	0	0	0	0	-87	0	0	0	0	0	0	0	0	0	0	0	0	0	0	0	0	0	0	-91	0	0	0	0	0	0	0	0	0	0	0	0	0	0	0	0	0	0	0	0	0	0	0	-61	0	0	0	0	0	0	0	0	0	0	0	0	0	0	0	0	0	0	0	0	0	0	0	0	0	0	0	0	0	0	0	4155	-2507	2768	23109	-7758	-218	-38	971	213	-1	0	-1	-38	957	210	1606974727
-49	-59	-50	-54	-57	-63	-68	-69	-79	0	-79	-77	-75	-68	0	0	-75	-89	-88	-88	-77	-76	-89	-88	-75	-76	-86	-91	-89	0	-89	-90	-90	-57	0	0	0	0	-88	0	0	0	-85	0	0	0	0	0	0	0	0	0	0	0	0	0	0	0	0	0	0	0	0	0	0	0	-87	0	0	0	0	0	0	0	0	0	0	0	0	0	0	-61	0	0	0	0	0	0	0	0	0	0	0	0	0	0	0	0	0	0	0	0	0	0	0	0	0	0	0	0	0	0	0	4019	-2514	2752	23109	-7755	-217	-38	970	213	-1	-1	0	-38	956	211	1606974728
-47	-52	-51	-53	-58	-63	-69	-69	-77	-72	-76	-77	-75	-68	0	0	0	-89	-88	-89	0	-78	-89	-88	0	0	-88	-88	-88	0	-90	-89	-91	-57	0	0	0	0	-89	0	0	-89	0	0	0	0	0	0	0	0	0	0	0	0	0	0	0	-92	0	0	0	0	0	0	0	0	0	0	0	0	0	0	0	0	0	0	0	0	0	0	0	-61	0	0	0	0	0	0	0	0	0	0	0	0	0	0	0	0	0	0	0	0	0	0	0	0	0	0	0	0	0	0	0	4049	-2507	2760	23109	-7756	-216	-38	970	213	0	0	0	-37	956	211	1606974730
-49	-59	-51	-53	-57	0	-69	-69	-79	-76	-79	-79	-75	0	0	0	0	-88	-87	-90	0	-76	-88	-88	0	0	-86	-91	-91	0	-89	-89	-90	-57	0	0	0	0	-88	0	0	0	0	0	0	0	0	0	0	0	0	0	0	0	0	0	0	0	0	0	0	0	0	0	0	0	0	0	0	-89	-86	0	0	0	0	0	0	0	0	0	0	-61	0	0	0	0	0	0	0	0	0	0	0	0	0	0	0	0	0	0	0	0	0	0	0	0	0	0	0	0	0	0	0	4019	-2499	2730	23110	-7758	-217	-38	969	213	0	-1	0	-38	957	210	1606974732
-46	-52	-50	0	-57	0	0	-68	-79	-73	-76	-77	-75	0	0	-88	0	-88	-87	-87	0	-74	-87	-88	0	0	-89	-92	-89	0	-91	-90	-90	-57	0	0	0	0	-88	0	0	-90	0	0	0	0	0	0	0	0	0	0	0	0	0	0	-87	0	0	0	0	0	0	-86	0	0	0	0	0	0	0	0	0	0	0	0	0	0	0	0	0	-61	0	0	0	0	0	0	0	0	0	0	0	0	0	0	0	0	0	0	0	0	0	0	0	0	0	0	0	0	0	0	0	4065	-2552	2753	23109	-7756	-217	-38	970	214	0	0	-1	-38	956	211	1606974733
-47	-56	-50	-54	-59	0	0	0	-80	-75	-80	-77	-75	0	0	-86	0	-90	-88	-87	0	0	-89	-88	0	0	-87	-89	-90	0	-91	-90	-89	-57	0	0	0	0	-88	0	0	-85	0	0	0	0	0	-81	0	0	0	0	0	0	0	0	0	0	0	0	0	0	0	0	-85	0	0	0	0	0	0	0	0	0	0	0	0	0	0	0	0	-63	0	0	0	0	0	0	0	0	0	0	0	0	0	0	0	0	0	0	0	0	0	0	0	0	0	0	0	0	0	0	0	4050	-2559	2812	23108	-7754	-218	-38	970	214	-1	0	-1	-38	956	211	1606974735
-49	-58	-52	-54	-58	0	-70	-69	-76	0	-77	-76	-75	-69	0	0	0	0	-87	-87	0	-77	-87	-88	0	0	-86	-90	-90	0	-89	-89	-89	-57	-58	0	0	0	0	0	0	-88	0	0	0	0	0	0	0	0	0	0	0	0	0	0	0	0	0	0	0	0	0	0	0	-88	0	0	0	0	0	0	0	0	0	0	0	0	0	0	0	-61	0	0	0	0	0	0	0	0	0	0	0	0	0	0	0	0	0	0	0	0	0	0	0	0	0	0	0	0	0	0	0	4072	-2559	2753	23110	-7761	-217	-38	970	213	-1	-1	0	-38	957	210	1606974736
-50	-51	-50	-52	-58	0	0	0	-79	0	-77	-79	-74	0	0	0	-77	-88	-87	-88	0	-76	-89	-89	-76	0	0	-89	-89	0	-90	-92	-91	-57	0	0	0	0	-87	0	0	0	0	0	0	0	0	0	0	-86	0	0	0	0	0	0	0	0	0	0	0	0	0	0	0	0	0	0	0	0	0	0	0	0	0	0	0	0	0	0	0	0	0	0	0	0	0	0	0	0	0	0	0	0	0	0	0	0	0	0	0	0	0	0	0	0	0	0	0	0	0	0	0	4064	-2514	2738	23109	-7755	-217	-38	970	213	-1	0	-1	-38	956	211	1606974738
-49	-52	-52	0	-58	0	-67	-69	-77	-73	-76	-77	-74	-69	0	0	0	-88	-88	-88	0	-75	-88	-88	0	0	-77	-90	-90	0	-89	-90	-90	-57	-57	0	0	0	-88	0	0	-92	0	0	0	0	0	0	0	0	0	0	0	0	0	0	0	0	0	0	0	0	0	0	0	0	0	0	0	0	0	0	0	0	0	0	0	0	0	0	0	-60	0	0	0	0	0	0	0	0	0	0	0	0	0	0	0	0	0	0	0	0	0	0	0	0	0	0	0	0	0	0	0	4064	-2522	2738	23109	-7757	-217	-38	970	213	-1	0	-1	-38	956	210	1606974740
-49	-51	-52	-53	-58	-63	-69	-68	-80	-74	-80	-79	-75	-68	0	0	0	-87	-87	-88	0	-76	-88	-88	0	0	-89	0	0	0	0	0	0	-58	0	0	0	0	-89	0	0	0	0	0	0	0	0	0	0	0	0	0	0	0	0	0	0	0	0	0	0	0	0	0	0	0	0	0	0	0	-86	0	0	0	0	0	0	0	0	0	0	-62	0	0	0	0	0	0	0	0	0	0	0	0	0	0	0	0	0	0	0	0	0	0	0	0	0	0	0	0	0	0	0	4072	-2514	2730	23109	-7757	-219	-38	970	213	0	-1	-1	-38	956	210	1606974741
-46	-50	-52	-54	-57	0	-68	-68	-76	-74	-76	-76	-75	-69	0	0	-79	-89	-89	-88	-77	-78	-89	-88	-78	-76	-82	-90	-90	0	-90	-91	-90	-58	0	0	0	0	-88	0	0	0	-89	0	0	0	0	0	0	0	0	0	0	0	0	-90	0	0	0	0	0	0	0	0	0	0	0	0	0	0	0	0	0	0	0	0	0	0	0	0	0	0	0	0	0	0	0	0	0	0	0	0	0	0	0	0	0	0	0	0	0	0	0	0	0	0	0	0	0	0	0	0	0	4019	-2514	2745	23108	-7754	-217	-38	970	214	0	-1	-1	-38	956	211	1606974743
-50	-58	-52	-54	-58	0	-69	-69	-79	0	-76	-77	-75	-69	0	0	0	-90	-89	-87	0	0	-87	-88	0	0	-87	-89	-91	0	-90	-91	-91	-57	0	0	0	0	0	0	0	0	0	0	0	0	0	0	0	0	0	0	0	0	0	0	-86	0	0	0	0	-86	0	0	0	0	0	0	0	0	0	0	0	0	0	0	0	0	0	0	0	0	0	0	0	0	0	0	0	0	0	0	0	0	0	0	0	0	0	0	0	0	0	0	0	0	0	0	0	0	0	0	0	4064	-2529	2753	23109	-7757	-217	-38	971	213	-1	-1	-1	-38	956	211	1606974745
-50	-58	-52	0	-58	0	-68	-69	-74	0	-74	-74	-71	-69	0	0	0	-83	-84	-84	0	-77	-83	-82	0	0	-86	-90	-92	0	-89	-90	-90	-53	0	0	0	0	-91	0	0	0	0	0	0	0	0	0	0	0	0	0	0	0	0	0	0	0	0	0	0	0	0	0	0	0	0	0	-91	0	-83	0	0	0	0	0	0	0	0	0	0	-61	0	0	0	0	0	0	0	0	0	0	0	0	0	0	0	0	0	0	0	0	0	0	0	0	0	0	0	0	0	0	0	4072	-2484	2752	23110	-7760	-217	-38	971	212	0	0	-1	-38	957	210	1606974746
-50	-59	-52	-53	-57	-63	-69	-70	-79	0	-80	-79	-74	-69	0	0	-78	-89	-87	-87	-76	-76	-88	-88	-77	-77	-88	-90	-90	0	-90	-91	-89	-57	0	0	0	0	0	0	0	0	0	-85	0	0	0	0	0	0	0	0	0	0	0	0	0	0	0	0	0	0	0	0	0	0	0	0	0	0	0	0	0	0	0	0	0	0	0	0	0	0	0	0	0	0	0	0	0	0	0	0	0	0	0	0	0	0	0	0	0	0	0	0	0	0	0	0	0	0	0	0	0	4065	-2544	2753	23110	-7757	-216	-38	971	213	-1	-1	-1	-37	956	211	1606974748
-50	-52	-52	-52	-57	-62	-69	-68	-79	-74	-76	-77	-75	-68	0	0	0	-88	-88	-88	0	-76	-89	-87	0	0	0	-91	-92	0	-90	-89	-91	-57	0	0	0	0	-87	0	0	0	0	0	0	0	0	0	0	0	0	0	0	0	0	0	0	0	0	0	0	0	0	0	0	0	0	0	0	0	0	0	0	0	0	0	0	0	0	0	0	-62	0	0	0	0	0	0	0	0	0	0	0	0	0	0	0	0	0	0	0	0	0	0	0	0	0	0	0	0	0	0	0	4064	-2529	2738	23109	-7754	-217	-38	970	213	-1	-1	-1	-37	956	211	1606974749
-48	-58	0	-53	-58	-62	-69	-70	-80	0	-79	-79	-74	-69	0	-85	0	-87	-89	-89	0	0	-88	-88	0	0	-89	-91	-90	0	-90	-89	-91	-58	0	0	0	0	-86	0	0	0	0	0	0	0	0	0	0	0	0	0	0	0	0	0	0	0	0	0	0	0	0	0	0	0	0	0	0	0	-86	0	0	0	0	0	0	0	0	0	0	-61	0	0	0	0	0	0	0	0	0	0	0	0	0	0	0	0	0	0	0	0	0	0	0	0	0	0	0	0	0	0	0	4049	-2544	2768	23109	-7757	-217	-38	970	212	-1	0	-1	-37	956	211	1606974751
-47	-51	-53	-54	-58	-58	-68	-68	-74	0	-75	-75	-71	-68	0	0	-78	-85	-84	-84	0	0	-84	-84	-76	-77	-89	0	0	0	0	0	-90	-53	0	0	0	0	-91	0	0	-91	0	0	0	0	0	0	0	0	0	0	0	0	0	0	0	0	0	0	0	0	0	0	0	0	0	0	-91	0	0	0	0	0	0	0	0	0	0	0	0	-61	0	0	0	0	0	0	0	0	0	0	0	0	0	0	0	0	0	0	0	0	0	0	0	0	0	0	0	0	0	0	0	4057	-2514	2752	23109	-7756	-216	-38	970	213	0	-1	-1	-37	956	211	1606974752
-50	-58	-53	-51	-55	0	-69	0	-74	-73	-75	-76	-70	-69	0	0	0	-84	-84	-83	0	-78	-84	-83	0	0	-87	-90	-89	0	-89	-90	-91	-53	0	0	0	0	-91	0	0	0	0	0	0	0	0	0	0	0	0	0	0	0	0	0	0	-90	0	0	0	0	0	0	0	0	0	0	0	0	0	0	0	0	0	0	0	0	0	0	0	-61	0	0	0	0	0	0	0	0	0	0	0	0	0	0	0	0	0	0	0	0	0	0	0	0	0	0	0	0	0	0	0	4004	-2589	2753	23109	-7754	-217	-38	970	214	-1	0	-1	-37	956	211	1606974754
-48	-58	-51	-53	-58	0	-69	-69	-79	-74	-76	-76	-75	-68	0	-88	0	-89	-89	-88	0	-75	-91	-88	0	0	-87	-89	-90	0	-90	-89	-90	-58	0	0	0	0	-87	0	0	0	-87	0	0	0	0	-84	0	0	0	0	0	-87	0	0	0	0	0	0	0	0	0	0	0	0	0	0	0	0	0	0	0	0	0	0	0	0	0	0	0	-60	0	0	0	0	0	0	0	0	0	0	0	0	0	0	0	0	0	0	0	0	0	0	0	0	0	0	0	0	0	0	0	4020	-2544	2820	23109	-7754	-217	-38	970	212	0	-1	-1	-38	956	211	1606974755
-50	-51	-51	-53	-57	0	0	0	-79	0	-76	-79	-74	-69	0	-86	-75	-88	-88	-89	-78	-72	-88	-87	-75	-60	-88	-89	-89	0	-91	-90	-89	-58	0	0	0	0	-87	0	0	-89	-88	0	0	0	0	-83	0	0	0	0	0	0	0	0	0	0	0	0	0	0	0	0	0	0	0	0	0	0	0	0	0	0	0	0	0	0	0	0	0	0	0	0	0	0	0	0	0	0	0	0	0	0	0	0	0	0	0	0	0	0	0	0	0	0	0	0	0	0	0	0	0	4065	-2544	2753	23109	-7755	-218	-38	970	214	0	-1	-1	-38	956	211	1606974757
-49	-49	-52	-53	-57	0	-70	-69	-79	-74	-77	-78	-75	-70	0	-87	0	-87	-88	-88	0	-75	-89	-87	0	0	-87	-91	-89	0	0	-89	-91	-57	0	0	0	0	-87	0	0	0	0	0	0	0	0	0	0	0	0	0	0	0	0	0	0	0	0	0	0	0	0	0	0	0	0	0	0	0	0	0	0	0	0	0	0	0	0	0	0	-62	0	0	0	0	0	0	0	0	0	0	0	0	0	0	0	0	0	0	0	0	0	0	0	0	0	0	0	0	0	0	0	4019	-2544	2678	23108	-7755	-218	-38	970	213	-1	-1	0	-38	956	211	1606974758
-49	-56	-51	-53	-57	0	-70	-70	-77	-74	-79	-79	-75	-69	0	0	-75	-89	-89	-89	-75	-77	-90	-90	-76	0	-85	-89	-93	0	-89	-91	-90	-57	-58	0	0	0	-88	0	0	0	0	0	0	0	0	0	0	-87	0	0	0	0	0	0	0	0	0	0	0	0	0	0	0	0	0	0	0	0	0	0	0	0	0	0	0	0	0	0	0	-61	0	0	0	0	0	0	0	0	0	0	0	0	0	0	0	0	0	0	0	0	0	0	0	0	0	0	0	0	0	0	0	4005	-2574	2812	23110	-7760	-218	-38	970	212	-1	-1	-1	-38	957	210	1606974760
-50	-51	-52	-53	-58	0	-69	-70	-77	0	-78	-76	-75	0	0	0	0	-88	-89	-88	0	0	-87	-89	0	0	-89	-90	-89	0	-89	-90	-90	-56	-56	0	0	0	-87	0	0	-91	0	0	0	0	0	0	0	0	0	0	0	0	0	0	0	0	0	0	0	0	0	0	0	0	0	0	0	0	0	0	0	0	0	0	0	0	0	0	0	-60	0	0	0	0	0	0	0	0	0	0	0	0	0	0	0	0	0	0	0	0	0	0	0	0	0	0	0	0	0	0	0	4050	-2559	2835	23109	-7756	-217	-38	970	214	-1	-1	0	-38	956	211	1606974762
0	-57	-49	0	0	0	-69	-69	-80	-74	-76	-76	-75	0	-77	0	0	-88	-87	-88	0	-76	-88	-87	0	0	0	-89	-90	0	-90	-90	-90	-58	-57	0	0	0	-87	0	0	-94	0	0	0	0	0	0	0	0	0	0	0	0	0	-91	0	0	0	0	0	0	0	0	0	0	0	0	0	0	0	0	0	0	0	0	0	0	0	0	0	-61	0	0	0	0	0	0	0	0	0	0	0	0	0	0	0	0	0	0	0	0	0	0	0	0	0	0	0	0	0	0	0	4049	-2544	2745	23109	-7755	-218	-38	970	213	-1	0	-1	-38	956	211	1606974763
-50	-50	-52	-54	-58	0	-69	-69	-80	-73	-77	-80	-75	-70	0	0	-78	-88	-88	-88	-76	-76	-88	-88	-75	-76	-88	-91	-90	0	-90	-91	-91	-57	0	0	0	0	-88	0	0	0	0	0	0	0	0	0	0	0	0	0	0	0	0	0	0	0	0	0	0	0	0	0	0	0	0	0	0	0	0	0	0	0	0	0	0	0	0	0	0	-60	0	0	0	0	0	0	0	0	0	0	0	0	0	0	0	0	0	0	0	0	0	0	0	0	0	0	0	0	0	0	0	4049	-2544	2783	23110	-7759	-216	-39	970	212	-1	-1	0	-37	957	210	1606974765
-48	-50	-52	-53	-58	0	-69	-68	-79	-74	-76	-77	-74	-69	0	0	0	-87	-88	-87	0	-76	-88	-89	0	0	-92	-90	-90	0	-90	-91	-88	-58	0	0	0	0	-88	0	0	0	0	0	0	0	0	0	0	0	0	0	0	0	0	0	0	0	0	0	0	0	0	0	0	0	0	0	0	0	0	0	0	0	0	0	0	0	0	0	0	-60	0	0	0	0	0	0	0	0	0	0	0	0	0	0	0	0	0	0	0	0	0	0	0	0	0	0	0	0	0	0	0	4027	-2529	2767	23109	-7756	-216	-38	971	214	-1	0	-1	-37	956	211	1606974767
0	-58	-53	-52	-58	0	-70	-70	-79	-75	-78	-77	-74	-69	0	0	0	-87	-87	-88	0	-75	-89	-87	0	0	0	-90	-92	0	-90	-89	-90	-58	-57	0	0	0	-88	0	0	0	-88	0	0	0	0	0	0	0	0	0	0	0	0	0	0	0	0	0	0	0	0	0	0	0	0	0	0	0	0	0	0	0	0	0	0	0	0	0	0	0	0	0	0	0	0	0	0	0	0	0	0	0	0	0	0	0	0	0	0	0	0	0	0	0	0	0	0	0	0	0	0	4117	-2477	2752	23109	-7756	-217	-38	970	213	0	0	0	-38	956	211	1606974768
-49	-50	0	-53	-58	-57	-69	-70	-75	0	-75	-76	-71	-69	0	0	-76	-84	-83	-84	0	-76	-84	-84	-75	0	-89	-92	-92	0	0	-91	-90	-53	-55	0	0	0	-91	0	0	0	0	0	0	0	0	0	0	0	0	0	0	0	0	0	0	0	0	0	0	0	0	0	0	0	0	0	-93	0	0	0	0	0	0	0	0	0	0	0	0	-61	0	0	0	0	0	0	0	0	0	0	0	0	0	0	0	0	0	0	0	0	0	0	0	0	0	0	0	0	0	0	0	4049	-2491	2738	23109	-7756	-217	-38	970	213	0	-1	0	-38	956	211	1606974770
-49	-51	-52	-54	-59	-63	-70	-69	-77	-75	-80	-76	-75	-70	0	0	0	-90	-88	-88	0	0	-88	-89	0	0	-87	-91	-89	0	-88	-91	-89	-58	0	0	0	0	-87	0	0	-92	0	0	0	0	0	0	0	0	0	0	0	0	0	0	0	0	0	0	0	0	0	0	0	0	0	0	0	0	0	0	0	0	0	0	0	0	0	0	0	-59	0	0	0	0	0	0	0	0	0	0	0	0	0	0	0	0	0	0	0	0	0	0	0	0	0	0	0	0	0	0	0	4004	-2581	2753	23110	-7759	-217	-38	970	213	-1	-1	-1	-38	957	210	1606974771
-49	-58	-52	-54	-58	-63	-70	-70	-78	-74	-76	-80	-74	-69	0	0	-77	-89	-88	-88	-75	-76	-88	-88	-75	-75	-88	-90	-91	0	-90	-91	-91	-57	0	0	0	0	-88	0	0	0	0	0	0	0	0	0	0	0	0	0	0	0	0	0	0	0	0	0	0	0	0	0	0	0	0	0	0	0	0	0	0	0	0	0	0	0	0	0	0	-60	0	0	0	0	0	0	0	0	0	0	0	0	0	0	0	0	0	0	0	0	0	0	0	0	0	0	0	0	0	0	0	4064	-2499	2708	23109	-7756	-217	-38	970	213	-1	-1	-1	-37	956	211	1606974773
-48	-59	-52	-54	-56	-62	-70	-69	-76	-75	-76	-78	-75	-69	0	0	-76	-90	-88	-89	-75	-74	-88	-87	-76	-75	-87	-90	-91	0	-90	-90	-90	-58	-58	0	0	0	-89	0	0	0	0	-86	0	0	0	-82	0	-88	0	0	0	0	0	0	0	0	0	0	0	0	0	0	0	0	0	0	0	0	0	0	0	0	0	0	0	0	0	0	0	-61	0	0	0	0	0	0	0	0	0	0	0	0	0	0	0	0	0	0	0	0	0	0	0	0	0	0	0	0	0	0	0	4019	-2514	2738	23109	-7756	-217	-38	970	214	-1	-1	-1	-38	956	211	1606974775
-50	-51	0	0	-59	-56	-70	-69	-75	0	-75	-75	-72	-70	0	0	-77	-84	-84	-84	0	-77	-84	-84	-75	-75	-87	-90	-90	0	-91	-90	-89	-54	0	0	0	0	-90	0	0	0	0	0	0	0	0	0	0	0	0	0	0	0	0	0	0	0	0	0	0	0	0	0	0	0	0	0	-93	0	0	0	0	0	0	0	0	0	0	0	0	-62	0	0	0	0	0	0	0	0	0	0	0	0	0	0	0	0	0	0	0	0	0	0	0	0	0	0	0	0	0	0	0	4049	-2544	2753	23110	-7760	-218	-38	970	213	-1	0	-1	-38	957	210	1606974776
-50	-58	-52	-53	-59	-56	-68	-69	0	0	-75	-75	-70	-69	0	0	-75	-84	-84	-84	-76	-76	-84	-84	-75	-76	-87	-90	-89	0	-90	-89	-91	-53	0	0	0	0	-91	0	0	0	0	0	0	0	0	0	0	0	0	0	0	0	0	0	0	0	0	0	0	0	0	0	0	0	0	0	-93	0	0	0	0	0	0	0	0	0	0	0	0	-60	0	0	0	0	0	0	0	0	0	0	0	0	0	0	0	0	0	0	0	0	0	0	0	0	0	0	0	0	0	0	0	4034	-2499	2738	23109	-7756	-216	-38	970	213	0	0	0	-37	956	211	1606974778
-50	-50	-52	-52	-59	-62	-68	-69	-77	0	-77	-80	-76	-69	0	0	-75	-88	-87	-89	-76	-75	-88	-89	-76	-75	-87	-89	-90	0	-90	-91	-91	-57	0	0	0	0	-87	0	0	0	0	0	0	0	0	0	0	0	0	0	0	0	0	0	0	0	0	0	0	0	0	0	0	0	0	0	0	0	0	0	0	0	0	0	0	0	0	0	0	-60	0	0	0	0	0	0	0	0	0	0	0	0	0	0	0	0	0	0	0	0	0	0	0	0	0	0	0	0	0	0	0	4050	-2574	2783	23110	-7758	-217	-39	970	212	0	-1	-1	-38	957	210	1606974779
-49	-50	-52	-53	-58	-63	-70	-69	-80	-74	-77	-77	-76	-69	0	0	0	-87	-89	-88	0	-74	-88	-88	0	0	-85	-90	-90	0	-90	-89	-90	-57	0	0	0	0	-87	0	0	0	0	0	0	0	0	0	0	0	0	0	0	0	0	0	0	0	0	0	0	0	0	0	0	0	0	0	0	0	0	0	0	0	0	0	0	0	0	0	0	-61	0	0	0	0	0	0	0	0	0	0	0	0	0	0	0	0	0	0	0	0	0	0	0	0	0	0	0	0	0	0	0	4049	-2499	2782	23110	-7758	-216	-38	969	213	0	0	-1	-37	957	210	1606974781
-49	-50	-52	-54	-57	-63	-69	-70	-79	-76	-80	-79	-75	-68	0	0	-78	-87	-88	-87	-74	-77	-87	-88	-75	-76	-88	-90	-90	0	-90	-90	-89	-58	0	0	0	0	-86	0	0	0	0	0	0	0	0	0	0	0	0	0	0	0	0	0	0	0	0	0	0	0	0	0	0	0	0	0	0	0	0	0	0	0	0	0	0	0	0	0	0	-61	0	0	0	0	0	0	0	0	0	0	0	0	0	0	0	0	0	0	0	0	0	0	0	0	0	0	0	0	0	0	0	3974	-2544	2752	23110	-7758	-217	-38	970	213	0	-1	-1	-37	957	210	1606974783
-49	-51	-53	-54	-57	-63	-69	-69	-77	-74	-79	-77	-74	-69	0	0	0	-87	-88	-86	0	-76	-89	-88	0	0	-87	-89	-89	0	-89	-88	-91	-59	0	0	0	0	-87	0	0	-91	-88	0	0	0	0	0	0	0	0	0	0	0	0	0	0	0	0	0	0	0	0	0	0	0	0	0	0	0	0	0	0	0	0	0	0	0	0	0	0	-62	0	0	0	0	0	0	0	0	0	0	0	0	0	0	0	0	0	0	0	0	0	0	0	0	0	0	0	0	0	0	0	4012	-2499	2782	23109	-7756	-216	-38	971	213	0	-1	0	-37	956	211	1606974784
-50	-50	-52	-54	-56	-63	-69	-69	-81	-74	-80	-76	-74	-70	0	0	-76	-88	-88	-88	0	-78	-89	-87	-75	0	-87	-91	-89	0	-90	-91	-91	-58	0	0	0	0	-88	0	0	0	-90	0	0	0	0	0	0	0	0	0	0	0	0	0	0	0	0	0	0	0	0	0	0	0	0	0	0	0	0	0	0	0	0	0	0	0	0	0	0	-62	0	0	0	0	0	0	0	0	0	0	0	0	0	0	0	0	0	0	0	0	0	0	0	0	0	0	0	0	0	0	0	4019	-2522	2767	23110	-7760	-216	-38	970	212	0	-1	-1	-37	957	210	1606974786
-49	-51	-52	-53	-57	-63	-69	-68	-77	0	-80	-80	-76	-68	0	0	0	-88	-88	-88	0	-79	-88	-89	0	0	-87	-92	-89	0	-90	-90	-91	-58	0	0	0	0	-91	0	0	-92	0	0	0	0	0	-83	0	0	0	0	0	0	0	0	0	0	0	0	0	0	0	0	0	0	0	0	0	0	0	0	0	0	0	0	0	0	0	0	0	-61	0	0	0	0	0	0	0	0	0	0	0	0	0	0	0	0	0	0	0	0	0	0	0	0	0	0	0	0	0	0	0	4072	-2522	2745	23109	-7757	-216	-38	971	213	0	-1	0	-37	956	211	1606974787
-50	-59	-52	-54	-58	-63	-70	-70	-77	-75	-77	-77	-75	-69	0	0	-76	-87	-88	-88	-77	-76	-89	-88	-77	-76	-87	-89	-90	0	-89	-91	-91	-58	0	0	0	0	-88	0	0	-92	0	0	0	0	0	-81	0	0	0	0	0	0	0	0	0	0	0	0	0	0	0	0	0	0	0	0	0	0	0	0	0	0	0	0	0	0	0	0	0	-62	0	0	0	0	0	0	0	0	0	0	0	0	0	0	0	0	0	0	0	0	0	0	0	0	0	0	0	0	0	0	0	4019	-2514	2693	23110	-7758	-216	-38	970	213	0	-1	0	-37	957	210	1606974789
-48	-56	-51	-53	-57	-63	-70	0	-78	-75	0	-79	-75	-70	0	0	-76	-88	-88	-87	-75	-75	-88	-88	-76	-77	-87	-89	-90	0	-89	-90	-91	-58	0	0	0	0	-88	0	0	0	-88	0	0	0	0	-80	0	0	0	0	0	0	0	0	0	0	0	0	0	0	0	0	0	0	0	0	0	0	0	0	0	0	0	0	0	0	0	0	0	-62	0	0	0	0	0	0	0	0	0	0	0	0	0	0	0	0	0	0	0	0	0	0	0	0	0	0	0	0	0	0	0	4050	-2566	2753	23111	-7762	-216	-38	971	213	0	0	0	-37	957	210	1606974791
-49	-53	-50	-52	-57	-63	-71	-70	-78	-74	-76	-77	-75	-70	0	0	0	-89	-88	-87	0	-78	-88	-88	0	0	-86	-89	-90	0	-89	-91	-90	-57	0	0	0	0	-88	0	0	0	-90	0	0	0	0	0	0	0	0	0	0	0	0	0	0	0	0	0	0	0	0	0	0	0	0	0	0	0	0	0	0	0	0	0	0	0	0	0	0	-62	0	0	0	0	0	0	0	0	0	0	0	0	0	0	0	0	0	0	0	0	0	0	0	0	0	0	0	0	0	0	0	4049	-2484	2767	23110	-7757	-216	-38	970	213	0	-1	-1	-37	956	210	1606974792
-50	-59	-53	-53	-58	-63	-70	-69	-80	0	-77	-79	-75	-70	0	0	0	-88	-88	-88	-76	-76	-89	-88	0	0	-90	-90	-89	0	-90	-89	-90	-58	0	0	0	0	-88	0	0	0	-88	0	0	0	0	-84	0	0	0	0	0	0	0	0	0	0	0	0	0	0	0	0	0	0	0	0	0	0	0	0	0	0	0	0	0	0	0	0	0	-60	0	0	0	0	0	0	0	0	0	0	0	0	0	0	0	0	0	0	0	0	0	0	0	0	0	0	0	0	0	0	0	4004	-2484	2782	23110	-7758	-216	-38	970	213	-1	-1	0	-37	957	210	1606974794
0	-59	0	-53	-57	-58	-70	-70	-75	-75	-76	-75	-70	-70	0	0	0	-82	-83	-84	0	-77	-83	-83	0	0	-86	-89	-91	0	-89	-89	-91	-52	-56	0	0	0	-91	0	0	0	0	0	0	0	0	0	0	0	0	0	0	0	0	0	0	0	0	0	0	0	0	0	0	0	0	0	-92	0	-87	0	0	0	0	0	0	0	0	0	0	0	0	0	0	0	0	0	0	0	0	0	0	0	0	0	0	0	0	0	0	0	0	0	0	0	0	0	0	0	0	0	0	4064	-2499	2752	23110	-7760	-217	-38	970	213	-1	-1	-1	-37	957	210	1606974795
0	0	0	-54	0	-58	0	-70	-74	-74	-74	-75	-70	-69	0	0	0	-83	-84	-83	0	0	-83	-84	0	0	0	-89	-90	0	-91	-91	-90	-54	0	0	0	0	-90	0	0	0	0	0	0	0	0	0	0	0	0	0	0	0	0	0	0	0	0	0	0	0	0	0	0	0	0	0	-91	0	-84	0	0	0	0	0	0	0	0	0	0	-62	0	0	0	0	0	0	0	0	0	0	0	0	0	0	0	0	0	0	0	0	0	0	0	0	0	0	0	0	0	0	0	4019	-2544	2738	23109	-7756	-217	-38	970	213	0	-1	-1	-38	956	211	1606974797
-49	-51	-53	-53	-57	-63	-70	-69	-79	-74	-79	-79	-75	-70	0	0	0	-87	-88	-89	0	-75	-88	-87	0	0	-89	-89	-90	0	-89	-90	-90	-56	0	0	0	0	-88	0	0	0	0	-86	0	0	0	0	0	0	0	0	0	0	0	0	0	0	0	0	0	0	0	0	0	0	0	0	0	0	0	0	0	0	0	0	0	0	0	0	0	-62	0	0	0	0	0	0	0	0	0	0	0	0	0	0	0	0	0	0	0	0	0	0	0	0	0	0	0	0	0	0	0	4057	-2469	2738	23109	-7755	-217	-38	970	213	0	-1	0	-38	956	211	1606974799
-47	-50	-52	-53	-57	-63	-70	-70	-79	-74	-77	-80	-75	-69	0	0	0	-88	-88	-89	0	0	-87	-87	0	0	-86	-90	-89	0	-89	-90	-90	-58	0	0	0	0	-88	0	0	-92	0	0	0	0	0	0	0	0	0	0	0	-87	0	0	0	0	0	0	0	0	0	0	0	0	0	0	0	0	0	0	0	0	0	0	0	0	0	0	0	-61	0	0	0	0	0	0	0	0	0	0	0	0	0	0	0	0	0	0	0	0	0	0	0	0	0	0	0	0	0	0	0	4065	-2544	2760	23111	-7764	-216	-38	971	212	0	-1	0	-37	957	209	1606974800
-50	-51	-54	-53	-58	-63	-69	-71	-79	-74	-79	-79	-75	-70	0	0	-76	-87	-87	-87	0	-76	-87	-87	0	0	-90	-89	-90	0	-90	-89	-91	-58	0	0	0	0	-88	0	0	0	0	-87	0	0	0	0	0	0	0	0	0	0	0	0	0	0	0	0	0	0	0	0	0	0	0	0	0	0	0	0	0	0	0	0	0	0	0	0	0	-61	0	0	0	0	0	0	0	0	0	0	0	0	0	0	0	0	0	0	0	0	0	0	0	0	0	0	0	0	0	0	0	4049	-2514	2752	23109	-7756	-216	-38	970	213	-1	-1	-1	-37	956	211	1606974802
-49	-57	-51	0	-57	-58	0	0	-76	0	-76	-75	-70	0	0	0	0	-83	-83	-83	0	-80	-84	-83	0	0	-89	-89	-90	0	-90	-90	-91	-52	-57	0	0	0	-92	0	0	0	0	0	0	0	0	0	0	0	0	0	0	0	0	-90	0	0	0	0	0	0	0	0	0	0	0	0	-92	0	0	0	0	0	0	0	0	0	0	0	0	-62	0	0	0	0	0	0	0	0	0	0	0	0	0	0	0	0	0	0	0	0	0	0	0	0	0	0	0	0	0	0	0	4012	-2514	2842	23110	-7758	-216	-38	970	213	-1	-1	-1	-37	957	210	1606974804
-49	-59	-51	-53	-58	0	-69	-68	-75	-76	-75	-74	-71	-69	0	0	-77	-83	-83	-83	0	-77	-84	-84	0	0	-87	-90	-91	0	-89	-91	-89	-53	0	0	0	0	0	0	0	-91	0	0	0	0	0	0	0	0	0	0	0	0	0	0	0	0	0	0	0	0	0	0	0	0	0	0	-89	0	0	0	0	0	0	0	0	0	0	0	0	-62	0	0	0	0	0	0	0	0	0	0	0	0	0	0	0	0	0	0	0	0	0	0	0	0	0	0	0	0	0	0	0	4049	-2559	2738	23110	-7761	-217	-39	970	212	-1	-1	-1	-38	957	210	1606974805
-48	-51	-51	-53	-59	-62	0	-69	-77	-75	-79	-79	-75	-70	0	0	-80	-89	-88	-89	-77	-78	-89	-89	-77	-77	-87	0	0	0	0	0	0	-57	-54	0	0	0	-89	0	0	0	-91	-84	0	0	0	0	0	-87	0	0	0	0	0	0	0	0	0	0	0	0	0	0	0	0	0	0	0	0	0	0	0	0	0	0	0	0	0	0	0	-62	0	0	0	0	0	0	0	0	0	0	0	0	0	0	0	0	0	0	0	0	0	0	0	0	0	0	0	0	0	0	0	4049	-2559	2783	23110	-7758	-216	-38	970	213	-1	-1	-1	-37	957	210	1606974807
-50	-58	-51	-53	-58	0	-69	-69	-79	-75	-79	-77	-75	-69	0	0	0	-90	-88	-88	0	-77	-89	-88	0	0	-86	-89	-89	0	-89	-90	-89	-59	0	0	0	0	-87	0	0	0	0	0	0	0	0	0	0	0	0	0	0	0	0	0	0	0	0	0	0	0	0	0	0	0	0	0	0	0	0	0	0	0	0	0	0	0	0	0	0	-62	0	0	0	0	0	0	0	0	0	0	0	0	0	0	0	0	0	0	0	0	0	0	0	0	0	0	0	0	0	0	0	4004	-2514	2782	23109	-7757	-217	-38	970	213	-1	0	-1	-38	956	211	1606974808
-49	-52	-51	-53	-55	0	-69	-69	-79	-75	-79	-79	-75	-69	0	0	0	-88	-88	-88	0	-79	-88	-87	0	0	-87	-90	-91	0	-91	-88	-91	-58	0	0	0	0	-88	0	0	0	0	0	0	0	0	0	0	0	0	0	0	0	0	0	0	0	0	0	0	0	0	0	0	0	0	0	0	0	0	0	0	0	0	0	0	0	0	0	0	-62	0	0	0	0	0	0	0	0	0	0	0	0	0	0	0	0	0	0	0	0	0	0	0	0	0	0	0	0	0	0	0	4079	-2514	2752	23111	-7763	-218	-38	970	212	0	-1	-1	-38	957	209	1606974810
-49	-58	-51	-52	-58	0	-69	-68	-77	0	-77	-79	-74	0	0	0	0	-89	-88	-89	0	0	-88	-88	0	0	-87	-89	-89	0	-90	-89	-90	-57	-54	0	0	0	-88	0	0	0	0	0	0	0	0	0	0	0	0	0	0	0	0	0	0	0	0	0	0	0	0	0	0	0	0	0	0	0	0	0	0	0	0	0	0	0	0	0	0	-60	0	0	0	0	0	0	0	0	0	0	0	0	0	0	0	0	0	0	0	0	0	0	0	0	0	0	0	0	0	0	0	4110	-2507	2745	23110	-7758	-216	-38	970	212	-1	-1	0	-37	957	210	1606974811
-48	-51	-50	-53	-57	-62	-70	-69	-77	0	-77	-77	-75	-70	0	0	-77	-90	-87	-88	-77	-77	-88	-88	-78	-77	-91	-89	-90	0	-90	-90	-92	-57	-57	0	0	0	-89	0	0	0	0	0	0	0	0	0	0	0	0	0	0	0	0	0	0	0	0	0	0	0	0	0	0	0	0	0	0	0	0	0	0	0	0	0	0	0	0	0	0	-63	0	0	0	0	0	0	0	0	0	0	0	0	0	0	0	0	0	0	0	0	0	0	0	0	0	0	0	0	0	0	0	3989	-2529	2767	23109	-7757	-217	-38	970	213	0	-1	-1	-38	956	211	1606974813
-49	-59	-50	-53	-57	0	0	0	-79	-75	-79	-77	-75	-69	0	0	0	-88	-88	-88	0	-77	-88	-88	0	0	-87	-92	-90	0	-89	-90	-90	-57	0	0	0	0	-89	0	0	0	0	0	0	0	0	0	0	0	0	0	0	0	0	0	0	0	0	0	0	0	0	0	0	0	0	0	0	0	-84	0	0	0	0	0	0	0	0	0	0	0	0	0	0	0	0	0	0	0	0	0	0	0	0	0	0	0	0	0	0	0	0	0	0	0	0	0	0	0	0	0	0	4079	-2484	2767	23110	-7758	-217	-38	970	213	0	-1	-1	-38	957	210	1606974814
-50	-50	-50	-54	-58	0	-69	-69	-78	0	-77	-81	-75	-69	0	0	-79	-88	-87	-88	-79	-80	-89	-88	-78	-77	-86	-89	-90	0	-89	-90	-89	-57	0	0	0	0	-89	0	0	0	0	0	0	0	0	-83	0	0	0	0	0	0	0	0	0	0	0	0	0	0	0	0	0	0	0	0	0	0	0	0	0	0	0	0	0	0	0	0	0	-62	0	0	0	0	0	0	0	0	0	0	0	0	0	0	0	0	0	0	0	0	0	0	0	0	0	0	0	0	0	0	0	4004	-2499	2708	23110	-7759	-217	-38	970	214	0	-1	0	-37	957	210	1606974816
-48	-59	-50	-53	-56	0	-69	-68	-79	-74	-77	-76	-75	-69	0	0	0	-88	-89	-88	0	-79	-88	-89	0	0	-86	-90	-89	0	-91	-89	-90	-57	0	0	0	0	-88	0	0	0	0	0	0	0	0	0	0	0	0	0	0	0	0	0	0	0	0	0	0	0	0	0	0	0	0	0	0	0	0	0	0	0	0	0	0	0	0	0	0	-62	0	0	0	0	0	0	0	0	0	0	0	0	0	0	0	0	0	0	0	0	0	0	0	0	0	0	0	0	0	0	0	4034	-2522	2767	23110	-7759	-217	-38	970	213	-1	-1	-1	-38	957	210	1606974818
-49	-58	-51	-51	-58	0	-69	-68	-77	0	-77	-77	-75	-69	0	0	0	-87	-88	-87	0	-78	-88	-87	0	0	-85	-89	-90	0	-90	-91	-90	-57	0	0	0	0	-88	0	0	0	0	0	0	0	0	-84	0	0	0	0	0	0	0	0	0	0	0	0	0	0	0	0	0	0	0	0	0	0	0	0	0	0	0	0	0	0	0	0	0	-62	0	0	0	0	0	0	0	0	0	0	0	0	0	0	0	0	0	0	0	0	0	0	0	0	0	0	0	0	0	0	0	4019	-2559	2752	23109	-7756	-217	-38	970	213	0	-1	0	-38	956	211	1606974819
-49	-50	-51	0	-58	-58	0	-68	-75	0	-75	-74	-71	0	0	0	-79	-83	-84	-83	-78	-71	-83	-83	-77	-78	-86	-91	-90	0	-90	-90	-91	-52	0	0	0	0	-90	0	0	-91	0	0	0	0	0	0	0	0	0	0	0	0	0	0	0	0	0	0	0	0	0	0	0	0	0	0	-93	0	0	0	0	0	0	0	0	0	0	0	0	-62	0	0	0	0	0	0	0	0	0	0	0	0	0	0	0	0	0	0	0	0	0	0	0	0	0	0	0	0	0	0	0	4065	-2559	2753	23110	-7762	-218	-39	970	213	-1	-1	-1	-38	957	210	1606974821
-50	-50	-51	-53	-59	-62	-68	-68	-76	0	-77	-77	-75	-68	0	0	-79	-88	-87	-88	-77	-78	-88	-88	-79	-80	-87	-91	-91	0	0	-91	-89	-57	0	0	0	0	-88	0	0	0	0	0	0	0	0	0	0	0	0	0	0	0	0	0	0	0	0	0	0	0	0	0	0	0	0	0	0	0	0	0	0	0	0	0	0	0	0	0	0	-62	0	0	0	0	0	0	0	0	0	0	0	0	0	0	0	0	0	0	0	0	0	0	0	0	0	0	0	0	0	0	0	4049	-2544	2768	23109	-7756	-218	-38	970	213	0	-1	-1	-38	956	211	1606974822
-49	-50	-50	-53	-58	-63	-69	-70	-77	0	-77	-79	0	-69	-78	-86	-77	-89	-88	-87	-75	-73	-87	-88	-77	-77	-87	-90	-90	0	-89	-92	-89	-58	0	0	0	0	-88	0	0	0	0	0	0	0	0	0	0	0	0	0	0	0	0	0	0	0	0	0	0	0	0	0	0	0	0	0	0	0	0	0	0	0	0	0	0	0	0	0	0	-60	0	0	0	0	0	0	0	0	0	0	0	0	0	0	0	0	0	0	0	0	0	0	0	0	0	0	0	0	0	0	0	4064	-2544	2708	23110	-7759	-218	-38	970	213	-1	-1	-1	-38	957	210	1606974824
-46	-51	-50	-53	-58	-63	-70	-68	-77	0	-80	-79	-75	-69	0	0	0	-88	-87	-88	0	0	-88	-89	0	0	-88	-90	-89	0	-91	-90	-91	-57	0	0	0	0	-88	0	0	-90	-89	0	0	0	0	-83	0	0	0	0	0	0	0	0	0	0	0	0	0	-87	0	-87	-86	0	0	0	0	0	0	0	0	0	0	0	0	0	0	0	0	-61	0	0	0	0	0	0	0	0	0	0	0	0	0	0	0	0	0	0	0	0	0	0	0	0	0	0	0	0	0	0	0	4080	-2544	2753	23110	-7758	-217	-38	970	212	0	-1	-1	-38	957	210	1606974826
-49	-50	0	-50	-57	0	-68	0	-79	0	-79	-76	-74	-68	0	0	0	-87	-87	-87	0	0	-87	-87	0	0	-88	-91	0	0	0	-90	-90	-58	0	0	0	0	-89	0	0	0	0	0	0	0	0	0	0	0	0	0	0	0	0	0	0	0	0	0	0	0	0	0	0	0	0	0	0	0	0	0	0	0	0	0	0	0	0	0	0	-60	0	0	0	0	0	0	0	0	0	0	0	0	0	0	0	0	0	0	0	0	0	0	0	0	0	0	0	0	0	0	0	4080	-2529	2783	23109	-7757	-217	-38	970	213	-1	-1	0	-38	956	211	1606974827
-49	-58	-50	-53	-57	0	-69	-69	-76	0	-79	-79	-75	-69	0	0	-78	-87	-88	-88	0	-76	-87	-86	0	0	-90	-89	0	0	-91	-90	-89	-57	0	0	0	0	-89	0	0	-90	0	0	0	0	0	0	0	0	0	0	0	0	0	0	0	0	0	0	0	0	0	0	0	-92	0	0	0	0	0	0	0	0	0	0	0	0	0	0	0	0	0	0	0	0	0	0	0	0	0	0	0	0	0	0	0	0	0	0	0	0	0	0	0	0	0	0	0	0	0	0	0	4049	-2514	2738	23109	-7757	-217	-37	970	213	0	-1	0	-38	956	211	1606974829
-49	-50	-50	-54	-58	0	-69	-69	-79	0	-79	-79	-74	-69	0	0	0	-89	-88	-88	0	-75	-88	-88	0	0	-88	-90	-91	0	-91	-90	-89	-57	0	0	0	0	-87	0	0	-93	0	0	0	0	0	0	0	0	0	0	0	0	0	0	-89	0	0	0	0	0	0	0	0	0	0	0	0	0	0	0	0	0	0	0	0	0	0	0	0	-62	0	0	0	0	0	0	0	0	0	0	0	0	0	0	0	0	0	0	0	0	0	0	0	0	0	0	0	0	0	0	0	4079	-2499	2738	23110	-7761	-217	-38	970	213	0	-1	-1	-38	957	210	1606974830
-48	-58	-50	-53	-57	0	-69	-69	-77	-73	-79	-79	-75	-69	0	0	0	-88	-88	-88	0	-77	-87	-88	0	0	-89	-90	-89	0	-89	-89	-90	-58	0	0	0	0	0	0	0	0	0	0	0	0	0	0	0	0	0	0	0	0	0	0	0	0	0	0	0	0	0	0	0	0	0	0	0	0	0	0	0	0	0	0	0	0	0	0	0	-61	0	0	0	0	0	0	0	0	0	0	0	0	0	0	0	0	0	0	0	0	0	0	0	0	0	0	0	0	0	0	0	4095	-2514	2767	23110	-7759	-217	-37	970	212	-1	-1	-1	-38	957	210	1606974832
-49	-50	-49	-53	-56	0	-68	-69	-80	-75	-79	-78	-75	-70	0	-85	0	-86	-88	-87	0	-76	-88	-88	0	0	-86	-89	0	0	-89	-91	-91	-58	0	0	0	0	-90	0	0	-91	0	0	0	0	0	0	0	0	0	0	0	0	0	0	0	0	0	0	0	-85	0	-85	0	0	0	0	0	0	0	0	0	0	0	0	0	0	0	0	0	-62	0	0	0	0	0	0	0	0	0	0	0	0	0	0	0	0	0	0	0	0	0	0	0	0	0	0	0	0	0	0	0	3989	-2544	2752	23109	-7756	-217	-38	970	212	-1	-1	0	-38	956	211	1606974834
-48	-59	-50	-53	-57	0	-69	-69	-79	-75	-79	-77	-76	-69	0	0	0	-89	-88	-89	0	-75	-87	-88	0	0	-87	-89	-90	0	-89	-91	-89	-57	0	0	0	0	-90	0	0	0	0	0	0	0	0	0	0	0	0	0	0	0	0	0	0	0	0	0	0	0	0	0	0	0	0	0	0	0	0	0	0	0	0	0	0	0	0	0	0	0	0	0	0	0	0	0	0	0	0	0	0	0	0	0	0	0	0	0	0	0	0	0	0	0	0	0	0	0	0	0	0	4019	-2499	2752	23110	-7760	-217	-38	969	212	-1	-1	0	-38	957	210	1606974835
-47	0	0	-54	-58	0	-68	-69	-75	-75	-74	-75	-71	-69	0	0	0	-83	-83	-83	0	-77	-83	-83	0	0	-91	-91	-90	0	-91	-90	-90	-53	0	0	0	0	-91	0	0	0	0	0	0	0	0	0	0	-87	0	0	0	0	0	0	0	0	0	0	0	0	0	0	0	0	0	0	-91	0	0	0	0	0	0	0	0	0	0	0	0	-61	0	0	0	0	0	0	0	0	0	0	0	0	0	0	0	0	0	0	0	0	0	0	0	0	0	0	0	0	0	0	0	4019	-2514	2752	23109	-7757	-217	-38	969	213	0	-1	0	-38	956	210	1606974837
-50	-54	-54	0	-58	-63	-70	-70	-79	-74	-76	-76	-77	-70	0	0	0	-87	-89	-88	0	-76	-87	-87	0	0	-88	-92	-90	0	-89	-91	-91	-57	0	0	0	0	-88	0	0	-92	0	0	0	0	0	0	0	0	0	0	0	-87	0	0	0	0	0	0	0	0	0	0	0	0	0	0	0	0	0	0	0	0	0	0	0	0	0	0	0	-61	0	0	0	0	0	0	0	0	0	0	0	0	0	0	0	0	0	0	0	0	0	0	0	0	0	0	0	0	0	0	0	4049	-2499	2775	23110	-7757	-216	-38	970	214	-1	-1	0	-37	956	210	1606974838
-50	-58	-53	-51	-59	-63	-69	-69	-77	-74	-77	-77	-75	-68	0	0	0	-89	-87	-89	0	-77	-87	-88	0	0	-87	-90	-89	0	-89	-91	-92	-58	0	0	0	0	-87	0	0	-90	0	0	0	0	0	-82	0	0	0	0	0	0	0	0	0	0	0	0	0	0	0	0	0	0	0	0	0	0	-85	0	0	0	0	0	0	0	0	0	0	-62	0	0	0	0	0	0	0	0	0	0	0	0	0	0	0	0	0	0	0	0	0	0	0	0	0	0	0	0	0	0	0	4004	-2514	2767	23110	-7759	-217	-38	970	212	-1	0	-1	-38	957	210	1606974840
-50	-49	-52	-54	-58	-62	0	0	-79	-73	-78	-76	-75	0	0	0	0	-89	-88	-87	0	-75	-88	-88	0	0	-86	-89	-89	0	-90	-89	-89	-57	0	0	0	0	-88	0	0	0	0	0	0	0	0	-84	0	0	0	0	0	0	0	0	0	0	0	0	0	0	0	0	0	0	0	0	0	0	0	0	0	0	0	0	0	0	0	0	0	-61	0	0	0	0	0	0	0	0	0	0	0	0	0	0	0	0	0	0	0	0	0	0	0	0	0	0	0	0	0	0	0	4034	-2514	2738	23109	-7757	-217	-39	969	213	0	0	-1	-38	956	211	1606974842
-51	-51	-52	-55	-57	-62	-70	-70	-77	-73	-76	-79	-75	-70	0	0	-75	-89	-89	-88	-75	-75	-88	-88	-75	-76	-90	-89	-90	0	-90	-91	-91	-57	0	0	0	0	-88	0	0	0	0	0	0	0	0	0	0	0	0	0	0	0	0	0	0	0	0	0	0	0	0	0	0	0	0	0	0	0	0	0	0	0	0	0	0	0	0	0	0	0	0	0	0	0	0	0	0	0	0	0	0	0	0	0	0	0	0	0	0	0	0	0	0	0	0	0	0	0	0	0	0	4064	-2514	2767	23109	-7756	-217	-38	970	212	0	-1	-1	-38	956	211	1606974843
-48	-57	-53	-52	-58	-63	-69	0	-79	-74	-79	-77	-75	-69	0	0	-77	-87	-88	-88	-75	0	-88	-87	-75	-77	-86	-91	-90	0	0	-90	-90	-57	-57	0	0	0	-88	0	0	0	0	0	0	0	0	0	0	-85	0	0	-87	0	0	0	-84	0	0	0	0	0	0	0	0	0	0	0	0	0	0	0	0	0	0	0	0	0	0	0	0	-60	0	0	0	0	0	0	0	0	0	0	0	0	0	0	0	0	0	0	0	0	0	0	0	0	0	0	0	0	0	0	0	4065	-2537	2753	23110	-7759	-217	-37	970	213	0	-1	-1	-38	957	210	1606974845
-47	-50	-50	0	-56	-62	-70	-69	-76	-73	-79	-76	-75	-69	0	0	0	-88	-88	-89	0	-75	-88	-88	0	0	-86	-89	-90	0	-89	-88	-90	-57	0	0	0	0	0	0	0	0	0	0	0	0	0	0	0	0	0	0	0	0	0	0	-85	0	0	0	0	-86	0	0	0	0	0	0	0	0	0	0	0	0	0	0	0	0	0	0	0	-62	0	0	0	0	0	0	0	0	0	0	0	0	0	0	0	0	0	0	0	0	0	0	0	0	0	0	0	0	0	0	0	4065	-2574	2813	23109	-7756	-217	-37	970	214	0	0	-1	-38	956	211	1606974846
-48	-50	-52	-55	-57	-63	-70	-68	-78	0	0	-77	-76	-70	0	0	-76	-88	-88	-89	0	-74	-89	-89	-75	-75	-90	-90	-89	0	-89	-89	-91	-58	0	0	0	0	-88	0	0	0	-88	0	0	0	0	0	0	0	0	0	0	0	0	0	0	0	0	0	0	0	0	0	0	0	0	0	0	0	0	0	0	0	0	0	0	0	0	0	0	-60	0	0	0	0	0	0	0	0	0	0	0	0	0	0	0	0	0	0	0	0	0	0	0	0	0	0	0	0	0	0	0	4049	-2499	2797	23109	-7756	-218	-39	970	213	0	0	0	-38	956	211	1606974848
-54	-57	-53	-53	-58	-63	-69	-69	-77	-75	-77	-77	-76	-69	0	0	-76	-90	-88	-89	-75	-75	-89	-88	-75	-76	-87	-90	-91	0	-90	-89	-91	-58	0	0	0	0	-88	0	0	0	0	-84	0	0	0	0	0	0	0	0	0	0	0	0	0	-90	0	0	0	0	0	0	0	0	0	0	0	0	0	0	0	0	0	0	0	0	0	0	0	0	0	0	0	0	0	0	0	0	0	0	0	0	0	0	0	0	0	0	0	0	0	0	0	0	0	0	0	0	0	0	0	4065	-2529	2812	23110	-7762	-218	-38	970	213	0	0	0	-38	957	210	1606974850
-49	-49	-49	0	0	0	0	0	-73	0	-75	-74	-70	0	0	-87	0	-84	-84	-83	0	-76	-84	-84	0	0	-86	-92	-90	0	-89	-90	-91	-53	0	0	0	0	-91	0	0	0	0	0	0	0	0	0	0	0	0	0	0	0	0	0	-85	0	0	0	0	-86	0	0	0	0	0	0	-91	0	0	0	0	0	0	0	0	0	0	0	0	-58	0	0	0	0	0	0	0	0	0	0	0	0	0	0	0	0	0	0	0	0	0	0	0	0	0	0	0	0	0	0	0	4064	-2514	2752	23109	-7755	-217	-38	970	213	0	0	-1	-38	956	211	1606974851
-47	-58	-51	-53	-57	-62	-70	0	-79	-74	-79	-79	-75	0	0	0	-75	-88	-88	-89	0	-75	-88	-88	0	0	-88	-90	-89	0	-90	-91	-90	-58	0	0	0	0	-89	0	0	0	0	0	0	0	0	0	0	0	0	0	0	0	0	0	0	0	0	0	0	0	0	0	0	0	0	0	0	0	0	0	0	0	0	0	0	0	0	0	0	-61	0	0	0	0	0	0	0	0	0	0	0	0	0	0	0	0	0	0	0	0	0	0	0	0	0	0	0	0	0	0	0	4117	-2544	2753	23110	-7758	-217	-38	970	213	0	0	-1	-38	957	210	1606974853
-49	-57	-51	-53	-57	-56	-70	-70	-75	0	-75	-74	-71	-68	0	0	0	-83	-83	-83	0	-75	-84	-84	0	0	-88	-90	0	0	-90	-92	-90	-54	0	0	0	0	-92	0	0	0	0	0	0	0	0	0	0	-86	0	0	-87	0	0	0	0	0	0	0	0	0	0	0	0	0	0	0	-94	0	0	0	0	0	0	0	0	0	0	0	0	-60	0	0	0	0	0	0	0	0	0	0	0	0	0	0	0	0	0	0	0	0	0	0	0	0	0	0	0	0	0	0	0	4065	-2559	2738	23109	-7756	-217	-38	970	213	0	0	0	-37	956	211	1606974854
-48	-57	-52	-53	-56	-56	-69	-68	-75	-75	-74	-74	-71	-68	0	0	0	-83	-83	-83	0	-75	-84	-83	0	0	-88	-89	-91	0	0	-91	-91	-53	-57	0	0	0	-92	0	0	0	-89	0	0	0	0	0	0	0	0	0	0	0	0	-88	0	0	0	0	0	0	0	0	0	0	0	0	-92	0	0	0	0	0	0	0	0	0	0	0	0	-61	0	0	0	0	0	0	0	0	0	0	0	0	0	0	0	0	0	0	0	0	0	0	0	0	0	0	0	0	0	0	0	4034	-2499	2722	23109	-7757	-218	-38	970	214	0	0	-1	-38	956	210	1606974856
-49	-50	-52	-54	-56	-63	-68	-69	-77	0	-79	-77	0	-70	0	-85	0	-88	-88	-89	0	-75	-88	-88	0	0	-88	-92	-89	0	0	-90	-89	-58	0	0	0	0	-88	0	0	0	0	0	0	0	0	0	0	0	0	0	-86	0	0	0	-86	0	0	0	0	0	0	0	-87	0	0	0	0	0	0	0	0	0	0	0	0	0	0	0	0	0	0	0	0	0	0	0	0	0	0	0	0	0	0	0	0	0	0	0	0	0	0	0	0	0	0	0	0	0	0	0	0	4004	-2544	2738	23109	-7755	-217	-38	971	212	-1	-1	0	-38	956	211	1606974857
-49	-56	0	-54	-54	-63	-69	-70	-77	-74	-77	-80	-75	-69	0	0	0	-89	-90	-87	0	-75	-88	-87	0	0	-89	-91	-93	0	-91	-91	-90	-58	0	0	0	0	-88	0	0	0	0	0	0	0	0	0	0	0	0	-93	0	0	0	0	0	0	0	0	0	0	0	0	0	0	0	0	0	0	-88	0	0	0	0	0	0	0	0	0	0	-61	0	0	0	0	0	0	0	0	0	0	0	0	0	0	0	0	0	0	0	0	0	0	0	0	0	0	0	0	0	0	0	4049	-2514	2812	23110	-7760	-217	-38	971	212	0	0	-1	-37	957	210	1606974859
-47	-56	-53	-53	-54	-62	-69	-69	-77	0	-77	-76	-75	-68	0	0	0	-89	-87	-87	0	0	-89	-87	0	0	-84	-92	-90	0	-92	-91	-92	-58	0	0	0	0	-87	0	0	0	0	0	0	0	0	0	0	0	0	0	0	0	0	0	0	0	0	0	0	0	0	0	0	0	0	0	0	0	0	0	0	0	0	0	0	0	0	0	0	-60	0	0	0	0	0	0	0	0	0	0	0	0	0	0	0	0	0	0	0	0	0	0	0	0	0	0	0	0	0	0	0	4064	-2492	2812	23110	-7758	-216	-39	970	212	0	-1	0	-37	957	210	1606974861
-48	-56	-54	-53	-56	-62	-68	-69	-77	0	-79	-77	-75	-69	0	0	-73	-89	-88	-88	-75	-74	-88	-88	-77	-74	-89	-90	-92	0	0	-92	0	-58	0	0	0	0	-89	0	0	0	0	0	0	0	0	0	0	0	0	0	0	0	0	0	0	0	0	0	0	0	0	0	0	0	0	0	0	0	0	0	0	0	0	0	0	0	0	0	0	-62	0	0	0	0	0	0	0	0	0	0	0	0	0	0	0	0	0	0	0	0	0	0	0	0	0	0	0	0	0	0	0	4080	-2544	2775	23109	-7755	-217	-38	969	214	-1	-1	-1	-38	956	211	1606974862
-49	-50	-53	-53	-57	-63	-70	0	-78	0	-79	-78	-75	-70	0	0	-74	-89	-89	-87	-75	-77	-87	-88	-74	-75	-89	-91	-90	0	-90	-90	-92	-57	0	0	0	0	0	0	0	0	0	0	0	0	0	0	0	0	0	0	0	0	0	0	0	0	0	0	0	0	0	0	0	0	0	0	0	0	0	0	0	0	0	0	0	0	0	0	0	-62	0	0	0	0	0	0	0	0	0	0	0	0	0	0	0	0	0	0	0	0	0	0	0	0	0	0	0	0	0	0	0	4064	-2514	2752	23111	-7762	-217	-39	970	213	0	0	-1	-38	957	210	1606974864
-46	-57	-55	-53	-57	-56	-67	-68	-75	-74	-75	-76	-70	-70	0	-87	-75	-83	-83	-84	-76	-74	-83	-83	-74	-75	-92	-92	-90	0	-91	-92	-91	-53	-56	0	0	0	-91	0	0	0	-87	0	0	0	0	0	0	0	0	0	-87	0	0	-90	-86	0	0	0	0	-85	0	0	0	0	0	0	-91	0	0	0	0	0	0	0	0	0	0	0	0	-59	0	0	0	0	0	0	0	0	0	0	0	0	0	0	0	0	0	0	0	0	0	0	0	0	0	0	0	0	0	0	0	4049	-2544	2738	23109	-7756	-217	-38	970	214	0	-1	-1	-38	956	211	1606974865
-49	-56	-55	0	-56	-56	0	0	-76	0	-76	-75	-71	0	0	0	0	-83	-83	-84	0	-75	-83	-84	0	0	-88	-91	-91	0	-91	-93	-91	-52	-56	0	0	0	-92	0	0	0	0	0	0	0	0	-81	0	0	0	0	0	0	0	0	0	0	0	0	0	0	0	0	0	0	0	0	-91	0	0	0	0	0	0	0	0	0	0	0	0	-61	0	0	0	0	0	0	0	0	0	0	0	0	0	0	0	0	0	0	0	0	0	0	0	0	0	0	0	0	0	0	0	4079	-2499	2767	23110	-7760	-218	-37	971	213	0	-1	-1	-38	957	210	1606974867
-49	-50	-53	-54	-54	0	0	-69	-78	-74	-76	-76	-75	-69	0	0	-76	-89	-88	-88	-76	-76	-88	-88	-74	-75	-87	-91	-91	0	-91	-91	-90	-56	0	0	0	0	-87	0	0	0	-87	-85	0	0	0	0	0	0	0	0	0	0	0	0	0	0	0	0	0	0	0	0	0	0	0	0	0	0	0	0	0	0	0	0	0	0	0	0	0	-61	0	0	0	0	0	0	0	0	0	0	0	0	0	0	0	0	0	0	0	0	0	0	0	0	0	0	0	0	0	0	0	4049	-2514	2738	23110	-7761	-217	-39	970	212	0	0	0	-38	957	210	1606974868
-48	-57	-51	0	-56	0	-68	-68	-80	-75	-78	-76	-75	0	0	0	0	-88	-90	-88	0	-76	-87	-88	0	0	-91	-90	-90	0	-90	-88	-89	-57	0	0	0	0	-88	0	0	0	0	0	0	0	0	0	0	0	0	0	0	0	0	0	0	0	0	0	0	0	0	0	0	0	0	0	0	0	0	0	0	0	0	0	0	0	0	0	0	-62	0	0	0	0	0	0	0	0	0	0	0	0	0	0	0	0	0	0	0	0	0	0	0	0	0	0	0	0	0	0	0	4064	-2499	2738	23109	-7757	-217	-37	970	213	-1	-1	0	-38	956	211	1606974870
-47	-56	-49	0	-57	-58	-69	-69	-75	0	-76	-75	-70	-68	0	0	0	-83	-84	-83	0	-77	-83	-82	0	0	-88	-89	-90	0	-88	-91	-90	-54	0	0	0	0	-91	0	0	0	0	0	0	0	0	0	0	0	0	0	-90	0	0	0	0	0	0	0	0	0	0	0	0	0	0	0	-93	0	0	0	0	0	0	0	0	0	0	0	0	-60	0	0	0	0	0	0	0	0	0	0	0	0	0	0	0	0	0	0	0	0	0	0	0	0	0	0	0	0	0	0	0	4019	-2551	2730	23109	-7755	-218	-38	970	213	-1	0	-1	-38	956	211	1606974871
-50	-50	-49	-53	-57	-62	-69	-69	-79	-73	-77	-79	-74	-69	0	0	0	-88	-88	-88	-75	-76	-89	-87	-76	-76	-86	-91	-90	0	-90	-90	-90	-57	0	0	0	0	-88	0	0	0	0	0	0	0	0	-82	0	0	0	0	0	0	0	0	0	0	0	0	0	0	0	0	0	0	0	0	0	0	0	0	0	0	0	0	0	0	0	0	0	-62	0	0	0	0	0	0	0	0	0	0	0	0	0	0	0	0	0	0	0	0	0	0	0	0	0	0	0	0	0	0	0	4064	-2514	2767	23111	-7762	-217	-38	970	213	-1	0	0	-38	957	210	1606974873
-49	0	-48	-53	-57	0	0	0	-79	0	-76	-76	-75	0	0	0	0	-88	-88	-88	0	-77	-87	-88	0	0	-85	-89	-92	0	-90	-92	-90	-57	0	0	0	0	-88	0	0	0	0	0	0	0	0	0	0	0	0	0	0	0	0	0	-86	0	0	0	0	0	0	-86	-86	0	0	0	0	0	0	0	0	0	0	0	0	0	0	0	0	-61	0	0	0	0	0	0	0	0	0	0	0	0	0	0	0	0	0	0	0	0	0	0	0	0	0	0	0	0	0	0	0	4110	-2514	2768	23109	-7757	-217	-38	970	213	0	-1	-1	-37	956	211	1606974874
-50	-49	-50	-53	-56	-56	-70	-68	-74	-74	-74	-74	-70	-69	0	0	0	-84	-84	-84	0	-78	-83	-84	0	0	-85	-90	-90	0	-90	-89	-89	-53	0	0	0	0	-90	0	0	0	0	0	0	0	0	0	0	0	0	0	0	0	0	0	0	0	-75	0	0	0	0	0	0	0	0	0	-94	0	0	0	0	0	0	0	0	0	0	0	0	-60	0	0	0	0	0	0	0	0	0	0	0	0	0	0	0	0	0	0	0	0	0	0	0	0	0	0	0	0	0	0	0	4019	-2514	2752	23109	-7756	-217	-38	970	213	0	0	0	-38	956	211	1606974876
-50	-50	-48	-53	-58	0	-69	-68	-74	-73	-75	-74	-71	-69	0	0	0	-83	-83	-83	0	-77	-84	-84	0	0	-86	-89	-90	0	-89	-90	-88	-54	0	0	0	0	-92	0	0	0	0	0	0	0	0	0	0	0	0	0	0	0	0	0	-85	0	0	0	0	0	0	-86	0	0	0	0	-91	0	0	0	0	0	0	0	0	0	0	0	0	-60	0	0	0	0	0	0	0	0	0	0	0	0	0	0	0	0	0	0	0	0	0	0	0	0	0	0	0	0	0	0	0	4019	-2499	2708	23109	-7757	-218	-38	970	211	0	-1	-1	-38	956	210	1606974878
0	-50	-47	-54	-58	0	-70	-69	-76	-71	-79	-77	-75	-70	0	0	0	-88	-88	-88	0	-76	-87	-88	0	0	-86	-90	-89	0	-91	-90	-90	-57	0	0	0	0	-88	0	0	0	0	0	0	0	0	0	0	0	0	0	0	0	0	0	0	0	0	0	0	0	0	0	0	0	0	0	0	0	0	0	0	0	0	0	0	0	0	0	0	-61	0	0	0	0	0	0	0	0	0	0	0	0	0	0	0	0	0	0	0	0	0	0	0	0	0	0	0	0	0	0	0	4064	-2514	2767	23109	-7758	-218	-38	970	213	0	0	-1	-38	957	210	1606974879
-50	-54	-48	-53	-58	0	-69	-70	-76	-72	-76	-79	-75	-69	0	0	0	-88	-88	-88	0	0	-88	-89	0	0	-86	-89	-90	0	-90	-90	-91	-57	0	0	0	0	0	0	0	0	0	0	0	0	0	0	0	0	0	0	0	0	0	0	0	0	0	0	0	0	0	0	0	0	0	0	0	0	0	0	0	0	0	0	0	0	0	0	0	-60	0	0	0	0	0	0	0	0	0	0	0	0	0	0	0	0	0	0	0	0	0	0	0	0	0	0	0	0	0	0	0	4049	-2551	2738	23109	-7757	-218	-38	970	213	0	0	-1	-38	956	211	1606974881
-50	-55	-49	-54	-58	0	-69	-70	-76	-73	-79	-78	-75	-69	0	0	-76	-86	-87	-88	-77	-76	-87	-88	-77	-77	-89	-91	-90	0	-88	-89	-90	-58	0	0	0	0	-89	0	0	0	0	0	0	0	0	-84	0	0	0	0	0	0	0	0	0	0	0	0	0	0	0	0	0	0	0	0	0	0	0	0	0	0	0	0	0	0	0	0	0	-61	0	0	0	0	0	0	0	0	0	0	0	0	0	0	0	0	0	0	0	0	0	0	0	0	0	0	0	0	0	0	0	4019	-2499	2767	23110	-7762	-218	-38	970	212	-1	0	-1	-38	957	210	1606974882
-49	-50	-49	-54	-58	0	0	-70	-77	-73	-76	-79	-74	-69	0	0	-72	-88	-87	-87	-79	-77	-87	-89	0	0	0	-91	-91	0	-89	-89	-89	-57	0	0	0	0	-88	0	0	-93	0	0	0	0	0	0	0	0	0	0	0	0	0	0	0	0	0	0	0	0	0	0	0	0	0	0	0	0	0	0	0	0	0	0	0	0	0	0	0	-61	0	0	0	0	0	0	0	0	0	0	0	0	0	0	0	0	0	0	0	0	0	0	0	0	0	0	0	0	0	0	0	4110	-2559	2783	23110	-7759	-217	-37	970	214	-1	0	-1	-38	957	210	1606974884
-50	-55	0	-53	-58	-63	-70	-70	-79	-72	-76	-79	-76	-70	0	0	0	-88	-87	-89	0	-76	-88	-88	0	0	-87	-89	-89	0	-89	-89	-89	-57	0	0	0	0	-90	0	0	0	0	0	0	0	0	0	0	0	0	0	0	0	0	0	0	0	0	0	0	0	0	0	0	0	0	0	0	0	-86	0	0	0	0	0	0	0	0	0	0	-61	0	0	0	0	0	0	0	0	0	0	0	0	0	0	0	0	0	0	0	0	0	0	0	0	0	0	0	0	0	0	0	4027	-2559	2738	23109	-7758	-218	-38	970	213	0	0	0	-38	957	210	1606974886
-50	-55	0	-52	-58	-63	-70	-70	-79	0	-76	-77	-75	-70	0	0	-77	-87	-88	-86	0	0	-88	-87	-77	-76	-87	-89	-90	0	-90	-91	-91	-57	0	0	0	0	-89	0	0	0	0	0	0	0	0	0	0	0	0	0	0	0	0	0	0	0	0	0	0	0	0	0	0	0	0	0	0	0	0	0	0	0	0	0	0	0	0	0	0	-60	0	0	0	0	0	0	0	0	0	0	0	0	0	0	0	0	0	0	0	0	0	0	0	0	0	0	0	0	0	0	0	4065	-2544	2753	23110	-7762	-218	-38	971	212	-1	-1	-1	-38	957	210	1606974887
-49	0	-49	-54	-58	0	-69	-69	-77	-73	-79	-76	-74	-70	0	0	0	-89	-88	-88	0	0	-88	-87	0	0	-89	-91	-90	0	-89	-89	-90	-58	0	0	0	0	-89	0	0	0	-89	0	0	0	0	-82	0	0	0	0	0	0	0	0	0	0	0	0	0	0	0	0	0	0	0	0	0	0	0	0	0	0	0	0	0	0	0	0	0	-61	0	0	0	0	0	0	0	0	0	0	0	0	0	0	0	0	0	0	0	0	0	0	0	0	0	0	0	0	0	0	0	4065	-2544	2783	23110	-7759	-217	-38	970	213	0	-1	-1	-38	957	210	1606974889
0	-50	-49	-54	0	0	-70	-69	-76	0	-79	-79	-75	-70	0	0	0	-89	-88	-88	0	-79	-88	-88	0	0	-89	-89	-90	0	-88	-90	-91	-57	-58	0	0	0	-89	0	0	0	0	0	0	0	0	0	0	0	0	0	0	0	0	0	0	0	0	0	0	0	0	0	0	0	0	0	0	0	0	0	0	0	0	0	0	0	0	0	0	-62	0	0	0	0	0	0	0	0	0	0	0	0	0	0	0	0	0	0	0	0	0	0	0	0	0	0	0	0	0	0	0	4019	-2529	2782	23109	-7758	-218	-38	969	213	-1	-1	-1	-38	956	210	1606974890
-49	-49	-48	-54	-59	0	-70	-69	-74	0	-74	-74	-71	-69	0	0	0	-83	-84	-84	0	-77	-83	-84	0	0	-87	-90	-89	0	-89	-90	-90	-52	0	0	0	0	-92	0	0	0	-87	-85	0	0	0	0	0	0	0	0	0	0	0	0	0	0	0	0	0	0	0	0	0	0	0	0	-93	0	0	0	0	0	0	0	0	0	0	0	0	-61	0	0	0	0	0	0	0	0	0	0	0	0	0	0	0	0	0	0	0	0	0	0	0	0	0	0	0	0	0	0	0	4049	-2506	2738	23110	-7760	-217	-37	969	213	0	-1	0	-38	957	210	1606974892
-49	-56	-49	-53	-57	-62	-69	-68	-79	-72	-80	-80	-75	-69	0	0	-78	-87	-88	-88	0	-79	-87	-88	-78	-79	-87	-90	-90	0	-91	-89	-90	-57	0	0	0	0	-88	0	0	0	0	0	0	0	0	0	0	0	0	0	0	0	0	0	0	0	0	0	0	0	0	0	0	0	0	0	0	0	0	0	0	0	0	0	0	0	0	0	0	-60	0	0	0	0	0	0	0	0	0	0	0	0	0	0	0	0	0	0	0	0	0	0	0	0	0	0	0	0	0	0	0	4049	-2551	2738	23110	-7760	-217	-38	969	213	-1	0	-1	-38	957	210	1606974893
-50	-50	-49	-53	-58	-57	-68	-68	-74	-73	-74	-74	-71	-69	0	0	-77	-84	-83	-83	-79	-72	-83	-83	-79	-77	-88	-90	-90	0	-89	-90	-91	-53	0	0	0	0	-91	0	0	0	0	0	0	0	0	-82	0	0	0	0	0	0	0	0	0	0	0	0	0	0	0	0	0	0	0	0	-91	0	0	0	0	0	0	0	0	0	0	0	0	-60	0	0	0	0	0	0	0	0	0	0	0	0	0	0	0	0	0	0	0	0	0	0	0	0	0	0	0	0	0	0	0	4049	-2514	2752	23110	-7759	-216	-38	970	212	0	-1	-1	-37	957	210	1606974895
-49	-57	-50	-54	-57	-56	-68	-69	-75	0	-75	-75	-70	-68	0	0	-80	-83	-84	-83	-79	-79	-83	-84	-79	-79	-90	-90	-90	0	-91	-89	-90	-53	0	0	0	0	-92	0	0	0	0	0	0	0	0	0	0	0	0	0	0	0	0	-92	0	0	0	0	0	0	0	0	0	0	0	0	-92	0	0	0	0	0	0	0	0	0	0	0	0	-59	0	0	0	0	0	0	0	0	0	0	0	0	0	0	0	0	0	0	0	0	0	0	0	0	0	0	0	0	0	0	0	4004	-2544	2752	23110	-7759	-217	-38	969	213	-1	-1	-1	-38	957	210	1606974897
-50	-51	-51	-54	-58	0	-70	-70	-80	-73	-79	-80	-75	-70	0	-85	0	-89	-89	-87	0	-78	-88	-87	0	0	-90	-89	-90	0	-90	-89	-90	-57	-56	0	0	0	-88	0	0	0	0	0	0	0	0	0	0	0	0	0	0	0	0	0	-84	0	0	0	0	-87	0	-85	0	0	0	0	0	0	0	0	0	0	0	0	0	0	0	0	0	-61	0	0	0	0	0	0	0	0	0	0	0	0	0	0	0	0	0	0	0	0	0	0	0	0	0	0	0	0	0	0	0	4079	-2514	2767	23110	-7761	-217	-38	970	213	-1	-1	0	-38	957	210	1606974898
-50	-56	-51	-53	-58	-63	-69	-68	-79	-74	-76	-79	-75	-69	0	0	0	-89	-87	-87	0	0	-88	-89	0	0	-89	0	0	0	0	0	-90	-57	0	0	0	0	-89	0	0	0	0	0	0	0	0	0	0	0	0	0	0	0	0	0	0	0	0	0	0	0	0	0	0	0	0	0	0	0	0	0	0	0	0	0	0	0	0	0	0	-60	0	0	0	0	0	0	0	0	0	0	0	0	0	0	0	0	0	0	0	0	0	0	0	0	0	0	0	0	0	0	0	4004	-2544	2752	23109	-7758	-218	-38	970	213	-1	0	-1	-38	957	210	1606974900
-48	-56	-50	-54	-58	-55	-70	-69	-74	0	-74	-74	-70	-69	0	-85	-79	-83	-84	-83	-79	-79	-83	-83	-77	-77	-86	-89	-89	0	-89	-90	-89	-53	0	0	0	0	-92	0	0	0	0	-83	0	0	0	0	0	0	0	0	0	0	0	0	0	0	0	0	0	0	0	0	0	0	0	0	-92	0	0	0	0	0	0	0	0	0	0	0	0	-60	0	0	0	0	0	0	0	0	0	0	0	0	0	0	0	0	0	0	0	0	0	0	0	0	0	0	0	0	0	0	0	4004	-2514	2752	23110	-7761	-217	-37	969	213	0	0	-1	-38	957	210	1606974902
-49	-51	-50	-54	-58	-63	-68	-70	-77	-73	-79	-79	-74	-69	0	0	0	-88	-88	-89	0	0	-89	-89	0	0	-88	-90	-91	0	-89	-91	-89	-57	0	0	0	0	-87	0	0	0	0	0	0	0	0	0	0	-88	0	0	0	0	0	0	0	0	0	0	0	0	0	0	0	0	0	0	0	0	0	0	0	0	0	0	0	0	0	0	0	-62	0	0	0	0	0	0	0	0	0	0	0	0	0	0	0	0	0	0	0	0	0	0	0	0	0	0	0	0	0	0	0	4012	-2499	2752	23111	-7762	-217	-38	969	213	-1	-1	-1	-38	957	210	1606974903
-50	-51	-50	-54	-57	-63	-69	-69	-76	0	-77	-77	-75	-69	0	-86	-79	-87	-89	-87	-78	-80	-88	-89	-78	-79	-88	-91	-91	0	-91	-90	-90	-58	0	0	0	0	-88	0	0	0	0	0	0	0	0	-81	0	0	0	0	0	0	0	0	0	0	0	0	0	0	0	0	0	0	0	0	0	0	0	0	0	0	0	0	0	0	0	0	0	-60	0	0	0	0	0	0	0	0	0	0	0	0	0	0	0	0	0	0	0	0	0	0	0	0	0	0	0	0	0	0	0	4004	-2544	2738	23110	-7760	-217	-38	970	213	0	0	-1	-38	957	210	1606974905
-49	-58	-50	-54	-55	0	0	0	-80	-74	-76	-80	-75	0	0	0	0	-86	-87	-86	0	0	-87	-88	0	0	-89	-91	-89	0	-89	-90	-91	-57	0	0	0	0	-88	0	0	0	0	0	0	0	0	0	0	0	0	0	0	0	0	0	0	-89	0	0	0	0	0	0	0	0	0	0	0	0	0	0	0	0	0	0	0	0	0	0	0	-59	0	0	0	0	0	0	0	0	0	0	0	0	0	0	0	0	0	0	0	0	0	0	0	0	0	0	0	0	0	0	0	4049	-2514	2760	23110	-7759	-217	-37	970	213	0	0	-1	-38	957	210	1606974906
-49	-52	0	-53	-58	0	-69	-69	-74	-73	-75	-74	-71	-70	0	0	-78	-84	-84	-83	-79	-79	-84	-84	-78	-79	-88	-91	-89	0	-91	-90	-91	-53	0	0	0	0	-92	0	0	0	0	-82	0	0	0	0	0	0	0	0	0	0	0	0	0	0	0	0	0	0	0	0	0	0	0	0	-93	0	0	0	0	0	0	0	0	0	0	0	0	-59	0	0	0	0	0	0	0	0	0	0	0	0	0	0	0	0	0	0	0	0	0	0	0	0	0	0	0	0	0	0	0	4049	-2469	2760	23111	-7764	-217	-38	970	212	-1	0	0	-38	957	209	1606974908
-50	-51	-52	-53	-57	-63	-69	-69	-77	-73	-77	-77	-76	-68	0	0	0	-88	-88	-88	0	-76	-88	-88	0	0	0	-89	-90	0	-91	-91	-91	-56	0	0	0	0	-87	0	0	0	-91	0	0	0	0	0	0	0	0	0	0	0	0	0	0	0	0	0	0	0	0	0	0	0	0	0	0	0	0	0	0	0	0	0	0	0	0	0	0	-61	0	0	0	0	0	0	0	0	0	0	0	0	0	0	0	0	0	0	0	0	0	0	0	0	0	0	0	0	0	0	0	3974	-2514	2782	23109	-7758	-218	-37	970	213	-1	-1	0	-38	957	210	1606974910
0	-58	-52	-53	0	-63	-70	-71	-76	-74	-76	-79	-75	-69	0	0	-75	-92	-89	-88	-76	-76	-88	-89	-77	-76	-88	-90	-91	0	-90	-90	-90	-58	-57	0	0	0	-88	0	0	0	-89	-84	0	0	0	0	0	0	0	0	0	0	0	0	0	0	0	0	0	0	0	0	0	0	0	0	0	0	-86	0	0	0	0	0	0	0	0	0	0	-59	0	0	0	0	0	0	0	0	0	0	0	0	0	0	0	0	0	0	0	0	0	0	0	0	0	0	0	0	0	0	0	4125	-2559	2745	23110	-7759	-218	-38	969	213	-1	-1	0	-38	957	210	1606974911
-50	-56	-50	-53	-57	-62	-70	-70	-76	-72	-76	-76	-75	-70	0	0	0	-90	-88	-88	0	-77	-88	-89	0	0	-87	-89	-90	0	-89	-91	-90	-57	0	0	0	0	-89	0	0	0	0	0	0	0	0	0	0	0	0	0	0	0	0	0	0	0	0	0	0	0	0	0	0	0	0	0	0	0	0	0	0	0	0	0	0	0	0	0	0	-60	0	0	0	0	0	0	0	0	0	0	0	0	0	0	0	0	0	0	0	0	0	0	0	0	0	0	0	0	0	0	0	4019	-2484	2752	23111	-7764	-217	-38	969	212	0	-1	0	-38	957	209	1606974913
-49	-58	-50	-54	-57	-63	-70	-70	-79	-73	-79	-76	-74	-70	0	0	-76	-88	-88	-88	-75	-77	-89	-89	-76	-76	-86	-90	-89	0	-89	-89	-90	-58	0	0	0	0	-89	0	0	0	0	0	0	0	0	0	0	0	0	0	0	0	0	0	0	0	0	0	0	0	0	0	0	0	0	0	0	0	0	0	0	0	0	0	0	0	0	0	0	-61	0	0	0	0	0	0	0	0	0	0	0	0	0	0	0	0	0	0	0	0	0	0	0	0	0	0	0	0	0	0	0	4064	-2514	2782	23110	-7760	-217	-38	970	213	-1	-1	0	-38	957	210	1606974914
-50	-57	-50	-54	-58	-63	0	-70	-77	0	-76	-77	-74	-70	0	0	-79	-89	-88	-88	-76	-77	-88	-88	-76	-77	-88	-90	-90	0	-91	-92	-90	-57	0	0	0	0	-87	0	0	0	0	0	0	0	0	0	0	0	0	0	0	0	0	0	0	0	0	0	0	0	0	0	0	0	0	0	0	0	0	0	0	0	0	0	0	0	0	0	0	-59	0	0	0	0	0	0	0	0	0	0	0	0	0	0	0	0	0	0	0	0	0	0	0	0	0	0	0	0	0	0	0	4079	-2484	2775	23110	-7760	-218	-39	969	213	-1	-1	0	-38	957	210	1606974916
0	0	-51	-54	-57	-55	-70	-70	-75	-73	-74	-74	-70	-70	0	0	-78	-84	-84	-83	-76	-77	-83	-83	-77	-77	0	-89	-89	0	-91	-89	-91	-53	0	0	0	0	-92	0	0	0	-87	0	0	0	0	-82	0	0	0	0	0	-86	0	-90	0	0	0	0	0	0	0	0	0	0	0	0	-90	0	0	0	0	0	0	0	0	0	0	0	0	-59	0	0	0	0	0	0	0	0	0	0	0	0	0	0	0	0	0	0	0	0	0	0	0	0	0	0	0	0	0	0	0	3929	-2513	2722	23111	-7764	-217	-38	970	212	0	0	0	-38	957	209	1606974917
-48	-57	-51	-53	-57	0	-69	-70	-79	0	-80	-78	-76	-69	0	0	-77	-89	-87	-88	-78	-77	-88	-89	-77	-75	-87	-90	-91	0	-90	-88	-90	-58	0	0	0	0	-87	0	0	0	0	0	0	0	0	0	0	0	0	0	0	0	0	0	0	0	0	0	0	0	0	0	0	0	0	0	0	0	0	0	0	0	0	0	0	0	0	0	0	-60	0	0	0	0	0	0	0	0	0	0	0	0	0	0	0	0	0	0	0	0	0	0	0	0	0	0	0	0	0	0	0	4004	-2544	2797	23110	-7760	-217	-38	969	212	0	-1	0	-38	957	210	1606974919
-50	-57	0	-55	-58	0	-69	-70	-74	0	-74	-74	-71	-69	0	-87	0	-83	-84	-83	0	-77	-84	-83	0	0	-89	-90	-90	0	-90	-90	-91	-54	0	0	0	0	-92	0	0	0	0	0	0	0	0	0	0	0	0	0	0	0	0	0	0	0	0	0	0	0	0	0	0	0	0	0	-91	0	0	0	0	0	0	0	0	0	0	0	0	-61	0	0	0	0	0	0	0	0	0	0	0	0	0	0	0	0	0	0	0	0	0	0	0	0	0	0	0	0	0	0	0	4079	-2514	2767	23110	-7759	-218	-38	970	212	-1	-1	-1	-38	957	210	1606974920
-50	-57	-50	0	-57	-63	-70	0	-77	-73	-76	-75	-75	0	0	0	-76	-88	-89	-87	-77	-77	-89	-88	-76	-77	-87	-90	-90	0	-89	-90	-90	-57	0	0	0	0	-90	0	0	0	0	-84	0	0	0	0	0	0	0	0	0	0	0	0	0	0	0	0	0	0	0	0	0	0	0	0	0	0	0	0	0	0	0	0	0	0	0	0	0	0	0	0	0	0	0	0	0	0	0	0	0	0	0	0	0	0	0	0	0	0	0	0	0	0	0	0	0	0	0	0	0	3959	-2559	2782	23111	-7764	-217	-38	970	212	-1	0	-1	-38	957	209	1606974922
-47	-51	-50	0	-57	-62	-70	-69	-76	-74	-76	-75	-75	-70	0	0	0	-90	-88	-87	0	-75	-89	-88	0	0	0	-90	-90	0	-90	-90	-90	-58	0	0	0	0	-88	0	0	0	0	0	0	0	0	0	0	-86	0	0	0	0	0	0	0	0	0	0	0	0	0	0	0	0	0	0	0	0	0	0	0	0	0	0	0	0	0	0	0	-62	0	0	0	0	0	0	0	0	0	0	0	0	0	0	0	0	0	0	0	0	0	0	0	0	0	0	0	0	0	0	0	4049	-2529	2768	23110	-7759	-217	-38	970	213	-1	-1	0	-38	957	210	1606974923
-52	-56	-49	-54	-57	-63	-70	-70	-79	-73	-80	-78	-74	-70	0	0	-75	-88	-88	-89	-77	-76	-87	-89	-76	-76	-88	-90	-89	0	-89	-89	-89	-57	0	0	0	0	-88	0	0	0	0	0	0	0	0	-83	0	0	0	0	0	0	0	-90	0	0	0	0	0	0	0	0	0	0	0	0	0	0	0	0	0	0	0	0	0	0	0	0	0	-61	0	0	0	0	0	0	0	0	0	0	0	0	0	0	0	0	0	0	0	0	0	0	0	0	0	0	0	0	0	0	0	4049	-2507	2767	23110	-7759	-217	-38	970	213	-1	0	-1	-38	957	210	1606974925
-50	-51	-51	-54	-58	-63	-70	-70	-80	-73	-79	-76	-75	-70	0	0	-76	-88	-90	-89	-78	-75	-89	-90	-76	-75	-88	-89	-90	0	-91	-89	-89	-57	0	0	0	0	-88	0	0	0	0	-80	0	0	0	0	0	0	0	0	0	0	0	0	0	0	0	0	0	0	0	0	0	0	0	0	0	0	0	0	0	0	0	0	0	0	0	0	0	-59	0	0	0	0	0	0	0	0	0	0	0	0	0	0	0	0	0	0	0	0	0	0	0	0	0	0	0	0	0	0	0	4065	-2544	2768	23112	-7765	-217	-37	970	212	0	0	0	-37	957	209	1606974927
-50	-56	-50	-55	-57	-63	-70	0	-76	-74	-77	-79	-75	-69	0	0	-75	-87	-88	-87	-75	-78	-88	-87	-75	-76	-89	-90	-90	0	-91	-89	-91	-58	0	0	0	0	-86	0	0	0	0	0	0	0	0	0	0	0	0	0	0	0	0	0	0	0	0	0	0	0	0	0	0	0	0	0	0	0	0	0	0	0	0	0	0	0	0	0	0	-59	0	0	0	0	0	0	0	0	0	0	0	0	0	0	0	0	0	0	0	0	0	0	0	0	0	0	0	0	0	0	0	4110	-2544	2768	23110	-7760	-216	-38	970	213	0	-1	0	-37	957	210	1606974928
-50	0	-51	-54	-56	-63	-70	-69	-79	-75	-77	-77	-75	-69	0	0	-77	-90	-88	-88	-75	-76	-89	-87	-76	-75	-87	-90	-89	0	-90	-91	-91	-58	0	0	0	0	-87	0	0	0	0	0	0	0	0	0	0	0	0	0	0	0	0	0	0	0	0	0	0	0	0	0	0	0	0	0	0	0	0	0	0	0	0	0	0	0	0	0	0	-61	0	0	0	0	0	0	0	0	0	0	0	0	0	0	0	0	0	0	0	0	0	0	0	0	0	0	0	0	0	0	0	4049	-2544	2753	23110	-7761	-217	-38	970	212	-1	0	-1	-38	957	210	1606974930
-50	-57	-49	-54	-57	-63	-70	-69	-80	-74	-77	-77	-75	-69	0	-86	0	-89	-88	-88	0	-76	-88	-89	0	0	-87	-90	-90	0	-91	-90	-90	-57	0	0	0	0	-88	0	0	0	0	0	0	0	0	0	0	0	0	0	0	0	0	0	0	0	0	0	0	0	0	0	0	0	0	0	0	0	0	0	0	0	0	0	0	0	0	0	0	-60	0	0	0	0	0	0	0	0	0	0	0	0	0	0	0	0	0	0	0	0	0	0	0	0	0	0	0	0	0	0	0	4050	-2574	2753	23110	-7760	-217	-38	969	212	-1	0	-1	-38	957	210	1606974931
-51	-50	-50	-53	-57	-57	-70	-69	-74	0	-74	-75	-71	-69	0	0	0	-83	-83	-83	0	-78	-83	-83	0	0	-89	-91	-91	0	0	-91	-90	-54	0	0	0	0	-90	0	0	0	0	0	0	0	0	0	0	0	0	0	0	0	0	0	0	0	0	0	0	0	0	0	0	0	0	0	-93	0	0	0	0	0	0	0	0	0	0	0	0	-60	0	0	0	0	0	0	0	0	0	0	0	0	0	0	0	0	0	0	0	0	0	0	0	0	0	0	0	0	0	0	0	4064	-2514	2782	23111	-7764	-216	-38	970	212	-1	0	0	-37	957	209	1606974933
-50	-57	-50	-54	-57	-64	-70	-69	-79	-73	-79	-79	-75	-70	0	0	0	-88	-86	-88	-78	-78	-88	-87	0	-78	-87	-91	-90	0	-91	-90	-90	-57	0	0	0	0	-87	0	0	0	0	0	0	0	0	0	0	-87	0	0	0	0	0	0	0	0	0	0	0	0	0	0	0	0	0	0	0	0	0	0	0	0	0	0	0	0	0	0	0	-61	0	0	0	0	0	0	0	0	0	0	0	0	0	0	0	0	0	0	0	0	0	0	0	0	0	0	0	-90	0	0	0	4065	-2559	2753	23110	-7759	-217	-38	970	213	-1	-1	-1	-38	957	210	1606974934
0	-52	-49	-53	0	-56	-69	-69	-74	-74	-75	-75	-70	-69	0	0	0	-83	-83	-83	0	-75	-84	-84	0	0	0	-92	-90	0	-91	-91	-91	-53	-56	0	0	0	0	0	0	0	0	-83	0	0	0	0	0	0	0	0	0	0	0	-89	0	0	0	0	0	0	0	0	0	0	0	0	-92	0	0	0	0	0	0	0	0	0	0	0	0	-60	0	0	0	0	0	0	0	0	0	0	0	0	0	0	0	0	0	0	0	0	0	0	0	0	0	0	0	0	0	0	0	4019	-2544	2752	23110	-7760	-216	-37	970	212	-1	-1	0	-37	957	210	1606974936
-49	-56	-49	-53	-58	-55	-69	-70	-74	-74	-74	-74	-70	-69	0	0	-77	-83	-83	-83	0	-75	-83	-83	-75	0	-90	-89	-89	0	0	-90	-92	-52	0	0	0	0	-91	0	0	-92	0	0	0	0	0	0	0	0	0	0	0	0	0	0	0	0	0	0	0	0	0	0	0	0	0	0	-92	0	0	0	0	0	0	0	0	0	0	0	0	-60	0	0	0	0	0	0	0	0	0	0	0	0	0	0	0	0	0	0	0	0	0	0	0	0	0	0	0	0	0	0	0	4004	-2514	2790	23111	-7762	-217	-38	969	212	-1	-1	-1	-38	957	210	1606974938
-48	-56	0	-54	-58	-62	-70	-69	-77	0	-76	-80	-75	-70	0	0	-77	-89	-91	-90	-77	-75	-89	-88	-75	-76	-87	-92	-90	0	-90	-90	-91	-58	0	0	0	0	-88	0	0	0	0	0	0	0	0	-84	0	-88	0	0	0	0	0	0	0	0	0	0	0	0	0	0	0	0	0	0	0	0	0	0	0	0	0	0	0	0	0	0	0	-61	0	0	0	0	0	0	0	0	0	0	0	0	0	0	0	0	0	0	0	0	0	0	0	0	0	0	0	0	0	0	0	4019	-2514	2752	23110	-7760	-217	-37	970	213	0	-1	0	-37	957	210	1606974939
-51	-54	-50	-54	-58	0	-69	-70	-79	-74	-76	-79	-75	-70	0	0	-76	-91	-88	-88	-75	-72	-89	-87	-78	-75	-88	-90	-90	0	-91	-91	-91	-57	0	0	0	0	-88	0	0	0	0	0	0	0	0	0	0	0	0	0	0	0	0	0	0	0	0	0	0	0	0	0	0	0	-86	0	0	0	0	0	0	0	0	0	0	0	0	0	0	-61	0	0	0	0	0	0	0	0	0	0	0	0	0	0	0	0	0	0	0	0	0	0	0	0	0	0	0	0	0	0	0	4064	-2514	2782	23110	-7758	-217	-38	969	213	-1	-1	-1	-37	957	210	1606974941
-50	-57	-49	-53	-58	0	-69	-70	-77	0	-76	-79	-75	-69	0	0	-75	-88	-88	-87	-76	-75	-89	-88	-76	-75	-90	-91	-92	0	-90	-90	-90	-58	0	0	0	0	-87	0	0	0	0	0	0	0	0	0	0	0	0	0	0	0	0	0	0	0	0	0	0	0	0	0	0	0	0	0	0	0	0	0	0	0	0	0	0	0	0	0	0	-60	0	0	0	0	0	0	0	0	0	0	0	0	0	0	0	0	0	0	0	0	0	0	0	0	0	0	0	0	0	0	0	4019	-2559	2738	23110	-7759	-217	-38	970	213	-1	-1	-1	-38	957	210	1606974942
-46	-51	-49	-54	-55	0	-70	-70	-74	-73	-73	-74	-70	-69	0	-87	0	-84	-84	-83	0	-76	-84	-84	0	0	-87	-89	-92	0	-91	-90	-92	-53	0	0	0	0	-92	0	0	0	0	0	0	0	0	0	0	0	0	0	0	0	0	0	0	0	0	0	0	0	0	-84	-85	0	0	0	-91	0	0	0	0	0	0	0	0	0	0	0	0	-61	0	0	0	0	0	0	0	0	0	0	0	0	0	0	0	0	0	0	0	0	0	0	0	0	0	0	0	0	0	0	0	4072	-2544	2738	23110	-7758	-217	-38	971	213	-1	-1	-1	-37	957	210	1606974944
-51	-57	-49	-53	-57	0	-69	-69	-79	-74	-77	-79	-75	0	0	0	0	-88	-90	-87	0	-76	-89	-89	0	0	-87	-91	-92	0	-90	-92	-90	-57	0	0	0	0	-88	0	0	0	0	0	0	0	0	0	0	0	0	0	0	0	0	0	0	0	0	0	0	0	0	0	0	0	0	0	0	0	0	0	0	0	0	0	0	0	0	0	0	-61	0	0	0	0	0	0	0	0	0	0	0	0	0	0	0	0	0	0	0	0	0	0	0	0	0	0	0	0	0	0	0	4065	-2544	2738	23110	-7758	-217	-38	970	213	-1	-1	-1	-37	957	210	1606974945
-50	-51	-49	0	-60	0	0	0	-79	0	-76	-79	-75	-70	0	0	0	-88	-89	-87	0	-76	-89	-88	0	0	-87	-89	-91	0	-92	-90	-90	-56	0	0	0	0	-87	0	0	0	0	0	0	0	0	-83	0	0	0	0	-88	0	0	0	0	0	0	0	0	0	0	0	0	0	0	0	0	0	0	0	0	0	0	0	0	0	0	0	0	-61	0	0	0	0	0	0	0	0	0	0	0	0	0	0	0	0	0	0	0	0	0	0	0	0	0	0	0	0	0	0	0	4080	-2589	2738	23110	-7761	-217	-38	971	212	-1	-1	0	-37	957	210	1606974947
-47	-51	-49	-54	-57	0	-70	0	-76	-72	-77	-76	-75	0	0	0	0	-88	-88	-89	0	-77	-87	-88	0	0	-90	-91	-90	0	0	-93	-91	-58	0	0	0	0	-88	0	0	-91	0	0	0	0	0	0	0	0	0	-92	0	0	0	0	0	0	0	0	0	0	0	0	0	0	0	0	0	0	0	0	0	0	0	0	0	0	0	0	0	-61	0	0	0	0	0	0	0	0	0	0	0	0	0	0	0	0	0	0	0	0	0	0	0	0	0	0	0	0	0	0	0	4019	-2514	2760	23110	-7758	-217	-38	970	213	-1	-1	0	-37	957	210	1606974949
-50	-54	-48	-54	-57	-64	-69	-69	-77	-73	-80	-76	-75	-70	0	0	0	-88	-89	-89	0	-78	-88	-88	0	0	-87	-91	-90	0	-91	-90	-90	-57	0	0	0	0	-89	0	0	0	0	0	0	0	0	0	0	0	0	0	0	0	0	0	0	0	0	0	0	0	0	0	0	0	0	0	0	0	0	0	0	0	0	0	0	0	0	0	0	-61	0	0	0	0	0	0	0	0	0	0	0	0	0	0	0	0	0	0	0	0	0	0	0	0	0	0	0	0	0	0	0	4065	-2544	2768	23110	-7760	-217	-38	970	211	-1	-1	-1	-38	957	210	1606974950
-49	-52	-48	-54	-57	0	0	-69	-79	-73	-80	-76	-75	-70	0	0	0	-89	-87	-88	0	-77	-89	-88	0	0	-89	-89	-90	0	-90	-89	-90	-57	0	0	0	0	-86	0	0	0	0	0	0	0	0	-83	0	0	0	0	0	-86	0	0	0	0	0	0	0	0	0	0	0	0	0	0	0	0	0	0	0	0	0	0	0	0	0	0	0	-59	0	0	0	0	0	0	0	0	0	0	0	0	0	0	0	0	0	0	0	0	0	0	0	0	0	0	0	0	0	0	0	4057	-2514	2752	23110	-7758	-216	-38	970	213	-1	-1	-1	-37	957	210	1606974952
-50	-51	-51	-55	-57	0	-70	-70	-74	-74	-74	-74	-70	-69	0	0	0	-84	-83	-82	0	-77	-83	-84	0	0	-88	-90	-90	0	-90	-89	-90	-52	0	0	0	0	-89	0	0	0	0	0	0	0	0	0	0	0	0	0	0	0	0	0	0	0	0	0	0	0	0	0	0	0	0	0	-93	0	0	0	0	0	0	0	0	0	0	0	0	0	0	0	0	0	0	0	0	0	0	0	0	0	0	0	0	0	0	0	0	0	0	0	0	0	0	0	0	0	0	0	0	4049	-2544	2753	23110	-7760	-218	-38	969	213	-1	-1	-1	-38	957	210	1606974953
-51	-51	0	-54	-57	0	-70	-69	-74	0	-74	-74	-71	-69	0	0	-77	-84	-84	-84	-76	-77	-85	-83	-76	-76	-86	-90	-91	0	-90	-91	-92	-54	0	0	0	0	-91	0	0	0	0	0	0	0	0	0	0	0	0	0	0	0	0	0	0	0	0	0	0	0	0	0	0	0	0	0	-93	0	0	0	0	0	0	0	0	0	0	0	0	-60	0	0	0	0	0	0	0	0	0	0	0	0	0	0	0	0	0	0	0	0	0	0	0	0	0	0	0	0	0	0	0	4050	-2574	2753	23110	-7758	-217	-37	970	212	-1	-1	-1	-38	957	210	1606974955
-49	-51	-49	-53	-56	-63	-70	-69	-78	-72	-79	-76	-75	-69	0	0	-76	-87	-89	-88	-76	-78	-89	-88	-77	-76	-87	-91	-90	0	-90	-90	-90	-57	0	0	0	0	-87	0	0	0	0	-83	0	0	0	0	0	0	0	0	0	0	0	0	0	0	0	0	0	0	0	0	0	0	0	0	0	0	0	0	0	0	0	0	0	0	0	0	0	-60	0	0	0	0	0	0	0	0	0	0	0	0	0	0	0	0	0	0	0	0	0	0	0	0	0	0	0	0	0	0	0	4019	-2544	2775	23111	-7764	-217	-37	970	212	-1	-1	-1	-38	957	209	1606974987
-49	-55	-48	0	-57	0	0	0	-77	0	-76	-76	-76	0	0	0	0	-88	-87	-88	0	-75	-89	-88	0	0	-89	-90	-89	0	-90	-89	-90	-56	0	0	0	0	0	0	0	0	0	0	0	0	0	0	0	-85	0	0	0	0	0	0	-86	0	0	0	0	-85	0	0	-85	0	0	0	0	0	-84	0	0	0	0	0	0	0	0	0	0	-60	0	0	0	0	0	0	0	0	0	0	0	0	0	0	0	0	0	0	0	0	0	0	0	0	0	0	0	0	0	0	0	4019	-2544	2752	23109	-7756	-217	-38	970	213	-1	0	-1	-37	956	211	1606974988
-49	-56	-49	-55	-52	-55	-69	-69	-74	0	-74	-74	-71	-70	0	0	-75	-83	-83	-83	-78	-76	-83	-84	-75	-76	0	-90	-91	0	-90	-89	-91	-52	0	0	0	0	-91	0	0	0	0	0	0	0	0	0	0	0	0	0	0	0	0	0	0	0	0	0	0	0	0	0	0	0	0	0	-92	0	0	0	0	0	0	0	0	0	0	0	0	-62	0	0	0	0	0	0	0	0	0	0	0	0	0	0	0	0	0	0	0	0	0	0	0	0	0	0	0	0	0	0	0	4080	-2559	2738	23110	-7758	-216	-38	970	213	-1	-1	-1	-37	957	210	1606974990
-50	0	-49	0	-57	0	-70	-70	-78	-74	-78	-78	-76	-70	-79	0	0	-89	-88	-89	0	-77	-89	-89	0	0	-84	-88	-91	0	-90	-91	-92	-58	0	0	0	0	-86	0	0	0	0	0	0	0	0	0	0	0	0	0	0	0	0	0	0	0	0	0	0	0	0	0	0	0	0	0	0	0	0	0	0	0	0	0	0	0	0	0	0	0	0	0	0	0	0	0	0	0	0	0	0	0	0	0	0	0	0	0	0	0	0	0	0	0	0	0	0	0	0	0	0	4065	-2559	2738	23111	-7763	-217	-38	969	213	0	0	0	-38	957	209	1606974991
-50	-57	-46	-55	-59	-55	-70	-71	-74	-72	-74	-75	-71	-70	0	0	0	-82	-83	-83	0	-77	-83	-84	0	0	-87	-89	-91	0	-90	-91	-90	-53	0	0	0	0	-91	0	0	0	0	0	0	0	0	0	0	0	0	0	0	-87	0	0	0	0	0	0	0	0	0	0	0	0	0	0	-93	0	-87	0	0	0	0	0	0	0	0	0	0	-63	0	0	0	0	0	0	0	0	0	0	0	0	0	0	0	0	0	0	0	0	0	0	0	0	0	0	0	0	0	0	0	3966	-2514	2752	23110	-7758	-217	-38	970	213	-1	-1	-1	-38	957	210	1606974993
-49	-57	-45	-56	-57	0	-73	-71	-77	0	-77	-79	-76	-73	0	0	-77	-88	-88	-88	-77	-77	-89	-88	-76	-75	-90	-89	-91	0	-90	-90	-91	-57	0	0	0	0	-87	0	0	-91	0	0	0	0	0	-82	0	0	0	0	0	0	0	0	0	0	0	0	0	0	0	0	0	0	0	0	0	0	0	0	0	0	0	0	0	0	0	0	0	-62	0	0	0	0	0	0	0	0	0	0	0	0	0	0	0	0	0	0	0	0	0	0	0	0	0	0	0	0	0	0	0	4034	-2499	2722	23110	-7759	-216	-39	971	212	0	0	0	-37	957	210	1606974995
-48	-51	-52	-53	-58	0	-71	-71	-76	0	-76	-78	-76	-71	0	0	-76	-89	-90	-89	-76	-76	-89	-90	-77	-77	0	-92	-90	0	-92	-90	-90	-60	0	0	0	0	-87	0	0	0	0	0	0	0	0	0	0	0	0	0	0	0	0	0	0	0	0	0	0	0	0	0	0	0	0	0	0	0	0	0	0	0	0	0	0	0	0	0	0	-61	0	0	0	0	0	0	0	0	0	0	0	0	0	0	0	0	0	0	0	0	0	0	0	0	0	0	0	0	0	0	0	4049	-2529	2753	23111	-7762	-217	-38	971	213	0	0	-1	-38	957	210	1606974996
-51	-61	-46	-55	-54	0	-74	-73	-77	-71	-79	-77	-75	-73	0	0	0	-88	-88	-89	0	-78	-88	-88	0	0	0	-92	-91	0	0	-91	-92	-57	0	0	0	0	-88	0	0	0	0	0	0	0	0	0	0	0	0	0	0	0	0	0	0	0	0	0	0	0	0	0	0	0	0	0	0	0	0	0	0	0	0	0	0	0	0	0	0	-63	0	0	0	0	0	0	0	0	0	0	0	0	0	0	0	0	0	0	0	0	0	0	0	0	0	0	0	0	0	0	0	4079	-2499	2745	23110	-7759	-217	-38	970	212	-1	0	-1	-38	957	210	1606974998
-49	-57	-50	-53	-56	-62	0	-70	-75	-71	-76	-78	-75	-69	0	0	0	-87	-88	-87	0	-77	-87	-87	0	0	-92	-92	-91	0	0	-92	0	-58	-55	0	0	0	-86	0	0	0	0	0	0	0	0	0	0	0	0	0	-85	0	0	0	0	0	0	0	0	0	0	0	0	0	0	0	0	0	0	0	0	0	0	0	0	0	0	0	0	-60	0	0	0	0	0	0	0	0	0	0	0	0	0	0	0	0	0	0	0	0	0	0	0	0	0	0	0	0	0	0	0	4049	-2424	2737	23109	-7757	-217	-38	970	213	0	0	-1	-38	956	210	1606974999
0	-48	-49	-54	0	0	-69	-69	-79	-72	-76	-77	-75	-68	0	0	0	-89	-88	-88	0	-76	-88	-89	0	0	0	-92	-91	0	-90	-92	-92	-57	-56	0	0	0	-87	0	0	-86	0	0	0	0	0	0	0	0	0	0	0	0	0	0	0	0	0	0	0	0	0	0	0	0	0	0	0	0	0	0	0	0	0	0	0	0	0	0	0	-70	0	0	0	0	0	0	0	0	0	0	0	0	0	0	0	0	0	0	0	0	0	0	0	0	0	0	0	0	0	0	0	4064	-2514	2752	23111	-7764	-217	-38	970	212	-1	0	-1	-38	957	209	1606975001
-50	-51	-49	-52	-57	0	-68	-68	-77	0	-79	-79	-75	-68	0	0	-76	-86	-88	-87	-75	-75	-87	-87	-76	-75	0	-89	-91	0	-91	-91	-90	-57	0	0	0	0	-87	0	0	-89	0	0	0	0	0	0	0	0	0	0	0	0	0	0	0	0	0	0	0	0	0	0	0	0	0	0	0	0	0	0	0	0	0	0	0	0	0	0	0	-64	0	0	0	0	0	0	0	0	0	0	0	0	0	0	0	0	0	0	0	0	0	0	0	0	0	0	0	0	0	0	0	4064	-2499	2752	23110	-7757	-216	-38	969	213	0	0	0	-37	956	210	1606975002
-54	-48	-55	-52	-61	0	0	-70	-75	-76	-78	-76	-75	-69	0	0	0	-90	-87	-87	0	-78	-88	-88	0	0	-90	-91	-89	0	-89	-91	-90	-60	-54	0	0	0	-87	0	0	0	0	0	0	0	0	0	0	0	0	0	-88	0	0	0	0	0	0	0	0	0	0	0	0	0	0	0	0	0	0	0	0	0	0	0	0	0	0	0	0	-61	0	0	0	0	0	0	0	0	0	0	0	0	0	0	0	0	0	0	0	0	0	0	0	0	0	0	0	0	0	0	0	4065	-2544	2753	23110	-7759	-216	-68	973	204	0	0	0	-37	957	210	1606975004
-49	-52	-54	-55	-53	0	-71	-70	-74	0	-74	-73	-71	-72	0	-83	-78	-83	-84	-84	-78	-78	-84	-85	-78	-79	-90	-90	-89	0	-89	-90	-89	-52	0	0	0	0	-94	0	0	0	0	0	0	0	0	-80	0	0	0	0	0	0	0	0	-84	0	0	0	0	0	0	-84	-82	0	0	0	-93	0	0	0	0	0	0	0	0	0	0	0	0	-60	0	0	0	0	0	0	0	0	0	0	0	0	0	0	0	0	0	0	0	0	0	0	0	0	0	0	0	0	0	0	0	4064	-2514	2745	23107	-7765	-209	-41	968	225	-1	-1	0	-36	957	209	1606975006
-47	-56	0	-58	-55	-62	-68	-68	-79	0	-79	-76	-76	-70	0	0	0	-90	-88	-88	0	0	-89	-89	0	0	0	-88	-89	0	-88	-90	-89	-58	0	0	0	0	-86	0	0	0	0	0	0	0	0	0	0	0	0	-90	0	0	0	0	0	0	0	0	0	0	0	0	0	0	0	0	0	0	0	0	0	0	0	0	0	0	0	0	0	-59	0	0	0	0	0	0	0	0	0	0	0	0	0	0	0	0	0	0	0	0	0	0	0	0	0	0	0	0	0	0	0	4049	-2499	2782	23087	-7754	-207	-36	969	214	-1	-1	0	-36	956	211	1606975007
-49	-50	-48	-54	-54	0	-72	0	-74	-78	-78	-75	-74	0	0	0	0	-90	-90	-90	0	-79	-89	-89	0	0	0	-89	-90	0	-89	-90	-90	-58	0	0	0	0	-89	0	0	-87	0	0	0	0	0	0	0	0	0	0	0	0	0	0	0	0	0	0	0	0	0	0	0	0	0	0	0	0	0	0	0	0	0	0	0	0	0	0	0	-60	0	0	0	0	0	0	0	0	0	0	0	0	0	0	0	0	0	0	0	0	0	0	0	0	0	0	0	0	0	0	0	4019	-2551	2767	23084	-7759	-210	-36	970	213	0	0	-1	-36	957	210	1606975009
-53	-57	-48	-54	-56	-65	-68	-67	-75	-73	-75	-75	-74	-67	0	-84	0	-90	-89	-88	0	-76	-89	-90	0	0	0	-92	-92	0	-91	-91	-92	-59	0	0	0	0	-87	0	0	0	0	0	0	0	0	0	0	0	0	0	0	0	0	0	0	0	0	0	0	0	0	0	0	0	0	0	0	0	0	0	0	0	0	0	0	0	0	0	0	-62	0	0	0	0	0	0	0	0	0	0	0	0	0	0	0	0	0	0	0	0	0	0	0	0	0	0	0	0	0	0	0	4057	-2559	2768	23085	-7761	-209	-37	970	212	0	0	-1	-36	957	210	1606975010
-50	-56	-48	-51	-56	0	-70	-71	-72	-74	-73	-73	-71	-70	0	0	0	-82	-83	-82	0	-78	-83	-82	0	0	0	-92	-91	0	0	-91	-93	-53	0	0	0	0	0	0	0	-90	0	0	0	0	0	0	0	0	0	0	0	0	0	0	0	0	0	0	0	0	0	0	0	0	0	0	-91	0	0	0	0	0	0	0	0	0	0	0	0	-63	0	0	0	0	0	0	0	0	0	0	0	0	0	0	0	0	0	0	0	0	0	0	0	0	0	0	0	0	0	0	0	4019	-2499	2767	23085	-7762	-210	-37	969	212	0	-1	-1	-36	957	210	1606975012
