0	-53	-51	-65	0	0	-80	-80	-69	0	-70	-70	-75	-80	0	0	-86	-82	-82	-83	-84	-86	-83	-84	-84	-86	-84	-86	-87	0	-87	-86	-87	-57	0	0	-93	-92	0	-95	0	0	0	0	0	0	0	0	0	0	0	0	0	0	0	0	-87	0	0	-94	0	-86	0	0	0	0	0	0	0	0	0	0	0	0	0	0	0	0	0	0	0	0	0	0	0	0	0	0	0	0	0	0	0	0	0	0	0	0	0	0	0	0	0	0	0	0	0	0	0	0	0	0	0	0	0	0	0	0	0	0	0	0	0	0	0	0	0	-3227	-3008	-769	8554	-7916	-246	-43	977	185	0	0	-1	-42	962	184	1606974583
-53	-63	-54	0	-61	-57	0	-77	-67	0	-67	-68	-77	-75	-87	-84	0	-87	-87	-87	0	0	-86	-88	0	0	-87	-86	-87	0	-87	-86	-87	-57	0	0	0	-95	0	0	0	0	0	0	0	0	0	0	0	0	0	0	0	0	0	0	0	0	0	0	0	0	0	0	0	0	0	0	0	0	0	0	0	0	0	0	0	0	0	0	0	0	0	0	0	0	0	0	0	0	0	0	0	0	0	0	0	0	0	0	0	0	0	0	0	0	0	0	0	0	0	0	0	0	0	0	0	0	0	0	0	0	0	0	0	0	0	-3258	-2978	-770	8549	-7920	-244	-43	977	186	-1	0	0	-42	962	183	1606974585
0	-55	-51	0	0	-61	0	0	-69	0	-71	-71	-75	0	0	0	0	-83	-83	-83	0	-85	-84	-84	0	0	-85	-86	-86	0	-86	-86	-87	-59	0	0	0	0	0	0	0	0	0	0	0	0	0	0	0	-89	0	0	0	0	0	0	0	0	0	0	0	0	0	0	0	-92	0	0	0	0	0	0	0	0	0	0	0	0	0	0	0	0	0	0	0	0	0	0	0	0	0	0	0	0	0	0	0	0	0	0	0	0	0	0	0	0	0	0	0	0	0	0	0	0	0	0	0	0	0	0	0	0	0	0	0	0	0	-3258	-3023	-799	8554	-7915	-243	-43	977	186	-1	-1	0	-42	962	184	1606974586
-49	-58	-51	-65	-60	-53	-74	-75	-68	-83	-67	-68	-77	-76	0	0	-86	-88	-89	-88	0	-86	-89	-90	0	-85	-85	-86	-87	0	-86	-85	-86	-55	0	0	-95	-94	0	-94	0	0	0	0	0	0	0	0	0	0	0	0	0	0	0	0	0	0	0	0	0	0	0	0	0	-94	0	0	0	0	0	0	0	0	0	0	0	0	0	0	0	0	0	0	0	0	0	0	0	0	0	0	0	0	0	0	0	0	0	0	0	0	0	0	0	0	0	0	0	0	0	0	0	0	0	0	0	0	0	0	0	0	0	0	0	0	0	-3205	-3023	-792	8562	-7907	-244	-43	976	188	-1	-1	0	-42	961	185	1606974588
-51	-53	-53	-68	-59	-54	0	-81	-66	-83	-68	-67	-75	-80	0	0	-85	-91	-89	-89	0	-86	-89	-88	0	-85	-83	-86	-87	0	-87	-87	-87	-54	0	0	0	0	0	0	0	0	0	0	0	0	0	0	0	0	0	0	0	0	0	0	0	0	0	0	0	0	0	0	0	0	0	0	0	0	0	0	0	0	0	0	0	0	0	0	0	0	0	0	0	0	0	0	0	0	0	0	0	-90	0	0	0	0	0	0	0	0	0	0	0	0	0	0	0	0	0	0	0	0	0	0	0	0	0	0	0	0	0	0	0	0	0	-3167	-3008	-806	8566	-7902	-244	-43	976	188	-1	-1	0	-42	961	186	1606974589
-55	0	-53	-66	-64	0	0	-74	-72	-81	-69	-71	-76	-77	0	0	0	-83	-83	-84	0	-86	-84	-83	0	0	-84	-87	-86	0	-87	-86	-87	-60	-66	0	-94	-94	0	-93	-93	0	0	0	0	0	0	-87	0	0	0	0	0	0	0	0	0	0	0	0	0	0	0	0	0	0	0	0	0	0	0	0	0	0	0	0	0	0	0	0	0	0	0	0	0	0	0	0	0	0	0	0	0	0	0	0	0	0	0	0	0	0	0	0	0	0	0	0	0	0	0	0	0	0	0	0	0	0	0	0	0	0	0	0	0	0	0	-3167	-3031	-732	8564	-7905	-244	-43	976	187	-1	-1	0	-42	961	186	1606974591
-51	-58	-53	0	-65	0	0	-80	-67	0	-68	-68	-77	0	0	-85	-85	-88	-88	-88	-86	-90	-89	-88	0	-85	-83	-87	-87	0	-86	-86	-87	-62	-68	0	-95	-97	0	-96	0	0	0	0	0	0	0	0	0	0	0	0	0	0	0	0	0	0	0	0	0	0	0	0	0	0	0	0	0	-92	0	0	0	0	0	0	0	0	0	0	0	0	0	0	0	0	0	0	0	0	0	0	0	0	0	0	0	0	0	0	0	0	0	0	0	0	0	0	0	0	0	0	0	0	0	0	0	0	0	0	0	0	0	0	0	0	0	-3228	-3008	-792	8565	-7903	-244	-43	976	188	-1	-1	0	-42	961	186	1606974592
-57	-59	-54	-69	0	0	-76	-75	-67	0	-67	-66	-79	-76	0	-84	-85	-89	-87	-86	0	0	-87	-89	0	-88	-83	-86	-85	0	-87	-87	-86	-56	0	0	0	0	0	0	0	0	0	0	0	0	0	0	0	0	0	0	0	0	0	0	0	0	0	-96	0	0	0	0	0	0	0	0	0	0	0	0	0	0	0	0	0	0	0	0	0	0	0	0	0	0	0	0	0	0	0	0	0	0	0	0	0	0	0	0	0	0	0	0	0	0	0	0	0	0	0	0	0	0	0	0	0	0	0	0	0	0	0	0	0	0	0	-3220	-3016	-851	8565	-7904	-244	-43	976	189	-1	-1	0	-42	961	186	1606974594
-56	-53	-53	-65	-63	0	-72	-72	-68	0	-68	-68	-79	-71	0	-89	0	-88	-88	-88	0	-88	-89	-89	0	0	-85	-86	-86	0	-86	-85	-87	-54	0	0	0	0	0	0	0	0	0	0	0	0	0	0	0	0	0	0	0	0	0	0	0	0	0	0	0	0	0	0	0	0	0	0	0	0	0	0	0	0	0	0	0	0	0	0	0	0	0	0	0	0	0	0	0	0	0	0	0	0	0	0	0	0	0	0	0	0	0	0	0	0	0	0	0	0	0	0	0	0	0	0	0	0	0	0	0	0	0	0	0	0	0	-3213	-2986	-799	8567	-7901	-244	-43	976	188	-1	-1	0	-42	961	186	1606974596
-51	-60	-54	-70	-60	0	-76	-79	-69	-83	-70	-70	-77	-78	0	-87	0	-87	-89	-89	0	0	-88	-89	0	0	-85	-86	-87	0	-87	-86	-87	-61	0	0	0	0	0	-95	0	0	0	0	0	0	0	0	0	0	0	0	0	0	0	0	0	0	0	0	0	0	0	0	0	0	0	0	0	-92	0	0	0	0	0	0	0	0	0	0	0	0	0	0	0	0	0	0	0	0	0	0	0	0	0	0	0	0	0	0	0	0	0	0	0	0	0	0	0	0	0	0	0	0	0	0	0	0	0	0	0	0	0	0	0	0	0	-3212	-3008	-784	8564	-7904	-244	-43	976	188	-1	-1	0	-42	961	186	1606974597
-53	-59	-53	-69	-61	0	-74	-74	-68	-80	-70	-69	-75	-74	0	-82	-86	-91	-90	-90	-84	0	-90	-89	-88	-87	-84	-87	-85	0	-85	-85	-86	-54	0	0	0	0	0	-97	0	0	0	0	0	0	0	0	0	0	0	0	0	0	0	-85	-82	0	0	0	0	-81	0	-82	-82	0	0	0	0	0	0	0	0	0	0	0	0	0	0	0	0	0	0	0	0	0	0	0	0	0	0	0	0	0	0	0	0	0	0	0	0	0	0	0	0	0	0	0	0	0	0	0	0	0	0	0	0	0	0	0	0	0	0	0	0	0	0	-3273	-3023	-784	8568	-7900	-243	-43	976	188	-1	-1	0	-42	961	186	1606974599
-52	-60	-54	-69	-59	0	-74	-79	-71	0	-71	-71	-75	-76	0	0	0	-87	-88	-88	0	-87	-87	-88	0	0	0	-87	-87	0	-86	-86	-87	-57	0	0	-95	0	0	0	0	0	0	0	0	0	0	0	0	-89	0	0	0	0	0	-78	0	0	0	0	0	0	0	0	0	0	0	0	0	0	0	0	0	0	0	0	0	0	0	0	0	0	0	0	0	0	0	0	0	0	0	0	0	0	0	0	0	0	0	0	0	0	0	0	0	0	0	0	0	0	0	0	0	0	0	0	0	0	0	0	0	0	0	0	0	0	0	-3258	-3008	-784	8566	-7902	-243	-43	976	189	-1	-1	0	-42	961	186	1606974600
-55	-54	-60	-71	-58	-62	-77	-75	-71	-84	-73	-72	-76	-73	0	0	0	-83	-84	-84	0	0	-83	-83	0	0	-84	-86	-85	0	-87	-86	-86	-63	0	0	-93	0	0	-93	0	0	0	0	0	0	0	0	0	0	0	0	0	0	0	-82	0	0	0	0	0	0	0	0	0	0	0	0	0	0	0	0	0	0	0	0	0	0	0	0	0	0	0	0	0	0	0	0	0	0	0	0	0	0	0	0	0	0	0	0	0	0	0	0	0	0	0	0	0	0	0	0	0	0	0	0	0	0	0	0	0	0	0	0	0	0	0	-3220	-3023	-769	8562	-7906	-244	-43	976	187	-1	-1	0	-42	961	185	1606974602
-49	-59	-54	-74	-59	0	-78	-77	-73	0	-72	-72	-76	-83	0	0	0	-84	-85	-84	0	-85	-85	-85	0	0	-85	-86	-88	0	-87	-86	-87	-64	-68	0	0	-94	0	-93	0	0	0	0	0	0	0	0	0	0	0	0	0	0	0	0	0	0	0	-94	0	0	0	0	0	0	0	0	0	0	0	0	0	0	0	0	0	0	0	0	0	0	0	0	0	0	0	0	0	0	0	0	0	0	0	0	0	0	0	0	0	0	0	0	0	0	0	0	0	0	0	0	0	0	0	0	0	0	0	0	0	0	0	0	0	0	0	-3212	-3008	-769	8566	-7902	-244	-43	976	189	-1	-1	0	-42	961	186	1606974603
-50	-55	0	-75	-60	-61	0	-83	-72	-84	-74	-74	-78	-83	0	0	-87	-84	-85	-84	-85	-85	-85	-85	-87	-86	-84	-86	-86	0	-87	-86	-86	-60	0	0	-94	-94	0	-93	0	0	0	0	0	0	0	0	0	0	0	0	0	0	0	-86	0	0	0	0	0	0	-93	0	0	0	0	0	0	0	0	0	0	0	0	0	0	0	0	0	0	0	0	0	0	0	0	0	0	0	0	0	0	0	0	0	0	0	0	0	0	0	0	0	0	0	0	0	0	0	0	0	0	0	0	0	0	0	0	0	0	0	0	0	0	0	0	-3182	-3024	-769	8566	-7902	-244	-43	976	188	-1	-1	0	-42	961	186	1606974605
-51	-54	-55	-73	-61	-55	0	0	-68	-86	-67	-68	-76	0	0	-86	0	-90	-89	-87	0	-87	-87	-88	0	0	-86	-87	-86	0	-87	-87	-87	-54	0	0	0	-96	0	0	0	0	0	0	0	0	0	0	0	0	0	0	-87	0	0	-82	0	0	0	0	0	-86	0	-87	0	0	0	0	0	0	0	0	0	0	0	0	0	0	0	0	0	0	0	0	0	0	0	0	0	0	0	0	0	0	0	0	0	0	0	0	0	0	0	0	0	0	0	0	0	0	0	0	0	0	0	0	0	0	0	0	0	0	0	0	0	0	0	-3288	-3008	-799	8563	-7905	-245	-43	976	188	-1	-1	0	-42	961	186	1606974606
-54	-55	-55	-70	-61	-54	-82	0	-69	0	-69	-69	-78	-82	0	-84	-84	-90	-89	-90	-88	-84	-90	-90	-86	-86	-85	-86	-86	0	-86	-86	-87	-54	0	0	-94	0	0	0	0	0	0	0	0	0	0	0	0	0	0	0	0	0	0	-83	0	0	0	0	0	0	0	0	0	0	0	0	0	0	0	0	0	0	0	0	0	0	0	0	0	0	0	0	0	0	0	0	0	0	0	0	0	0	0	0	0	0	0	0	0	0	0	0	0	0	0	0	0	0	0	0	0	0	0	0	0	0	0	0	0	0	0	0	0	0	0	-3213	-2978	-784	8566	-7902	-245	-43	976	188	-1	-1	0	-42	961	186	1606974608
-49	0	-53	-69	-61	0	-79	-79	-73	0	-72	-72	-78	-80	0	0	0	-83	-83	-83	0	0	-82	-82	0	0	0	-85	-86	0	-86	-86	-85	-58	0	0	-93	-93	0	-94	0	0	0	-79	0	0	0	0	0	0	0	0	0	0	0	-83	0	0	0	0	0	0	0	0	0	0	0	0	0	0	0	0	0	0	0	0	0	0	0	0	0	0	0	0	0	0	0	0	0	0	0	0	0	0	0	0	0	0	0	0	0	0	0	0	0	0	0	0	0	0	0	0	0	0	0	0	0	0	0	0	0	0	0	0	0	0	0	-3212	-3068	-784	8567	-7901	-244	-43	976	188	-1	-1	0	-42	961	186	1606974610
-52	-54	-53	-65	-65	-60	0	0	-72	0	-71	-73	-76	0	0	-86	-84	-83	-83	-83	-87	-87	-82	-83	-86	-86	-84	-86	-87	0	-86	-87	-86	-59	-69	0	-96	-92	0	-94	0	0	0	0	0	0	0	0	0	0	0	0	0	0	0	0	0	0	0	0	0	0	0	0	0	0	0	0	0	-94	0	0	0	0	0	0	0	0	0	0	0	0	0	0	0	0	0	0	0	0	0	0	0	0	0	0	0	0	0	0	0	0	0	0	0	0	0	0	0	0	0	0	0	0	0	0	0	0	0	0	0	0	0	0	0	0	0	-3213	-2993	-799	8563	-7906	-244	-43	976	187	-1	-1	0	-42	961	186	1606974611
-54	-53	-53	-67	-63	-54	-80	0	-69	-83	-69	-69	-77	0	0	-85	0	-87	-88	-87	0	-87	-87	-88	0	0	-86	-86	-86	0	-86	-86	-86	-54	0	0	0	0	0	-95	0	0	0	0	0	0	0	0	0	0	0	0	0	0	0	-84	0	0	0	0	0	0	0	0	0	0	0	0	0	0	0	0	0	0	0	0	0	0	0	0	0	0	0	0	0	0	0	0	0	0	0	0	0	0	0	0	0	0	0	0	0	0	0	0	0	0	0	0	0	0	0	0	0	0	0	0	0	0	0	0	0	0	0	0	0	0	-87	-3213	-2993	-814	8568	-7900	-244	-43	976	189	-1	-1	0	-42	961	186	1606974613
-54	-54	0	-67	-63	0	-77	-77	-71	0	-72	-73	-81	-76	0	0	0	-82	-82	-83	0	0	-83	-83	0	0	-83	-86	-86	0	-86	-86	-86	-59	0	0	-92	-92	0	-93	0	0	0	-82	0	0	0	0	0	0	0	0	0	0	0	0	0	0	0	0	0	0	0	0	0	0	0	0	0	0	0	0	0	0	0	0	0	0	0	0	0	0	0	0	0	0	0	0	0	0	0	0	0	0	0	0	0	0	0	0	0	0	0	0	0	0	0	0	0	0	0	0	0	0	0	0	0	0	0	0	0	0	0	0	0	0	0	-3212	-3068	-784	8566	-7902	-244	-43	976	188	-1	-1	0	-42	961	186	1606974614
-50	-53	-54	0	-63	0	-80	-78	-68	0	-69	-70	-79	-78	0	-84	-86	-87	-87	-87	0	0	-88	-87	-88	-88	-86	-86	-86	0	-86	-86	-85	-56	0	0	-94	-95	0	0	0	0	0	0	0	0	0	0	0	0	0	0	0	0	0	0	0	0	0	0	0	0	0	0	0	0	0	0	0	0	0	0	0	0	0	0	0	0	0	0	0	0	0	0	0	0	0	0	0	0	0	0	0	0	0	0	0	0	0	0	0	0	0	0	0	0	0	0	0	0	0	0	0	0	0	0	0	0	0	0	0	0	0	0	0	0	0	-3213	-2963	-799	8565	-7903	-244	-43	976	187	-1	-1	0	-42	961	186	1606974616
0	-53	-54	-69	0	0	-78	-75	-68	0	-67	-67	-77	0	0	-84	-84	-87	-88	-90	-86	-85	-88	-87	-84	-85	-84	-85	-87	0	-87	-87	-87	-55	0	0	0	0	0	0	0	0	0	0	0	0	0	0	0	0	0	0	0	0	0	-82	0	0	0	0	0	0	0	0	0	0	0	0	0	0	0	0	0	0	0	0	0	0	0	0	0	0	0	0	0	0	0	0	0	0	0	0	0	0	0	0	0	0	0	0	0	0	0	0	0	0	0	0	0	0	0	0	0	0	0	0	0	0	0	0	0	0	0	0	0	0	0	-3182	-3009	-784	8567	-7901	-244	-43	976	188	-1	-1	0	-42	961	186	1606974618
-51	0	0	-71	-57	0	-75	0	-68	-81	-68	-69	-78	0	0	-86	0	-89	-87	-88	0	0	-90	-88	0	0	-83	-86	-88	0	-86	-88	-86	-55	0	0	0	0	0	0	0	0	0	0	0	0	0	0	0	0	0	0	0	0	0	0	0	0	0	0	0	0	0	0	0	0	0	0	0	0	0	0	0	0	0	0	0	0	0	0	0	0	0	0	0	0	0	0	0	0	0	0	0	0	0	0	0	0	0	0	0	0	0	0	0	0	0	0	0	0	0	0	0	0	0	0	0	0	0	0	0	0	0	0	0	0	0	-3220	-3009	-754	8566	-7902	-244	-43	976	188	-1	-1	0	-42	961	186	1606974619
-51	0	-52	-71	-61	-60	-78	-76	-73	0	-71	-71	-76	-76	0	-86	0	-83	-83	-84	0	0	-83	-84	0	0	-85	-87	-86	0	-86	-86	-87	-59	0	0	-92	-92	0	-93	0	0	0	0	0	0	0	0	0	0	0	0	0	0	0	0	0	0	0	0	0	0	0	0	0	0	0	0	0	0	0	0	0	0	0	0	0	0	0	0	0	0	0	0	0	0	0	0	0	0	0	0	0	0	0	0	0	0	0	0	0	0	0	0	0	0	0	0	0	0	0	0	0	0	0	0	0	0	0	0	0	0	0	0	0	0	0	-3257	-3008	-769	8565	-7903	-244	-43	976	188	-1	-1	0	-42	961	186	1606974621
0	-58	0	-68	0	-55	0	-72	-69	-83	-67	-70	-76	-72	0	0	-86	-87	-88	-87	0	-84	-88	-87	0	-85	-84	-85	-87	0	-86	-87	-86	-56	0	0	0	0	0	0	0	0	0	0	0	0	0	0	0	-87	0	0	0	0	0	0	0	0	0	-94	0	0	0	0	0	0	0	0	0	0	0	0	0	0	0	0	0	0	0	0	0	0	0	0	0	0	0	0	0	0	0	0	0	0	0	0	0	0	0	0	0	0	0	0	0	0	0	0	0	0	0	0	0	0	0	0	0	0	0	0	0	0	0	0	0	0	0	-3288	-3008	-770	8566	-7902	-244	-43	976	188	-1	-1	0	-42	961	186	1606974623
-52	-59	-53	-69	-61	-54	-74	0	-68	0	-67	-68	-76	0	0	0	0	-86	-86	-87	-86	-85	-87	-87	-86	-85	-86	-86	-86	0	-87	-87	-87	-55	0	0	-95	-95	0	-95	0	0	0	0	0	0	0	0	0	0	0	0	0	0	0	0	0	0	0	0	0	0	0	0	0	0	0	0	0	0	0	0	0	0	0	0	0	0	0	0	0	0	0	0	0	0	0	0	0	0	0	0	0	0	0	0	0	0	0	0	0	0	0	0	0	0	0	0	0	0	0	0	0	0	0	0	0	0	0	0	0	0	0	0	0	0	0	-3167	-2978	-784	8569	-7899	-244	-43	976	188	-1	-1	0	-42	961	187	1606974624
-50	-57	-54	-70	-61	-62	0	0	-69	0	-69	-69	-77	-78	0	-87	0	-84	-85	-83	0	-90	-84	-83	0	0	-84	-87	-86	0	-86	-86	-86	-60	0	0	-92	0	0	0	0	0	0	0	0	0	0	0	0	0	0	0	0	0	0	-85	0	0	0	-95	0	0	0	0	0	0	0	0	0	0	0	0	0	0	0	0	0	0	0	0	0	0	0	0	0	0	0	0	0	0	0	0	0	0	0	0	0	0	0	0	0	0	0	0	0	0	0	0	0	0	0	0	0	0	0	0	0	0	0	0	0	0	0	0	0	0	0	-3228	-3008	-799	8567	-7901	-244	-43	976	188	-1	-1	0	-42	961	186	1606974626
-50	-53	-62	-67	-59	-55	0	0	-67	-82	-67	-67	-76	-76	0	0	0	-86	-87	-87	0	-89	-86	-87	0	0	-82	-86	-87	0	-87	-86	-87	-55	0	0	0	-95	0	-96	0	0	0	0	0	0	0	0	0	0	0	0	0	0	0	-84	0	0	0	0	0	0	0	0	0	0	0	0	0	0	0	0	0	0	0	0	0	0	0	0	0	0	0	0	0	0	0	0	0	0	0	0	0	0	0	0	0	0	0	0	0	0	0	0	0	0	0	0	0	0	0	0	0	0	0	0	0	0	0	0	0	0	0	0	0	0	0	-3227	-3061	-769	8566	-7903	-244	-43	976	188	-1	-1	0	-42	961	186	1606974627
-51	-53	-57	-69	-61	-55	0	0	-67	-80	-67	-67	-77	0	0	-87	0	-87	-87	-86	0	0	-86	-86	0	0	-81	-85	-87	0	-87	-86	-86	-56	0	0	0	-94	0	0	0	0	0	0	0	0	0	0	0	0	0	0	0	0	0	-81	0	0	0	0	0	0	0	0	0	0	0	0	0	0	0	0	0	0	0	0	0	0	0	0	0	0	0	0	0	0	0	0	0	0	0	0	0	0	0	0	0	0	0	0	0	0	0	0	0	0	0	0	0	0	0	0	0	0	0	0	0	0	0	0	0	0	0	0	0	0	0	-3220	-3008	-799	8566	-7902	-244	-43	976	188	-1	-1	0	-42	961	186	1606974629
-53	-52	-53	-71	-59	-55	0	0	-69	0	-69	-69	-77	0	0	-87	0	-89	-88	-89	0	-87	0	-89	0	0	-83	-87	-87	0	-86	-86	-87	-55	0	0	0	-95	0	0	0	0	0	0	0	0	0	0	0	0	0	0	0	0	0	-84	0	0	0	0	0	0	0	0	0	0	0	0	0	0	0	0	0	0	0	0	0	0	0	0	0	0	0	0	0	0	0	0	0	0	0	0	0	0	0	0	0	0	0	0	0	0	0	0	0	0	0	0	0	0	0	0	0	0	0	0	0	0	0	0	0	0	0	0	0	0	0	-3227	-3008	-769	8568	-7900	-244	-43	976	188	-1	-1	0	-42	961	187	1606974630
-54	-51	-57	-68	-60	-56	-75	0	-68	-82	-68	-68	-78	-77	0	0	0	-88	-88	-87	0	0	-87	-87	0	0	-82	-87	-87	0	-87	-86	-86	-56	0	0	0	0	0	0	0	0	0	0	0	0	0	0	0	0	0	0	0	0	0	-83	0	0	0	0	0	0	0	0	0	0	0	0	0	0	0	0	0	0	0	0	0	0	0	0	0	0	0	0	0	0	0	0	0	0	0	0	0	0	0	0	0	0	0	0	0	0	0	0	0	0	0	0	0	0	0	0	0	0	0	0	0	0	0	0	0	0	0	0	0	0	0	-3152	-3009	-784	8566	-7902	-244	-43	976	188	-1	-1	0	-42	961	186	1606974632
0	-52	-54	-67	0	0	0	-82	-70	0	-71	-69	-78	-74	0	-82	0	-84	-85	-84	0	0	-83	-86	0	0	-83	-87	-87	0	-86	-86	-86	-61	0	0	-93	-93	0	-95	0	0	0	0	0	0	0	0	0	0	0	0	0	0	0	0	0	0	0	-94	0	0	0	0	0	0	0	0	0	0	0	0	0	0	0	0	0	0	0	0	0	0	0	0	0	0	0	0	0	0	0	0	0	0	0	0	0	0	0	0	0	0	0	0	0	0	0	0	0	0	0	0	0	0	0	0	0	0	0	0	0	0	0	0	0	0	0	-3273	-3015	-814	8567	-7901	-244	-43	976	189	-1	-1	0	-42	961	187	1606974633
-48	-55	-54	-64	-54	0	0	-75	-67	0	-66	-66	-80	0	0	0	0	-87	-87	-87	0	-86	-87	-88	0	0	-83	-86	-87	0	-87	-86	-86	-52	0	0	0	0	0	0	0	0	0	0	0	0	0	0	0	0	0	0	0	0	0	-85	0	0	0	0	0	0	0	0	0	0	0	0	0	0	0	0	0	0	0	0	0	0	0	0	0	0	0	0	0	0	0	0	0	0	0	0	0	0	0	0	0	0	0	0	0	0	0	0	0	0	0	0	0	0	0	0	0	0	0	0	0	0	0	0	0	0	0	0	0	0	0	-3183	-3001	-792	8566	-7902	-244	-43	977	188	-1	-1	0	-42	961	186	1606974635
-54	-51	-53	-73	-66	0	-77	-77	-68	0	-67	-69	-77	-75	0	0	0	-87	-87	-87	0	0	-86	-86	0	0	-80	-86	-86	0	-86	-86	-86	-56	0	0	0	0	0	0	0	-91	0	0	0	0	0	0	0	0	0	0	0	0	0	-84	0	0	0	0	0	0	0	0	0	0	0	0	0	0	0	0	0	0	0	0	0	0	0	0	0	0	0	0	0	0	0	0	0	0	0	0	0	0	0	0	0	0	0	0	0	0	0	0	0	0	0	0	0	0	0	0	0	0	0	0	0	0	0	0	0	0	0	0	0	0	-89	-3183	-2978	-799	8565	-7903	-244	-43	976	188	-1	-1	0	-42	961	186	1606974637
-49	-51	0	-68	-61	0	0	-76	-69	-83	-69	-69	-78	0	0	-85	0	-85	-85	-85	0	-87	-87	-86	0	0	-86	-86	-87	0	-86	-86	-86	-56	0	0	0	0	0	0	0	0	0	0	0	0	0	0	0	0	0	0	0	0	0	-88	0	0	0	-95	0	0	0	0	0	0	0	0	0	0	0	0	0	0	0	0	0	0	0	0	0	0	0	0	0	0	0	0	0	0	0	0	0	0	0	0	0	0	0	0	0	0	0	0	0	0	0	0	0	0	0	0	0	0	0	0	0	0	0	0	0	0	0	0	0	0	0	-3182	-3016	-739	8567	-7901	-244	-43	976	188	-1	-1	0	-42	961	186	1606974638
-54	-54	-55	-68	-61	0	0	-74	-68	0	-68	-69	-78	-72	0	0	-86	-84	-85	-85	-85	-87	-84	-85	-87	-85	-86	-85	-86	0	-86	-86	-86	-54	0	0	0	0	0	0	0	0	0	0	0	0	0	0	0	-87	0	0	0	0	0	-84	0	0	0	-94	0	0	0	0	0	0	0	0	0	0	0	0	0	0	0	0	0	0	0	0	0	0	0	0	0	0	0	0	0	0	0	0	0	0	0	0	0	0	0	0	0	0	0	0	0	0	0	0	0	0	0	0	0	0	0	0	0	0	0	0	0	0	0	0	0	0	0	-3198	-3008	-806	8566	-7903	-245	-43	976	188	-1	-1	0	-42	961	186	1606974640
-56	-55	-54	0	-60	-62	0	0	-71	0	-71	-72	-78	0	0	0	-86	-83	-83	-83	0	-85	-83	-84	-86	-87	0	-86	-87	0	-87	-86	-87	-59	-66	0	0	0	0	0	0	0	0	0	0	0	0	0	0	0	0	0	0	0	0	0	0	0	0	-94	0	0	0	0	0	0	0	0	0	0	0	0	0	0	0	0	0	0	0	0	0	0	0	0	0	0	0	0	0	0	0	0	0	0	0	0	0	0	0	0	0	0	0	0	0	0	0	0	0	0	0	0	0	0	0	0	0	0	0	0	0	0	0	0	0	0	0	-3182	-3008	-814	8564	-7904	-244	-43	976	188	-1	-1	0	-42	961	186	1606974641
0	0	0	0	0	0	-74	-77	-70	-84	-70	-69	-80	-76	0	0	-85	-84	-84	-84	-86	-85	-84	-84	0	-87	-85	-86	-86	0	-86	-86	-87	-61	0	-92	-94	-91	0	-95	0	0	0	0	0	0	0	0	0	0	0	0	0	0	0	0	0	0	0	-93	0	0	0	0	0	0	0	0	0	0	0	0	0	0	0	0	0	0	0	0	0	0	0	0	0	0	0	0	0	0	0	0	0	0	0	0	0	0	0	0	0	0	0	0	0	0	0	0	0	0	0	0	0	0	0	0	0	0	0	0	0	0	0	0	0	0	0	-3183	-3001	-814	8565	-7903	-244	-43	976	188	-1	-1	0	-42	961	186	1606974643
-50	-55	-54	-66	-59	0	-73	-77	-68	-83	-70	-69	-76	-74	0	0	0	-87	-88	-87	0	-87	-88	-87	0	0	-86	-86	-87	0	-87	-86	-87	-55	0	0	0	0	0	0	0	0	0	0	0	0	0	0	0	0	0	0	0	0	0	-84	0	0	0	0	0	0	0	0	0	0	0	0	0	0	0	0	0	0	0	0	0	0	0	0	0	0	0	0	0	0	0	0	0	0	0	0	0	0	0	0	0	0	0	0	0	0	0	0	0	0	0	0	0	0	0	0	0	0	0	0	0	0	0	0	0	0	0	0	0	0	0	-3228	-2993	-814	8567	-7901	-244	-43	976	188	-1	-1	0	-42	961	186	1606974645
-54	-50	-55	-66	-59	-60	-73	0	-72	0	-73	-73	-80	-75	-88	0	0	-84	-84	-84	0	-87	-85	-84	0	0	-85	-85	-86	0	-86	-86	-85	-62	-66	0	-94	-93	0	-94	0	0	0	0	0	0	0	0	0	0	0	0	0	0	0	0	0	0	0	-93	0	0	0	0	0	0	0	0	0	0	0	0	0	0	0	0	0	0	0	0	0	0	0	0	0	0	0	0	0	0	0	0	0	0	0	0	0	0	0	0	0	0	0	0	0	0	0	0	0	0	0	0	0	0	0	0	0	0	0	0	0	0	0	0	0	0	0	-3257	-3076	-784	8559	-7910	-246	-43	976	187	-1	-1	-1	-42	962	185	1606974646
-55	-54	-54	0	-61	0	0	0	-72	-86	-72	-72	-80	-75	0	0	-85	-83	-85	-84	-86	-85	-84	-85	-85	-86	-84	-86	-85	0	-85	-86	-86	-61	0	0	-94	-92	0	-93	0	0	0	0	0	0	0	0	0	0	0	0	0	0	0	0	0	0	0	-94	0	0	0	0	0	0	0	0	0	-94	0	0	0	0	0	0	0	0	0	0	0	0	0	0	0	0	0	0	0	0	0	0	0	0	0	0	0	0	0	0	0	0	0	0	0	0	0	0	0	0	0	0	0	0	0	0	0	0	0	0	0	0	0	0	0	0	0	-3167	-3024	-784	8562	-7906	-246	-43	976	188	-1	-1	0	-42	961	185	1606974648
-49	-54	-54	-70	-59	0	-80	0	-68	0	-68	-67	-78	-79	-85	-84	0	-89	-87	-88	0	-84	-87	-88	0	0	-82	-87	-87	0	-86	-86	-86	-54	0	0	-96	-97	0	-95	0	0	0	-77	0	0	0	0	0	0	0	0	0	0	0	0	0	0	0	0	0	0	0	0	0	0	0	0	0	0	0	0	0	0	0	0	0	0	0	0	0	0	0	0	0	0	0	0	0	0	0	0	0	0	0	0	0	0	0	0	0	0	0	0	0	0	0	0	0	0	0	0	0	0	0	0	0	0	0	0	0	0	0	0	0	0	0	-3167	-3054	-769	8561	-7908	-246	-43	977	187	-1	0	-1	-42	962	185	1606974649
0	-50	-55	-68	0	0	0	-80	-69	-83	-68	-67	-77	-81	0	0	0	-89	-88	-88	0	-86	-88	-88	0	0	-83	-85	-86	0	-85	-85	-86	-53	0	0	0	0	0	0	0	0	0	0	0	0	0	0	0	0	0	0	0	0	0	-83	0	0	0	0	0	0	0	0	0	0	0	0	0	0	0	0	0	0	0	0	0	0	0	0	0	0	0	0	0	0	0	0	0	0	0	0	0	0	0	0	0	0	0	0	0	0	0	0	0	0	0	0	0	0	-91	0	0	0	0	0	0	0	0	0	0	0	0	0	0	0	0	-3182	-3009	-769	8560	-7908	-245	-43	976	188	0	0	0	-42	962	185	1606974651
-55	-54	-52	-65	-64	0	0	-79	-70	-84	-69	-71	-76	-79	0	0	-87	-87	-88	-88	-85	-85	-87	-87	-85	-85	-84	-86	-85	0	-86	-86	-85	-54	0	0	0	0	0	0	0	0	0	0	0	0	0	0	0	0	0	0	0	0	0	0	0	0	0	0	0	0	0	0	0	0	0	0	0	0	0	0	0	0	0	0	0	0	0	0	0	0	0	0	0	0	0	0	0	0	0	0	0	0	0	0	0	0	0	0	0	0	0	0	0	0	0	0	0	0	0	0	0	0	0	0	0	0	0	0	0	0	0	0	0	0	0	-3167	-3009	-799	8562	-7907	-246	-43	976	188	0	0	-1	-42	961	185	1606974653
-49	-55	0	-74	-59	-61	-72	-77	-70	-81	-68	-69	-79	-77	0	-85	-86	-84	-84	-85	-86	-86	-85	-85	-84	-85	-82	-86	-85	0	-85	-86	-87	-58	0	0	0	0	0	0	0	0	0	0	0	0	0	0	0	0	0	0	0	0	0	-84	0	0	0	-93	0	0	0	0	0	0	0	0	0	0	0	0	0	0	0	0	0	0	0	0	0	0	0	0	0	0	0	0	0	0	0	0	0	0	0	0	0	0	0	0	0	0	0	0	0	0	0	0	0	0	0	0	0	0	0	0	0	0	0	0	0	0	0	0	0	0	0	-3257	-3053	-799	8562	-7906	-246	-43	976	188	0	0	-1	-43	961	185	1606974654
-52	-54	-57	-70	-61	-59	-75	-76	-67	-82	-68	-67	-77	-75	0	0	-85	-84	-86	-86	-85	-86	-86	-84	-85	-84	-84	-87	-86	0	-85	-86	-87	-55	0	0	0	0	0	0	0	0	0	0	0	0	0	0	0	0	0	0	0	0	0	0	0	0	0	0	0	0	0	0	0	0	0	0	0	0	0	0	0	0	0	0	0	0	0	0	0	0	0	0	0	0	0	0	0	0	0	0	0	0	0	0	0	0	0	0	0	0	0	0	0	0	0	0	0	0	0	0	0	0	0	0	0	0	0	0	0	0	0	0	0	0	-88	-3212	-3061	-799	8559	-7910	-246	-43	977	187	0	-1	0	-43	962	185	1606974656
-57	-54	-57	-64	-61	0	-74	-75	-71	0	-70	-70	-76	-75	0	-84	0	-83	-82	-83	0	0	-84	-83	0	0	-83	-87	-87	0	-85	-87	-86	-57	0	0	0	0	0	0	0	0	0	0	0	0	0	0	0	0	0	0	0	0	0	-83	0	0	0	0	0	0	0	0	0	0	0	0	0	-90	0	0	0	0	0	0	0	0	0	0	0	0	0	0	0	0	0	0	0	0	0	0	0	0	0	0	0	0	0	0	0	0	0	0	0	0	0	0	0	0	0	0	0	0	0	0	0	0	0	0	0	0	0	0	0	0	0	-3167	-3024	-799	8561	-7908	-245	-43	976	187	-1	0	-1	-42	962	185	1606974658
-54	-56	-57	-71	-61	0	-77	-76	-67	0	-66	-68	-77	-75	0	-88	0	-85	-85	-85	0	0	-85	-84	0	0	-88	-87	-86	0	-86	-86	-86	-53	0	0	0	-96	0	0	0	0	0	0	0	0	0	0	0	0	0	0	0	0	0	-82	0	0	0	0	0	0	0	0	0	-92	0	0	0	0	0	0	0	0	0	0	0	0	0	0	0	0	0	0	0	0	0	0	0	0	0	0	0	0	0	0	0	0	0	0	0	0	0	0	0	0	0	0	0	0	0	0	0	0	0	0	0	0	0	0	0	0	0	0	0	0	0	-3175	-3016	-762	8562	-7907	-245	-43	976	188	0	0	0	-42	961	185	1606974659
-51	-55	0	-68	-61	0	-73	0	-68	0	-66	-67	-79	0	0	0	0	-85	-85	-84	0	-85	-85	-85	0	0	-83	-87	-87	0	-87	-88	-88	-54	0	0	0	0	0	0	0	0	0	0	0	0	0	0	0	0	0	0	0	0	0	0	0	0	0	0	0	0	0	0	0	-92	0	0	0	0	0	0	0	0	0	0	0	0	0	0	0	0	0	0	0	0	0	0	0	0	0	0	0	0	0	0	0	0	0	0	0	0	0	0	0	0	0	0	0	0	0	0	0	0	0	0	0	0	0	0	0	0	0	0	0	0	0	-3198	-3023	-814	8559	-7910	-245	-43	977	187	0	0	-1	-42	962	185	1606974661
-53	-54	-57	-67	-61	-63	0	-76	-69	0	-69	-68	-78	0	0	0	0	-83	-83	-83	0	0	-83	-83	0	0	-84	-86	-86	0	-86	-86	-86	-59	0	-92	-93	-93	0	-91	0	0	0	0	0	0	0	0	0	0	0	0	0	0	0	0	0	0	0	-95	0	0	0	0	0	0	0	0	0	0	0	0	0	0	0	0	0	0	0	0	0	0	0	0	0	0	0	0	0	0	0	0	0	0	0	0	0	0	0	0	0	0	0	0	0	0	0	0	0	0	0	0	0	0	0	0	0	0	0	0	0	0	0	0	0	0	0	-3182	-3054	-769	8561	-7908	-245	-43	977	188	0	-1	-1	-42	962	185	1606974663
-56	-54	0	-68	-63	-62	-74	-75	-68	0	-67	-68	-77	-74	0	0	-87	-87	-87	-86	0	0	-87	-87	0	-86	-84	-87	-86	0	-86	-86	-86	-64	0	0	0	0	0	0	0	0	0	0	0	0	0	0	0	0	0	0	0	0	0	0	0	0	0	0	0	0	0	0	0	0	0	0	0	0	0	0	0	0	0	0	0	0	0	0	0	0	0	0	0	0	0	0	0	0	0	0	0	0	0	0	0	0	0	0	0	0	0	0	0	0	0	0	0	0	0	0	0	0	0	0	0	0	0	0	0	0	0	0	0	0	0	-3160	-3024	-814	8561	-7908	-245	-43	977	188	0	0	-1	-42	962	185	1606974664
-51	-51	0	-71	-62	0	-77	-74	-69	0	-70	-69	-77	-76	0	0	-86	-82	-82	-83	-86	-87	-83	-83	0	-86	-84	-86	-86	0	-86	-86	-86	-58	-66	-91	-91	-93	0	-92	0	0	0	0	0	0	0	0	0	0	0	0	0	0	0	0	0	0	0	0	0	0	0	0	0	0	0	0	0	0	0	0	0	0	0	0	0	0	0	0	0	0	0	0	0	0	0	0	0	0	0	0	0	0	0	0	0	0	0	0	0	0	0	0	0	0	0	0	0	0	0	0	0	0	0	0	0	0	0	0	0	0	0	0	0	0	0	-3213	-2978	-814	8559	-7909	-245	-43	977	187	0	0	-1	-42	962	185	1606974666
0	0	0	0	0	-53	0	0	-66	0	-67	-66	-76	0	0	0	0	-88	-87	-87	0	0	-87	-87	0	0	-70	0	0	0	0	0	0	-63	0	0	0	0	0	0	0	0	0	0	0	0	0	0	0	0	0	0	0	0	0	0	0	0	0	-95	0	0	0	0	0	0	0	0	0	0	0	0	0	0	0	0	0	0	0	0	0	0	0	0	0	0	0	0	0	0	0	0	0	0	0	0	0	0	0	0	0	0	0	0	0	0	0	0	0	0	0	0	0	0	0	0	0	0	0	0	0	0	0	0	0	0	0	-3182	-3009	-799	8559	-7909	-245	-43	976	187	0	-1	0	-42	962	185	1606974667
-53	-55	-57	0	-61	-54	0	0	-67	-83	-67	-67	-77	0	-85	0	0	-88	-87	-87	0	-90	-87	-87	0	0	-83	-87	-87	0	-87	-86	-87	-63	0	0	0	0	0	0	0	0	0	0	0	0	0	0	0	0	0	0	0	0	0	-82	0	0	0	0	0	0	0	0	0	0	0	0	0	0	0	0	0	0	0	0	0	0	0	0	0	0	0	0	0	0	0	0	0	0	0	0	0	0	0	0	0	0	0	0	0	0	0	0	0	0	0	0	0	0	0	0	0	0	0	0	0	0	0	0	0	0	0	0	0	0	0	-3212	-2993	-769	8562	-7906	-245	-43	976	188	0	0	-1	-42	961	185	1606974669
-53	-56	-56	-70	-61	-55	0	0	-66	-82	-67	-66	-75	0	0	0	-86	-87	-86	-86	-85	-84	-87	-86	-84	-87	-82	-86	-87	0	-86	-86	-87	-63	0	0	0	0	0	0	0	0	0	0	0	0	0	0	0	0	0	0	0	0	0	-85	0	0	0	0	0	0	0	0	0	0	0	0	0	0	0	0	0	0	0	0	0	0	0	0	0	0	0	0	0	0	0	0	0	0	0	0	0	0	0	0	0	0	0	0	0	0	0	0	0	0	0	0	0	0	0	0	0	0	0	0	0	0	0	0	0	0	0	0	0	0	0	-3212	-2978	-769	8561	-7907	-245	-43	976	188	0	-1	-1	-42	961	185	1606974671
-54	-51	-57	-71	-61	-62	0	-74	-71	0	-70	-71	-76	-74	0	-82	0	-83	-83	-83	0	-86	-83	-83	0	0	-68	-86	-86	0	-87	-85	-86	-59	0	0	-94	-93	0	-96	0	0	0	0	0	0	0	0	0	0	0	0	0	0	0	-86	0	0	0	-93	0	0	0	0	0	0	0	0	0	0	0	0	0	0	0	0	0	0	0	0	0	0	0	0	0	0	0	0	0	0	0	0	0	0	0	0	0	0	0	0	0	0	0	0	0	0	0	0	0	0	0	0	0	0	0	0	0	0	0	0	0	0	0	0	0	0	0	-3182	-3009	-762	8562	-7907	-245	-43	976	188	0	0	-1	-42	961	185	1606974672
0	-51	0	-69	-61	-54	0	0	-67	0	-66	-66	-76	0	0	0	-84	-87	-88	-86	0	0	-87	-87	-85	-85	-82	-86	-85	0	-86	-86	-86	-54	0	0	0	0	0	0	0	0	0	0	0	0	0	0	0	0	0	0	0	0	0	0	0	0	0	-94	0	0	0	0	0	0	0	0	0	0	0	0	0	0	0	0	0	0	0	0	0	0	0	0	0	0	0	0	0	0	0	0	0	0	0	0	0	0	0	0	0	0	0	0	0	0	0	0	0	0	0	0	0	0	0	0	0	0	0	0	0	0	0	0	0	0	0	-3228	-3023	-784	8561	-7907	-246	-43	976	188	0	0	-1	-42	961	185	1606974674
-54	-54	-56	-68	-61	0	-77	-73	-70	0	-70	-69	-77	-73	0	0	0	-84	-83	-83	0	0	-83	-83	0	0	-83	-86	-86	0	-86	-87	-87	-58	0	0	-94	-93	0	-94	0	0	0	0	0	0	0	0	0	0	0	0	0	0	0	0	0	0	0	0	0	0	0	0	0	0	0	0	0	0	0	0	0	0	0	0	0	0	0	0	0	0	0	0	0	0	0	0	0	0	0	0	0	0	0	0	0	0	0	0	0	0	0	0	0	0	0	0	0	0	0	0	0	0	0	0	0	0	0	0	0	0	0	0	0	0	0	-3168	-2918	-814	8561	-7908	-246	-43	976	187	0	0	0	-43	962	185	1606974676
0	-51	0	0	0	-61	0	0	-70	0	-69	-68	-79	0	0	0	-88	-83	-86	-85	-87	-86	-84	-85	-90	-85	-82	-86	-86	0	-86	-87	-86	-58	0	0	-93	-92	0	-93	0	0	0	0	0	0	0	0	0	-90	0	0	0	0	0	-81	0	0	0	-93	0	0	0	0	0	0	0	0	0	0	0	0	0	0	0	0	0	0	0	0	0	0	0	0	0	0	0	0	0	0	0	0	0	0	0	0	0	0	0	0	0	0	0	0	0	0	0	0	0	0	0	0	0	0	0	0	0	0	0	0	0	0	0	0	0	0	0	-3212	-3023	-769	8560	-7909	-246	-43	977	188	0	0	0	-42	962	185	1606974677
-51	-51	-56	-69	-61	-61	-72	0	-70	-81	-69	-69	-79	0	0	0	-86	-84	-84	-85	-87	0	-84	-84	0	-84	-82	-87	-87	0	-86	-86	-87	-58	0	0	-93	-93	0	-94	0	0	0	0	0	0	0	0	0	0	0	0	0	0	0	0	0	0	0	-93	0	0	0	0	0	0	0	0	0	0	0	0	0	0	0	0	0	0	0	0	0	0	0	0	0	0	0	0	0	0	0	0	0	0	0	0	0	0	0	0	0	0	0	0	0	0	0	0	0	0	0	0	0	0	0	0	0	0	0	0	0	0	0	0	0	0	0	-3212	-3023	-769	8563	-7906	-247	-43	976	188	0	0	0	-43	961	186	1606974679
-49	-54	0	-69	0	-55	-76	-71	-67	0	-66	-67	-76	-74	0	0	0	-86	-86	-86	0	0	-86	-87	0	0	-82	-85	-85	0	-86	-86	-86	-55	0	0	0	0	0	0	0	0	0	0	0	0	0	0	0	0	0	0	0	0	0	-84	0	0	0	0	0	0	0	0	0	0	0	0	0	0	0	0	0	0	0	0	0	0	0	0	0	0	0	0	0	0	0	0	0	0	0	0	0	0	0	0	0	0	0	0	0	0	0	0	0	0	0	0	0	0	0	0	0	0	0	0	0	0	0	0	0	0	0	0	0	0	0	-3182	-3024	-799	8560	-7908	-246	-43	976	188	-1	0	-1	-42	962	185	1606974680
-53	0	-58	-69	-59	-55	0	0	-66	0	-67	-68	-76	0	0	0	-86	-86	-86	-86	-88	0	-85	-85	0	-86	-81	-87	-86	0	-87	-86	-86	-54	0	0	0	-95	0	0	0	0	0	0	0	0	0	0	0	0	0	0	0	0	0	0	0	0	0	0	0	0	0	0	0	0	0	0	0	-93	0	0	0	0	0	0	0	0	0	0	0	0	0	0	0	0	0	0	0	0	0	0	0	0	0	0	0	0	0	0	0	0	0	0	0	0	0	0	0	0	0	0	0	0	0	0	0	0	0	0	0	0	0	0	0	0	0	-3213	-2986	-784	8558	-7911	-246	-43	976	187	0	-1	-1	-42	962	185	1606974682
-51	-52	-57	-69	-61	-54	-71	-72	-67	0	-67	-66	-76	-75	0	0	0	-86	-87	-86	0	-87	-85	-86	0	0	-84	-87	-85	0	-86	-85	-85	-56	0	0	-96	0	0	0	0	0	0	0	0	0	0	0	0	0	0	0	0	0	0	0	0	0	0	0	0	0	0	0	0	-94	0	0	0	0	0	0	0	0	0	0	0	0	0	0	0	0	0	0	0	0	0	0	0	0	0	0	0	0	0	0	0	0	0	0	0	0	0	0	0	0	0	0	0	0	0	0	0	0	0	0	0	0	0	0	0	0	0	0	0	0	0	-3205	-3023	-784	8560	-7909	-246	-43	976	188	0	0	-1	-43	962	185	1606974683
-51	-53	-55	0	0	-54	0	0	-67	0	-67	-68	-75	0	0	-85	0	-86	-85	-87	0	0	-86	-86	0	0	-84	-87	-87	0	-86	-85	-87	-56	0	0	0	0	0	0	0	0	0	0	0	0	0	0	0	-89	0	0	0	0	0	0	0	0	0	0	0	0	0	0	0	0	0	0	0	0	0	0	0	0	0	0	0	0	0	0	0	0	0	0	0	0	0	0	0	0	0	0	0	0	0	0	0	0	0	0	0	0	0	0	0	0	0	0	0	0	0	0	0	0	0	0	0	0	0	0	0	0	0	0	0	0	0	-3107	-3054	-799	8558	-7911	-246	-43	976	187	0	0	0	-42	962	185	1606974685
-54	-55	-56	-70	-61	-54	-73	-72	-68	-84	-67	-67	-76	-77	0	0	-86	-86	-86	-87	0	0	-86	-87	0	-87	-82	-86	-88	0	-86	-85	-86	-54	-67	0	0	0	0	0	0	0	0	0	0	0	0	0	0	0	0	0	0	0	0	0	0	0	0	0	0	0	0	0	0	0	0	0	0	0	0	0	0	0	0	0	0	0	0	0	0	0	0	0	0	0	0	0	0	0	0	0	0	0	0	0	0	0	0	0	0	0	0	0	0	0	0	0	0	0	0	0	0	0	0	0	0	0	0	0	0	0	0	0	0	0	0	-3182	-3053	-829	8558	-7911	-246	-43	976	188	0	0	0	-42	962	185	1606974687
-50	-55	-54	-72	-61	-55	0	0	-68	0	-67	-69	-77	0	-84	-88	0	-86	-87	-86	0	0	-87	-86	0	0	-84	-86	-87	0	-86	-86	-86	-52	0	0	0	0	0	0	0	0	0	0	0	0	0	0	0	-90	0	0	0	0	0	-83	0	0	0	0	0	0	0	0	0	0	0	0	0	-91	0	0	0	0	0	0	0	0	0	0	0	0	0	0	0	0	0	0	0	0	0	0	0	0	0	0	0	0	0	0	0	0	0	0	0	0	0	0	0	0	0	0	0	0	0	0	0	0	0	0	0	0	0	0	0	0	0	-3212	-3016	-784	8559	-7909	-245	-43	976	188	0	0	-1	-42	962	185	1606974688
-55	0	-55	-73	0	-56	-71	-76	-66	-82	-66	-67	-80	-74	0	0	0	-86	-85	-86	0	0	-85	-86	0	0	-86	-87	-87	0	-87	-86	-87	-54	0	0	0	0	0	0	0	0	0	0	0	0	0	0	0	0	0	0	0	0	0	-83	0	0	0	0	0	0	0	0	0	0	0	0	0	-92	0	0	0	0	0	0	0	0	0	0	0	0	0	0	0	0	0	0	0	0	0	0	0	0	0	0	0	0	0	0	0	0	0	0	0	0	0	0	0	0	0	0	0	0	0	0	0	0	0	0	0	0	0	0	0	0	0	-3137	-3016	-769	8562	-7907	-246	-43	976	188	0	0	-1	-43	961	185	1606974690
-55	-56	-55	-70	-62	-54	-74	-74	-67	-83	-67	-68	-76	-74	-88	0	0	-87	-86	-86	0	-87	-86	-86	0	0	-88	-86	-86	0	-86	-86	-87	-54	0	0	0	0	0	-94	0	0	0	0	0	0	0	0	0	0	0	0	0	0	0	0	0	0	0	0	0	0	0	0	0	0	0	0	0	0	0	0	0	0	0	0	0	0	0	0	0	0	0	0	0	0	0	0	0	0	0	0	0	0	0	0	0	0	0	0	0	0	0	0	0	0	0	0	0	0	0	0	0	0	0	0	0	0	0	0	0	0	0	0	0	0	0	-3228	-3023	-799	8556	-7912	-246	-43	976	188	0	0	0	-42	962	184	1606974691
-51	-51	-54	-72	-58	-54	-72	0	-70	0	-69	-68	-76	-72	0	-87	-86	-85	-86	-85	-86	-87	-86	-85	-86	-85	-84	-86	-86	0	-85	-86	-86	-55	0	0	0	0	0	-95	0	0	0	0	0	0	0	0	0	0	0	0	0	0	0	0	0	0	0	0	0	0	0	0	0	0	0	0	0	0	0	0	0	0	0	0	0	0	0	0	0	0	0	0	0	0	0	0	0	0	0	0	0	0	0	0	0	0	0	0	0	0	0	0	0	0	0	0	0	0	0	0	0	0	0	0	0	0	0	0	0	0	0	0	0	0	0	-3213	-2963	-770	8561	-7908	-246	-43	977	188	0	0	0	-42	961	185	1606974693
-58	-51	-53	-69	-57	0	0	0	-75	0	-73	-74	-76	0	0	0	0	-82	-83	-83	0	0	-83	-83	0	0	0	-85	-86	0	-85	-86	-86	-61	0	0	-92	-94	0	-93	0	0	0	-79	0	0	0	-88	0	0	0	0	0	0	0	0	0	0	0	0	0	0	0	0	0	0	0	0	0	0	0	0	0	0	0	0	0	0	0	0	0	0	0	0	0	0	0	0	0	0	0	0	0	0	0	0	0	0	0	0	0	0	0	0	0	0	0	0	0	0	0	0	0	0	0	0	0	0	0	0	0	0	0	0	0	0	0	-3212	-3039	-754	8559	-7910	-246	-43	976	188	0	0	-1	-43	962	185	1606974695
-49	-51	-56	-67	-58	-62	-75	-74	-74	-82	-73	-74	-77	-76	0	0	0	-82	-83	-83	0	0	-83	-83	0	0	0	-86	-85	0	-86	-87	-87	-60	0	0	-92	0	0	-92	0	0	0	-81	0	0	0	0	0	0	0	0	0	0	0	0	0	0	0	-95	0	0	0	0	0	0	0	0	0	0	0	0	0	0	0	0	0	0	0	0	0	0	0	0	0	0	0	0	0	0	0	0	0	0	0	0	0	0	0	0	0	0	0	0	0	0	0	0	0	0	0	0	0	0	0	0	0	0	0	0	0	0	0	0	0	0	0	-3212	-3009	-754	8557	-7912	-246	-43	977	187	0	0	0	-42	962	184	1606974696
-52	-52	-53	-68	-60	-56	-71	-74	-69	0	-70	-69	-74	-74	0	0	-85	-85	-86	-86	0	0	-86	-85	0	0	-83	-86	-87	0	-86	-87	-88	-54	0	0	0	0	0	0	0	0	0	0	0	0	0	0	0	0	0	0	0	0	0	0	0	0	0	0	0	0	0	0	0	0	0	0	0	0	0	0	0	0	0	0	0	0	0	0	0	0	0	0	0	0	0	0	0	0	0	0	0	0	0	0	0	0	0	0	0	0	0	0	0	0	0	0	0	0	0	0	0	0	0	0	0	0	0	0	0	0	0	0	0	0	0	-3212	-3053	-784	8561	-7908	-246	-43	976	188	0	0	0	-42	962	185	1606974698
-53	-52	0	-66	-61	0	-74	-73	-78	0	-73	-75	-76	-78	0	0	0	-82	-83	-83	0	0	-82	-83	0	0	-82	-88	-87	0	-87	-87	-87	-61	-67	-95	0	0	0	-94	0	0	0	0	0	0	0	0	0	0	0	0	0	0	0	0	0	0	0	0	0	0	0	0	0	0	0	0	0	0	0	0	0	0	0	0	0	0	0	0	0	0	0	0	0	0	0	0	0	0	0	0	0	0	0	0	0	0	0	0	0	0	0	0	0	0	0	0	0	0	0	0	0	0	0	0	0	0	0	0	0	0	0	0	0	0	0	-3228	-2978	-770	8559	-7910	-246	-43	976	188	0	0	-1	-43	962	185	1606974699
-53	0	0	-67	0	-61	-74	0	-76	0	0	-76	-77	0	0	0	-85	-83	-83	-83	0	0	-84	-83	0	-85	-83	-86	-86	0	-86	-86	-85	-62	0	0	0	-94	0	0	0	0	0	0	0	0	0	0	0	0	0	0	0	0	0	0	0	0	0	-93	0	0	0	0	0	0	0	0	0	0	0	0	0	0	0	0	0	0	0	0	0	0	0	0	0	0	0	0	0	0	0	0	0	0	0	0	0	0	0	0	0	0	0	0	0	0	0	0	0	0	0	0	0	0	0	0	0	0	0	0	0	0	0	0	0	0	0	-3220	-3053	-814	8557	-7912	-246	-43	977	187	0	0	-1	-42	962	185	1606974701
-50	-52	-52	-67	0	0	0	-76	-76	0	-75	-74	-76	0	0	0	0	-83	-84	-84	0	-84	-84	-83	0	0	-86	-87	-86	0	-87	-86	-87	-62	0	0	-94	-93	0	-92	0	0	0	0	0	0	0	0	0	0	0	0	0	0	0	0	-89	0	0	-94	0	-87	0	0	0	0	0	0	0	0	0	0	0	0	0	0	0	0	0	0	0	0	0	0	0	0	0	0	0	0	0	0	0	0	0	0	0	0	0	0	0	0	0	0	0	0	0	0	0	0	0	0	0	0	0	0	0	0	0	0	0	0	0	0	0	0	0	-3167	-3009	-769	8558	-7911	-247	-43	976	188	0	0	-1	-43	962	185	1606974703
-56	-52	-55	-66	-59	0	0	0	-68	-82	-68	-67	-75	-74	0	0	-86	-87	-87	-87	0	0	-87	-86	0	-85	0	-87	-86	0	-87	-87	-87	-56	0	0	0	0	0	0	0	0	0	-78	0	0	0	0	0	0	0	0	0	0	0	0	0	0	0	0	0	0	0	0	0	0	0	0	0	-94	0	0	0	0	0	0	0	0	0	0	0	0	0	0	0	0	0	0	0	0	0	0	0	0	0	0	0	0	0	0	0	0	0	0	0	0	0	0	0	0	0	0	0	0	0	0	0	0	0	0	0	0	0	0	0	0	0	-3227	-3053	-784	8560	-7908	-247	-43	976	188	0	0	0	-43	962	185	1606974704
-47	-51	0	-68	-59	0	-73	-72	-68	0	-69	-67	-75	-75	0	-86	0	-85	-85	-86	0	-88	-86	-86	0	0	-84	-87	-86	0	-87	-86	-85	-55	0	0	0	0	0	0	0	0	0	0	0	0	0	0	0	0	0	0	0	0	0	-84	0	0	0	0	0	0	0	0	0	0	0	0	0	0	0	0	0	0	0	0	0	0	0	0	0	0	0	0	0	0	0	0	0	0	0	0	0	0	0	0	0	0	0	0	0	0	0	0	0	0	0	0	0	0	0	0	0	0	0	0	0	0	0	0	0	0	0	0	0	0	0	-3213	-2993	-784	8559	-7910	-247	-43	976	187	0	0	0	-43	962	185	1606974706
-51	0	-55	-68	-59	-61	0	-75	-73	-82	-73	-72	-75	-77	0	0	0	-84	-84	-83	0	0	-84	-83	0	0	0	-87	-86	0	-86	-86	-87	-62	0	0	0	0	0	0	0	0	0	0	0	0	0	0	0	0	0	0	0	0	-94	0	0	0	0	-93	0	0	-96	0	0	0	0	0	0	0	0	-96	0	0	0	0	0	0	0	0	0	0	0	0	0	0	0	0	0	0	0	0	0	0	0	0	0	0	0	0	0	0	0	0	0	0	0	0	0	0	0	0	0	0	0	0	0	0	0	0	0	0	0	0	0	0	0	-3212	-2986	-769	8557	-7912	-246	-43	976	188	0	0	0	-43	962	185	1606974707
0	-52	-53	-68	0	0	0	-73	-71	0	-70	-71	-75	0	0	0	-88	-84	-84	-82	0	0	-83	-83	-87	0	-83	-86	-87	0	-85	-87	-86	-59	-67	0	0	-93	0	-94	0	0	0	0	0	0	0	0	0	0	0	0	0	0	0	0	0	0	0	-93	0	0	0	0	0	0	0	0	0	0	0	0	0	0	0	0	0	0	0	0	0	0	0	0	0	0	0	0	0	0	0	0	0	0	0	0	0	0	0	0	0	0	0	0	0	0	0	0	0	0	0	0	0	0	0	0	0	0	0	0	0	0	0	0	0	0	0	-3168	-2993	-859	8559	-7910	-246	-43	976	188	0	0	0	-43	962	185	1606974709
-53	-50	0	-67	-60	0	0	0	-68	-87	-68	-67	-79	-78	0	0	0	-84	-85	-84	0	-85	-85	-85	0	0	-84	-87	-87	0	-86	-86	-87	-52	0	0	0	0	0	0	0	0	0	0	0	0	0	0	0	0	0	0	0	0	0	-84	0	0	0	0	0	0	0	0	0	0	0	0	0	0	0	0	0	0	0	0	0	0	0	0	0	0	0	0	0	0	0	0	0	0	0	0	0	0	0	0	0	0	0	0	0	0	0	0	0	0	0	0	0	0	0	0	0	0	0	0	0	0	0	0	0	0	0	0	0	0	0	-3182	-3068	-844	8563	-7906	-247	-43	976	188	0	0	-1	-43	961	186	1606974711
-51	-53	-56	-68	-61	0	-73	0	-69	0	-69	-69	-77	0	0	0	-86	-84	-85	-86	-86	-85	-85	-85	0	-85	0	-87	-87	0	-87	-86	-87	-55	-66	0	0	0	0	0	0	-93	0	0	0	0	0	0	0	0	0	0	0	0	0	0	0	0	0	-93	0	0	0	0	0	0	0	0	0	0	0	0	0	0	0	0	0	0	0	0	0	0	0	0	0	0	0	0	0	0	0	0	0	0	0	0	0	0	0	0	0	0	0	0	0	0	0	0	0	0	0	0	0	0	0	0	0	0	0	0	0	0	0	0	0	0	0	-3152	-3009	-784	8558	-7911	-245	-43	977	188	0	-1	-1	-42	962	185	1606974712
-48	0	-57	0	-63	0	0	0	-68	-86	-68	-69	-78	0	0	-88	0	-87	-87	-86	0	-86	-85	-86	0	0	-82	-87	-87	0	-86	-87	-87	-52	0	0	0	0	0	0	0	0	0	0	0	0	0	0	0	0	0	0	0	0	0	-86	0	0	0	0	0	0	0	0	0	0	0	0	0	-92	0	0	0	0	0	0	0	0	0	0	0	0	0	0	0	0	0	0	0	0	0	0	0	0	0	0	0	0	0	0	0	0	0	0	0	0	0	0	0	0	0	0	0	0	0	0	0	0	0	0	0	0	0	0	0	0	0	-3213	-2978	-844	8559	-7910	-249	-43	976	187	0	0	-1	-43	962	185	1606974714
-56	0	-56	-71	-60	0	-79	0	-69	0	-69	-69	-78	-74	0	-86	-87	-85	-85	-84	-86	-87	-85	-85	-87	-86	-83	-87	-87	0	-88	-87	-88	-55	0	0	0	0	0	0	0	-89	0	0	0	0	0	0	0	0	0	0	0	0	0	-83	0	0	0	0	0	0	0	0	0	0	0	0	0	0	0	0	0	0	0	0	0	0	0	0	0	0	0	0	0	0	0	0	0	0	0	0	0	0	0	0	0	0	0	0	0	0	0	0	0	0	0	0	0	0	0	0	0	0	0	0	0	0	0	0	0	0	0	0	0	0	0	-3227	-3084	-784	8559	-7910	-248	-43	977	188	0	0	-1	-43	962	185	1606974716
-51	-52	-56	-69	-59	0	-77	-74	-68	0	-69	-69	-77	-78	0	0	0	-86	-86	-86	0	0	-86	-86	0	0	-83	-86	-88	0	-86	-88	-86	-53	0	0	0	0	0	0	0	0	0	0	0	0	0	0	0	0	0	0	0	0	0	-83	0	0	0	0	0	0	0	0	0	0	0	0	0	0	0	0	0	0	0	0	0	0	0	0	0	0	0	0	0	0	0	0	0	0	0	0	0	0	0	0	0	0	0	0	0	0	0	0	0	0	0	0	0	0	0	0	0	0	0	0	0	0	0	0	0	0	0	0	0	0	0	-3183	-2986	-784	8557	-7912	-247	-43	976	187	0	0	-1	-43	962	185	1606974717
-54	-54	-56	-68	-63	-55	0	-79	-68	0	-69	-69	-77	0	0	0	0	-86	-87	-87	0	0	-87	-87	0	0	-83	-88	0	0	-87	-87	-87	-54	0	0	0	0	0	0	0	0	0	0	0	0	0	0	0	0	0	0	0	0	0	-83	0	0	0	0	0	0	0	0	0	0	0	0	0	0	0	0	0	0	0	0	0	0	0	0	0	0	0	0	0	0	0	0	0	0	0	0	0	0	0	0	0	0	0	0	0	0	0	0	0	0	0	0	0	0	0	0	0	0	0	0	0	0	0	0	0	0	0	0	0	0	0	-3182	-3016	-844	8560	-7909	-247	-43	976	188	0	0	-1	-43	962	185	1606974719
-54	0	-56	0	-59	0	0	-77	-72	-83	-69	-69	-75	-78	0	0	-86	-82	-83	-83	-87	-86	-83	-82	-88	-85	-82	-85	-88	0	-87	-86	-86	-62	0	0	-91	-93	0	-92	0	0	0	0	0	0	0	0	0	0	0	0	0	0	0	0	0	0	0	-95	0	0	0	0	0	0	0	0	0	0	0	0	0	0	0	0	0	0	0	0	0	0	0	0	0	0	0	0	0	0	0	0	0	0	0	0	0	0	0	0	0	0	0	0	0	0	0	0	0	0	0	0	0	0	0	0	0	0	0	0	0	0	0	0	0	0	0	-3167	-3009	-754	8558	-7911	-248	-43	976	187	0	0	-1	-43	962	185	1606974720
-53	-50	0	-75	-63	0	-72	-79	-69	0	0	-69	-75	-77	0	-83	0	-83	-83	-82	0	-83	-82	-83	0	0	-85	-86	-87	0	-87	-86	-87	-61	0	0	-93	-92	0	-94	0	0	0	0	0	0	0	0	0	0	0	0	0	0	0	0	0	0	0	-92	0	0	0	0	0	0	0	0	0	-94	0	0	0	0	0	0	0	0	0	0	0	0	0	0	0	0	0	0	0	0	0	0	0	0	0	0	0	0	0	0	0	0	0	0	0	0	0	0	0	0	-91	0	0	0	0	0	0	0	0	0	0	0	0	0	0	0	0	-3258	-3023	-829	8556	-7913	-248	-43	976	187	0	0	-1	-43	962	184	1606974722
-53	-53	-56	-70	-62	0	-77	-76	-71	-84	-70	-69	-77	-74	-85	0	0	0	-88	-89	-86	-88	-88	-87	0	-85	-83	-88	-89	0	-86	-87	-88	-54	0	0	0	0	0	0	0	0	0	0	0	0	0	0	0	0	0	0	0	0	0	-86	0	0	0	0	0	0	0	0	0	0	0	0	0	-92	0	0	0	0	0	0	0	0	0	0	0	0	0	0	0	0	0	0	0	0	0	0	0	0	0	0	0	0	0	0	0	0	0	0	0	0	0	0	0	0	0	0	0	0	0	0	0	0	0	0	0	0	0	0	0	0	0	-3228	-3023	-799	8560	-7909	-248	-43	977	188	0	0	-1	-43	962	185	1606974724
0	-51	-55	-69	-60	-55	0	-74	-73	0	-73	-72	-74	-75	0	0	0	-85	-86	-87	0	0	-87	-87	0	0	-85	-87	-86	0	-87	-87	-86	-55	0	0	0	0	0	0	0	0	-94	0	0	0	0	0	0	0	0	0	0	0	0	0	0	0	0	0	0	0	0	0	0	0	0	0	0	-91	0	0	0	0	0	0	0	0	0	0	0	0	0	0	0	0	0	0	0	0	0	0	0	0	0	0	0	0	0	0	0	0	0	0	0	0	0	0	0	0	0	0	0	0	0	0	0	0	0	0	0	0	0	0	0	0	0	-3212	-3016	-806	8560	-7909	-248	-43	976	188	0	0	-1	-43	962	185	1606974725
0	-51	-54	-68	0	0	-76	-76	-70	-81	-72	-72	-77	-75	0	0	-87	-83	-83	-82	0	0	-84	-83	0	-88	-86	-86	-86	0	-85	-87	-86	-60	-66	0	-94	-94	0	-94	0	0	0	0	0	0	0	0	0	0	0	0	0	0	0	0	0	0	0	0	0	0	0	0	0	0	0	0	0	0	0	0	0	0	0	0	0	0	0	0	0	0	0	0	0	0	0	0	0	0	0	0	0	0	0	0	0	0	0	0	0	0	0	0	0	0	0	0	0	0	0	0	0	0	0	0	0	0	0	0	0	0	0	0	0	0	0	-3152	-3031	-784	8554	-7915	-248	-43	976	187	0	0	-1	-43	962	184	1606974727
-56	-53	-54	-67	-59	0	-74	-74	-72	-84	-72	-71	-75	-75	0	-87	-87	-86	-87	-87	0	-88	-88	-87	0	-86	-85	-85	-87	0	-87	-86	-86	-53	0	0	0	0	0	0	0	0	0	0	0	0	0	0	0	0	0	0	0	0	0	0	0	0	0	0	0	0	0	0	0	0	0	0	0	-92	0	0	0	0	0	0	0	0	0	0	0	0	0	0	0	0	0	0	0	0	0	0	0	0	0	0	0	0	0	0	0	0	0	0	0	0	0	0	0	0	0	0	0	0	0	0	0	0	0	0	0	0	0	0	0	0	0	-3258	-3008	-784	8561	-7908	-249	-43	976	188	0	0	-1	-43	961	185	1606974728
-57	-52	-55	-68	-59	0	0	0	-72	0	-71	-72	-76	0	0	0	-88	-87	-87	-87	0	0	-86	-87	0	0	-85	-85	-85	0	-86	-86	-87	-54	-67	0	0	0	0	0	0	0	0	0	0	0	0	0	0	0	0	0	0	0	0	0	0	0	0	0	0	0	0	0	0	0	0	0	0	0	0	0	0	0	0	0	0	0	0	0	0	0	0	0	0	0	0	0	0	0	0	0	0	0	0	0	0	0	0	0	0	0	0	0	0	0	0	0	0	0	0	0	0	0	0	0	0	0	0	0	0	0	0	0	0	0	0	-3213	-3001	-844	8558	-7911	-248	-43	977	188	0	0	-1	-43	962	185	1606974730
0	-51	-55	-66	0	-62	0	0	-73	0	-73	-74	-76	-75	0	0	0	-83	-83	-83	0	-86	-83	-84	0	0	-82	-87	-86	0	-86	-86	-86	-61	0	0	-92	-93	0	-94	0	0	0	0	0	0	0	-89	0	0	0	0	0	0	-94	0	0	0	0	-93	0	0	-94	0	0	0	0	0	0	0	0	-95	0	0	0	0	0	0	0	0	0	0	0	0	0	0	0	0	0	0	0	0	0	0	0	0	0	0	0	0	0	0	0	0	0	0	0	0	0	0	0	0	0	0	0	0	0	0	0	0	0	0	0	0	0	0	0	-3213	-2993	-799	8555	-7914	-248	-43	977	187	0	0	-1	-43	962	184	1606974732
-56	-51	-52	-65	-60	-55	0	0	-67	0	-69	-68	-76	0	0	0	-87	-86	-86	-87	0	0	-86	-86	-86	-85	-84	-85	-87	0	-86	-86	-85	-55	-66	0	0	-95	0	0	0	0	0	0	0	0	0	0	0	0	0	0	0	0	0	0	0	0	0	0	0	0	0	0	0	0	0	0	0	-91	0	0	0	0	0	0	0	0	0	0	0	0	0	0	0	0	0	0	0	0	0	0	0	0	0	0	0	0	0	0	0	0	0	0	0	0	0	0	0	0	0	0	0	0	0	0	0	0	0	0	0	0	0	0	0	0	0	-3182	-3009	-799	8559	-7910	-248	-43	977	188	0	0	-1	-43	962	185	1606974733
-47	-50	0	-69	-60	0	-74	-77	-69	0	-69	-68	-76	-74	0	0	-86	-86	-86	-86	0	0	-86	-86	0	-86	-83	-87	-88	0	-87	-87	-87	-56	-68	0	0	0	0	0	0	0	0	-78	0	0	0	0	0	0	0	0	0	0	0	0	-89	0	0	0	0	-88	0	0	0	0	0	0	0	0	0	0	0	0	0	0	0	0	0	0	0	0	0	0	0	0	0	0	0	0	0	0	0	0	0	0	0	0	0	0	0	0	0	0	0	0	0	0	0	0	-93	0	0	0	0	0	0	0	0	0	0	0	0	0	0	0	0	-3167	-3008	-821	8559	-7910	-250	-43	977	188	0	0	-1	-43	962	185	1606974735
-56	-53	-54	-71	-58	0	-78	0	-69	-85	-70	-70	-75	0	0	0	0	-86	-86	-87	-88	-86	-85	-86	0	-86	-84	-86	-86	0	-86	-88	-88	-55	0	0	0	0	0	0	0	0	0	0	0	0	0	0	0	0	0	0	0	0	0	0	0	0	0	0	0	0	0	0	0	0	0	0	0	-91	0	0	0	0	0	0	0	0	0	0	0	0	0	0	0	0	0	0	0	0	0	0	0	0	0	0	0	0	0	0	0	0	0	0	0	0	0	0	0	0	0	0	0	0	0	0	0	0	0	0	0	0	0	0	0	0	0	-3182	-3023	-844	8555	-7914	-247	-43	976	188	-1	0	-1	-43	962	184	1606974736
-57	-53	0	-68	-61	0	-74	-73	-67	0	-68	-68	-75	-73	0	0	-85	-86	-87	-85	0	0	-86	-87	0	0	-83	-88	-87	0	-88	-87	-88	-52	0	0	0	0	0	0	0	0	0	0	0	0	0	0	0	-88	0	0	0	0	0	0	0	0	0	0	0	0	0	0	0	0	0	0	0	0	0	0	0	0	0	0	0	0	0	0	0	0	0	0	0	0	0	0	0	0	0	0	0	0	0	0	0	0	0	0	0	0	0	0	0	0	0	0	0	0	0	0	0	0	0	0	0	0	0	0	0	0	0	0	0	0	0	-3167	-2986	-799	8560	-7909	-247	-43	978	186	0	0	-1	-43	962	185	1606974738
-53	-50	0	-67	-59	-61	-73	-77	-73	-82	-74	-74	-76	-74	0	0	0	-84	-84	-83	0	0	-82	-83	0	0	-84	-88	-87	0	-88	-86	-88	-62	0	0	-94	-93	0	-94	0	0	0	0	0	0	0	0	0	0	0	0	0	0	0	0	0	0	0	-93	0	0	0	0	0	0	0	0	0	0	0	0	0	0	0	0	0	0	0	0	0	0	0	0	0	0	0	0	0	0	0	0	0	0	0	0	0	0	0	0	0	0	0	0	0	0	0	0	0	0	0	0	0	0	0	0	0	0	0	0	0	0	0	0	0	0	0	-3182	-3054	-799	8559	-7910	-246	-44	976	188	0	0	-1	-43	962	185	1606974740
-53	-51	0	-66	-61	0	-76	-76	-70	-84	-70	-72	-76	-75	0	0	-87	-82	-82	-83	-86	-86	-83	-83	-87	-86	-83	-87	-86	0	-86	-87	-87	-60	0	0	-92	-93	0	-92	0	0	0	-84	0	0	0	0	0	0	0	0	0	0	0	0	0	0	0	0	0	0	0	0	0	0	0	0	0	0	0	0	0	0	0	0	0	0	0	0	0	0	0	0	0	0	0	0	0	0	0	0	0	0	0	0	0	0	0	0	0	0	0	0	0	0	0	0	0	0	0	0	0	0	0	0	0	0	0	0	0	0	0	0	0	0	0	-3198	-2941	-784	8556	-7913	-245	-43	978	186	0	0	-1	-42	962	184	1606974741
0	-52	-54	-68	-60	0	-75	-72	-70	-82	-70	-70	-76	-76	0	0	-90	-87	-87	-87	-86	-88	-86	-86	-86	-87	-84	-87	-87	0	-87	-87	-88	-55	0	0	0	0	0	0	0	0	0	0	0	0	0	0	0	0	0	0	0	0	0	0	0	0	0	0	0	0	0	0	0	0	0	0	0	0	0	0	0	0	0	0	0	0	0	0	0	0	0	0	0	0	0	0	0	0	0	0	0	0	0	0	0	0	0	0	0	0	0	0	0	0	0	0	0	0	0	0	0	0	0	0	0	0	0	0	0	0	0	0	0	0	0	-3152	-2994	-799	8560	-7909	-245	-43	976	188	0	0	-1	-42	962	185	1606974743
-55	0	-54	-68	0	0	-76	-76	-70	0	-68	-68	-76	-72	0	0	-86	-84	-86	-86	0	0	-87	-86	0	0	-82	-86	-87	0	-87	-86	-86	-55	0	0	0	0	0	0	0	0	0	-85	0	0	0	0	0	0	0	0	0	0	0	0	0	0	0	0	0	0	0	0	0	0	0	0	0	0	0	0	0	0	0	0	0	0	0	0	0	0	0	0	0	0	0	0	0	0	0	0	0	0	0	0	0	0	0	0	0	0	0	0	0	0	0	0	0	0	0	0	0	0	0	0	0	0	0	0	0	0	0	0	0	0	0	-3227	-3068	-769	8561	-7908	-245	-42	976	188	0	0	-1	-42	962	185	1606974745
0	-51	0	-67	-59	0	0	-71	-69	-82	-68	-68	-74	0	0	0	0	-85	-87	-85	0	-87	-85	-86	0	-86	-85	-88	-86	0	-87	-88	-87	-55	0	0	0	0	0	0	0	0	0	0	0	0	0	0	0	0	0	0	0	0	0	0	0	0	0	0	0	0	0	0	0	0	0	0	0	0	0	0	0	0	0	0	0	0	0	0	0	0	0	0	0	0	0	0	0	0	0	0	0	0	0	0	0	0	0	0	0	0	0	0	0	0	0	0	0	0	0	0	0	0	0	0	0	0	0	0	0	0	0	0	0	0	0	-3152	-3009	-799	8562	-7907	-245	-43	977	187	0	0	-1	-42	961	185	1606974746
-52	-53	-53	-68	-59	0	-72	-71	-69	0	-68	-68	-74	-78	0	0	0	-86	-86	-86	0	-85	-86	-85	0	0	-84	-87	-87	0	-88	-87	-87	-56	0	0	0	0	0	0	0	0	0	0	0	0	0	0	0	0	0	0	0	0	0	-82	0	0	0	0	0	0	0	0	0	-93	0	0	0	0	0	0	0	0	0	0	0	0	0	0	0	0	0	0	0	0	0	0	0	0	0	0	0	0	0	0	0	0	0	0	0	0	0	0	0	0	0	0	0	0	0	0	0	0	0	0	0	0	0	0	0	0	0	0	0	0	0	-3167	-3009	-777	8559	-7909	-246	-43	976	187	0	0	-1	-42	962	185	1606974748
0	-53	-55	-64	0	0	-74	0	-73	-85	-73	-75	-77	-76	0	0	-85	-86	-87	-86	0	-89	-88	-86	0	-84	-83	-86	-87	0	-87	-87	-87	-56	0	0	0	0	0	0	0	0	0	0	0	0	0	0	0	0	0	0	0	0	0	-82	0	0	0	0	0	0	0	0	0	0	0	0	0	0	0	0	0	0	0	0	0	0	0	0	0	0	0	0	0	0	0	0	0	0	0	0	0	0	0	0	0	0	0	0	0	0	0	0	0	0	0	0	0	0	0	0	0	0	0	0	0	0	0	0	0	0	0	0	0	0	0	-3183	-2994	-799	8563	-7905	-246	-43	977	188	0	0	-1	-42	961	186	1606974749
-55	-56	-60	-72	0	-63	-75	-78	-68	-85	-70	-68	-77	-78	0	0	-87	-82	-83	-82	-87	0	-82	-83	-87	-85	-83	-86	-87	0	-85	-87	-87	-65	0	0	-93	-92	0	-94	0	0	0	0	0	0	0	0	0	-87	0	0	0	0	0	0	0	0	0	-92	0	0	0	0	0	0	0	0	0	0	0	0	0	0	0	0	0	0	0	0	0	0	0	0	0	0	0	0	0	0	0	0	0	0	0	0	0	0	0	0	0	0	0	0	0	0	0	0	0	0	0	0	0	0	0	0	0	0	0	0	0	0	0	0	0	0	0	-3213	-2993	-784	8559	-7909	-246	-43	976	191	0	0	-1	-43	962	185	1606974751
-50	-51	-55	0	-59	-62	0	-74	-71	-81	-70	-71	-75	-74	0	0	-84	-83	-83	-83	-85	-82	-83	-84	-83	-84	-85	-85	-85	0	-86	-84	-85	-59	0	0	0	0	0	-93	0	0	0	0	0	0	0	0	0	0	0	0	0	0	0	-88	0	0	0	0	0	0	0	0	0	-90	0	0	0	0	0	0	0	0	0	0	0	0	0	0	0	0	0	0	0	0	0	0	0	0	0	0	0	0	0	0	0	0	0	0	0	0	0	0	0	0	0	0	0	0	-92	0	0	0	0	0	0	0	0	0	0	0	0	0	0	0	0	-3258	-2978	-784	8559	-7910	-245	-43	977	187	0	0	0	-42	962	185	1606974752
-53	-52	-55	-67	-60	-56	-73	-73	-68	-84	-68	-68	-76	-76	0	0	-87	-85	-87	-87	0	-87	-86	-87	-87	-85	-84	-86	-85	0	-86	-86	-86	-55	0	0	0	0	0	0	0	0	0	0	0	0	0	0	0	0	0	0	0	0	0	0	0	0	0	0	0	0	0	0	0	0	0	0	0	0	0	0	0	0	0	0	0	0	0	0	0	0	0	0	0	0	0	0	0	0	0	0	0	0	0	0	0	0	0	0	0	0	0	0	0	0	0	0	0	0	0	0	0	0	0	0	0	0	0	0	0	0	0	0	0	0	0	-3167	-3009	-799	8560	-7908	-246	-43	977	189	0	0	-1	-42	962	185	1606974754
-52	-54	-55	-70	-60	-62	-73	-74	-71	-83	-70	-71	-76	-72	-84	0	0	-82	-84	-84	0	0	-83	-83	0	0	-81	-89	-89	0	-88	-89	-89	-61	0	0	-94	-93	0	-94	0	0	0	0	0	0	0	0	0	0	0	0	0	0	0	0	0	0	0	-94	0	0	0	0	0	0	0	0	0	0	0	0	0	0	0	0	0	0	0	0	0	0	0	0	0	0	0	0	0	0	0	0	0	0	0	0	0	0	0	0	0	0	0	0	0	0	0	0	0	0	0	0	0	0	0	0	0	0	0	0	0	0	0	0	0	0	0	-3212	-3031	-769	8561	-7908	-247	-44	976	187	0	0	-1	-43	961	185	1606974755
-55	-50	0	-69	-59	-55	0	-77	-68	0	-67	-68	-75	0	0	0	0	-87	-86	-86	0	0	-87	-87	0	0	-82	-89	-89	0	-88	-89	-89	-55	0	0	0	0	0	0	0	0	0	0	0	0	0	0	0	-87	0	0	0	0	0	0	0	0	0	0	0	0	0	0	0	0	0	0	0	-93	0	0	0	0	0	0	0	0	0	0	0	0	0	0	0	0	0	0	0	0	0	0	0	0	0	0	0	0	0	0	0	0	0	0	0	0	0	0	0	0	0	0	0	0	0	0	0	0	0	0	0	0	0	0	0	0	0	-3212	-3023	-784	8559	-7910	-247	-43	977	188	0	0	0	-43	962	185	1606974757
-51	-53	0	-68	0	-55	-76	-72	-67	-85	-68	-66	-76	-76	0	0	-86	-88	-88	-86	0	0	-87	-86	0	-86	-84	-88	-90	0	-88	-87	-88	-55	0	0	0	0	0	0	0	0	0	0	0	0	0	0	0	0	0	0	0	0	0	0	0	0	0	0	0	0	0	0	0	0	0	0	0	0	0	0	0	0	0	0	0	0	0	0	0	0	0	0	0	0	0	0	0	0	0	0	0	0	0	0	0	0	0	0	0	0	0	0	0	0	0	0	0	0	0	0	0	0	0	0	0	0	0	0	0	0	0	0	0	0	0	-3182	-3054	-769	8561	-7908	-247	-44	977	189	0	0	0	-43	962	185	1606974758
-52	-51	0	-70	-59	-54	-73	-72	-67	-82	-68	-67	-75	0	0	0	0	-86	-87	-87	0	0	-87	-87	0	0	-81	-87	-87	0	-87	-87	-86	-55	0	0	0	0	0	0	0	0	0	0	0	0	0	0	0	0	0	0	0	0	0	0	0	0	0	0	0	0	0	0	0	0	0	0	0	0	0	0	0	0	0	0	0	0	0	0	0	0	0	0	0	0	0	0	0	0	0	0	0	0	0	0	0	0	0	0	0	0	0	0	0	0	0	0	0	0	0	0	0	0	0	0	0	0	0	0	0	0	0	0	0	0	0	-3228	-2993	-799	8561	-7908	-247	-43	977	187	0	0	-1	-43	961	185	1606974760
-52	-50	0	-69	-59	-54	-73	-77	-68	-84	-68	-67	-78	-73	0	0	0	-86	-86	-86	0	0	-86	-86	0	0	-84	-86	-87	0	-87	-86	-86	-56	0	0	0	0	0	0	0	0	0	0	0	0	0	0	0	0	0	0	0	0	0	-84	0	0	0	-93	0	0	0	0	0	0	0	0	0	0	0	0	0	0	0	0	0	0	0	0	0	0	0	0	0	0	0	0	0	0	0	0	0	0	0	0	0	0	0	0	0	0	0	0	0	0	0	0	0	0	0	0	0	0	0	0	0	0	0	0	0	0	0	0	0	0	0	-3197	-3053	-799	8556	-7913	-245	-43	978	186	0	0	-1	-42	962	184	1606974762
0	-50	0	-69	0	0	0	-72	-73	0	-69	-70	-75	-72	0	0	0	-83	-82	-82	0	0	-83	-83	0	0	-83	-87	-86	0	-87	-86	-86	-61	0	0	-93	0	0	-94	0	0	0	0	0	0	0	0	0	0	0	0	0	0	0	0	0	0	0	0	0	0	0	0	0	0	0	0	0	0	0	0	0	0	0	0	0	0	0	0	0	0	0	0	0	0	0	0	0	0	0	0	0	0	0	0	0	0	0	0	0	0	0	0	0	0	0	0	0	0	0	0	0	0	0	0	0	0	0	0	0	0	0	0	0	0	0	-3122	-2994	-792	8562	-7907	-245	-43	977	189	0	0	-1	-42	961	185	1606974763
-52	0	-57	-69	-59	-62	0	-74	-71	0	-71	-70	-76	-77	0	0	0	-83	-83	-83	0	0	-83	-83	0	0	-83	-87	-86	0	-87	-86	-86	-61	0	0	-93	-93	0	-94	0	0	0	0	0	0	0	-89	0	-84	0	0	0	0	0	0	0	0	0	0	0	0	0	0	0	0	0	0	0	0	0	0	0	0	0	0	0	0	0	0	0	0	0	0	0	0	0	0	0	0	0	0	0	0	0	0	0	0	0	0	0	0	0	0	0	0	0	0	0	0	0	0	0	0	0	0	0	0	0	0	0	0	0	0	0	0	0	-3167	-3069	-769	8558	-7910	-246	-43	977	187	0	0	-1	-42	962	185	1606974765
-48	-52	-56	-70	-59	-54	0	0	-69	0	-68	-68	-75	0	0	-85	0	-86	-86	-86	0	0	-86	-86	0	0	-81	-87	-86	0	-87	-87	-86	-55	0	0	0	0	-95	0	0	0	0	0	0	0	0	0	0	0	0	0	0	0	0	0	0	0	0	0	0	0	0	0	0	0	0	0	0	0	0	0	0	0	0	0	0	0	0	0	0	0	0	0	0	0	0	0	0	0	0	0	0	0	0	0	0	0	0	0	0	0	0	0	0	0	0	0	0	0	0	0	0	0	0	0	0	0	0	0	0	0	0	0	0	0	0	-3183	-2994	-799	8558	-7911	-246	-43	976	188	0	0	0	-43	962	185	1606974767
-48	-52	-60	0	-59	-55	0	0	-68	-84	-69	-67	-76	0	0	0	-86	-85	-86	-87	0	0	-86	-86	0	-92	-81	-85	-87	0	-87	-86	-86	-55	0	0	0	0	0	0	0	0	0	0	0	0	0	0	0	0	0	0	0	0	0	0	0	0	0	0	0	0	0	0	0	0	0	0	0	0	0	0	0	0	0	0	0	0	0	0	0	0	0	0	0	0	0	0	0	0	0	0	0	0	0	0	0	0	0	0	0	0	0	0	0	0	0	0	0	0	0	0	0	0	0	0	0	0	0	0	0	0	0	0	0	0	0	-3228	-2993	-792	8558	-7911	-246	-43	977	187	0	0	-1	-43	962	185	1606974768
0	-51	-56	-70	-59	0	-74	-76	-69	0	-68	-68	-76	-76	0	0	0	-85	-86	-86	0	-86	-86	-86	0	0	-83	-86	-88	0	-86	-87	-87	-55	0	0	0	0	0	0	0	0	0	0	0	0	0	0	0	0	0	0	0	0	0	0	0	0	0	0	0	0	0	0	0	0	0	0	0	0	0	0	0	0	0	0	0	0	0	0	0	0	0	0	0	0	0	0	0	0	0	0	0	0	0	0	0	0	0	0	0	0	0	0	0	0	0	0	0	0	0	0	0	0	0	0	0	0	0	0	0	0	0	0	0	0	0	-3182	-2978	-769	8557	-7912	-247	-44	976	187	0	0	-1	-43	962	185	1606974770
-57	-52	-55	-66	-59	-62	-76	0	-71	0	-72	-71	-76	0	0	0	0	-83	-83	-82	0	0	-83	-83	0	-87	0	-88	-86	0	-86	-87	-86	-60	-67	0	-94	-93	0	-96	0	0	0	0	0	0	0	0	0	0	0	0	0	0	0	0	0	0	0	-95	0	0	0	0	0	0	0	0	0	0	0	0	0	0	0	0	0	0	0	0	0	0	0	0	0	0	0	0	0	0	0	0	0	0	0	0	0	0	0	0	0	0	0	0	0	0	0	0	0	0	0	0	0	0	0	0	0	0	0	0	0	0	0	0	0	0	0	-3168	-2963	-799	8556	-7913	-246	-43	977	187	0	0	0	-43	962	184	1606974771
-56	-52	-52	-66	0	-55	0	0	-68	-85	-70	-68	-76	0	0	0	-87	-86	-86	-86	0	0	-86	-86	0	-89	0	-86	-87	0	-86	-87	-87	-55	0	0	0	0	0	0	0	0	0	0	0	0	0	0	0	0	0	0	0	0	0	-81	0	0	0	0	0	0	0	0	0	0	0	0	0	0	0	0	0	0	0	0	0	0	0	0	0	0	0	0	0	0	0	0	0	0	0	0	0	0	0	0	0	0	0	0	0	0	0	0	0	0	0	0	0	0	0	0	0	0	0	0	0	0	0	0	0	0	0	0	0	0	0	-3212	-3053	-844	8561	-7908	-245	-43	977	186	0	-1	-1	-42	962	185	1606974773
-53	-52	-52	-67	-59	-56	0	-72	-69	-83	-68	-69	-75	-76	0	0	0	-86	-86	-86	0	0	-86	-87	0	0	-82	-86	-86	0	-86	-87	-87	-54	0	0	0	0	0	0	0	0	0	0	0	0	0	0	0	0	0	0	0	0	0	-83	0	0	0	0	0	0	0	0	0	0	0	0	0	0	0	0	0	0	0	0	0	0	0	0	0	0	0	0	0	0	0	0	0	0	0	0	0	0	0	0	0	0	0	0	0	0	0	0	0	0	0	0	0	0	0	0	0	0	0	0	0	0	0	0	0	0	0	0	0	0	0	-3198	-3016	-814	8561	-7908	-246	-43	977	188	0	0	-1	-43	961	185	1606974775
-49	-52	-51	-68	-60	0	-75	-72	-70	0	-72	-72	-77	-71	0	0	-85	-82	-83	-83	0	0	-83	-83	0	-92	-73	-86	0	0	0	0	-85	-61	0	0	-94	-94	0	-93	-93	0	0	0	0	0	0	0	0	0	0	0	0	0	0	-81	0	0	0	-95	0	0	0	0	0	0	0	0	0	0	0	0	0	0	0	0	0	0	0	0	0	0	0	0	0	0	0	0	0	0	0	0	0	0	0	0	0	0	0	0	0	0	0	0	0	0	0	0	0	0	0	0	0	0	0	0	0	0	0	0	0	0	0	0	0	0	0	-3212	-3054	-754	8560	-7908	-246	-43	977	188	0	0	-1	-42	962	185	1606974776
-58	-53	-50	-69	-59	0	-72	-76	-68	-84	-69	-68	-75	0	0	0	0	-86	-87	-86	0	0	-86	-85	0	0	-83	-86	-87	0	-85	-85	-86	-55	0	0	0	0	0	0	0	0	0	0	0	0	0	0	0	-88	0	0	0	0	0	0	0	0	0	0	0	0	0	0	0	0	0	0	0	0	0	0	0	0	0	0	0	0	0	0	0	0	0	0	0	0	0	0	0	0	0	0	0	0	0	0	0	0	0	0	0	0	0	0	0	0	0	0	0	0	0	0	0	0	0	0	0	0	0	0	0	0	0	0	0	0	0	-3152	-3054	-784	8560	-7909	-245	-43	977	188	-1	0	-1	-42	962	185	1606974778
-57	-54	-54	-69	-59	0	0	0	-66	0	-69	-68	-75	-75	0	0	0	-86	-85	-87	0	0	-86	-86	0	0	-83	-85	-87	0	-86	-85	-86	-54	0	0	0	0	0	0	0	0	0	0	0	0	0	0	0	0	0	0	0	0	0	-83	0	0	0	0	0	0	0	0	0	0	0	0	0	0	0	0	0	0	0	0	0	0	0	0	0	0	0	0	0	0	0	0	0	0	0	0	0	0	0	0	0	0	0	0	0	0	0	0	0	0	0	0	0	0	0	0	0	0	0	0	0	0	0	0	0	0	0	0	0	0	0	-3227	-3053	-814	8559	-7909	-246	-43	976	187	0	-1	-1	-42	962	185	1606974779
-58	0	-56	-68	-61	0	0	0	-68	0	-67	-67	-75	-71	0	-87	0	-86	-86	-86	0	0	-87	-87	0	0	-82	-86	-87	0	-86	-86	-86	-55	0	0	0	0	0	0	0	-90	0	0	0	0	0	0	0	0	0	0	0	0	0	-81	0	0	0	0	0	0	0	0	0	0	0	0	0	0	0	0	0	0	0	0	0	0	0	0	0	0	0	0	0	0	0	0	0	0	0	0	0	0	0	0	0	0	0	0	0	0	0	0	0	0	0	0	0	0	0	0	0	0	0	0	0	0	0	0	0	0	0	0	0	0	0	-3212	-3024	-732	8559	-7909	-245	-43	976	188	0	-1	-1	-42	961	185	1606974781
-57	-54	-52	-74	-60	0	-71	-74	-67	-84	-68	-69	-76	-71	0	0	0	-88	-88	-88	0	0	-87	-86	0	0	-82	-85	-86	0	-85	-85	-86	-54	0	0	0	0	0	0	0	0	0	0	0	0	0	0	0	0	0	0	0	0	0	0	0	0	0	0	0	0	0	0	0	0	0	0	0	0	0	0	0	0	0	0	0	0	0	0	0	0	0	0	0	0	0	0	0	0	0	0	0	0	0	0	0	0	0	0	0	0	0	0	0	0	0	0	0	0	0	0	0	0	0	0	0	0	0	0	0	0	0	0	0	0	0	-3175	-3001	-799	8560	-7909	-245	-43	977	188	0	0	-1	-42	962	185	1606974783
-51	-55	0	-70	-57	-62	-72	-67	-70	0	-70	-71	-75	-75	0	0	0	-82	-82	-82	0	0	-82	-84	0	0	-82	-86	-86	0	-86	-86	-86	-63	0	0	-92	-94	0	-92	0	0	0	0	0	0	0	0	0	0	0	0	-90	0	0	0	0	0	0	-93	0	0	0	0	0	0	0	0	0	0	0	0	0	0	0	0	0	0	0	0	0	0	0	0	0	0	0	0	0	0	0	0	-88	0	0	0	0	0	0	0	0	0	0	0	0	0	0	0	0	0	0	0	0	0	0	0	0	0	0	0	0	0	0	0	0	0	0	-3167	-2978	-799	8563	-7905	-245	-43	977	187	-1	0	-1	-42	961	186	1606974784
-55	-52	-57	0	-59	-55	0	0	-67	0	-69	-67	-77	0	0	0	0	-87	-87	-87	0	-86	-87	-86	0	0	-82	-86	-87	0	-85	-86	-86	-55	0	0	0	0	0	0	0	0	0	0	0	0	0	0	0	0	0	0	0	-88	0	0	0	0	0	0	0	0	0	0	0	-89	0	0	0	0	0	0	0	0	0	0	0	0	0	0	0	0	0	0	0	0	0	0	0	0	0	0	0	0	0	0	0	0	0	0	0	0	0	0	0	0	0	0	0	0	0	0	0	0	0	0	0	0	0	0	0	0	0	0	0	0	0	-3182	-3023	-844	8556	-7913	-245	-44	976	188	0	0	-1	-42	962	184	1606974786
-56	0	-53	-72	0	-60	-71	-75	-71	-83	0	-70	-76	-75	0	0	0	-83	-83	-83	0	0	-82	-83	0	0	-82	-87	-86	0	-86	-86	-86	-61	0	0	-93	-94	0	-94	0	0	0	0	0	0	0	0	0	0	0	0	0	0	0	-81	0	0	0	0	0	0	0	0	0	0	0	0	0	0	0	0	0	0	0	0	0	0	0	0	0	0	0	0	0	0	0	0	0	0	0	0	0	0	0	0	0	0	0	0	0	0	0	0	0	0	0	0	0	0	0	0	0	0	0	0	0	0	0	0	0	0	0	0	0	0	0	-3212	-2993	-777	8563	-7905	-245	-43	976	186	0	0	-1	-42	961	186	1606974787
-51	-53	0	-71	-61	0	-70	-75	-71	-83	-70	-71	-76	-71	0	-85	-85	-82	-83	-84	-85	0	-82	-83	-87	-87	-82	-87	-87	0	-86	-87	-87	-63	0	0	0	-94	0	-93	0	0	0	0	0	0	0	0	0	0	0	0	0	0	0	-82	0	0	0	0	0	0	0	0	0	0	0	0	0	0	0	0	0	0	0	0	0	0	0	0	0	0	0	0	0	0	0	0	0	0	0	0	0	0	0	0	0	0	0	0	0	0	0	0	0	0	0	0	0	0	0	0	0	0	0	0	0	0	0	0	0	0	0	0	0	0	0	-3182	-2994	-769	8560	-7909	-245	-43	977	188	0	0	-1	-42	962	185	1606974789
-51	-53	0	-70	-61	-62	0	0	-70	0	-70	-71	-74	0	0	0	-85	-83	-82	-83	-86	-86	-83	-83	-84	-88	-83	-86	-87	0	-86	-87	-87	-62	-67	0	-92	0	0	-94	0	0	0	0	0	0	0	0	0	0	0	0	0	0	0	0	0	0	0	0	0	0	0	0	0	0	0	0	0	0	0	0	0	0	0	0	0	0	0	0	0	0	0	0	0	0	0	0	0	0	0	0	0	0	0	0	0	0	0	0	0	0	0	0	0	0	0	0	0	0	0	0	0	0	0	0	0	0	0	0	0	0	0	0	0	0	0	-3212	-3023	-784	8559	-7910	-245	-42	977	185	0	0	0	-42	962	185	1606974791
0	-53	0	-70	0	0	0	0	-70	-83	-72	-71	-75	-77	0	0	-85	-82	-83	-82	0	-84	-83	-82	-85	-89	-82	-86	-87	0	-86	-85	-86	-60	-66	0	-93	-92	0	-94	0	0	0	0	0	0	0	0	0	0	0	0	0	0	0	0	0	0	0	-89	-93	0	0	0	0	0	0	0	0	0	0	0	0	0	0	0	0	0	0	0	0	0	0	0	0	0	0	0	0	0	0	0	0	0	0	0	0	0	0	0	0	0	0	0	0	0	0	0	0	0	0	0	0	0	0	0	0	0	0	0	0	0	0	0	0	0	0	-3160	-2986	-769	8559	-7910	-246	-43	977	188	0	0	-1	-42	962	185	1606974792
-56	-56	-55	-69	-59	-61	-72	-75	-71	0	-70	-70	-74	0	0	0	0	-82	-82	-83	0	-86	-82	-83	0	0	-82	-87	-86	0	-86	-87	-86	-60	0	0	-95	-93	0	-92	0	0	0	0	0	0	0	0	0	0	0	0	0	0	0	0	0	0	0	-95	0	0	0	0	0	0	0	0	0	0	0	0	0	0	0	0	0	0	0	0	0	0	0	0	0	0	0	0	0	0	0	0	0	0	0	0	0	0	0	0	0	0	0	0	0	0	0	0	0	0	0	0	0	0	0	0	0	0	0	0	0	0	0	0	0	0	0	-3250	-2978	-799	8560	-7908	-245	-43	976	187	0	0	0	-42	962	185	1606974794
-53	-53	-54	-71	-59	0	-75	-71	-71	0	-70	-71	-74	-72	0	0	0	-82	-83	-83	0	0	-83	-83	0	0	-83	-86	-87	0	-87	-86	-86	-61	-67	-91	-95	-92	0	-93	-93	0	-89	0	0	0	0	0	0	0	0	0	0	0	0	0	0	0	0	-93	-94	0	0	0	0	0	0	0	0	0	0	0	0	0	0	0	0	0	0	0	0	0	0	0	0	0	0	0	0	0	0	0	0	0	0	0	0	0	0	0	0	0	0	0	0	0	0	0	0	0	0	0	0	0	0	0	0	0	0	0	0	0	0	0	0	0	0	-3235	-2993	-784	8561	-7908	-245	-43	977	189	0	0	0	-42	962	185	1606974795
-55	-53	-55	0	-60	-61	0	0	-71	-84	-71	-72	-75	0	0	-85	-85	-83	-83	-83	-84	-88	-83	-83	-85	-87	-83	-85	-85	0	-86	-85	-85	-60	0	0	-94	-92	0	-91	0	0	0	0	0	0	0	0	0	0	0	0	0	0	0	0	0	0	0	-93	0	0	0	0	0	0	0	0	0	0	0	0	0	0	0	0	0	0	0	0	0	0	0	0	0	0	0	0	0	0	0	0	0	0	0	0	0	0	0	0	0	0	0	0	0	0	0	0	0	0	0	0	0	0	0	0	0	0	0	0	0	0	0	0	0	0	0	-3220	-2986	-859	8558	-7911	-245	-43	977	188	0	0	-1	-42	962	185	1606974797
-51	-53	-57	-70	-59	-55	0	-74	-68	0	-67	-68	-75	-72	0	-85	0	-88	-86	-86	0	-86	-86	-86	0	0	-81	-85	-85	0	-85	-86	-86	-54	0	0	0	0	0	0	0	0	0	0	0	0	0	0	0	0	0	0	0	0	0	-86	0	0	0	0	0	0	0	0	0	0	0	0	0	0	0	0	0	0	0	0	0	0	0	0	0	0	0	0	0	0	0	0	0	0	0	0	0	0	0	0	0	0	0	0	0	0	0	0	0	0	0	0	0	0	0	0	0	0	0	0	0	0	0	0	0	0	0	0	0	0	0	-3318	-3001	-770	8560	-7908	-245	-42	977	187	0	0	-1	-42	962	185	1606974799
-52	-53	0	-72	-59	0	-74	-74	-73	-82	-71	-73	-74	-72	0	0	0	-83	-83	-83	-87	0	-83	-82	-83	0	-83	-86	-86	0	-85	-86	-86	-61	0	0	-92	-92	0	-93	0	0	0	0	0	0	0	0	0	0	0	0	0	0	0	0	0	0	0	-96	0	0	0	0	0	0	0	0	0	0	0	0	0	0	0	0	0	0	0	0	0	0	0	0	0	0	0	0	0	0	0	0	0	0	0	0	0	0	0	0	0	0	0	0	0	0	0	0	0	0	0	0	0	0	0	0	0	0	0	0	0	0	0	0	0	0	0	-3152	-2986	-769	8559	-7910	-245	-43	977	188	0	0	-1	-42	962	185	1606974800
-56	-54	-57	-71	-59	0	-72	-66	-68	-84	-68	-69	-75	-75	0	0	0	-86	-87	-86	0	0	-86	-87	0	0	-83	-85	-85	0	-85	-86	-86	-54	0	0	0	0	0	-96	0	0	0	0	0	0	0	0	0	0	0	0	0	0	0	0	0	0	0	0	0	0	0	0	0	0	0	0	0	0	0	0	0	0	0	0	0	0	0	0	0	0	0	0	0	0	0	0	0	0	0	0	0	0	0	0	0	0	0	0	0	0	0	0	0	0	0	0	0	0	0	0	0	0	0	0	0	0	0	0	0	0	0	0	0	0	0	-3167	-2994	-799	8556	-7912	-245	-42	978	189	0	0	0	-42	962	184	1606974802
-52	-56	0	-70	-59	0	-72	-74	-69	-83	-68	-67	-76	-75	0	0	-85	-86	-86	-87	-85	0	-87	-87	-86	-85	-85	-86	-86	0	-86	-86	-86	-54	0	0	0	0	0	0	0	0	0	0	0	0	0	0	0	0	0	0	0	0	0	0	0	0	0	0	0	0	0	0	0	0	0	0	0	0	0	0	0	0	0	0	0	0	0	0	0	0	0	0	0	0	0	0	0	0	0	0	0	0	0	0	0	0	0	0	0	0	0	0	0	0	0	0	0	0	0	0	0	0	0	0	0	0	0	0	0	0	0	0	0	0	0	-3167	-2994	-784	8560	-7909	-246	-43	976	188	0	0	0	-42	962	185	1606974804
0	0	-58	-68	-59	-55	-75	-71	-68	0	-70	-69	-76	-74	0	0	0	-88	-86	-86	0	0	-87	-86	0	0	-83	-86	-86	0	-85	-85	-86	-55	0	0	0	0	0	0	0	0	0	0	0	0	0	0	0	0	0	0	0	0	0	0	0	0	0	-95	0	0	0	0	0	0	0	0	0	0	0	0	0	0	0	0	0	0	0	0	0	0	0	0	0	0	0	0	0	0	0	0	0	0	0	0	0	0	0	0	0	0	0	0	0	0	0	0	0	0	0	0	0	0	0	0	0	0	0	0	0	0	0	0	0	0	0	-3182	-3031	-799	8558	-7911	-246	-43	977	187	0	0	-1	-43	962	185	1606974805
-51	-53	-58	-69	-60	-55	0	-75	-68	-85	-68	-68	-77	-76	0	0	0	-86	-87	-86	0	0	-87	-86	0	0	-85	0	-86	0	-86	-86	-86	-55	0	0	0	0	0	0	0	0	0	0	0	0	0	0	0	-89	0	0	0	0	0	0	0	0	0	0	0	0	0	0	0	0	0	0	0	0	0	0	0	0	0	0	0	0	0	0	0	0	0	0	0	0	0	0	0	0	0	0	0	0	0	0	0	0	0	0	0	0	0	0	0	0	0	0	0	0	0	0	0	0	0	0	0	0	0	0	0	0	0	0	0	0	0	-3182	-3023	-814	8553	-7916	-246	-43	976	189	0	0	-1	-42	962	184	1606974807
-57	-56	-63	-69	-59	-54	-71	-74	-69	0	-69	-69	-76	-75	0	0	0	-86	-87	-88	0	0	-86	-86	0	0	-83	-85	-86	0	-85	-86	-85	-55	0	0	0	0	0	0	0	0	0	0	0	0	0	0	0	-88	0	0	0	0	0	0	0	0	0	0	0	0	0	0	0	0	0	0	0	0	0	0	0	0	0	0	0	0	0	0	0	0	0	0	0	0	0	0	0	0	0	0	0	0	0	0	0	0	0	0	0	0	0	0	0	0	0	0	0	0	0	0	0	0	0	0	0	0	0	0	0	0	0	0	0	0	0	-3167	-3016	-784	8559	-7909	-245	-43	976	188	0	0	-1	-42	962	185	1606974808
-56	-56	0	-67	-58	-54	-72	-73	-68	-85	-69	-69	-76	-75	0	-88	-87	-87	-87	-87	0	-87	-87	-86	-85	-87	-84	-85	-85	0	-85	-85	-86	-55	0	0	0	0	0	0	0	0	0	0	0	0	0	0	0	0	0	0	0	0	0	-82	0	0	0	0	0	0	0	0	0	0	0	0	0	0	0	0	0	0	0	0	0	0	0	0	0	0	0	0	0	0	0	0	0	0	0	0	0	0	0	0	0	0	0	0	0	0	0	0	0	0	0	0	0	0	0	0	0	0	0	0	0	0	0	0	0	0	0	0	0	0	0	-3182	-3009	-799	8558	-7911	-246	-43	976	188	0	0	-1	-42	962	185	1606974810
-55	-53	-55	-71	-60	-55	0	-74	-68	0	-68	-70	-77	-72	0	0	-85	-85	-86	-86	0	-87	-86	-86	-85	-85	-85	-87	-85	0	-86	-86	-87	-54	-67	0	0	0	0	0	0	0	0	0	0	0	0	0	0	0	0	0	0	0	0	0	0	0	0	0	0	0	0	0	0	0	0	0	0	0	0	0	0	0	0	0	0	0	0	0	0	0	0	0	0	0	0	0	0	0	0	0	0	0	0	0	0	0	0	0	0	0	0	0	0	0	0	0	0	0	0	0	0	0	0	0	0	0	0	0	0	0	0	0	0	0	0	-3212	-3084	-784	8557	-7912	-246	-43	976	187	0	0	-1	-42	962	185	1606974811
-52	-56	-52	-69	-59	-54	-72	-73	-75	0	-75	-75	-77	-73	0	-86	0	-86	-88	-87	0	0	-86	-87	0	0	-85	-85	-86	0	-85	-86	-85	-56	0	0	0	0	0	0	0	0	0	0	0	0	0	0	0	0	0	0	0	0	0	-85	0	0	0	0	0	0	0	0	0	-92	0	0	0	0	0	0	0	0	0	0	0	0	0	0	0	0	0	0	0	0	0	0	0	0	0	0	0	0	0	0	0	0	0	0	0	0	0	0	0	0	0	0	0	0	0	0	0	0	0	0	0	0	0	0	0	0	0	0	0	0	0	-3198	-3008	-799	8558	-7911	-245	-44	976	187	0	0	0	-42	962	185	1606974813
-55	0	-51	-68	-58	0	-77	-77	-74	0	-73	-70	-78	-77	0	0	0	-83	-84	-84	0	0	-83	-84	0	0	-85	-87	-86	0	-86	-86	-87	-61	0	0	-92	-92	0	-92	0	0	0	0	0	0	0	0	0	0	0	0	0	0	0	0	0	0	0	-96	0	0	0	0	0	-91	0	0	0	0	0	0	0	0	0	0	0	0	0	0	0	0	0	0	0	0	0	0	0	0	0	0	0	0	0	0	0	0	0	0	0	0	0	0	0	0	0	0	0	0	0	0	0	0	0	0	0	0	0	0	0	0	0	0	0	0	0	-3228	-3008	-784	8560	-7908	-246	-43	978	186	0	0	0	-42	962	185	1606974814
-53	-57	-51	-67	-60	0	-72	-73	-70	-88	-71	-71	-74	-72	0	-86	-85	-86	-87	-88	-86	-85	-86	-87	-87	-85	-84	-85	-87	0	-87	-87	-86	-56	0	0	0	0	0	0	0	0	0	0	0	0	0	0	0	-89	0	0	0	0	0	-82	0	0	0	-91	0	0	0	0	0	0	0	0	0	-92	0	0	0	0	0	0	0	0	0	0	0	0	0	0	0	0	0	0	0	0	0	0	0	0	0	0	0	0	0	0	0	0	0	0	0	0	0	0	0	0	-93	0	0	0	0	0	0	0	0	0	0	0	0	0	0	0	0	-3228	-3008	-784	8557	-7912	-246	-44	977	186	0	0	-1	-43	962	185	1606974816
-56	-54	0	-66	-55	0	0	0	-71	-83	-71	-72	-76	0	0	0	0	-86	-87	-86	0	0	-87	-85	0	0	-76	-86	-86	0	-85	-85	-85	-54	0	0	0	0	0	0	0	0	0	0	0	0	0	0	0	0	0	0	0	0	0	-79	0	0	0	0	0	0	0	0	0	0	0	0	0	0	0	0	0	0	0	0	0	0	0	0	0	0	0	0	0	0	0	0	0	0	0	0	0	0	0	0	0	0	0	0	0	0	0	0	0	0	0	0	0	0	0	0	0	0	0	0	0	0	0	0	0	0	0	0	0	0	-85	-3220	-3008	-799	8559	-7910	-246	-43	977	187	0	0	-1	-42	962	185	1606974818
-55	-53	-50	0	-59	0	0	0	-70	0	-68	-71	-75	0	0	0	0	-86	-85	-85	0	-87	-85	-86	0	0	-82	-85	-85	0	-86	-86	-86	-56	0	0	0	0	0	0	0	0	0	0	0	0	0	-87	0	0	0	0	0	0	0	-80	0	0	0	0	0	0	0	0	0	0	0	0	0	0	0	0	0	0	0	0	0	0	0	0	0	0	0	0	0	0	0	0	0	0	0	0	0	0	0	0	0	0	0	0	0	0	0	0	0	0	0	0	0	0	0	0	0	0	0	0	0	0	0	0	0	0	0	0	0	0	0	-3212	-3008	-844	8560	-7909	-246	-42	977	188	0	0	-1	-43	962	185	1606974819
-56	-57	0	-71	-59	-63	-73	-76	-72	0	-72	-71	-75	-77	0	0	0	-84	-84	-85	0	0	-84	-85	0	0	-82	-86	-87	0	-87	-85	-87	-61	0	-92	-91	-93	0	-92	0	0	0	0	0	0	0	0	0	0	0	0	0	0	0	0	0	0	0	0	0	0	0	0	0	0	0	0	0	0	0	0	0	0	0	0	0	0	0	0	0	0	0	0	0	0	0	0	0	0	0	0	0	0	0	0	0	0	0	0	0	0	0	0	0	0	0	0	0	0	0	0	0	0	0	0	0	0	0	0	0	0	0	0	0	0	0	-3228	-3008	-784	8554	-7915	-245	-43	976	186	0	0	-1	-42	962	184	1606974821
0	-53	0	-69	0	0	0	0	-72	0	-72	-72	-75	0	0	0	0	-84	-84	-84	0	-85	-84	-84	0	0	-82	-87	-88	0	-87	-86	-87	-59	0	0	-92	-92	0	-91	0	0	0	0	0	0	0	0	0	0	0	0	0	0	-93	-82	0	0	0	0	0	0	0	0	0	0	0	0	0	0	0	-96	0	0	0	0	0	0	0	0	0	0	0	0	0	0	0	0	0	0	0	0	0	0	0	0	0	0	0	0	0	0	0	0	0	0	0	0	0	0	0	0	0	0	0	0	0	0	0	0	0	0	0	0	0	0	0	-3227	-3076	-784	8560	-7909	-246	-43	977	189	0	0	-1	-43	962	185	1606974822
-56	-54	-53	-65	-59	0	-71	0	-68	-82	-69	-69	-74	-71	0	0	0	-86	-86	-86	0	0	-87	-87	0	0	-78	-86	-87	0	-87	-86	-87	-56	0	0	0	0	0	0	0	0	0	0	0	0	0	0	0	0	0	0	0	0	0	0	0	0	0	0	0	0	0	0	0	0	0	0	0	0	0	0	0	0	0	0	0	0	0	0	0	0	0	0	0	0	0	0	0	0	0	0	0	0	0	0	0	0	0	0	0	0	0	0	0	0	0	0	0	0	0	0	0	0	0	0	0	0	0	0	0	0	0	0	0	0	0	-3167	-2986	-784	8560	-7909	-245	-43	977	186	0	0	-1	-42	962	185	1606974824
-53	-52	-54	-67	-58	0	-77	-72	-73	-84	-72	-71	-77	-71	0	0	0	-84	-85	-84	0	0	-85	-85	0	0	-83	-87	-85	0	-87	-85	-86	-60	0	0	-93	-93	0	-93	0	0	0	0	0	0	0	0	0	0	0	0	0	0	0	0	0	0	0	-94	0	0	0	0	0	0	0	0	0	0	0	0	0	0	0	0	0	0	0	0	0	0	0	0	0	0	0	0	0	0	0	0	0	0	0	0	0	0	0	0	0	0	0	0	0	0	0	0	0	0	0	0	0	0	0	0	0	0	0	0	0	0	0	0	0	0	0	-3213	-2978	-799	8562	-7907	-244	-43	977	187	0	0	-1	-42	961	185	1606974826
-57	-52	-54	-69	-59	0	0	0	-68	0	-67	-67	-75	0	0	-86	0	-88	-87	-88	0	-85	-88	-88	0	0	-82	-86	-87	0	-86	-86	-86	-56	0	0	0	0	0	0	0	0	0	0	0	0	0	0	0	-87	0	0	0	0	0	-82	0	0	0	0	0	0	0	0	0	0	0	0	0	0	0	0	0	0	0	0	0	0	0	0	0	0	0	0	0	0	0	0	0	0	0	0	0	0	0	0	0	0	0	0	0	0	0	0	0	0	0	0	0	0	0	0	0	0	0	0	0	0	0	0	0	0	0	0	0	0	0	-3183	-2994	-784	8559	-7910	-244	-43	976	188	0	0	-1	-42	962	185	1606974827
-55	-56	-55	-65	-58	-60	0	-80	-70	0	-71	-72	-75	-79	0	0	0	-83	-83	-83	0	0	-83	-85	0	0	-87	-86	-86	0	-86	-86	-85	-62	0	0	-95	-92	0	-94	0	0	0	0	0	0	0	-88	0	0	0	0	0	0	0	0	0	0	0	-94	0	0	0	0	0	0	0	0	0	0	0	0	0	0	0	0	0	0	0	0	0	0	0	0	0	0	0	0	0	0	0	0	0	0	0	0	0	0	0	0	0	0	0	0	0	0	0	0	0	0	0	0	0	0	0	0	0	0	0	0	0	0	0	0	0	0	0	-3183	-2963	-799	8561	-7908	-245	-43	976	187	0	0	-1	-42	962	185	1606974829
0	0	-54	0	0	0	0	0	-70	0	-70	-70	-76	0	0	-86	-85	-87	-87	-87	-86	-86	-87	-87	-85	-84	-84	-86	-86	0	-86	-86	-86	-55	0	0	0	0	0	0	0	0	0	0	0	0	0	0	0	0	0	0	0	0	0	0	0	0	0	0	0	0	0	0	0	0	0	0	0	0	0	0	0	0	0	0	0	-95	0	0	0	0	0	0	0	0	0	0	0	0	0	0	0	0	0	0	0	0	0	0	0	0	0	0	0	0	0	0	0	0	0	0	0	0	0	0	0	0	0	0	0	0	0	0	0	0	0	-3212	-3053	-769	8558	-7911	-244	-43	976	188	0	-1	-1	-42	962	185	1606974830
-53	-56	-53	-72	-61	0	-72	-76	-70	0	-69	-70	-77	-74	0	-85	0	-88	-87	-86	0	-85	-86	-86	0	0	-85	-86	-87	0	-86	-86	-87	-53	0	0	0	0	0	0	0	0	0	0	0	0	0	0	0	0	0	0	0	0	0	0	0	0	0	0	0	0	0	0	0	0	0	0	0	0	0	0	0	0	0	0	0	0	0	0	0	0	0	0	0	0	0	0	0	0	0	0	0	0	0	0	0	0	0	0	0	0	0	0	0	0	0	0	0	0	0	0	0	0	0	0	0	0	0	0	0	0	0	0	0	0	0	-3152	-2979	-762	8558	-7910	-244	-43	977	186	0	0	-1	-42	962	185	1606974832
-52	-58	0	-70	-59	-62	-78	-74	-72	-86	-71	-70	-77	-77	0	0	-86	-83	-84	-84	-85	-86	-84	-84	-85	-86	-86	-85	-85	0	-86	-86	-86	-62	0	0	0	-91	0	-92	0	0	0	0	0	0	0	0	0	0	0	0	0	0	0	-83	0	0	0	-94	0	0	0	0	0	0	0	0	0	0	0	-94	0	0	0	0	0	0	0	0	0	0	0	0	0	0	0	0	0	0	0	0	0	0	0	0	0	0	0	0	0	0	0	0	0	0	0	0	0	0	0	0	0	0	0	0	0	0	0	0	0	0	0	0	0	0	0	-3152	-2979	-784	8560	-7909	-245	-42	976	188	0	0	-1	-42	962	185	1606974834
-56	-55	-55	0	-59	0	0	0	-74	0	-71	-71	-73	0	0	0	-84	-84	-84	-84	-87	-84	-85	-84	-85	-86	-82	-86	-86	0	-86	-86	-86	-61	0	0	-94	-92	0	-93	0	0	-91	0	0	0	0	0	0	0	0	0	0	0	0	0	0	0	0	-95	0	0	0	0	0	0	0	0	0	0	0	0	0	0	0	0	0	0	0	0	0	0	0	0	0	0	0	0	0	0	0	0	0	0	0	0	0	0	0	0	0	0	0	0	0	0	0	0	0	0	0	0	0	0	0	0	0	0	0	0	0	0	0	0	0	0	0	-3167	-2986	-799	8561	-7907	-244	-42	977	188	-1	0	0	-42	962	185	1606974835
-50	-58	-52	-65	-54	-61	0	-79	-71	0	-71	-72	-75	0	0	-86	0	-82	-82	-83	0	-86	-83	-83	0	0	-83	-86	-86	0	-87	-86	-86	-60	0	-92	0	-93	0	-92	0	0	0	0	0	0	0	0	0	0	0	0	0	0	0	0	0	0	0	0	0	0	0	0	0	0	0	0	0	0	0	0	0	0	0	0	0	0	0	0	0	0	0	0	0	0	0	0	0	0	0	0	0	0	0	0	0	0	0	0	0	0	0	0	0	0	0	0	0	0	0	0	0	0	0	0	0	0	0	0	0	0	0	0	0	0	0	-3182	-3009	-799	8558	-7911	-245	-43	977	189	-1	0	0	-42	962	185	1606974837
-51	-54	0	0	-58	0	0	0	-71	0	-72	-74	-75	0	0	0	0	-84	-84	-84	0	-85	-84	-83	0	0	-83	-86	-86	0	-86	-86	-86	-57	0	0	-94	0	0	-95	0	0	0	0	0	0	0	0	0	0	0	0	0	0	0	0	0	0	0	-94	0	0	0	0	0	0	0	0	0	0	0	-95	0	0	0	0	0	0	0	0	0	0	0	0	0	0	0	0	0	0	0	0	0	0	0	0	0	0	0	0	0	0	0	0	0	0	0	0	0	0	0	0	0	0	0	0	0	0	0	0	0	0	0	0	0	0	0	-3182	-3009	-792	8560	-7909	-245	-43	977	186	0	-1	0	-42	962	185	1606974838
-55	-53	-55	0	-60	0	-72	-72	-69	-83	-70	-69	-75	-72	0	0	-84	-85	-86	-87	0	-83	-86	-86	-84	-85	-85	-87	-88	0	-88	-88	-87	-53	0	0	0	0	0	0	0	0	0	0	0	0	0	-89	0	0	0	0	0	0	0	0	0	0	0	-94	0	0	0	0	0	0	0	0	0	0	0	0	0	0	0	0	0	0	0	0	0	0	0	0	0	0	0	0	0	0	0	0	0	0	0	0	0	0	0	0	0	0	0	0	0	0	0	0	0	0	0	0	0	0	0	0	0	0	0	0	0	0	0	0	0	0	0	-3213	-2993	-799	8562	-7907	-245	-43	976	188	0	0	0	-42	961	185	1606974840
-56	-55	0	-70	-62	-63	-72	-77	-70	0	-70	-69	-73	-73	0	-84	-85	-83	-83	-84	0	-86	-83	-83	-85	-85	-82	-85	-86	0	-86	-86	-86	-59	-67	0	-94	-93	0	-93	-93	0	0	-80	0	0	0	0	0	0	0	0	0	0	0	0	0	0	0	-93	0	0	0	0	0	0	0	0	0	0	0	0	0	0	0	0	0	0	0	0	0	0	0	0	0	0	0	0	0	0	0	0	0	0	0	0	0	0	0	0	0	0	0	0	0	0	0	0	0	0	0	0	0	0	0	0	0	0	0	0	0	0	0	0	0	0	0	-3182	-3024	-799	8556	-7913	-244	-42	976	186	0	0	0	-42	962	184	1606974842
-55	-56	-57	-68	-60	-55	-73	-74	-69	-81	-69	-69	-76	-74	0	-85	0	-86	-86	-86	0	-84	-87	-86	0	0	-83	-86	-85	0	-85	-87	-85	-55	0	0	0	0	0	0	0	0	0	0	0	0	0	0	0	0	0	0	0	0	0	0	0	0	0	0	0	0	0	0	0	0	0	0	0	0	0	0	0	0	0	0	0	0	0	0	0	0	0	0	0	0	0	0	0	0	0	0	0	0	0	0	0	0	0	0	0	0	0	0	0	0	0	0	0	0	0	0	0	0	0	0	0	0	0	0	0	0	0	0	0	0	0	-3213	-2993	-784	8560	-7909	-245	-42	977	190	0	0	-1	-42	962	185	1606974843
-53	-54	-57	0	-59	0	0	0	-70	0	-70	-69	-74	0	0	-85	-85	-84	-83	-84	-87	-84	-83	-83	-87	-85	-83	-86	-86	0	-85	-86	-85	-57	-68	0	-93	-92	0	0	0	0	0	0	0	0	0	0	0	0	0	0	0	0	0	0	0	0	0	-93	0	0	0	0	0	0	0	0	0	0	0	0	0	0	0	0	0	0	0	0	0	0	0	0	0	0	0	0	0	0	0	0	0	0	0	0	0	0	0	0	0	0	0	0	0	0	0	0	0	0	0	0	0	0	0	0	0	0	0	0	0	0	0	0	0	0	0	-3183	-2994	-784	8557	-7912	-245	-43	977	188	0	0	-1	-42	962	185	1606974845
-51	-54	0	-63	-58	-62	-77	-77	-70	-85	-70	-70	-75	-72	0	0	-85	-83	-84	-84	-84	-84	-84	-84	-86	-86	-85	-85	-87	0	-87	-86	-87	-60	0	0	-92	-93	0	-92	0	0	0	0	0	0	0	0	0	0	0	0	0	0	0	-84	0	0	0	-94	0	0	0	0	0	0	0	0	0	0	0	0	0	0	0	0	0	0	0	0	0	0	0	0	0	0	0	0	0	0	0	0	0	0	0	0	0	0	0	0	0	0	0	0	0	0	0	0	0	0	0	0	0	0	0	0	0	0	0	0	0	0	0	0	0	0	0	-3183	-2978	-859	8555	-7914	-244	-44	978	185	0	0	0	-42	962	184	1606974846
-52	-53	-55	-67	-59	-55	0	0	-68	-83	-69	-68	-75	0	0	0	0	-85	-87	-87	0	0	-86	-86	0	0	-85	-87	-87	0	-85	-86	-86	-55	0	0	0	0	-95	0	0	0	0	0	0	0	0	0	0	0	0	0	0	0	0	0	0	0	0	0	0	0	0	0	0	0	0	0	0	-92	0	0	0	0	0	0	0	0	0	0	0	0	0	0	0	0	0	0	0	0	0	0	0	-89	0	0	0	0	0	0	0	0	0	0	0	0	0	0	0	0	0	0	0	0	0	0	0	0	0	0	0	0	0	0	0	0	0	-3175	-3016	-799	8558	-7911	-244	-43	977	186	0	0	0	-42	962	185	1606974848
-51	0	-54	-67	0	-61	0	-74	-68	-84	0	-67	-76	0	0	0	0	-84	-84	-83	-87	-84	-83	-82	0	-85	-87	-85	-86	0	-86	-86	-87	-61	0	0	-92	-93	0	-94	0	0	0	0	0	0	0	0	0	0	0	0	0	0	0	-86	0	0	-78	-94	0	0	0	0	0	0	0	0	0	0	0	0	0	0	0	0	0	0	0	0	0	0	0	0	0	0	0	0	0	0	0	0	0	0	0	0	0	0	0	0	0	0	0	0	0	0	0	0	0	0	0	0	0	0	0	0	0	0	0	0	0	0	0	0	0	0	0	-3220	-3008	-807	8561	-7908	-245	-43	977	188	0	0	-1	-42	962	185	1606974850
-57	-56	-55	-66	-59	-56	-72	-74	-68	-82	-69	-68	-74	-74	0	-87	0	-85	-86	-86	0	0	-86	-86	0	0	-84	-87	-86	0	-86	-86	-86	-53	0	0	0	0	-93	0	0	0	0	0	0	0	0	0	0	0	0	0	0	0	0	-85	0	0	0	0	0	0	0	0	0	-91	0	0	0	0	0	0	0	0	0	0	0	0	0	0	0	0	0	0	0	0	0	0	0	0	0	0	0	0	0	0	0	0	0	0	0	0	0	0	0	0	0	0	0	0	0	0	0	0	0	0	0	0	0	0	0	0	0	0	0	0	0	-3182	-3009	-799	8553	-7916	-244	-44	977	186	-1	0	0	-42	962	184	1606974851
-52	-55	-54	0	0	-55	0	0	-69	0	-69	-68	-75	0	-88	0	0	-86	-86	-87	0	-89	-87	-86	0	0	-83	-87	-87	0	-87	-87	-86	-53	0	0	0	0	0	0	0	0	0	0	0	0	0	0	0	0	0	0	0	0	0	0	0	0	0	0	0	0	0	0	0	0	0	0	0	-94	0	0	0	0	0	0	0	0	0	0	0	0	0	0	0	0	0	0	0	0	0	0	0	0	0	0	0	0	0	0	0	0	0	0	0	0	0	0	0	0	0	0	0	0	0	0	0	0	0	0	0	0	0	0	0	0	0	-3182	-3009	-784	8558	-7911	-245	-43	977	187	0	0	0	-42	962	185	1606974853
-57	-55	-55	-67	-59	-62	-75	-75	-71	0	-69	-69	-76	-73	0	0	-85	-83	-83	-83	-84	-85	-84	-85	-87	-85	-86	-85	-86	0	-87	-86	-87	-60	0	0	-91	-93	0	-90	0	0	0	0	0	0	0	0	0	0	0	0	0	0	0	-84	0	0	0	0	0	0	0	0	0	0	0	0	0	0	0	0	0	0	0	0	0	0	0	0	0	0	0	0	0	0	0	0	0	0	0	0	0	0	0	0	0	0	0	0	0	0	0	0	0	0	0	0	0	0	0	0	0	0	0	0	0	0	0	0	0	0	0	0	0	0	0	-3175	-3008	-859	8559	-7910	-245	-43	976	190	0	0	0	-42	962	185	1606974854
0	-55	0	-68	-59	0	0	-76	-71	-82	-70	-69	-77	0	0	0	0	-83	-83	-83	0	-85	-83	-84	0	0	-83	-86	-86	0	-86	-86	-86	-60	0	0	-93	-93	0	-93	0	0	0	-81	0	0	0	0	0	0	0	0	0	0	0	-81	0	0	0	-93	0	0	0	0	0	0	0	0	0	0	0	0	0	0	0	0	0	0	0	0	0	0	0	0	0	0	0	0	0	0	0	0	0	0	0	0	0	0	0	0	0	0	0	0	0	0	0	0	0	0	0	0	0	0	0	0	0	0	0	0	0	0	0	0	0	0	0	-3212	-2994	-754	8552	-7917	-245	-43	977	186	0	0	0	-42	962	184	1606974856
-57	-54	0	-68	-59	0	-75	-75	-68	0	-69	-67	-74	-73	0	-87	0	-86	-87	-86	0	0	-87	-85	0	0	-86	-86	-87	0	-86	-86	-84	-54	0	0	0	0	0	0	0	0	0	0	0	0	0	0	0	0	0	0	0	0	0	0	0	0	0	0	0	0	0	0	0	0	0	0	0	0	0	0	0	0	0	0	0	0	0	0	0	0	0	0	0	0	0	0	0	0	0	0	-87	0	0	0	0	0	0	0	0	0	0	0	0	0	0	0	0	0	0	0	0	0	0	0	0	0	0	0	0	0	0	0	0	0	0	-3152	-3039	-799	8559	-7910	-245	-43	977	187	0	0	-1	-42	962	185	1606974857
-51	-55	0	-67	-59	-60	0	0	-70	0	-70	-70	-76	0	0	0	0	-82	-83	-83	0	0	-83	-82	0	0	-83	-87	-86	0	-86	-86	-85	-61	0	0	-93	-93	0	-93	0	0	0	0	0	0	0	0	0	0	0	0	0	0	0	0	0	0	0	-94	0	0	0	0	0	0	0	0	0	0	0	0	0	0	0	0	0	0	0	0	0	0	0	0	0	0	0	0	0	0	0	0	0	0	0	0	0	0	0	0	0	0	0	0	0	0	0	0	0	0	0	0	0	0	0	0	0	0	0	0	0	0	0	0	0	0	0	-3212	-2993	-769	8558	-7911	-246	-43	977	187	0	0	0	-42	962	185	1606974859
-51	-54	-53	-67	-55	-55	0	-72	-69	0	-68	-68	-75	-72	0	0	0	-88	-87	-86	0	-87	-88	-86	0	0	-86	-86	-86	0	-86	-86	-86	-55	0	0	0	0	0	0	0	0	0	0	0	0	0	0	0	-87	0	0	-86	-88	0	0	0	0	0	0	0	0	0	0	0	0	0	0	0	0	0	0	0	0	0	0	0	0	0	0	0	0	0	0	0	0	0	0	0	0	0	0	0	0	0	0	0	0	0	0	0	0	0	0	0	0	0	0	0	0	0	0	0	0	0	0	0	0	0	0	0	0	0	0	0	0	0	-3167	-3001	-799	8556	-7912	-245	-43	977	183	-1	0	0	-42	962	185	1606974861
-53	-53	-51	-66	-59	-55	-73	-72	-69	0	-68	-69	-75	-73	0	0	0	-88	-87	-87	0	-84	-88	-87	0	0	-86	0	0	0	0	0	0	-54	0	0	0	0	0	0	0	0	0	0	0	0	0	0	0	0	0	0	0	0	0	-84	0	0	0	-95	0	0	0	0	0	0	0	0	0	0	0	0	0	0	0	0	0	0	0	0	0	0	0	0	0	0	0	0	0	0	0	0	0	0	0	0	0	0	0	0	0	0	0	0	0	0	0	0	0	0	0	0	0	0	0	0	0	0	0	0	0	0	0	0	0	0	0	-3175	-2994	-754	8557	-7912	-246	-42	976	186	0	0	0	-42	962	184	1606974862
0	-53	-52	-67	0	-54	0	0	-67	0	-69	-67	-76	-71	0	0	0	-86	-86	-86	-85	-83	-85	-87	0	-86	-86	0	0	0	0	0	0	-56	0	0	0	0	0	0	0	0	0	0	0	0	0	0	0	0	0	0	0	0	0	-86	0	0	0	0	0	0	0	0	0	0	0	0	0	0	0	0	0	0	0	0	0	0	0	0	0	0	0	0	0	0	0	0	0	0	0	0	0	0	0	0	0	0	0	0	0	0	0	0	0	0	0	0	0	0	0	0	0	0	0	0	0	0	0	0	0	0	0	0	0	0	0	-3280	-2993	-770	8560	-7908	-245	-43	977	188	0	0	-1	-42	962	185	1606974864
-52	-56	0	-73	-63	-55	-73	-72	-68	0	-69	-69	-75	-73	0	0	-84	-87	-86	-87	0	-86	-87	-86	0	0	-82	-84	-85	0	-86	-86	-86	-56	0	0	0	0	0	-94	0	0	0	0	0	0	0	0	0	0	0	0	0	0	0	0	0	0	0	0	0	0	0	0	0	0	0	0	0	0	0	0	0	0	0	0	0	0	0	0	0	0	0	0	0	0	0	0	0	0	0	0	0	0	0	0	0	0	0	0	0	0	0	0	0	0	0	0	0	0	0	0	0	0	0	0	0	0	0	0	0	0	0	0	0	0	0	-3212	-2993	-777	8559	-7910	-245	-42	977	187	0	0	0	-42	962	185	1606974865
-57	-54	-51	-73	-59	-62	-73	0	-71	0	-71	-71	-77	-73	0	-86	0	-84	-83	-84	0	-86	-83	-83	0	0	-87	-86	-85	0	-85	-85	-86	-59	0	0	-92	-93	0	-94	0	0	0	0	0	0	0	0	0	0	0	0	0	0	0	0	0	0	0	-93	0	0	0	0	0	0	0	0	0	0	0	0	0	0	0	0	0	0	0	0	0	0	0	0	0	0	0	0	0	0	0	0	0	0	0	0	0	0	0	0	0	0	0	0	0	0	0	0	0	0	0	0	0	0	0	0	0	0	0	0	0	0	0	0	0	0	0	-3175	-2963	-770	8557	-7911	-245	-43	977	187	0	0	-1	-42	962	185	1606974867
-51	-53	-54	-73	-60	-54	-69	-71	-68	0	-67	-68	-76	-71	0	-87	-86	-86	-86	-86	0	-84	-87	-86	0	-86	-85	-85	-86	0	-85	-85	-86	-57	0	0	0	0	0	0	0	0	0	0	0	0	0	0	0	0	0	0	0	0	0	0	0	0	0	0	0	0	0	0	0	0	0	0	0	0	0	0	0	0	0	0	0	0	0	0	0	0	0	0	0	0	0	0	0	0	0	0	0	0	0	0	0	0	0	0	0	0	0	0	0	0	0	0	0	0	0	0	0	0	0	0	0	0	0	0	0	0	0	0	0	0	0	-3183	-3001	-814	8559	-7910	-245	-43	977	188	0	0	0	-42	962	185	1606974868
-50	0	-53	-70	-60	-55	0	-75	-68	0	-68	-68	-75	-75	0	0	-86	-86	-87	-86	-86	-86	-86	-86	-85	-84	-82	-86	-85	0	-86	-85	-86	-54	0	0	0	0	0	0	0	0	0	0	0	0	0	0	0	0	0	0	0	0	0	0	0	0	0	0	0	0	0	0	0	0	0	0	0	0	0	0	0	0	0	0	0	0	0	0	0	0	0	0	0	0	0	0	0	0	0	0	0	0	0	0	0	0	0	0	0	0	0	0	0	0	0	0	0	0	0	0	0	0	0	0	0	0	0	0	0	0	0	0	0	0	0	-3182	-3009	-769	8559	-7909	-246	-43	978	185	0	0	0	-42	962	185	1606974870
-55	-54	-53	-70	0	-55	0	-75	-68	0	-68	-67	-76	-75	0	0	0	-87	-86	-86	0	0	-86	-86	0	0	-83	-86	-86	0	-85	-86	-87	-55	0	0	0	0	0	0	0	0	0	0	0	0	0	0	0	0	0	0	0	0	0	0	0	0	0	-94	0	0	0	0	0	0	0	0	0	0	0	0	0	0	0	0	0	0	0	0	0	0	0	0	0	0	0	0	0	0	0	0	0	0	0	0	0	0	0	0	0	0	0	0	0	0	0	0	0	0	0	0	0	0	0	0	0	0	0	0	0	0	0	0	0	0	0	-3183	-2978	-799	8558	-7911	-246	-44	978	186	0	0	-1	-42	962	185	1606974871
-51	-55	-54	-68	-58	0	0	-75	-73	0	-74	-73	-76	-74	0	0	0	-83	-83	-83	0	-86	-83	-83	0	0	0	-86	-86	0	-85	-86	-87	-61	0	0	-93	-93	-95	-92	0	0	0	0	0	0	0	0	0	0	0	0	0	0	0	0	0	0	0	0	0	0	0	0	0	0	0	0	0	0	0	0	0	0	0	0	0	0	0	0	0	0	0	0	0	0	0	0	0	0	0	0	0	0	0	0	0	0	0	0	0	0	0	0	0	0	0	0	0	0	0	0	0	0	0	0	0	0	0	0	0	0	0	0	0	0	0	-3183	-2993	-807	8558	-7911	-245	-43	977	186	-1	0	0	-42	962	185	1606974873
-51	-54	0	-68	-58	-62	-73	-74	-73	-81	-72	-73	-74	-75	0	0	0	-82	-83	-82	0	-86	-83	-83	0	0	0	-86	-85	0	-85	-85	-86	-62	0	-92	-91	-91	0	-93	-95	0	0	0	0	0	0	0	0	-87	0	0	-87	0	0	-87	0	0	0	-94	0	0	0	0	0	0	0	0	0	0	0	0	0	0	0	0	0	0	0	0	0	0	0	0	0	0	0	0	0	0	0	0	0	0	0	0	0	0	0	0	0	0	0	0	0	0	0	0	0	0	0	0	0	0	0	0	0	0	0	0	0	0	0	0	0	0	0	-3167	-3001	-769	8559	-7910	-245	-42	976	188	0	0	0	-42	962	185	1606974874
0	-51	-54	0	-59	-56	-72	0	-68	0	-68	-67	-76	0	0	0	-86	-85	-86	-86	-86	-86	-85	-85	-85	-85	-81	-85	-86	0	-86	-86	-86	-55	-65	0	0	0	0	0	0	0	0	0	0	0	0	0	0	0	0	0	0	0	0	0	0	0	0	0	0	0	0	0	0	0	0	0	0	0	0	0	0	0	0	0	0	0	0	0	0	0	0	0	0	0	0	0	0	0	0	0	0	0	0	0	0	0	0	0	0	0	0	0	0	0	0	0	0	0	0	0	0	0	0	0	0	0	0	0	0	0	0	0	0	0	0	-3182	-3009	-784	8555	-7914	-245	-42	977	187	0	0	0	-42	962	184	1606974876
-51	-55	-52	-69	-57	-56	0	-77	-67	-85	-69	-68	-75	-75	0	0	0	-85	-86	-85	0	-84	-87	-85	0	0	-81	-85	-86	0	-86	-86	-85	-54	0	0	-96	-95	0	-95	0	0	0	0	0	0	0	0	0	0	0	0	0	0	0	-85	0	0	0	0	0	0	0	0	0	-91	0	0	0	0	0	0	0	0	0	0	0	0	0	0	0	0	0	0	0	0	0	0	0	0	0	-89	0	0	0	0	0	0	0	0	0	0	0	0	0	0	0	0	0	0	0	0	0	0	0	0	0	0	0	0	0	0	0	0	0	0	0	-3198	-3008	-799	8560	-7909	-245	-43	976	187	0	0	0	-42	962	185	1606974878
-53	-56	0	-64	-58	0	-72	-71	-74	0	-77	-76	-74	-76	0	0	-73	-83	-82	-83	-85	-85	-84	-83	-86	-85	-84	-86	-84	0	-86	-85	-86	-61	0	0	-93	-93	0	-94	0	0	0	0	0	0	0	0	0	0	0	0	0	0	0	-87	0	0	0	-94	0	0	0	0	0	0	0	0	0	0	0	0	0	0	0	0	0	0	0	0	0	0	0	0	0	0	0	0	0	0	0	0	0	0	0	0	0	0	0	0	0	0	0	0	0	0	0	0	0	0	0	0	0	0	0	0	0	0	0	0	0	0	0	0	0	0	0	-3168	-2993	-859	8558	-7911	-246	-42	977	187	0	0	0	-43	962	185	1606974879
-50	-57	0	-75	-59	0	-76	0	-67	-84	-67	-67	-74	0	0	0	0	-86	-85	-86	0	-84	-86	-85	0	0	-86	-87	-87	0	-86	-87	-87	-52	0	0	0	0	0	0	0	0	0	0	0	0	0	0	0	0	0	0	0	0	0	-82	0	0	0	0	0	0	0	0	0	0	0	0	0	-93	0	0	0	0	0	0	0	0	0	0	0	0	0	0	0	0	0	0	0	0	0	0	0	0	0	0	0	0	0	0	0	0	0	0	0	0	0	0	0	0	0	0	0	0	0	0	0	0	0	0	0	0	0	0	0	0	0	-3137	-2994	-806	8558	-7911	-245	-43	976	189	0	0	0	-42	962	185	1606974881
-49	-55	0	-71	-57	-59	-73	-72	-71	-81	-71	-71	-75	-73	0	0	0	-84	0	-83	-85	0	-83	0	-87	0	-86	-86	-87	0	-86	-85	-86	-61	0	0	-92	-95	0	-92	0	0	0	0	0	0	0	0	0	0	0	0	0	0	0	0	0	0	0	-94	0	0	0	0	0	0	0	0	0	0	0	0	0	0	0	0	0	0	0	0	0	0	0	0	0	0	0	0	0	0	0	0	0	0	0	0	0	0	0	0	0	0	0	0	0	0	0	0	0	0	0	0	0	0	0	0	0	0	0	0	0	0	0	0	0	0	0	-3152	-3061	-754	8558	-7911	-245	-43	976	187	0	0	0	-42	962	185	1606974882
0	-51	-52	-64	-60	0	-75	0	-71	0	-73	-72	-77	-76	0	-86	0	-82	-83	-83	0	-86	-83	-83	0	0	-84	-86	-87	0	-86	-86	-85	-62	-67	0	-93	-93	0	-94	0	0	0	0	0	0	0	0	0	0	0	0	0	0	0	0	0	0	0	-92	0	0	0	0	0	0	0	0	0	0	0	0	0	0	0	0	0	0	0	0	0	0	0	0	0	0	0	0	0	0	0	0	0	0	0	0	0	0	0	0	0	0	0	0	0	0	0	0	0	0	0	0	0	0	0	0	0	0	0	0	0	0	0	0	0	0	0	-3167	-3023	-814	8560	-7909	-244	-43	977	188	0	-1	0	-42	962	185	1606974884
-51	-55	-54	-75	0	0	-73	-74	-67	0	-68	-69	-77	-77	0	0	-84	-86	-86	-87	-87	-84	-86	-86	-84	-84	0	-85	-86	0	-85	-86	-85	-53	0	0	0	0	0	0	0	0	0	0	0	0	0	0	0	-89	0	0	0	0	0	0	0	0	0	0	0	0	0	0	0	0	0	0	0	0	0	0	0	0	0	0	0	0	0	0	0	0	0	0	0	0	0	0	0	0	0	0	0	0	0	0	0	0	0	0	0	0	0	0	0	0	0	0	0	0	0	0	0	0	0	0	0	0	0	0	0	0	0	0	0	0	0	-3152	-3024	-814	8555	-7913	-244	-44	977	188	0	0	-1	-42	962	184	1606974886
-55	-54	-52	-71	-59	0	0	0	-67	-75	-67	-67	-75	0	0	0	0	-87	-87	-87	0	-87	-88	-87	0	0	-83	-86	-86	0	-86	-86	-85	-55	0	0	0	0	0	0	0	0	0	0	0	0	0	-88	0	-89	0	0	0	0	0	-86	0	0	0	0	0	0	0	0	0	0	0	0	0	0	0	0	0	0	0	0	0	0	0	0	0	0	0	0	0	0	0	0	0	0	0	0	0	0	0	0	0	0	0	0	0	0	0	0	0	0	0	0	0	0	0	0	0	0	0	0	0	0	0	0	0	0	0	0	0	0	0	-3175	-3009	-799	8560	-7909	-245	-44	977	187	0	0	0	-42	962	185	1606974887
-52	-53	-51	-68	-57	-61	-78	-78	-72	0	-72	-72	-77	-77	-83	-86	0	-85	-84	-84	0	0	-84	-85	0	0	-81	-86	-85	0	-85	-87	-87	-63	-67	0	-90	-93	0	-92	0	0	0	0	0	0	0	0	0	0	0	0	0	0	0	0	0	0	0	-93	0	0	0	0	0	0	0	0	0	0	0	0	0	0	0	0	0	0	0	0	0	0	0	0	0	0	0	0	0	0	0	0	0	0	0	0	0	0	0	0	0	0	0	0	0	0	0	0	0	0	0	0	0	0	0	0	0	0	0	0	0	0	0	0	0	0	0	-3175	-3069	-799	8559	-7910	-244	-42	977	187	0	0	0	-42	962	185	1606974889
-53	-55	0	-63	-55	0	0	0	-72	0	-71	-72	-76	0	0	-84	0	-84	-83	-84	0	-86	-84	-83	0	0	-81	-86	-86	0	-86	-87	-86	-62	0	0	0	-92	0	-94	0	0	0	0	0	0	0	0	0	0	0	0	0	0	0	-86	0	0	0	-94	0	0	0	0	0	0	0	0	0	0	0	0	0	0	0	0	0	0	0	0	0	0	0	0	0	0	0	0	0	0	0	0	0	0	0	0	0	0	0	0	0	0	0	0	0	0	0	0	0	0	0	0	0	0	0	0	0	0	0	0	0	0	0	0	0	0	0	-3182	-3054	-799	8556	-7913	-245	-43	977	186	0	0	0	-42	962	184	1606974890
-53	-54	0	-66	-61	-56	-75	0	-68	0	-67	-67	-75	-74	-84	0	0	-85	-86	-86	0	0	-86	-86	0	0	-83	-87	-85	0	-85	-86	-86	-56	0	0	0	0	0	0	0	0	0	0	0	0	0	0	0	0	0	0	0	0	0	0	0	0	0	0	0	0	0	0	0	0	0	0	0	0	0	0	0	0	0	0	0	0	0	0	0	0	0	0	0	0	0	0	0	0	0	0	0	0	0	0	0	0	0	0	0	0	0	0	0	0	0	0	0	0	0	0	0	0	0	0	0	0	0	0	0	0	0	0	0	0	0	-3205	-3054	-754	8560	-7909	-245	-43	976	188	0	0	0	-42	962	185	1606974892
0	-55	0	-70	-58	0	-74	-74	-68	0	-69	-69	-76	-74	0	0	0	-85	-85	-86	0	0	-84	-85	0	0	-84	-86	-86	0	-85	-85	-86	-62	0	0	0	-93	0	-93	0	0	0	0	0	0	0	0	0	0	0	0	0	0	0	0	0	0	0	-96	0	0	0	0	0	0	0	0	0	-92	0	0	0	0	0	0	0	0	0	0	0	0	0	0	0	0	0	0	0	0	0	0	0	0	0	0	0	0	0	0	0	0	0	0	0	0	0	0	0	0	0	0	0	0	0	0	0	0	0	0	0	0	0	0	0	0	0	-3197	-3023	-769	8560	-7908	-246	-42	977	187	0	0	0	-42	962	185	1606974893
-54	-53	-54	-74	-61	-62	0	-75	-68	-83	-69	-68	-77	-75	0	0	0	-83	-83	-83	0	0	-83	-83	0	0	-88	-86	-86	0	-86	-86	-86	-62	-65	0	-94	0	0	-93	0	0	-91	-81	0	0	0	0	0	0	0	0	0	0	0	0	0	0	0	0	0	0	0	0	0	0	0	0	0	0	0	0	0	0	0	0	0	0	0	0	0	0	0	0	0	0	0	0	0	0	0	0	0	0	0	0	0	0	0	0	0	0	0	0	0	0	0	0	0	0	0	0	0	0	0	0	0	0	0	0	0	0	0	0	0	0	0	-3115	-3009	-799	8555	-7914	-245	-44	976	187	0	0	0	-42	962	184	1606974895
-53	-53	-53	-69	-61	-56	-75	0	-66	0	-66	-67	-74	0	0	0	-86	-86	-86	-85	-89	-87	-86	-85	-84	-88	-82	-86	-87	0	-87	-87	-85	-54	-66	0	0	0	0	0	0	0	0	0	0	0	0	0	0	0	0	0	0	0	0	0	0	0	0	0	0	0	0	0	0	0	0	0	0	0	0	0	0	0	0	0	0	0	0	0	0	0	0	0	0	0	0	0	0	0	0	0	0	0	0	0	0	0	0	0	0	0	0	0	0	0	0	0	0	0	0	0	0	0	0	0	0	0	0	0	0	0	0	0	0	0	0	-3160	-3024	-784	8558	-7910	-244	-43	977	188	0	0	0	-42	962	185	1606974897
-57	-53	-52	-71	-59	-55	0	-74	-67	-79	-66	-66	-74	-73	0	-86	-88	-85	-85	-85	0	0	-86	-86	-87	0	-84	-86	-87	0	-86	-86	-85	-53	0	0	0	0	0	0	0	0	0	0	0	0	0	0	0	0	0	0	0	0	0	0	0	0	0	0	0	0	0	0	0	0	0	0	0	0	0	0	0	0	0	0	0	0	0	0	0	0	0	0	0	0	0	0	0	0	0	0	0	0	0	0	0	0	0	0	0	0	0	0	0	0	0	0	0	0	0	0	0	0	0	0	0	0	0	0	0	0	0	0	0	0	0	-3152	-2979	-754	8559	-7909	-245	-43	978	184	0	0	0	-42	962	185	1606974898
-57	-53	-54	0	-61	-55	0	0	-67	0	-67	-67	-74	0	0	0	-88	-85	-84	-86	0	-87	-86	-85	0	-90	-83	-85	-85	0	-86	-86	-86	-52	0	0	0	0	0	0	0	0	0	0	0	0	0	0	0	0	0	0	0	0	0	-83	0	0	0	0	0	0	0	0	0	0	0	0	0	0	0	0	0	0	0	0	0	0	0	0	0	0	0	0	0	0	0	0	0	0	0	0	0	0	0	0	0	0	0	0	0	0	0	0	0	0	0	0	0	0	0	0	0	0	0	0	0	0	0	0	0	0	0	0	0	0	0	-3115	-2986	-844	8558	-7911	-244	-43	977	188	0	0	0	-42	962	185	1606974900
-54	0	-53	-70	0	0	-74	-74	-69	-79	-69	-68	-77	-75	0	0	0	-83	-83	-83	0	0	-83	-83	0	0	-86	-86	-85	0	-86	-85	-87	-60	0	0	-93	-94	0	0	0	0	0	0	0	0	0	0	0	0	0	0	0	0	0	-85	0	0	0	-95	0	0	0	0	0	0	0	0	0	-92	0	-95	0	0	0	0	0	0	0	0	0	0	0	0	0	0	0	0	0	0	0	0	0	0	0	0	0	0	0	0	0	0	0	0	0	0	0	0	0	0	0	0	0	0	0	0	0	0	0	0	0	0	0	0	0	0	0	-3145	-3009	-791	8557	-7912	-244	-43	977	186	0	0	-1	-42	962	185	1606974902
-57	-56	-53	-67	-60	-61	-73	-74	-68	-80	-70	-69	-79	0	0	0	0	-83	-84	-83	0	0	-83	-84	0	0	-84	-86	-85	0	-86	-86	-86	-60	0	0	-92	-94	0	-92	0	0	0	0	0	0	0	0	0	-90	0	0	-85	0	0	-83	0	0	0	0	0	0	0	0	0	0	0	0	0	0	0	0	0	0	0	0	0	0	0	0	0	0	0	0	0	0	0	0	0	0	0	0	0	0	0	0	0	0	0	0	0	0	0	0	0	0	0	0	0	0	0	0	0	0	0	0	0	0	0	0	0	0	0	0	0	0	0	-3152	-3009	-814	8559	-7910	-245	-43	976	188	0	-1	0	-42	962	185	1606974903
-57	-56	-53	-67	-60	0	-75	-75	-66	0	-66	-66	-75	-74	0	0	0	-84	-85	-86	0	0	-87	-87	0	0	-86	-87	-87	0	-87	-86	-86	-54	0	0	0	0	-95	0	0	0	0	0	0	0	0	-89	0	0	0	0	0	0	0	0	0	0	0	0	0	0	0	0	0	0	0	0	0	0	0	0	0	0	0	0	0	0	0	0	0	0	0	0	0	0	0	0	0	0	0	0	0	0	0	0	0	0	0	0	0	0	0	0	0	0	0	0	0	0	0	0	0	0	0	0	0	0	0	0	0	0	0	0	0	0	0	-3167	-3024	-784	8560	-7909	-245	-42	976	188	0	-1	0	-42	962	185	1606974905
-55	-55	-53	0	-61	-62	0	0	-68	0	0	-69	-77	0	0	0	-86	-83	-84	-83	0	0	-84	-84	-85	-86	-82	-86	-87	0	-85	-86	-87	-61	0	0	-93	-92	0	-92	0	0	0	0	0	0	0	0	0	0	0	0	0	0	0	0	0	0	0	0	0	0	0	0	0	0	0	0	0	0	0	0	0	0	0	0	0	0	0	0	0	0	0	0	0	0	0	0	0	0	0	0	0	0	0	0	0	0	0	0	0	0	0	0	0	0	0	0	0	0	0	0	0	0	0	0	0	0	0	0	0	0	0	0	0	0	0	-3182	-3023	-814	8556	-7913	-245	-43	977	187	0	0	-1	-42	962	184	1606974906
-56	-51	-54	-67	-60	-60	-73	-74	-70	0	-68	-69	-77	-74	-83	0	0	-84	-83	-83	0	0	-83	-84	0	0	-85	-87	-86	0	-85	-86	-86	-59	0	0	-92	-92	0	-92	0	0	0	0	0	0	0	0	0	-86	0	0	0	0	0	-84	0	0	0	0	0	0	0	0	0	0	0	0	0	0	0	0	0	0	0	0	0	0	0	0	0	0	0	0	0	0	0	0	0	0	0	0	0	0	0	0	0	0	0	0	0	0	0	0	0	0	0	0	0	0	0	0	0	0	0	0	0	0	0	0	0	0	0	0	0	0	0	-3198	-3008	-799	8561	-7907	-245	-42	977	186	0	0	0	-42	961	186	1606974908
-53	-55	-52	-70	-61	-56	-76	-75	-67	-82	-67	-67	-76	-74	0	-87	-86	-85	-86	-86	-86	-86	-86	-86	-86	-85	-83	-87	-85	0	-87	-86	-86	-54	0	0	0	0	0	0	0	0	0	0	0	0	0	0	0	0	0	0	0	0	0	-81	0	0	0	0	0	0	0	0	0	0	0	0	0	0	0	0	0	0	0	0	0	0	0	0	0	0	0	0	0	0	0	0	0	0	0	0	0	0	0	0	0	0	0	0	0	0	0	0	0	0	0	0	0	0	-92	0	0	0	0	0	0	0	0	0	0	0	0	0	0	0	0	-3175	-2994	-777	8560	-7909	-245	-44	977	187	0	0	-1	-42	962	185	1606974910
-58	-55	-55	-67	-61	-56	-73	0	-67	0	-68	-68	-76	-74	0	-83	0	-86	-85	-86	0	0	-86	-85	0	0	-85	-87	-86	0	-86	-86	-86	-54	0	0	0	0	0	0	0	0	0	0	0	0	0	0	0	0	0	0	0	0	0	-83	0	0	0	0	0	0	0	0	0	-91	0	0	0	0	0	0	0	0	0	0	0	0	0	0	0	0	0	0	0	0	0	0	0	0	0	0	0	0	0	0	0	0	0	0	0	0	0	0	0	0	0	0	0	0	0	0	0	0	0	0	0	0	0	0	0	0	0	0	0	0	0	-3198	-2993	-769	8558	-7911	-244	-42	977	187	0	0	0	-42	962	185	1606974911
-53	-51	-54	-73	-60	-56	-73	-73	-68	-84	-67	-69	-76	-72	0	-84	0	-86	-86	-87	0	0	-85	-86	0	0	-86	-86	-86	0	-86	-87	-87	-54	0	0	0	0	0	0	0	0	0	0	0	0	0	0	0	0	0	0	0	0	0	-84	0	0	0	0	0	0	0	0	0	0	0	0	0	-92	0	0	0	0	0	0	0	0	0	0	0	0	0	0	0	0	0	0	0	0	0	0	0	0	0	0	0	0	0	0	0	0	0	0	0	0	0	0	0	0	0	0	0	0	0	0	0	0	0	0	0	0	0	0	0	0	0	-3167	-3054	-769	8559	-7909	-244	-42	977	188	0	-1	0	-42	962	185	1606974913
-56	-54	-54	-71	-58	-56	-72	0	-67	0	-69	-67	-76	-72	0	-87	0	-85	-86	-86	0	-86	-86	-85	0	0	-84	-86	-85	0	-86	-85	-85	-54	0	0	0	0	0	0	0	0	0	0	0	0	0	0	0	0	0	0	0	0	0	-85	0	0	0	0	0	0	0	0	0	0	0	0	0	0	0	0	0	0	0	0	0	0	0	0	0	0	0	0	0	0	0	0	0	0	0	0	0	0	0	0	0	0	0	0	0	0	0	0	0	0	0	0	0	0	-93	0	0	0	0	0	0	0	0	0	0	0	0	0	0	0	0	-3167	-2978	-784	8558	-7910	-244	-43	977	187	0	0	0	-42	962	185	1606974914
-52	-52	-54	-70	-59	-55	-74	-79	-69	-85	-70	-70	-76	-77	0	0	-84	-86	-85	-86	-85	0	-86	-87	-87	-84	-82	-85	-85	0	-85	-84	-85	-54	0	0	0	0	0	0	0	0	0	0	0	0	0	0	0	0	0	0	0	0	0	0	0	0	0	0	0	0	0	0	0	0	0	0	0	0	0	0	0	0	0	0	0	0	0	0	0	0	0	0	0	0	0	0	0	0	0	0	0	0	0	0	0	0	0	0	0	0	0	0	0	0	0	0	0	0	-90	0	0	0	0	0	0	0	0	0	0	0	0	0	0	0	0	-3183	-2994	-799	8558	-7911	-244	-44	976	189	0	0	0	-42	962	185	1606974916
-51	-53	-53	0	-60	0	-78	-75	-74	0	-71	-73	-78	-80	0	0	-90	-82	-82	-83	0	0	-83	-83	0	-86	-82	-86	-85	0	-85	-85	-85	-61	-71	0	-92	-93	0	-92	0	0	0	0	0	0	0	0	0	0	0	0	0	0	0	0	0	0	0	0	0	0	0	0	0	-91	0	0	0	-90	0	0	0	0	0	0	0	0	0	0	0	0	0	0	0	0	0	0	0	0	0	0	0	0	0	0	0	0	0	0	0	0	0	0	0	0	0	0	0	0	0	0	0	0	0	0	0	0	0	0	0	0	0	0	0	0	0	-3167	-3009	-799	8558	-7911	-244	-43	976	186	0	0	0	-42	962	185	1606974917
-49	-52	-57	0	-60	-60	0	0	-72	0	-73	-74	-82	0	0	0	-85	-85	-86	-86	0	0	-86	-87	0	-84	-86	-85	-86	0	0	-86	-85	-62	-70	0	-93	-93	0	-94	0	0	0	0	0	0	0	0	0	0	0	0	0	0	-93	0	0	0	0	-96	0	0	0	0	0	0	0	0	0	0	0	-94	0	0	0	0	0	0	0	0	0	0	0	0	0	0	0	0	0	0	0	0	0	0	0	0	0	0	0	0	0	0	0	0	0	0	0	0	0	0	0	0	0	0	0	0	0	0	0	0	0	0	0	0	0	0	0	-3190	-3024	-769	8561	-7908	-245	-43	976	190	0	0	0	-42	962	185	1606974919
-49	-53	0	-63	-59	-56	-78	0	-71	-83	-71	-71	-76	0	0	-87	0	-88	-88	-87	0	0	-86	-88	0	0	-86	-86	-85	0	-86	-86	-86	-55	0	0	0	0	0	0	0	0	0	0	0	0	0	0	0	0	0	0	0	0	0	0	0	0	0	0	0	0	0	0	0	0	0	0	0	0	0	0	0	0	0	0	0	0	0	0	0	0	0	0	0	0	0	0	0	0	0	0	0	0	0	0	0	0	0	0	0	0	0	0	0	0	0	0	0	0	0	0	0	0	0	0	0	0	0	0	0	0	0	0	0	0	0	-3152	-3009	-784	8554	-7915	-244	-42	977	188	0	0	0	-42	962	184	1606974920
-57	-50	-53	-64	-63	0	-75	-79	-71	0	0	-72	-81	-78	0	0	0	-83	-84	-84	0	0	-82	-84	0	0	-84	-85	-86	0	-86	-86	-86	-60	0	-91	-92	-91	0	-95	-91	0	0	0	0	0	0	0	0	0	0	0	0	0	0	0	0	0	0	0	0	0	0	0	0	0	0	0	0	0	0	0	0	0	0	0	0	0	0	0	0	0	0	0	0	0	0	0	0	0	0	0	0	0	0	0	0	0	0	0	0	0	0	0	0	0	0	0	0	0	0	0	0	0	0	0	0	0	0	0	0	0	0	0	0	0	0	-3130	-2964	-784	8559	-7910	-244	-43	977	189	0	0	0	-42	962	185	1606974922
-55	-56	-56	-65	0	0	-74	-73	-68	0	-68	-67	-75	-73	0	0	0	-87	-87	-87	0	0	-86	-86	0	0	-85	-86	-85	0	-87	-85	-86	-54	0	0	0	0	0	0	0	0	0	0	0	0	0	0	0	0	0	0	0	0	0	-87	0	0	0	0	0	0	0	0	0	0	0	0	0	0	0	0	0	0	0	0	0	0	0	0	0	0	0	0	0	0	0	0	0	0	0	0	0	0	0	0	0	0	0	0	0	0	0	0	0	0	0	0	0	0	0	0	0	0	0	0	0	0	0	0	0	0	0	0	0	0	0	-3152	-3024	-792	8558	-7911	-244	-43	977	187	0	0	0	-42	962	185	1606974923
-55	-54	-55	-71	-59	-63	0	-77	-71	0	-71	-71	-75	0	0	0	0	0	0	0	0	-86	0	0	0	0	-82	-84	-85	0	-85	-85	-85	-60	0	0	-94	-94	0	-94	0	0	0	0	0	0	0	0	0	0	0	0	0	0	0	0	0	0	0	-94	0	0	0	0	0	-89	0	0	0	-93	0	0	0	0	0	0	0	0	0	0	0	0	0	0	0	0	0	0	0	0	0	0	0	0	0	0	0	0	0	0	0	0	0	0	0	0	0	0	0	0	0	0	0	0	0	0	0	0	0	0	0	0	0	0	0	0	0	-3182	-3069	-799	8556	-7913	-244	-42	977	188	0	0	0	-42	962	184	1606974925
-54	-51	0	-63	-58	0	-79	-76	-71	0	-71	-70	-77	-78	0	0	-88	-84	-83	-85	-86	0	-84	-84	0	-86	-83	-86	-86	0	-85	-85	-85	-61	-67	0	-92	-92	0	-92	0	0	0	0	0	0	0	0	0	0	0	0	0	0	0	0	0	0	0	-96	0	0	0	0	0	0	0	0	0	0	0	0	0	0	0	0	0	0	0	0	0	0	0	0	0	0	0	0	0	0	0	0	0	0	0	0	0	0	0	0	0	0	0	0	0	0	0	0	0	0	0	0	0	0	0	0	0	0	0	0	0	0	0	0	0	0	0	-3182	-3024	-762	8558	-7911	-245	-43	977	186	0	0	0	-42	962	185	1606974927
0	-51	-55	-68	0	-60	0	-80	-69	-80	-70	-70	-79	0	0	0	0	-84	-85	-85	0	-85	-84	-85	0	0	-79	-87	-86	0	-87	-86	-85	-62	0	0	0	0	0	0	0	0	0	0	0	0	0	0	0	0	0	0	0	0	0	0	0	0	0	-94	0	0	0	0	0	0	0	0	0	0	0	0	0	0	0	0	0	0	0	0	0	0	0	0	0	0	0	0	0	0	0	0	0	0	0	0	0	0	0	0	0	0	0	0	0	0	0	0	0	0	0	0	0	0	0	0	0	0	0	0	0	0	0	0	0	0	0	-3122	-3009	-814	8560	-7908	-245	-42	977	188	0	0	0	-42	962	185	1606974928
-53	0	0	-67	-63	0	0	0	-73	0	-71	-71	-75	0	0	-85	-87	-83	-84	-84	0	0	-84	-83	0	-89	-84	-86	-86	0	-85	-86	-86	-60	0	0	-95	-93	0	0	-94	0	0	0	0	0	0	0	0	0	0	0	0	0	0	0	0	0	0	-95	0	0	0	0	0	0	0	0	0	0	0	0	0	0	0	0	0	0	0	0	0	0	0	0	0	0	0	0	0	0	0	0	0	0	0	0	0	0	0	0	0	0	0	0	0	0	0	0	0	0	0	0	0	0	0	0	0	0	0	0	0	0	0	0	0	0	0	-3197	-3053	-769	8559	-7909	-245	-43	977	189	0	0	0	-42	962	185	1606974930
-51	-50	0	-70	-60	-61	-76	-73	-71	-81	-70	-72	-76	-72	0	0	-85	-83	-83	-83	0	0	-84	-84	-86	-86	-81	-86	-86	0	-85	-84	-86	-59	-69	0	-95	-91	0	-92	0	0	0	-81	0	0	0	0	0	0	0	0	0	0	0	0	0	0	0	0	0	0	0	0	0	0	0	0	0	0	0	0	0	0	0	0	0	0	0	0	0	0	0	0	0	0	0	0	0	0	0	0	0	0	0	0	0	0	0	0	0	0	0	0	0	0	0	0	0	0	0	0	0	0	0	0	0	0	0	0	0	0	0	0	0	0	0	-3167	-3016	-784	8559	-7910	-245	-42	978	186	0	0	-1	-42	962	185	1606974931
-53	-52	-57	-68	-60	-55	-79	0	-67	-75	-67	-67	-75	0	0	0	0	-86	-85	-86	0	0	-86	-85	0	0	-82	-86	-86	0	-87	-86	-87	-60	0	0	0	0	0	0	0	0	0	0	0	0	0	0	0	0	0	0	0	0	0	0	0	0	0	0	0	0	0	0	0	0	0	0	0	0	0	0	0	0	0	0	0	0	0	0	0	0	0	0	0	0	0	0	0	0	0	0	0	0	0	0	0	0	0	0	0	0	0	0	0	0	0	0	0	0	0	0	0	0	0	0	0	0	0	0	0	0	0	0	0	0	0	-3227	-3053	-784	8559	-7910	-244	-44	976	192	0	0	0	-42	962	185	1606974933
-52	-52	-55	-71	-59	-55	0	0	-67	0	-67	-68	-75	-76	0	0	0	-87	-87	-86	0	0	-86	-86	0	0	-82	-86	-86	0	-86	-86	-86	-53	0	0	0	0	0	0	0	0	0	0	0	0	0	0	0	0	0	0	0	0	0	0	0	0	0	0	0	0	0	0	0	-93	0	0	0	0	0	0	0	0	0	0	0	0	0	0	0	0	0	0	0	0	0	0	0	0	0	0	0	0	0	0	0	0	0	0	0	0	0	0	0	0	0	0	0	0	0	0	0	0	0	0	0	0	0	0	0	0	0	0	0	0	0	-3183	-2993	-814	8560	-7908	-245	-42	977	191	0	0	-1	-42	962	185	1606974934
-51	-53	0	-67	-61	0	0	-78	-72	-81	-70	-72	-75	-80	0	0	-86	-82	-82	-82	0	-85	-83	-83	0	-84	0	-85	-86	0	-87	-86	-87	-61	0	0	-92	-90	0	-92	0	0	0	0	0	0	0	0	0	0	0	0	0	0	0	0	0	0	0	-94	0	0	0	0	0	0	0	0	0	0	0	0	0	0	0	0	0	0	0	0	0	0	0	0	0	0	0	0	0	0	0	0	0	0	0	0	0	0	0	0	0	0	0	0	0	0	0	0	0	0	0	0	0	0	0	0	0	0	0	0	0	0	0	0	0	0	0	-3213	-3001	-799	8555	-7913	-245	-42	977	188	0	0	0	-42	962	184	1606974936
-54	-52	-52	-64	-60	0	0	-74	-67	-80	-67	-68	-75	-74	0	0	0	-86	-86	-86	0	0	-86	-87	0	0	-82	-87	-87	0	-85	-87	-86	-54	0	0	0	0	0	0	0	0	0	0	0	0	0	0	0	0	0	0	0	0	0	-83	0	0	0	0	0	0	0	0	0	0	0	0	0	0	0	0	0	0	0	0	0	0	0	0	0	0	0	0	0	0	0	0	0	0	0	0	0	0	0	0	0	0	0	0	0	0	0	0	0	0	0	0	0	0	0	0	0	0	0	0	0	0	0	0	0	0	0	0	0	0	0	-3167	-2994	-769	8558	-7911	-245	-43	976	189	0	0	0	-42	962	185	1606974938
0	-53	-55	0	0	-62	0	0	-73	-84	-71	-72	-75	0	0	0	-86	-84	-84	-85	0	-85	-85	-85	0	-88	-80	-88	-86	0	-87	-87	-86	-61	0	0	-93	-95	0	-94	0	0	0	0	0	0	0	-86	0	0	0	0	0	0	0	0	0	0	0	-93	0	0	0	0	0	0	0	0	0	0	0	0	0	0	0	0	0	0	0	0	0	0	0	0	0	0	0	0	0	0	0	0	0	0	0	0	0	0	0	0	0	0	0	0	0	0	0	0	0	0	0	0	0	0	0	0	0	0	0	0	0	0	0	0	0	0	0	-3212	-3008	-814	8559	-7910	-245	-42	978	184	0	0	0	-42	962	185	1606974939
0	0	0	0	0	0	0	0	0	0	0	0	0	0	0	0	0	0	0	0	0	0	0	0	0	0	0	0	0	0	0	0	0	0	0	0	0	0	0	0	0	0	0	0	0	0	0	0	0	0	0	0	0	0	0	0	0	0	0	0	0	0	0	0	0	0	0	0	0	0	0	0	0	0	0	0	0	0	0	0	0	0	0	0	0	0	0	0	0	0	0	0	0	0	0	0	0	0	0	0	0	0	0	0	0	0	0	0	0	0	0	0	0	0	0	0	0	0	0	0	0	0	0	0	0	0	0	-3212	-3068	-814	8554	-7915	-243	-42	976	190	0	0	-1	-42	962	184	1606974941
0	0	0	0	0	0	0	0	0	0	0	0	0	0	0	0	0	0	0	0	0	0	0	0	0	0	0	0	0	0	0	0	0	0	0	0	0	0	0	0	0	0	0	0	0	0	0	0	0	0	0	0	0	0	0	0	0	0	0	0	0	0	0	0	0	0	0	0	0	0	0	0	0	0	0	0	0	0	0	0	0	0	0	0	0	0	0	0	0	0	0	0	0	0	0	0	0	0	0	0	0	0	0	0	0	0	0	0	0	0	0	0	0	0	0	0	0	0	0	0	0	0	0	0	0	0	0	-3183	-2978	-844	8551	-7918	-241	-42	977	183	0	0	0	-42	962	184	1606974942
0	0	0	0	0	0	0	0	0	0	0	0	0	0	0	0	0	0	0	0	0	0	0	0	0	0	0	0	0	0	0	0	0	0	0	0	0	0	0	0	0	0	0	0	0	0	0	0	0	0	0	0	0	0	0	0	0	0	0	0	0	0	0	0	0	0	0	0	0	0	0	0	0	0	0	0	0	0	0	0	0	0	0	0	0	0	0	0	0	0	0	0	0	0	0	0	0	0	0	0	0	0	0	0	0	0	0	0	0	0	0	0	0	0	0	0	0	0	0	0	0	0	0	0	0	0	0	-3167	-3054	-769	8555	-7914	-242	-42	976	188	0	0	0	-42	962	184	1606974944
0	0	0	0	0	0	0	0	0	0	0	0	0	0	0	0	0	0	0	0	0	0	0	0	0	0	0	0	0	0	0	0	0	0	0	0	0	0	0	0	0	0	0	0	0	0	0	0	0	0	0	0	0	0	0	0	0	0	0	0	0	0	0	0	0	0	0	0	0	0	0	0	0	0	0	0	0	0	0	0	0	0	0	0	0	0	0	0	0	0	0	0	0	0	0	0	0	0	0	0	0	0	0	0	0	0	0	0	0	0	0	0	0	0	0	0	0	0	0	0	0	0	0	0	0	0	0	-3198	-2993	-844	8554	-7914	-241	-43	977	185	0	0	0	-42	962	184	1606974945
0	0	0	0	0	0	0	0	0	0	0	0	0	0	0	0	0	0	0	0	0	0	0	0	0	0	0	0	0	0	0	0	0	0	0	0	0	0	0	0	0	0	0	0	0	0	0	0	0	0	0	0	0	0	0	0	0	0	0	0	0	0	0	0	0	0	0	0	0	0	0	0	0	0	0	0	0	0	0	0	0	0	0	0	0	0	0	0	0	0	0	0	0	0	0	0	0	0	0	0	0	0	0	0	0	0	0	0	0	0	0	0	0	0	0	0	0	0	0	0	0	0	0	0	0	0	0	-3182	-2994	-777	8556	-7912	-241	-40	975	221	0	0	0	-42	962	184	1606974947
0	0	0	0	0	0	0	0	0	0	0	0	0	0	0	0	0	0	0	0	0	0	0	0	0	0	0	0	0	0	0	0	0	0	0	0	0	0	0	0	0	0	0	0	0	0	0	0	0	0	0	0	0	0	0	0	0	0	0	0	0	0	0	0	0	0	0	0	0	0	0	0	0	0	0	0	0	0	0	0	0	0	0	0	0	0	0	0	0	0	0	0	0	0	0	0	0	0	0	0	0	0	0	0	0	0	0	0	0	0	0	0	0	0	0	0	0	0	0	0	0	0	0	0	0	0	0	-3212	-3008	-799	8560	-7908	-242	-42	975	192	0	0	0	-42	962	185	1606974949
