-49	-65	0	-55	-52	-55	-69	-68	-73	0	-71	-72	-76	-69	0	-83	0	-82	-82	-81	0	-82	-82	-82	0	0	-90	-91	-91	0	-91	-91	-90	-53	0	0	0	-96	-92	0	0	0	0	0	0	0	0	0	0	0	0	0	0	0	0	0	-82	0	0	0	0	-82	0	-83	-83	0	0	0	0	0	0	0	0	0	0	0	0	0	0	0	0	-68	0	0	0	0	0	0	0	0	0	0	0	0	0	0	0	0	0	0	0	0	0	0	0	0	0	0	0	0	0	0	0	4375	-3145	2577	23474	-7970	-121	-23	977	180	0	0	0	-21	964	175	1606974583
-46	-58	-57	-54	-59	0	-70	-71	-71	0	-72	-71	-76	-70	0	0	0	-81	-82	-82	0	-79	-82	-81	0	0	0	-92	-93	0	0	-93	0	-55	0	0	-93	-94	-94	0	0	0	0	0	0	0	-89	-85	0	0	-88	0	0	0	0	0	0	0	0	0	0	0	-93	0	0	0	0	0	0	0	-88	0	0	0	0	0	0	0	0	0	0	0	0	0	0	0	0	0	0	0	0	0	0	0	0	0	0	0	0	0	0	0	0	0	0	0	0	0	0	0	0	0	0	4375	-3131	2592	23445	-7975	-124	-22	978	178	-1	-1	-1	-22	964	174	1606974585
-51	-56	-58	0	-52	-55	0	0	-72	-72	-70	-69	-74	0	0	0	-79	-82	-81	-82	-79	-79	-81	-81	-79	-79	-89	-93	-93	0	0	-91	-90	-55	0	0	0	0	-94	0	0	0	0	-84	0	0	0	0	0	0	0	0	0	0	0	0	0	0	0	-95	0	0	0	0	0	0	0	0	0	-90	0	0	0	0	0	0	0	0	0	0	0	-62	0	0	0	0	0	0	0	0	0	0	0	0	0	0	0	0	0	0	0	0	0	0	0	0	0	0	0	0	0	0	0	4398	-3131	2592	23435	-7963	-123	-22	977	178	-1	-1	-1	-22	964	176	1606974586
-49	-49	-58	-60	-53	0	-66	-66	-68	0	-72	-69	-75	-66	0	0	0	-83	-82	-82	0	-80	-83	-81	0	0	-95	-88	-88	0	-89	-88	-88	-55	0	0	0	0	-93	0	0	0	0	0	0	0	0	0	0	0	0	0	0	0	0	-88	0	0	0	0	0	0	0	0	0	0	0	0	0	0	0	0	0	0	0	0	0	0	0	0	0	-62	0	0	0	0	0	0	0	0	0	0	0	0	0	0	0	0	0	0	0	0	0	0	0	0	0	0	0	0	0	0	0	4443	-3131	2577	23434	-7960	-123	-22	978	179	-1	-1	-1	-21	964	177	1606974588
-51	-47	0	0	-56	-65	0	0	-79	-72	-78	-79	-78	0	0	0	0	-86	-86	-86	0	-79	-87	-87	0	0	-91	-90	-90	0	-89	-89	-89	-58	0	0	-94	-95	0	-96	0	0	0	0	0	0	0	0	0	0	0	0	0	0	0	0	0	0	0	0	0	0	0	0	0	0	0	0	0	0	0	0	0	0	0	0	0	0	0	0	0	-62	0	0	0	0	0	0	0	0	0	0	0	0	0	0	0	0	0	0	0	0	0	0	0	0	0	0	0	0	0	0	0	4451	-3131	2592	23435	-7961	-122	-21	978	179	-1	-1	-1	-21	964	176	1606974589
-48	-50	-56	-54	-53	-65	-72	-64	-77	-63	-79	-77	-78	-64	0	0	0	-88	-88	-88	0	-80	-88	-88	0	0	0	-89	-89	0	0	-89	-89	-58	0	0	-96	0	0	-94	0	0	0	0	0	0	0	0	0	0	0	0	0	0	0	0	0	0	0	0	0	0	0	0	0	0	0	0	0	0	0	0	0	0	0	0	0	0	0	0	0	-62	0	0	0	0	0	0	0	0	0	0	0	0	0	0	0	0	0	0	0	0	0	0	0	0	0	0	0	0	0	0	0	4428	-3124	2621	23434	-7958	-123	-23	977	179	-1	-1	-1	-21	964	177	1606974591
-51	-53	0	-54	-53	-65	-65	-71	-80	-70	-80	-80	-77	-71	0	0	0	-87	-86	-87	0	-79	-86	-87	0	0	-91	-88	-87	0	-89	-89	-88	-57	0	0	-93	-95	0	-94	0	0	0	0	0	0	0	0	0	0	0	-91	-94	0	0	0	0	0	0	0	0	0	0	0	0	0	0	0	0	0	0	0	0	0	0	0	0	0	0	0	0	-65	0	0	0	0	0	0	0	0	0	0	-93	0	0	0	0	0	0	0	0	0	0	0	0	0	0	0	0	0	0	0	0	4443	-3116	2637	23434	-7961	-123	-21	978	178	-1	-1	-1	-21	964	176	1606974592
-48	0	-53	-53	-53	-66	-73	-72	-78	-70	-79	-78	-78	-72	-78	0	-83	-86	-87	-87	-82	-82	-87	-86	-83	-82	0	-89	-89	0	-89	-89	-89	-59	0	0	-94	0	0	0	0	0	0	0	0	0	0	0	0	0	0	0	0	0	0	0	0	0	0	0	0	0	0	0	0	0	0	0	0	0	0	0	0	0	0	0	0	0	0	0	0	-61	0	0	0	0	0	0	0	0	0	0	0	0	0	0	0	0	0	0	0	0	0	0	0	0	0	0	0	0	0	0	0	4398	-3116	2592	23436	-7963	-122	-22	977	179	-1	-1	0	-21	964	176	1606974594
-48	-50	-54	-53	-53	-67	-73	-73	-79	-70	-78	-79	-79	-74	0	0	-83	-86	-86	-86	-83	-83	-85	-86	-83	-83	-89	-90	-88	0	-88	-89	-90	-59	0	0	0	0	0	0	0	-87	0	0	0	0	0	0	0	0	0	0	0	0	0	0	0	0	0	0	0	0	0	0	0	0	0	0	0	-88	0	0	0	0	0	0	0	0	0	0	0	-62	0	0	0	0	0	0	0	0	0	0	0	0	0	0	0	0	0	0	0	0	0	0	0	0	0	0	0	0	0	0	0	4435	-3093	2577	23435	-7962	-123	-22	977	178	0	-1	0	-22	964	176	1606974596
-53	-54	-53	0	-54	-65	-74	-75	-78	0	-80	-78	-77	-65	0	0	-82	-85	-85	-86	-84	-83	-86	-87	-82	-81	-92	-90	-89	0	-90	-90	-88	-59	0	0	-95	0	0	0	0	0	-88	0	0	0	-90	-87	0	0	-88	0	0	0	0	0	0	0	0	0	0	0	0	0	0	0	0	0	0	0	0	0	0	0	0	0	0	0	0	0	0	-64	0	0	0	0	0	0	0	0	0	0	0	0	0	0	0	0	0	0	0	0	0	0	0	0	0	0	0	0	0	0	0	4368	-3115	2592	23434	-7959	-122	-22	978	179	0	-1	-1	-21	964	177	1606974597
-50	-48	-52	-52	-56	-64	-72	0	-79	-71	-79	-78	-78	-74	0	-85	-81	-86	-87	-88	-82	-73	-88	-88	-81	-81	-91	-90	-88	0	-88	-89	-89	-60	0	0	-96	-94	0	-93	0	0	0	0	0	0	-91	0	0	0	-91	0	0	0	0	-92	0	0	0	0	0	0	0	0	0	0	0	0	0	0	0	0	0	0	0	0	0	0	0	0	0	-63	0	0	0	0	0	0	0	0	0	0	0	0	0	0	0	0	0	0	0	0	0	0	0	0	0	0	0	0	0	0	0	4398	-3131	2622	23436	-7963	-122	-21	978	179	-1	-1	0	-21	964	176	1606974599
-48	-57	-47	-54	-56	-64	-72	-72	-79	-71	-79	-78	-78	-73	0	0	-84	-86	-86	-86	-83	-82	-87	-85	-84	-82	-93	-90	0	0	-89	-89	-90	-59	0	0	0	0	0	-95	0	0	0	0	0	0	0	0	0	0	0	0	0	0	0	0	0	0	0	0	0	0	0	0	0	0	0	0	0	0	0	0	0	0	0	0	0	0	0	0	0	-62	0	0	0	0	0	0	0	0	0	0	0	0	0	0	0	0	0	0	0	0	0	0	0	0	0	0	0	0	0	0	0	4488	-3064	2636	23434	-7960	-122	-22	977	179	-1	-1	0	-21	964	177	1606974600
-51	-48	-56	0	-53	-53	0	0	-69	-70	-71	-71	-74	0	0	-88	0	-82	-81	-82	0	-81	-82	-82	0	0	-90	-89	-90	0	-89	-89	-89	-55	0	0	0	0	-94	0	0	-86	0	0	0	0	0	0	0	0	0	0	0	0	0	0	0	0	0	-94	0	0	-95	0	0	0	0	0	0	-91	0	0	0	0	0	0	0	0	0	0	0	-68	0	0	0	0	0	0	0	0	0	0	0	0	0	0	0	0	0	0	0	0	0	0	0	0	0	0	0	0	0	0	0	4473	-3109	2637	23434	-7960	-122	-21	977	178	-1	-1	0	-21	964	177	1606974602
-49	-53	-55	-53	-53	-54	0	0	-71	0	-68	-71	-75	-68	0	0	0	-82	-82	-81	0	0	-83	-82	0	0	0	-89	-89	0	-90	-87	-90	-56	0	0	0	0	-94	0	0	0	0	0	0	0	0	0	0	0	0	0	0	0	0	0	0	0	0	0	0	0	0	0	0	0	0	0	0	-89	0	0	0	0	0	0	0	0	0	0	0	-64	0	0	0	0	0	0	0	0	0	0	0	0	0	0	0	0	0	0	0	0	0	0	0	0	0	0	0	0	0	0	0	4398	-3131	2592	23436	-7965	-123	-21	978	178	0	-1	0	-21	964	176	1606974603
-49	-49	-54	-52	-53	-65	-67	-67	-78	-71	-78	-79	-78	-67	0	0	0	-86	-86	-85	0	-80	-86	-88	0	0	0	-89	-88	0	-89	-89	-88	-57	0	0	0	0	0	-93	0	0	0	-85	0	0	0	0	0	0	0	0	0	0	0	-91	0	0	0	0	0	0	0	0	0	0	0	0	0	0	0	0	0	0	0	0	0	0	0	0	0	-63	0	0	0	0	0	0	0	0	0	0	0	0	0	0	0	0	0	0	0	0	0	0	0	0	0	0	0	0	0	0	0	4496	-3101	2622	23434	-7959	-123	-21	978	178	-1	-1	-1	-21	964	177	1606974605
-49	-58	0	-52	-53	-54	-74	-73	-69	-71	-70	-69	-75	-67	0	0	0	-81	-82	-83	0	-83	-81	-82	0	0	-90	-88	-90	0	-88	-87	-90	-56	0	0	-95	0	-93	0	0	0	0	0	0	0	0	0	0	0	0	0	0	0	0	0	0	0	0	0	0	0	0	0	0	0	0	0	0	0	0	0	0	0	0	0	0	0	0	0	0	-62	0	0	0	0	0	0	0	0	0	0	0	0	0	0	0	0	0	0	0	0	0	0	0	0	0	0	0	0	0	0	0	4428	-3161	2569	23435	-7962	-122	-22	978	178	-1	-1	0	-21	964	176	1606974606
0	-48	-56	-52	0	0	-68	-68	-69	-71	-68	-71	-74	-75	0	-86	0	-81	-82	-82	0	-81	-82	-81	0	0	-89	-88	-89	0	-89	-90	-89	-56	0	0	-95	0	0	0	0	0	0	0	0	0	0	0	0	0	0	-92	0	0	0	0	0	0	0	0	0	0	0	0	0	0	0	0	0	0	0	0	0	0	0	0	0	0	0	0	0	-61	0	0	0	0	0	0	0	0	0	0	0	0	0	0	0	0	0	0	0	0	0	0	0	0	0	0	0	0	0	0	0	4398	-3116	2592	23435	-7963	-122	-22	978	178	-1	-1	-1	-21	964	176	1606974608
-48	-47	-54	-53	-53	-65	-75	-76	-79	0	-79	-78	-78	-74	-77	0	0	-85	-85	-86	0	-82	-86	-85	0	0	-90	-89	0	0	-89	-89	-89	-59	0	0	0	-96	0	-94	0	-86	0	-88	0	0	0	0	0	0	0	0	0	0	0	0	0	0	0	0	0	0	0	0	0	0	0	0	0	0	0	0	0	0	0	0	0	0	0	0	0	0	0	0	0	0	0	0	0	0	0	0	0	0	0	0	0	0	0	0	0	0	0	0	0	0	0	0	0	0	0	0	0	4383	-3116	2592	23435	-7961	-123	-21	978	179	-1	-1	-1	-21	964	176	1606974610
-52	0	-53	-54	-53	-66	-67	-74	-78	-70	-79	-79	-78	-74	0	0	0	-85	-86	-86	0	0	-86	-86	0	0	-91	-89	-89	0	-90	-90	-89	-58	0	0	-94	-97	0	-95	0	-87	0	0	0	0	0	0	0	0	0	0	0	0	0	0	0	0	0	0	0	0	0	0	0	0	0	0	0	-89	0	0	0	0	0	0	0	0	0	0	0	-67	0	0	0	0	0	0	0	0	0	0	0	0	0	0	0	0	0	0	0	0	0	0	0	0	0	0	0	0	0	0	0	4428	-3146	2577	23434	-7959	-122	-22	977	179	0	0	0	-21	964	177	1606974611
-52	0	-52	-52	-55	-66	-75	-68	-79	-71	-78	-78	-78	-76	0	0	0	-86	-87	-85	0	0	-86	-86	0	0	-89	-88	-89	0	-89	-89	-89	-58	0	0	0	-96	0	0	0	0	0	0	0	0	-88	0	0	0	-88	-92	0	0	0	0	0	0	0	0	0	0	0	0	0	0	0	0	0	0	0	0	0	0	0	0	0	0	0	0	0	-63	0	0	0	0	0	0	0	0	0	0	0	0	0	0	0	0	0	0	0	0	0	0	0	0	0	0	0	0	0	0	0	4451	-3146	2622	23435	-7964	-123	-22	978	177	-1	-1	0	-21	964	176	1606974613
-49	-59	-54	-54	-53	-68	-74	-74	-78	-70	-77	-79	-78	-67	0	0	0	-87	-85	-87	0	-82	-86	-85	0	0	-90	-90	-89	0	-90	-89	-89	-58	0	0	0	0	0	0	0	-86	0	0	0	0	0	0	0	0	0	0	0	0	0	0	0	0	0	0	0	0	0	0	0	0	0	0	0	0	0	0	0	0	0	0	0	0	0	0	0	-63	0	0	0	0	0	0	0	0	0	0	0	0	0	0	0	0	0	0	0	0	0	0	0	0	0	0	0	0	0	0	0	4383	-3131	2592	23434	-7958	-122	-22	978	178	-1	-1	-1	-21	964	177	1606974614
-54	-57	-53	-54	-54	-66	-68	-75	-77	-71	-78	-78	-78	-66	0	-86	0	-86	-87	-86	0	-81	-88	-86	0	0	-90	-89	-90	0	-88	-90	-90	-60	0	0	0	-94	0	-96	0	0	0	0	0	0	-88	0	0	0	-88	-91	0	-91	0	0	0	0	0	0	0	0	0	0	0	0	0	0	0	0	0	0	0	0	0	0	0	0	0	0	0	-64	0	0	0	0	0	0	0	0	0	0	0	0	0	0	0	0	0	0	0	0	0	0	0	0	0	0	0	0	0	0	0	4398	-3101	2636	23434	-7960	-123	-21	977	178	0	-1	-1	-21	964	177	1606974616
-49	-40	-54	-52	-53	-55	-74	0	-69	-71	-70	-69	-74	0	0	0	0	-82	-83	-81	0	-82	-82	-83	0	0	-91	-89	-88	0	-89	-89	-90	-55	0	0	0	-95	-93	-96	0	-88	0	0	0	0	0	0	0	0	0	0	0	0	0	0	0	0	0	0	0	0	0	0	0	0	0	0	0	0	0	0	0	0	0	0	0	0	0	0	0	-64	0	0	0	0	0	0	0	0	0	0	0	0	0	0	0	0	0	0	0	0	0	0	0	0	0	0	0	0	0	0	0	4398	-3131	2562	23435	-7963	-123	-22	977	177	0	0	0	-21	964	176	1606974618
-49	-47	-55	0	-53	0	0	0	0	-71	-72	-71	-75	0	0	0	0	-82	-82	-82	0	-82	-82	-82	0	0	-91	-89	-88	0	-89	-89	-89	-54	0	0	-94	-92	-93	0	0	-90	0	0	0	0	0	0	0	0	0	0	0	0	0	0	0	0	0	0	0	0	0	0	0	0	-88	0	0	-88	0	0	0	0	0	0	0	0	0	0	0	-63	0	0	0	0	0	0	0	0	0	0	0	0	0	0	0	0	0	0	0	0	0	0	0	0	0	0	0	0	0	0	0	4473	-3131	2584	23434	-7961	-122	-22	978	179	-1	-1	0	-21	964	176	1606974619
0	-46	0	-53	0	-55	-67	-75	-71	0	-71	-71	-75	-67	0	0	0	-82	-82	-82	0	0	-83	-83	0	0	-91	-88	-91	0	-89	-88	-90	-55	-62	0	-93	0	-93	0	0	0	0	0	0	0	0	0	0	0	0	-91	0	0	0	0	0	0	0	-94	0	0	-95	0	0	0	0	0	0	-88	0	0	0	0	0	0	0	0	0	0	0	-64	0	0	0	0	0	0	0	0	0	0	0	0	0	0	0	0	0	0	0	0	0	0	0	0	0	0	0	0	0	0	0	4383	-3116	2621	23433	-7957	-122	-22	978	178	-1	-1	-1	-21	964	177	1606974621
-49	0	-53	-54	-53	-65	-68	-67	-79	-70	-79	-78	-79	-68	0	-87	0	-87	-86	-86	0	0	-87	-88	0	0	-92	-88	-89	0	-89	-89	-89	-59	0	0	0	0	0	-94	0	-86	0	0	0	0	-83	0	0	0	0	-91	0	0	0	0	0	0	0	0	0	0	0	0	0	0	0	0	0	0	0	0	0	0	0	0	0	0	0	0	0	0	0	0	0	0	0	0	0	0	0	0	0	0	0	0	0	0	0	0	0	0	0	0	0	0	0	0	0	0	0	0	0	4398	-3116	2621	23433	-7958	-122	-21	977	179	-1	-1	-1	-21	964	177	1606974623
-49	-48	-50	-52	-53	0	-73	-68	-78	-70	-78	-78	-78	-74	0	0	0	-85	-86	-87	0	0	-87	-86	0	0	-89	-89	-91	0	-89	-89	-89	-59	0	0	0	0	0	0	0	0	0	0	0	0	0	0	0	0	0	0	0	0	0	0	0	0	0	0	0	0	0	0	0	0	0	0	0	-90	0	0	0	0	0	0	0	0	0	0	0	-63	0	0	0	0	0	0	0	0	0	0	0	0	0	0	0	0	0	0	0	0	0	0	0	0	0	0	0	0	0	0	0	4398	-3131	2599	23434	-7960	-122	-23	977	178	-1	-1	0	-21	964	177	1606974624
-50	0	-51	-53	-53	0	-75	-75	-79	-71	-79	-78	-78	-69	0	-86	0	-86	-86	-86	0	0	-86	-86	0	0	-90	-89	-88	0	-89	-88	-89	-58	0	0	0	0	0	0	0	0	0	0	0	0	0	0	0	0	0	0	0	0	0	0	0	0	0	0	0	0	0	0	0	0	0	0	0	-88	0	0	0	0	0	0	0	0	0	0	0	-70	0	0	0	0	0	0	0	0	0	0	0	0	0	0	0	0	0	0	0	0	0	0	0	0	0	0	0	0	0	0	0	4428	-3131	2584	23433	-7957	-122	-21	977	179	-1	-1	-1	-21	964	177	1606974626
-52	-58	-49	-53	-53	0	-67	-74	-78	0	0	-78	-78	-75	0	-86	0	-86	-86	-86	0	0	-87	-87	0	0	-88	-89	-88	0	-88	-88	-88	-58	-63	0	0	0	0	-94	0	0	0	0	0	0	0	0	0	0	0	0	0	0	0	0	0	0	0	-94	0	-86	0	-86	-86	0	0	0	0	-89	-83	0	0	0	0	0	0	0	0	0	0	0	0	0	0	0	0	0	0	0	0	0	0	0	0	0	0	0	0	0	0	0	0	0	0	0	0	0	0	0	0	0	0	4428	-3161	2622	23433	-7958	-123	-22	977	179	-1	-1	-1	-21	964	177	1606974627
-49	-58	-50	0	-53	0	0	0	-69	-71	-71	-68	-75	0	0	-85	0	-82	-82	-82	0	0	-82	-82	0	0	-89	-89	-89	0	-88	-89	-89	-55	0	0	-94	0	-94	0	0	-86	0	0	0	0	0	0	0	0	0	-94	0	0	0	0	0	0	0	0	0	0	0	0	0	0	0	0	0	0	0	0	0	0	0	0	0	0	0	0	0	0	0	0	0	0	0	0	0	0	0	0	0	0	0	0	0	0	0	0	0	0	0	0	0	0	0	0	0	0	0	0	0	4398	-3131	2637	23434	-7961	-122	-21	978	179	-1	-1	-1	-21	964	176	1606974629
0	-56	-52	-52	-53	-53	-68	0	-71	0	-68	-71	-74	-74	0	-85	0	-81	-82	-82	0	0	-82	-82	0	0	-88	-87	-89	0	-88	-88	-88	-54	0	0	0	0	-95	0	0	0	0	0	0	0	-90	-86	0	0	-89	0	0	0	-94	0	0	0	0	0	0	0	-92	0	0	0	0	0	0	0	0	0	0	0	0	0	0	0	0	0	0	-67	0	0	0	0	0	0	0	0	0	0	0	0	0	0	0	0	0	0	0	0	0	0	0	0	0	0	0	0	0	0	0	4383	-3146	2622	23434	-7959	-123	-22	978	179	-1	-1	-1	-21	964	177	1606974630
0	-48	-53	-54	0	-53	-73	-68	-69	0	-68	-69	-75	-68	0	0	-80	-82	-82	-81	0	0	-83	-83	0	0	0	-89	-90	0	-88	-91	-88	-56	-63	0	-95	-95	-95	0	0	0	0	0	0	0	0	0	0	0	0	0	0	0	0	0	0	0	0	0	0	0	0	0	0	0	0	0	0	-92	0	0	0	0	0	0	0	0	0	0	0	-68	0	0	0	0	0	0	0	0	0	0	0	0	0	0	0	0	0	0	0	0	0	0	0	0	0	0	0	0	0	0	0	4391	-3131	2622	23433	-7957	-123	-21	977	179	-1	-1	-1	-22	964	177	1606974632
-52	-49	-52	-53	-53	-53	-67	-74	-69	-70	-69	-69	-75	-73	0	0	-79	-82	-83	-82	-81	-79	-83	-82	-79	-79	-89	-89	-89	0	-88	-89	-88	-56	0	0	-94	-93	-93	-95	0	0	0	0	0	0	0	0	0	0	0	0	0	0	0	0	0	0	0	0	0	0	0	0	0	0	-89	0	0	0	0	0	0	0	0	0	0	0	0	0	0	-62	0	0	0	0	0	0	0	0	0	0	0	0	0	0	0	0	0	0	0	0	0	0	0	0	0	0	0	0	0	0	0	4473	-3153	2592	23436	-7963	-122	-22	978	177	-1	-1	0	-21	964	176	1606974633
-49	-57	-52	0	-52	0	0	0	-69	0	-69	-68	-75	0	0	0	0	-81	-82	-82	-79	-77	-83	-82	0	0	-89	-89	-89	0	-91	-89	-88	-56	0	0	0	0	-93	-94	0	0	0	0	0	0	0	0	0	0	0	-94	0	0	0	0	0	0	0	0	0	0	0	0	0	0	0	0	0	0	0	0	0	0	0	0	0	0	0	0	0	-62	0	0	0	0	0	0	0	0	0	0	0	0	0	0	0	0	0	0	0	0	0	0	0	0	0	0	0	0	0	0	0	4428	-3161	2592	23433	-7956	-121	-21	978	179	-1	-1	0	-21	964	177	1606974635
-49	0	-50	-53	-53	-54	-67	-77	-70	0	-69	-68	-74	-68	0	0	0	-82	-82	-82	0	0	-83	-83	0	0	-89	-89	-90	0	-87	-88	-88	-55	0	0	-96	0	-94	-94	0	-86	0	0	0	0	0	0	0	0	0	0	0	0	0	0	0	0	0	0	0	0	0	0	0	0	0	0	0	0	0	0	0	0	0	0	0	0	0	0	0	-62	0	0	0	0	0	0	0	0	0	0	0	0	0	0	0	0	0	0	0	0	0	0	0	0	0	0	0	0	0	0	0	4398	-3131	2592	23433	-7957	-122	-22	978	179	-1	0	0	-21	964	177	1606974637
-52	-48	-51	-54	-52	0	0	-67	-78	-70	-78	-79	-78	-75	0	0	0	-85	-87	-87	0	-78	-86	-85	0	0	-91	-88	-89	0	-89	-88	-88	-58	0	0	0	-95	0	0	0	0	0	0	0	0	0	0	0	0	0	0	0	0	0	0	0	0	0	0	0	0	0	0	0	0	0	0	0	0	0	0	0	0	0	0	0	0	0	0	0	0	0	0	0	0	0	0	0	0	0	0	0	0	0	0	0	0	0	0	0	0	0	0	0	0	0	0	0	0	0	0	0	4436	-3191	2577	23434	-7958	-122	-21	978	178	-1	-1	0	-21	964	177	1606974638
-51	-58	0	-53	-54	0	-67	-76	-79	0	-78	-79	0	-74	0	0	0	-87	-87	-85	0	-80	-86	-86	0	0	-90	-89	-88	0	-89	-88	-88	-59	0	0	0	0	0	-96	0	0	0	0	0	0	0	0	0	0	0	0	0	0	0	0	0	0	0	0	0	0	0	0	0	0	0	0	0	0	0	0	0	0	0	0	0	0	0	0	0	-63	0	0	0	0	0	0	0	0	0	0	0	0	0	0	0	0	0	0	0	0	0	0	0	0	0	0	0	0	0	0	0	4428	-3056	2621	23433	-7956	-122	-21	978	179	-1	-1	-1	-21	964	177	1606974640
-49	-46	-50	-53	-53	0	-67	-75	-69	-71	-72	-71	-74	-75	0	-87	0	-82	-82	-83	0	0	-82	-83	0	0	0	0	0	0	0	0	0	-55	-62	0	-93	-94	-93	0	0	0	0	0	0	0	0	0	0	0	0	0	0	0	0	0	-86	0	0	0	0	-88	0	0	-87	0	0	0	0	0	0	0	0	0	0	0	0	0	0	0	0	-63	0	0	0	0	0	0	0	0	0	0	0	0	0	0	0	0	0	0	0	0	0	0	0	0	0	0	0	0	0	0	0	4443	-3161	2592	23432	-7956	-123	-21	977	180	-1	-1	-1	-21	964	177	1606974641
-49	-46	-52	-53	-54	-65	-74	0	-77	-71	-77	-77	-78	-66	0	0	-79	-85	-85	-87	-79	-79	-86	-87	-79	-81	-90	-89	-88	0	-89	-88	-89	-60	0	0	0	0	0	0	0	-87	0	0	0	0	0	0	0	0	-88	-92	0	0	0	0	0	0	0	0	0	0	0	0	0	0	0	0	0	0	0	0	0	0	0	0	0	0	0	0	0	-65	0	0	0	0	0	0	0	0	0	0	0	0	0	0	0	0	0	0	0	0	0	0	0	0	0	0	0	0	0	0	0	4398	-3071	2621	23435	-7961	-121	-21	978	178	0	-1	-1	-21	964	176	1606974643
-49	-47	-52	-52	-54	-53	-66	0	-69	-71	-69	-69	-75	-66	0	0	-79	-81	-82	-82	0	-79	-82	-82	-78	0	-90	-88	-88	0	-88	-89	-89	-54	0	0	-94	-94	-95	-94	0	-86	0	-88	0	0	0	0	0	0	0	0	0	0	0	0	0	0	0	-94	0	0	0	0	0	0	0	0	0	-91	0	0	0	0	0	0	0	0	0	0	0	-65	0	0	0	0	0	0	0	0	0	0	0	0	0	0	0	0	0	0	0	0	0	0	0	0	0	0	0	0	0	0	0	4436	-3146	2614	23433	-7957	-122	-22	977	179	-1	-1	0	-21	964	177	1606974645
-49	-48	-52	-54	-53	0	-77	-75	-77	0	-77	-78	-79	-76	0	-85	0	-86	-88	-86	0	-81	-88	-88	0	0	-92	-89	-89	0	-89	-88	-88	-59	0	0	0	0	0	-96	0	-85	0	0	0	0	0	0	0	0	0	0	0	0	0	0	0	0	0	0	0	0	0	0	0	0	0	0	0	0	0	0	0	0	0	0	0	0	0	0	0	-65	0	0	0	0	0	0	0	0	0	0	0	0	0	0	0	0	0	0	0	0	0	0	0	0	0	0	0	0	0	0	0	4383	-3130	2532	23432	-7956	-123	-21	977	179	-1	-1	-1	-21	964	177	1606974646
-49	-59	-53	-53	-53	-65	-75	-76	-78	0	-78	-78	-78	-75	0	0	-80	-86	-87	-86	-80	-79	-87	-86	0	-79	-92	-89	-88	0	-88	-88	-89	-58	0	0	-95	0	0	0	0	-88	0	0	0	0	0	0	0	0	0	0	0	0	0	0	0	0	0	0	0	0	0	0	0	0	0	0	0	0	0	0	0	0	0	0	0	0	0	0	0	-65	0	0	0	0	0	0	0	0	0	0	0	0	0	0	0	0	0	0	0	0	0	0	0	0	0	0	0	0	0	0	0	4398	-3116	2621	23433	-7958	-122	-21	978	178	0	-1	0	-21	964	177	1606974648
-49	0	-54	0	-53	0	0	0	0	-71	-70	-71	-74	0	0	0	0	-82	-83	-83	0	0	-82	-82	0	0	-90	-89	-89	0	-88	-88	-89	-54	0	0	0	-92	-92	0	0	0	0	0	0	0	0	0	0	0	0	0	0	0	0	0	0	0	0	0	0	0	0	0	0	0	-89	0	0	-90	0	0	0	0	0	0	0	0	0	0	0	-68	0	0	0	0	0	0	0	0	0	0	0	0	0	0	0	0	0	0	0	0	0	0	0	0	0	0	0	0	0	0	0	4398	-3161	2637	23433	-7958	-123	-23	978	179	-1	-1	-1	-22	964	177	1606974649
-50	-48	0	-52	-52	-53	-67	0	-71	-71	-70	-71	-74	0	0	0	0	-81	-82	-82	0	-78	-82	-82	0	0	-92	-88	-89	0	-89	-88	-89	-55	0	0	0	0	-95	-94	0	-88	-88	0	0	0	-89	0	0	0	-89	0	0	0	-94	0	0	0	0	0	0	0	-94	0	0	0	0	0	0	0	0	0	0	0	0	0	0	0	0	0	0	-64	0	0	0	0	0	0	0	0	0	0	0	0	0	0	0	0	0	0	0	0	0	0	0	0	0	0	0	0	0	0	0	4398	-3116	2636	23434	-7958	-122	-21	978	179	-1	-1	0	-21	964	177	1606974651
-49	-47	0	-54	-53	0	-75	-75	-77	-71	-78	-78	-78	-75	0	0	-80	-87	-87	-87	-78	-79	-87	-86	-78	-80	0	-89	-89	0	-88	-89	-88	-57	0	0	-95	0	0	0	0	0	-90	0	0	0	-88	-85	0	0	0	0	0	0	0	0	0	0	0	0	0	0	0	0	0	0	0	0	0	-89	0	0	0	0	0	0	0	0	0	0	0	-62	0	0	0	0	0	0	0	0	0	0	0	0	0	0	0	0	0	0	0	0	0	0	0	0	0	0	0	0	0	0	0	4443	-3146	2622	23434	-7958	-122	-22	978	177	0	-1	0	-21	964	177	1606974653
-49	-57	-56	-53	-53	-65	-74	-66	-77	-71	-78	-77	-78	-75	0	-86	0	-86	-87	-86	0	-78	-85	-87	0	0	0	-88	-89	0	-90	-88	-89	-59	0	0	-97	0	-94	0	0	-87	0	0	0	0	0	0	0	0	0	0	0	0	0	0	0	0	-68	0	0	0	0	0	0	0	0	0	0	0	0	0	0	0	0	0	0	0	0	0	0	0	0	0	0	0	0	0	0	0	0	0	0	0	0	0	0	0	0	0	0	0	0	0	0	0	0	0	0	0	0	0	0	4391	-3146	2637	23434	-7959	-121	-22	977	179	-1	-1	0	-21	964	177	1606974654
-48	-48	-53	0	-53	0	0	0	-71	-72	-69	-71	-74	0	0	-86	0	-82	-82	-82	0	-80	-82	-82	0	0	-91	-89	-88	0	-88	-89	-88	-56	0	0	-94	-95	0	0	0	0	-89	0	-88	0	-86	0	0	0	-89	0	0	0	0	0	0	0	0	0	0	0	0	0	0	0	0	0	0	-90	0	0	0	0	0	0	0	0	0	0	0	-68	0	0	0	0	0	0	0	0	0	0	0	0	0	0	0	0	0	0	0	0	0	0	0	0	0	0	0	0	0	0	0	4435	-3056	2562	23433	-7956	-122	-22	977	180	-1	-1	0	-21	964	177	1606974656
-50	-49	-52	-53	-54	-66	-73	-67	-79	-72	-78	-78	-79	-66	0	-87	0	-86	-87	-86	0	-79	-87	-86	0	0	-92	-88	-88	0	-88	-89	-88	-58	0	0	0	-93	0	-93	0	0	0	0	0	0	0	0	0	0	0	0	0	-90	0	0	0	0	0	0	0	0	0	0	0	0	0	0	0	0	0	0	0	0	0	0	0	0	0	0	0	0	0	0	0	0	0	0	0	0	0	0	0	0	0	0	0	0	0	0	0	0	0	0	0	0	0	0	0	0	0	0	0	4391	-3138	2622	23434	-7959	-122	-22	978	179	-1	-1	0	-21	964	177	1606974658
-49	-58	-53	-54	-54	0	0	0	-71	-71	-71	-71	-74	-67	0	0	0	-82	-82	-82	0	0	-83	-82	0	0	-90	-88	-88	0	-88	-88	-88	-55	0	0	0	-93	-93	-94	0	-87	0	0	0	0	0	0	0	0	0	0	0	0	0	0	0	0	0	0	0	0	-95	0	0	0	0	0	0	0	0	0	0	0	0	0	0	0	0	0	0	0	0	0	0	0	0	0	0	0	0	0	0	0	0	0	0	0	0	0	0	0	0	0	0	0	0	0	0	0	0	0	0	4428	-3161	2577	23433	-7958	-122	-22	977	179	-1	0	-1	-21	964	177	1606974659
0	-58	-53	-52	0	-65	-66	-75	-78	-71	-78	-78	-78	-67	0	-86	0	-87	-86	-87	0	-82	-88	-86	0	0	-91	-87	-89	0	-89	-90	-90	-58	0	0	-95	0	0	-92	0	0	0	0	0	0	0	0	0	0	0	0	0	0	0	0	0	0	0	0	0	0	0	0	0	0	0	0	0	0	0	0	0	0	0	0	0	0	0	0	0	-65	0	0	0	0	0	0	0	0	0	0	0	0	0	0	0	0	0	0	0	0	0	0	0	0	0	0	0	0	0	0	0	4428	-3131	2607	23433	-7957	-122	-22	977	180	-1	0	0	-21	964	177	1606974661
-46	-48	-53	-53	-53	-65	-75	-66	-77	-71	-77	-77	-78	-73	0	0	0	-87	-87	-87	0	-80	-87	-87	0	0	-89	-87	-89	0	-88	-88	-88	-58	0	0	0	-93	0	0	0	0	0	0	0	0	0	0	0	0	0	0	0	-90	0	0	0	0	0	0	0	0	0	0	0	0	0	0	0	-87	0	0	0	0	0	0	0	0	0	0	0	-62	0	0	0	0	0	0	0	0	0	0	0	0	0	0	0	0	0	0	0	0	0	0	0	0	0	0	0	0	0	0	0	4428	-3191	2577	23433	-7957	-122	-22	977	179	0	-1	-1	-21	964	177	1606974663
0	-48	-55	-52	-53	-54	-75	-67	-71	-70	-72	-71	-74	-67	0	-87	0	-81	-83	-82	0	-81	-82	-82	0	0	-89	-88	-88	0	-88	-88	-91	-54	0	0	0	-95	-95	-96	0	0	0	-89	0	0	0	0	0	0	0	0	0	0	0	0	0	0	0	0	0	-86	0	-86	-86	0	0	0	0	0	0	0	0	0	0	0	0	0	0	0	0	-70	0	0	0	0	0	0	0	0	0	0	0	0	0	0	0	0	0	0	0	0	0	0	0	0	0	0	0	0	0	0	0	4428	-3071	2569	23434	-7960	-123	-22	978	179	-1	-1	-1	-21	964	177	1606974664
0	0	-55	-53	0	-65	-67	-66	-79	0	-78	-78	-78	-75	0	-88	0	-85	-86	-87	0	-81	-86	-87	0	0	-90	-88	-89	0	-89	-87	-88	-57	0	0	-94	-94	0	0	0	0	0	0	0	0	0	0	0	0	0	-93	0	0	0	0	0	0	0	0	0	0	0	0	0	0	0	0	0	0	0	0	0	0	0	0	0	0	0	0	0	-68	0	0	0	0	0	0	0	0	0	0	0	0	0	0	0	0	0	0	0	0	0	0	0	0	0	0	0	0	0	0	0	4398	-3131	2637	23434	-7958	-122	-22	978	179	0	0	-1	-21	964	177	1606974666
-50	-50	0	-53	-53	-53	0	-66	-71	-71	-71	-68	-74	-75	0	0	0	-82	-83	-81	0	0	-83	-82	0	0	-91	-88	-89	0	0	-89	-88	-55	0	0	-93	0	-93	0	0	0	0	0	0	0	0	0	0	0	0	0	0	0	0	0	0	0	0	0	0	0	0	0	0	0	0	0	0	0	0	0	0	0	0	0	0	0	0	0	0	-67	0	0	0	0	0	0	0	0	0	0	0	0	0	0	0	0	0	0	0	0	0	0	0	0	0	0	0	0	0	0	0	4443	-3116	2562	23433	-7958	-122	-21	978	179	-1	-1	-1	-21	964	177	1606974667
-46	-49	-58	-52	-53	-54	-75	-74	-70	0	-69	-69	-74	-74	0	0	0	-81	-82	-82	0	-83	-82	-83	0	0	-91	-87	-88	0	-89	-89	-88	-54	0	0	-94	-93	0	-93	0	-86	0	0	0	0	0	0	0	0	0	0	0	0	0	0	0	0	0	0	0	0	0	0	0	0	0	0	0	0	0	0	0	0	0	0	0	0	0	0	0	-67	0	0	0	0	0	0	0	0	0	0	0	0	0	0	0	0	0	0	0	0	0	0	0	0	0	0	0	0	0	0	0	4428	-3131	2622	23435	-7963	-122	-22	978	179	-1	-1	-1	-21	964	176	1606974669
-51	-50	-58	0	-53	-65	0	-67	-77	-71	-79	-79	-78	0	0	-82	-80	-87	-86	-86	-81	-82	-88	-86	-81	-81	-90	-88	-88	0	-90	-87	-88	-57	0	0	-95	0	0	0	0	0	0	-87	0	0	0	0	0	0	0	0	0	0	0	0	-86	0	0	0	0	-86	0	0	-86	0	0	0	0	0	0	0	0	0	0	0	0	0	0	0	0	-66	0	0	0	0	0	0	0	0	0	0	0	0	0	0	0	0	0	0	0	0	0	0	0	0	0	0	0	0	0	0	0	4451	-3146	2592	23433	-7957	-122	-22	978	179	0	-1	-1	-21	964	177	1606974671
-49	-49	-57	-52	-53	-65	-67	-66	-77	-71	-78	-79	-78	-74	0	0	-82	-87	-89	-89	-81	-80	-85	-87	-81	-81	-89	-89	-89	0	-87	-89	-88	-58	0	0	-95	0	0	-94	0	0	0	0	0	0	0	0	0	0	0	0	0	0	0	0	0	0	0	0	0	0	0	0	0	0	0	0	0	0	0	0	0	0	0	0	0	0	0	0	0	-65	0	0	0	0	0	0	0	0	0	0	0	0	0	0	0	0	0	0	0	0	0	0	0	0	0	0	0	0	0	0	0	4443	-3108	2592	23434	-7959	-122	-21	978	179	-1	-1	0	-21	964	177	1606974672
-50	-48	0	-53	-53	-53	-67	-67	-71	-71	-71	-71	-74	-67	0	0	0	-81	-83	-82	0	-81	-82	-82	0	0	-91	-88	-88	0	-88	-89	-88	-55	0	0	-93	0	-93	0	0	0	0	0	0	0	0	0	0	0	0	0	0	0	0	0	0	0	0	0	0	0	-95	0	0	0	0	0	0	0	0	0	0	0	0	0	0	0	0	0	0	-65	0	0	0	0	0	0	0	0	0	0	0	0	0	0	0	0	0	0	0	0	0	0	0	0	0	0	0	0	0	0	0	4428	-3101	2547	23435	-7962	-122	-22	978	178	-1	-1	0	-21	964	176	1606974674
-51	-59	-58	-52	-53	0	-67	-67	-68	0	-69	-69	-74	-76	0	0	-81	-82	-82	-82	-82	-80	-81	-82	-82	-81	-91	-88	-89	0	-90	-88	-88	-53	0	0	-96	0	0	0	0	0	0	0	0	0	0	0	0	0	0	0	0	0	0	0	0	0	0	0	0	0	0	0	0	0	0	0	0	-89	0	0	0	0	0	0	0	0	0	0	0	-69	0	0	0	0	0	0	0	0	0	0	0	0	0	0	0	0	0	0	0	0	0	0	0	0	0	0	0	0	0	0	0	4398	-3116	2621	23434	-7959	-122	-21	977	179	-1	-1	0	-21	964	177	1606974676
-52	-59	-58	-53	-54	-65	-67	-74	-78	0	-78	-78	-79	-74	0	0	0	-86	-86	-86	0	-83	-86	-86	0	0	-89	-88	-88	0	-89	-88	-88	-57	-62	0	-94	0	0	0	0	-87	0	0	0	0	0	-85	0	0	0	0	0	0	0	0	0	0	0	0	0	0	0	0	0	0	0	0	0	-89	0	0	0	0	0	0	0	0	0	0	0	-70	0	0	0	0	0	0	0	0	0	0	0	0	0	0	0	0	0	0	0	0	0	0	0	0	0	0	0	0	0	0	0	4421	-3101	2621	23433	-7956	-122	-22	977	179	-1	-1	-1	-21	964	177	1606974677
-52	-50	-58	-52	-53	-53	-67	-67	-70	-72	-71	-69	-74	-75	0	0	0	-81	-82	-82	0	0	-82	-81	0	0	-89	-91	-88	0	-87	-89	-89	-53	0	0	-94	-94	-94	0	0	-87	0	0	0	0	-86	0	0	0	0	0	0	0	-93	0	0	0	0	0	0	0	0	0	0	0	0	0	0	0	0	0	0	0	0	0	0	0	0	0	0	-71	0	0	0	0	0	0	0	0	0	0	0	0	0	0	0	0	0	0	0	0	0	0	0	0	0	0	0	0	0	0	0	4481	-3124	2592	23436	-7964	-123	-22	978	177	-1	-1	0	-21	964	176	1606974679
-51	-50	-57	-51	-53	0	-67	-67	-69	-71	-70	-69	-74	-74	0	0	0	-81	-83	-81	0	-83	-82	-83	0	0	-90	-88	-89	0	-89	-88	-89	-53	-63	0	-96	0	-93	-94	0	0	0	0	0	0	0	0	0	0	0	0	0	0	0	0	0	0	0	0	0	0	0	0	0	0	0	0	0	0	0	0	0	0	0	0	0	0	0	0	0	0	0	0	0	0	0	0	0	0	0	0	0	0	0	0	0	0	0	0	0	0	0	0	0	0	0	0	0	0	0	0	0	4398	-3146	2637	23433	-7957	-122	-22	978	179	-1	-1	0	-21	964	177	1606974680
-49	-48	-57	-52	-53	-54	-67	-74	-71	-71	-71	-69	-74	-68	0	0	-79	-81	-82	-82	-82	-79	-82	-82	-81	-79	-90	-87	-89	0	-88	-88	-88	-53	0	0	0	0	-94	-96	0	0	0	0	0	0	0	0	0	0	0	0	0	0	0	0	0	0	0	0	0	0	0	0	0	0	0	0	0	0	0	0	0	0	0	0	0	0	0	0	0	-64	0	0	0	0	0	0	0	0	0	0	0	0	0	0	0	0	0	0	0	0	0	0	0	0	0	0	0	0	0	0	0	4382	-3048	2561	23433	-7958	-122	-22	978	179	-1	0	0	-21	964	177	1606974682
-49	-48	-58	-53	-54	-54	-68	-73	-71	-72	-70	-71	-74	-73	0	0	0	-81	-82	-82	-82	-81	-81	-82	-81	-80	-90	-89	-88	0	-89	-87	-89	-54	0	0	-93	0	-94	0	0	-86	0	0	0	0	0	0	0	0	0	0	0	0	-93	0	0	0	0	0	0	0	-95	0	0	0	0	0	0	0	0	0	0	0	0	0	0	0	0	0	0	-66	0	0	0	0	0	0	0	0	0	0	0	0	0	0	0	0	0	0	0	0	0	0	0	0	0	0	0	0	0	0	0	4398	-3161	2651	23434	-7960	-122	-22	978	178	-1	-1	-1	-21	964	177	1606974683
-51	-60	-58	-52	0	-55	-67	-67	-69	0	-71	-72	-75	-74	0	0	0	-81	-81	-81	-80	-81	-82	-82	-82	-81	0	-87	-89	0	-88	-87	-89	-55	0	0	0	-95	-95	0	0	0	0	-86	0	0	0	0	0	0	0	0	0	0	0	0	0	0	0	0	0	0	0	0	0	0	0	0	0	0	0	0	0	0	0	0	0	0	0	0	0	-67	0	0	0	0	0	0	0	0	0	0	0	0	0	0	0	0	0	0	0	0	0	0	0	0	0	0	0	0	0	0	0	4398	-3123	2651	23434	-7960	-122	-21	978	178	-1	0	-1	-21	964	177	1606974685
-49	-49	-60	-53	-52	-65	-67	-68	-78	-70	-78	-78	-78	-67	0	-85	0	-86	-86	-87	0	0	-86	-87	0	0	-91	-88	-89	0	-89	-88	-89	-58	0	0	0	-95	0	-95	0	0	0	0	0	0	0	0	0	0	0	0	0	0	0	0	0	0	0	0	0	0	0	0	0	0	0	0	0	-90	0	0	0	0	0	0	0	0	0	0	0	-70	0	0	0	0	0	0	0	0	0	0	0	0	0	0	0	0	0	0	0	0	0	0	0	0	0	0	0	0	0	0	0	4428	-3138	2637	23433	-7957	-122	-21	977	179	-1	-1	-1	-21	964	177	1606974687
0	0	-59	0	-53	-54	0	0	-68	-71	-72	-70	-74	0	0	0	0	-82	-83	-81	0	-80	-83	-82	0	0	-93	-88	-87	0	-88	-90	-88	-53	-61	0	0	-94	0	-94	0	0	0	0	0	0	0	0	0	0	0	0	0	0	-96	0	0	0	0	0	0	0	0	0	0	0	0	0	0	0	-86	0	0	0	0	0	0	0	0	0	0	-65	0	0	0	0	0	0	0	0	0	0	0	0	0	0	0	0	0	0	0	0	0	0	0	0	0	0	0	0	0	0	0	4428	-3146	2622	23433	-7958	-122	-21	978	179	-1	-1	-1	-21	964	177	1606974688
0	-60	-59	0	0	-65	-67	-67	-77	-71	-79	-78	-79	-67	0	-86	-78	-86	-88	-86	-79	-80	-86	-87	-78	-80	-90	-88	-88	0	-88	-89	-88	-58	0	0	0	0	0	0	0	0	0	0	0	0	0	0	0	0	0	0	0	0	0	0	0	0	0	0	0	0	0	0	0	0	0	0	0	0	0	0	0	0	0	0	0	0	0	0	0	-67	0	0	0	0	0	0	0	0	0	0	0	0	0	0	0	0	0	0	0	0	0	0	0	0	0	0	0	0	0	0	0	4428	-3146	2569	23434	-7960	-122	-21	978	178	-1	-1	-1	-21	964	177	1606974690
-51	-60	-59	-52	-53	-65	-68	-75	-78	-71	-78	-78	-78	-76	0	-85	0	-86	-87	-86	0	-77	-86	-86	0	0	-92	-89	-91	0	-90	-89	-88	-57	0	0	0	-94	0	0	0	0	0	0	0	0	0	0	0	0	0	-92	0	-90	0	0	0	0	0	0	0	0	0	0	0	0	0	0	0	0	0	0	0	0	0	0	0	0	0	0	0	-68	0	0	0	0	0	0	0	0	0	0	0	0	0	0	0	0	0	0	0	0	0	0	0	0	0	0	0	0	0	0	0	4421	-3116	2606	23433	-7958	-122	-20	978	180	-1	-1	-1	-21	964	177	1606974691
-48	-49	-58	-51	-54	-54	-75	-68	-71	-71	-70	-72	-74	-75	0	0	-78	-81	-82	-82	-80	-70	-82	-82	-79	-79	-90	-88	-87	0	-89	-88	-89	-55	0	0	-95	0	-94	0	0	-88	0	0	0	0	0	0	0	0	0	0	0	0	0	0	0	0	0	0	0	0	0	0	0	0	0	0	0	0	0	0	0	0	0	0	0	0	0	0	0	-67	0	0	0	0	0	0	0	0	0	0	0	0	0	0	0	0	0	0	0	0	0	0	0	0	0	0	0	0	0	0	0	4398	-3146	2592	23434	-7959	-122	-22	977	178	-1	0	-1	-21	964	177	1606974693
-50	-62	-54	-53	-54	-65	-68	0	-77	-71	-77	-78	-78	0	0	0	0	-85	-86	-87	0	-79	-87	-86	0	0	-90	-88	-88	0	-88	-89	-89	-58	0	0	-94	-95	0	0	0	0	0	0	0	0	0	0	0	0	-88	-92	0	0	0	0	0	0	0	0	0	0	0	0	0	0	0	0	0	0	0	0	0	0	0	0	0	0	0	0	0	-67	0	0	0	0	0	0	0	0	0	0	0	0	0	0	0	0	0	0	0	0	0	0	0	0	0	0	0	0	0	0	0	4428	-3116	2621	23435	-7960	-122	-22	978	179	-1	-1	0	-21	964	177	1606974695
-52	-62	-54	-53	-54	-54	-68	-75	-70	0	-69	-69	-75	-76	0	0	-79	-82	-82	-82	-78	-79	-83	-82	-78	-78	-91	-88	-86	0	-88	-88	-88	-55	0	0	-93	0	-94	0	0	-88	0	0	0	0	0	0	0	0	0	0	0	0	-94	0	0	0	0	0	0	0	0	0	0	0	0	0	0	-87	0	0	0	0	0	0	0	0	0	0	0	-65	0	0	0	0	0	0	0	0	0	0	0	0	0	0	0	0	0	0	0	0	0	0	0	0	0	0	0	0	0	0	0	4398	-3131	2637	23434	-7960	-123	-22	977	179	0	-1	0	-21	964	177	1606974696
0	-60	-51	-53	0	-53	-67	-68	-71	-71	-69	-71	-74	-76	0	0	-79	-82	-82	-82	-80	-79	-82	-82	-79	-79	0	-89	-88	0	-88	-88	-89	-54	0	0	0	-94	-95	0	0	0	0	0	0	0	0	0	0	0	0	0	0	0	0	0	0	0	0	0	0	0	0	0	0	0	0	0	0	0	0	0	0	0	0	0	0	0	0	0	0	-65	0	0	0	0	0	0	0	0	0	0	0	0	0	0	0	0	0	0	0	0	0	0	0	0	0	0	0	0	0	0	0	4398	-3131	2592	23433	-7957	-122	-21	978	179	-1	-1	-1	-21	964	177	1606974698
-51	-48	-51	0	-54	0	0	-75	-69	-72	-69	-69	-74	0	0	0	-80	-82	-82	-82	0	-71	-82	-82	0	0	-93	-88	-90	0	-88	-90	-89	-56	0	0	-94	0	0	0	0	0	0	0	0	0	0	0	0	-90	0	0	0	0	0	0	0	0	0	0	0	0	0	0	0	0	0	0	0	0	0	0	0	0	0	0	0	0	0	0	0	-68	0	0	0	0	0	0	0	0	0	0	0	0	0	0	0	0	0	0	0	0	0	0	0	0	0	0	0	0	0	0	0	4376	-3123	2636	23435	-7963	-122	-21	977	178	-1	0	-1	-21	964	176	1606974699
-51	-62	-52	-53	-55	-66	-74	-66	-78	-72	-77	-78	-79	-75	0	-87	0	-87	-88	-86	0	-82	-88	-86	0	0	-89	-89	-90	0	-88	-89	-88	-57	0	0	0	-94	0	0	0	0	0	0	0	0	-88	0	0	0	-88	0	0	0	0	0	0	0	0	0	0	0	0	0	0	0	0	0	0	-89	0	0	0	0	0	0	0	0	0	0	0	-66	0	0	0	0	0	0	0	0	0	0	0	0	0	0	0	0	0	0	0	0	0	0	0	0	0	0	0	0	0	0	0	4383	-3115	2562	23433	-7957	-123	-22	978	179	-1	-1	-1	-21	964	177	1606974701
-46	-48	-53	-53	-54	-65	-75	0	-79	0	-79	-77	-79	0	0	0	-80	-86	-87	-86	-83	-83	-86	-86	-82	-82	-91	-89	-88	0	-88	-88	-89	-58	0	0	-96	0	0	-95	0	-88	-91	0	0	0	-89	0	0	0	-87	0	0	0	0	0	0	0	0	0	0	0	0	0	0	0	0	0	0	0	0	0	0	0	0	0	0	0	0	0	0	-65	0	0	0	0	0	0	0	0	0	0	0	0	0	0	0	0	0	0	0	0	0	0	0	0	0	0	0	0	0	0	0	4435	-3101	2577	23434	-7960	-122	-22	977	179	-1	-1	-1	-21	964	177	1606974703
0	-62	-53	0	0	-54	0	-66	-71	-72	-69	-71	-75	0	0	0	0	-82	-82	-82	0	-83	-82	-82	0	0	0	-88	-88	0	-87	-88	-88	-56	-64	0	0	-94	-95	-94	0	0	0	0	0	0	0	0	0	0	0	0	0	0	0	0	0	0	0	-92	0	0	0	0	0	0	0	0	0	0	-84	0	0	0	0	0	0	0	0	0	0	-65	0	0	0	0	0	0	0	0	0	0	0	0	0	0	0	0	0	0	0	0	0	0	0	0	0	0	0	0	0	0	0	4398	-3146	2637	23435	-7962	-122	-22	978	178	-1	-1	0	-21	964	176	1606974704
-50	-61	-53	-54	-55	-65	-67	-76	-77	0	-78	-79	-78	-67	0	0	-81	-87	-87	-86	0	-81	-87	-86	0	0	-91	-89	-89	0	-88	-90	-88	-57	0	0	-95	-95	0	0	0	0	-88	-88	0	0	-88	0	0	0	-86	0	0	0	0	0	0	0	0	0	0	0	0	0	0	0	0	0	0	-89	0	0	0	0	0	0	0	0	0	0	0	-65	0	0	0	0	0	0	0	0	0	0	0	0	0	0	0	0	0	0	0	0	0	0	0	0	0	0	0	0	0	0	0	4436	-3138	2569	23434	-7958	-121	-21	977	179	-1	-1	0	-21	964	177	1606974706
-50	0	-53	-53	-55	0	-67	-74	-71	-72	-69	-68	-74	-67	0	0	0	-82	-82	-82	0	-82	-81	-81	0	0	-91	-87	-89	0	-88	-88	-88	-55	0	0	-95	0	-93	-92	0	0	0	0	0	0	0	0	0	0	0	0	0	0	0	0	0	0	0	0	0	0	0	0	0	0	0	0	0	0	-85	0	0	0	0	0	0	0	0	0	0	-65	0	0	0	0	0	0	0	0	0	0	0	0	0	0	0	0	0	0	0	0	0	0	0	0	0	0	0	0	0	0	0	4405	-3131	2592	23434	-7959	-122	-21	978	179	-1	-1	-1	-21	964	177	1606974707
-54	-61	0	-52	-54	-65	-68	-68	-78	0	-78	-77	-78	-76	0	0	-83	-87	-87	-86	-83	-85	-87	-88	-81	-83	-90	-89	-88	0	-88	-88	-88	-58	0	0	-95	0	0	-94	0	0	0	0	0	0	0	0	0	0	0	0	0	0	0	0	0	0	0	0	0	0	0	0	0	0	0	0	0	-87	0	0	0	0	0	0	0	0	0	0	0	-67	0	0	0	0	0	0	0	0	0	0	0	0	0	0	0	0	0	0	0	0	0	0	0	0	0	0	0	0	0	0	0	4398	-3145	2532	23435	-7962	-122	-22	978	178	-1	-1	0	-21	964	176	1606974709
0	0	-53	-53	0	-54	-75	-75	-68	-70	-70	-70	-76	-76	0	0	0	-80	-82	-82	0	0	-81	-82	0	0	0	-88	-88	0	-88	-89	-88	-55	0	0	0	-95	-93	-95	0	0	0	0	0	0	0	-88	0	0	0	0	0	0	0	0	0	0	0	0	0	0	0	0	0	0	0	0	0	0	0	0	0	0	0	0	0	0	0	0	0	-65	0	0	0	0	0	0	0	0	0	0	0	0	0	0	0	0	0	0	0	0	0	0	0	0	0	0	0	0	0	0	0	4428	-3198	2562	23434	-7959	-121	-22	977	179	-1	-1	-1	-21	964	177	1606974711
-50	-61	-53	-53	-55	0	-76	-67	-69	-72	-68	-69	-74	-67	0	0	-82	-83	-82	-82	-83	-80	-83	-83	-82	-81	-90	-88	-89	0	-89	-90	-88	-54	0	0	-93	-93	0	-94	0	0	0	0	0	0	0	0	0	0	0	0	0	0	0	0	0	0	0	0	0	0	0	0	0	0	0	0	0	0	0	0	0	0	0	0	0	0	0	0	0	-65	0	0	0	0	0	0	0	0	0	0	0	0	0	0	0	0	0	0	0	0	0	0	0	0	0	0	0	0	0	0	0	4398	-3124	2666	23434	-7959	-122	-22	978	179	-1	0	0	-21	964	177	1606974712
-47	-49	-52	-53	-55	-55	-67	-67	-69	0	-71	-71	-75	-67	0	-88	-82	-83	-83	-82	0	0	-83	-83	-82	0	-89	-89	-88	0	-89	-89	-89	-56	0	0	0	0	-93	0	0	0	0	-89	0	0	0	0	0	0	0	0	0	0	0	0	0	0	0	0	0	0	0	0	0	0	0	0	0	0	0	0	0	0	0	0	0	0	0	0	0	-65	0	0	0	0	0	0	0	0	0	0	0	0	0	0	0	0	0	0	0	0	0	0	0	0	0	0	0	0	0	0	0	4428	-3101	2621	23435	-7962	-122	-22	977	176	-1	-1	-1	-21	964	176	1606974714
-53	-61	-53	-54	-56	-54	-75	-73	-71	-72	-69	-69	-74	-67	0	0	0	-82	-82	-82	0	-83	-82	-83	0	0	-92	-89	-89	0	-89	-89	-89	-55	0	0	-96	0	-93	-96	0	-88	0	0	0	0	0	0	0	0	0	0	0	0	0	0	0	0	0	0	0	0	0	0	0	0	0	0	0	0	0	0	0	0	0	0	0	0	0	0	0	-65	0	0	0	0	0	0	0	0	0	0	0	0	0	0	0	0	0	0	0	0	0	0	0	0	0	0	0	0	0	0	0	4398	-3146	2592	23434	-7959	-122	-21	978	179	-1	-1	0	-21	964	177	1606974716
-53	-48	-51	-53	-55	-66	-75	-75	-77	0	-78	-78	-79	-75	0	0	0	-88	-86	-87	0	-84	-87	-86	0	0	-91	-89	-89	0	-88	-89	-89	-57	0	0	-94	-94	0	0	0	0	0	0	0	0	0	0	0	0	0	-93	0	0	0	0	0	0	0	0	0	0	0	0	0	0	0	0	0	0	0	0	0	0	0	0	0	0	0	0	0	-62	0	0	0	0	0	0	0	0	0	0	0	0	0	0	0	0	0	0	0	0	0	0	0	0	0	0	0	0	0	0	0	4390	-3056	2592	23433	-7958	-122	-22	978	178	-1	-1	-1	-21	964	177	1606974717
0	-58	-52	-53	0	-55	0	-75	-71	0	-69	-69	-74	-67	0	0	0	-82	-83	-81	0	-83	-82	-83	0	0	-93	-89	-89	0	-89	-89	-89	-55	-62	0	-93	0	-94	0	0	0	0	0	0	0	0	0	0	0	0	0	0	0	0	0	0	0	0	0	0	0	0	0	0	0	0	0	0	0	0	0	0	0	0	0	0	0	0	0	0	-64	0	0	0	0	0	0	0	0	0	0	0	0	0	0	0	0	0	0	0	0	0	0	0	0	0	0	0	0	0	0	0	4413	-3206	2600	23434	-7959	-122	-21	977	179	0	0	-1	-21	964	177	1606974719
-51	0	-52	-54	-53	0	-74	-74	-80	0	-78	-77	-78	-76	0	0	-84	-89	-88	-87	0	-83	-88	-88	-83	-85	-90	-88	-88	0	-88	-88	-87	-58	0	0	0	-96	0	0	0	0	0	0	0	0	-88	0	0	0	0	0	0	0	0	0	0	0	0	0	0	0	0	0	0	0	0	0	0	-90	0	0	0	0	0	0	0	0	0	0	0	-65	0	0	0	0	0	0	0	0	0	0	0	0	0	0	0	0	0	0	0	0	0	0	0	0	0	0	0	0	0	0	0	4398	-3131	2637	23435	-7963	-122	-21	978	180	-1	0	-1	-21	964	176	1606974720
-51	-48	0	-53	0	0	-77	-68	-77	-72	-77	-78	-79	-68	0	0	0	-85	-87	-86	0	-84	-86	-86	0	0	-90	-88	-88	0	-88	-88	-89	-59	0	0	-95	-94	0	0	0	0	0	0	0	0	0	0	0	0	0	0	0	0	0	0	0	0	0	0	0	0	0	0	0	0	0	0	0	0	0	0	0	0	0	0	0	0	0	0	0	-65	0	0	0	0	0	0	0	0	0	0	0	0	0	0	0	0	0	0	0	0	0	0	0	0	0	0	0	0	0	0	0	4398	-3161	2622	23434	-7959	-122	-22	977	179	0	0	-1	-21	964	177	1606974722
-51	-48	-53	-52	-54	-65	-67	0	-78	0	-78	-77	-78	-67	0	-84	0	-86	-87	-86	0	-83	-86	-86	0	0	-89	-88	-88	0	-88	-89	-88	-59	0	0	-94	-94	0	-95	0	0	0	0	0	0	0	0	0	0	-88	0	0	0	0	0	0	0	0	0	0	0	0	0	0	0	0	0	0	0	0	0	0	0	0	0	0	0	0	0	0	-62	0	0	0	0	0	0	0	0	0	0	0	0	0	0	0	0	0	0	0	0	0	0	0	0	0	0	0	0	0	0	0	4428	-3108	2629	23435	-7961	-122	-23	978	179	0	0	-1	-21	964	176	1606974724
-53	-48	-54	0	-54	0	0	0	0	-72	-68	-71	-74	0	0	-89	0	-81	-81	-83	0	-82	-83	-82	-81	-83	-91	-89	-89	0	-89	-89	-89	-55	0	0	-94	0	0	-95	0	0	0	0	0	0	0	0	0	0	0	0	0	0	0	0	0	0	0	0	0	0	0	0	0	0	0	0	0	0	0	0	0	0	0	0	0	0	0	0	0	-65	0	0	0	0	0	0	0	0	0	0	0	0	0	0	0	0	0	0	0	0	0	0	0	0	0	0	0	0	0	0	0	4398	-3131	2592	23435	-7961	-122	-22	978	180	-1	-1	-1	-21	964	176	1606974725
-51	-49	-53	-53	-54	-55	-76	-67	-68	-71	-70	-69	-74	-76	0	0	0	-82	-83	-83	0	0	-82	-82	0	0	-89	-88	-89	0	-88	-90	-88	-54	0	0	-93	-96	-92	0	0	-88	0	0	0	0	0	0	0	0	0	0	0	0	-95	0	0	0	0	0	0	0	0	0	0	0	0	0	0	0	0	0	0	0	0	0	0	0	0	0	0	-63	0	0	0	0	0	0	0	0	0	0	0	0	0	0	0	0	0	0	0	0	0	0	0	0	0	0	0	0	0	0	0	4383	-3071	2592	23435	-7961	-121	-21	977	179	-1	-1	-1	-21	964	176	1606974727
0	0	-53	-52	0	0	0	0	-71	0	-68	-71	-74	-75	0	0	0	-82	-82	-83	0	0	-82	-83	0	0	-92	-88	-90	0	-88	-88	-90	-57	0	0	0	0	-93	0	0	0	0	-91	0	0	0	0	0	0	0	0	0	0	0	0	0	0	0	0	0	0	0	0	0	0	0	0	0	0	0	0	0	0	0	0	0	0	0	0	0	-65	0	0	0	0	0	0	0	0	0	0	0	0	0	0	0	0	0	0	0	0	0	0	0	0	0	0	0	0	0	0	0	4436	-3146	2637	23434	-7958	-122	-22	978	179	-1	-1	0	-21	964	177	1606974728
0	-49	-55	-54	0	-54	-68	-68	-69	-73	-70	-68	-75	-68	0	0	0	-82	-83	-82	0	-81	-83	-83	0	0	-89	-90	-91	0	-89	-91	-90	-57	0	0	-94	0	-94	0	0	-88	0	0	0	0	0	-86	0	0	0	0	0	0	0	0	0	0	0	0	0	0	0	0	0	0	0	0	0	0	0	0	0	0	0	0	0	0	0	0	0	-63	0	0	0	0	0	0	0	0	0	0	0	0	0	0	0	0	0	0	0	0	0	0	0	0	0	0	0	0	0	0	0	4383	-3161	2622	23436	-7964	-123	-20	978	179	-1	-1	-1	-21	964	176	1606974730
-55	-59	-54	-53	-55	0	-76	-76	-71	0	-71	-71	-75	-76	0	-86	-82	-83	-83	-83	-82	-81	-83	-82	-82	-81	-86	-90	-89	0	-89	-90	-89	-55	0	0	-94	-94	0	0	0	0	0	0	0	0	0	0	0	0	0	0	0	0	0	0	0	0	0	0	0	0	0	0	0	0	0	0	0	-90	0	0	0	0	0	0	0	0	0	0	0	-65	0	0	0	0	0	0	0	0	0	0	0	0	0	0	0	0	0	0	0	0	0	0	0	0	0	0	0	0	0	0	0	4428	-3146	2562	23434	-7960	-122	-22	977	178	-1	0	0	-21	964	177	1606974732
0	0	-53	-53	0	-54	-77	-67	-69	0	-69	-69	-74	-66	0	0	0	-83	-83	-83	0	-83	-83	-82	0	0	-91	-91	-90	0	-91	-91	-90	-58	0	0	-96	0	-94	0	0	0	0	0	0	0	0	0	0	0	0	0	0	0	0	0	0	0	0	0	0	0	0	0	0	0	0	0	0	0	0	0	0	0	0	0	0	0	0	0	0	-64	0	0	0	0	0	0	0	0	0	0	0	0	0	0	0	0	0	0	0	0	0	0	0	0	0	0	0	0	0	0	0	4428	-3116	2636	23434	-7961	-123	-21	978	179	0	0	-1	-21	964	176	1606974733
0	0	0	-51	0	-54	-67	-67	-71	-73	-71	-71	-74	-66	0	0	0	-82	-83	-83	0	-83	-82	-82	0	0	0	-91	-90	0	-90	-91	-90	-58	0	0	-95	0	-92	0	0	0	0	0	0	0	0	0	0	0	0	0	0	0	0	0	0	0	0	0	0	0	0	0	0	0	0	0	0	0	0	0	0	0	0	0	0	0	0	0	0	-65	0	0	0	0	0	0	0	0	0	0	0	0	0	0	0	0	0	0	0	0	0	0	0	0	0	0	0	0	0	0	0	4398	-3116	2636	23434	-7960	-122	-21	978	177	-1	0	-1	-21	964	177	1606974735
-49	-49	-54	-53	-55	-68	-75	-67	-78	0	-77	-77	-79	-75	0	0	0	-86	-86	-87	0	-80	-86	-87	0	0	0	-90	-91	0	-90	-90	-90	-57	0	0	0	0	0	-96	0	0	0	0	0	0	-88	0	-90	0	-87	-92	0	0	0	0	0	0	0	0	0	0	0	0	0	0	0	0	0	0	0	0	0	0	0	0	0	0	0	0	0	-64	0	0	0	0	0	0	0	0	0	0	0	0	0	0	0	0	0	0	0	0	0	0	0	0	0	0	0	0	0	0	0	4383	-3086	2636	23434	-7959	-122	-22	978	179	-1	0	-1	-21	964	177	1606974736
-51	-59	-54	0	-55	-66	0	-76	-77	-71	-77	-77	-78	0	0	0	0	-87	-87	-87	0	-83	-87	-86	0	0	-90	-89	-89	0	-89	-90	-89	-59	-61	0	0	0	0	0	0	0	0	0	0	0	0	0	0	0	0	0	-89	-90	0	0	0	0	0	0	0	0	0	0	0	0	0	0	0	0	-83	0	0	0	0	0	0	0	0	0	0	-63	0	0	0	0	0	0	0	0	0	0	0	0	0	0	0	0	0	0	0	0	0	0	0	0	0	0	0	0	0	0	0	4413	-3116	2606	23434	-7960	-122	-22	978	179	-1	-1	-1	-21	964	177	1606974738
-50	-48	-53	-52	-55	0	-76	-68	-69	-72	-69	-68	-74	-67	0	-86	0	-82	-83	-83	0	0	-82	-82	0	-80	-89	-88	-89	0	-89	-88	-88	-56	-61	0	0	0	-93	0	0	0	0	0	0	0	0	0	0	-89	0	0	-90	0	-94	0	-86	0	0	-93	0	0	0	-87	-86	0	0	0	0	-92	0	0	0	0	0	0	0	0	0	0	0	-66	0	0	0	0	0	0	0	0	0	0	0	0	0	0	0	0	0	0	0	0	0	0	0	0	0	0	0	0	0	0	0	4383	-3101	2592	23436	-7964	-121	-22	978	178	-1	-1	-1	-21	964	176	1606974740
-46	-48	-54	0	-55	-54	0	0	-69	0	-71	-70	-74	0	0	0	0	-81	-83	-82	0	-83	-83	-83	0	0	-90	-88	-88	0	-87	-88	-89	-57	0	0	0	-93	-91	0	0	0	0	0	0	0	0	0	0	0	0	-93	0	0	0	0	0	0	0	0	0	0	0	0	0	0	0	0	0	0	0	0	0	0	0	0	0	0	0	0	0	-66	0	0	0	0	0	0	0	0	0	0	0	0	0	0	0	0	0	0	0	0	0	0	0	0	0	0	0	0	0	0	0	4458	-3124	2592	23435	-7962	-122	-23	978	179	-1	-1	0	-21	964	176	1606974741
-55	-49	-53	-53	-56	-69	-76	-68	-78	0	-77	-78	-79	-68	0	0	-81	-87	-86	-85	-82	-82	-87	-86	-81	-80	-89	-90	-91	0	-91	-90	-90	-58	0	0	-94	0	0	-96	0	0	0	0	0	0	0	0	0	0	0	0	0	0	0	0	0	0	0	0	0	0	0	0	0	0	0	0	0	0	0	0	0	0	0	0	0	0	0	0	0	-65	0	0	0	0	0	0	0	0	0	0	0	0	0	0	0	0	0	0	0	0	0	0	0	0	0	0	0	0	0	0	0	4436	-3131	2622	23434	-7960	-122	-22	978	179	0	0	0	-21	964	177	1606974743
-51	-60	0	-53	-55	0	-76	-75	-71	-73	-71	-69	-74	-76	0	0	0	-83	-83	-83	0	-82	-82	-83	0	0	-91	-89	-90	0	-91	-89	-90	-57	0	0	0	0	-92	0	0	0	0	0	0	0	0	0	0	0	0	0	0	0	0	0	0	0	0	0	0	0	0	0	0	0	0	0	0	0	0	0	0	0	0	0	0	0	0	0	0	-64	0	0	0	0	0	0	0	0	0	0	0	0	0	0	0	0	0	0	0	0	0	0	0	0	0	0	0	0	0	0	0	4428	-3131	2622	23435	-7962	-122	-22	977	178	-1	-1	-1	-21	964	176	1606974745
-47	0	-54	-53	-55	-55	0	-67	-70	-72	-69	-71	-74	-75	0	0	-79	-82	-83	-83	0	-80	-83	-83	0	0	0	-89	-90	0	-89	-89	-88	-56	0	0	0	-95	-92	0	0	0	0	-87	0	0	0	0	0	0	0	0	0	0	0	0	0	0	0	0	0	0	0	0	0	0	0	0	0	0	0	0	0	0	0	0	0	0	0	0	0	-65	0	0	0	0	0	0	0	0	0	0	0	0	0	0	0	0	0	0	0	0	0	0	0	0	0	0	0	0	0	0	0	4428	-3138	2592	23435	-7962	-122	-22	978	179	-1	0	0	-21	964	176	1606974746
-51	0	-54	-53	-55	0	-75	-67	-71	0	-69	-72	-74	-68	0	0	0	-82	-82	-82	0	0	-82	-83	0	0	-90	-88	-90	0	-90	-89	-89	-55	0	0	-94	-94	-93	-94	0	0	0	0	0	0	0	0	0	0	0	0	0	0	0	0	0	0	0	-94	0	0	0	0	0	0	0	0	0	0	-84	0	0	0	0	0	0	0	0	0	0	-64	0	0	0	0	0	0	0	0	0	0	0	0	0	0	0	0	0	0	0	0	0	0	0	0	0	0	0	0	0	0	0	4451	-3161	2652	23435	-7961	-121	-22	977	179	-1	-1	-1	-21	964	176	1606974748
-49	0	-53	-54	-56	-67	-75	-74	-78	-73	-77	-78	-79	-76	0	0	0	-85	-86	-87	0	-78	-86	-86	0	0	-91	-89	0	0	0	-89	-90	-59	0	0	-94	-95	0	0	0	-87	0	0	-83	-83	-82	-87	-84	-90	0	0	0	0	0	0	-88	0	0	-93	0	-87	0	0	-86	0	0	0	0	0	0	0	0	0	0	0	0	0	0	0	0	-65	0	0	0	0	0	0	0	0	0	0	0	0	0	0	0	0	0	0	0	0	0	0	0	0	0	0	0	0	0	0	0	4428	-3146	2592	23434	-7959	-122	-21	977	179	-1	0	0	-21	964	177	1606974749
-52	0	-52	-54	-56	-55	0	-68	-69	0	-70	-72	-74	-68	0	0	0	-82	-82	-82	0	0	-82	-81	0	0	-92	-91	-90	0	-92	-90	-90	-57	0	0	0	0	-92	0	0	0	0	0	0	0	0	0	0	0	0	0	0	0	0	0	0	0	0	0	0	0	0	0	0	0	0	0	0	0	-84	0	0	0	0	0	0	0	0	0	0	-63	0	0	0	0	0	0	0	0	0	0	0	0	0	0	0	0	0	0	0	0	0	0	0	0	0	0	0	0	0	0	0	4383	-3131	2622	23436	-7963	-122	-22	978	178	-1	-1	-1	-21	964	176	1606974751
-55	0	-51	-54	-50	0	-76	-66	-71	0	-72	-69	-74	-67	0	0	-79	-81	-81	-82	-80	-78	-82	-81	-78	-78	-89	-92	-90	0	-90	-90	-91	-58	0	0	0	-96	-92	0	0	0	0	0	-90	0	0	0	0	0	0	0	0	0	0	0	0	0	0	0	0	0	0	0	0	0	0	0	0	0	0	0	0	0	0	0	0	0	0	0	0	-62	0	0	0	0	0	0	0	0	0	0	0	0	0	0	0	0	0	0	0	0	0	0	0	0	0	0	0	0	0	0	0	4473	-3176	2622	23434	-7958	-122	-22	977	179	-1	0	0	-21	964	177	1606974752
-52	-61	-53	-53	-55	-65	-77	-67	-78	0	-77	-78	-79	-67	0	0	0	-86	-86	-86	0	0	-86	-86	0	0	0	-89	-90	0	-89	-90	-92	-60	0	0	-93	0	0	0	0	0	0	0	0	0	0	0	0	0	0	-90	0	0	0	0	0	0	0	0	0	0	0	0	0	0	0	0	0	0	0	0	0	0	0	0	0	0	0	0	0	-64	0	0	0	0	0	0	0	0	0	0	0	0	0	0	0	0	0	0	0	0	0	0	0	0	0	0	0	0	0	0	0	4398	-3191	2622	23434	-7959	-122	-21	978	179	-1	-1	-1	-21	964	177	1606974754
-51	-51	-51	-54	-52	-64	-76	-67	-77	-71	-78	-77	-78	-76	0	0	0	-85	-86	-87	0	0	-87	-87	0	0	-92	-89	-90	0	-88	-89	-88	-60	0	0	0	0	0	0	0	-89	0	0	0	0	0	0	0	0	0	0	0	-92	0	0	0	0	0	0	0	0	0	0	0	0	0	0	0	0	0	0	0	0	0	0	0	0	0	0	0	-67	0	0	0	0	0	0	0	0	0	0	0	0	0	0	0	0	0	0	0	0	0	0	0	0	0	0	0	0	0	0	0	4488	-3101	2577	23435	-7961	-122	-21	978	178	-1	-1	-1	-21	964	176	1606974755
-54	-62	-51	-54	-55	0	-76	-66	-71	-71	-69	-69	-74	-66	0	0	0	-82	-82	-82	0	-83	-82	-81	0	0	-92	-89	-89	0	-89	-90	-89	-54	0	0	0	0	-92	0	0	0	0	0	0	0	0	0	0	0	0	0	0	0	0	0	0	0	0	0	0	0	0	0	0	0	0	0	0	0	0	0	0	0	0	0	0	0	0	0	0	-66	0	0	0	0	0	0	0	0	0	0	0	0	0	0	0	0	0	0	0	0	0	0	0	0	0	0	0	0	0	0	0	4473	-3146	2637	23434	-7960	-123	-22	978	179	-1	0	-1	-21	964	177	1606974757
-52	-61	-52	-54	-55	-66	-75	0	-77	-72	-77	-77	-79	-67	0	-89	0	-85	-85	-86	0	0	-86	-87	0	0	-92	-90	-89	0	-89	-89	-89	-60	0	0	-93	-94	0	-95	0	0	-90	0	0	0	0	-90	0	0	0	0	0	0	0	0	0	0	0	0	0	0	0	0	0	0	0	0	0	0	0	0	0	0	0	0	0	0	0	0	0	-67	0	0	0	0	0	0	0	0	0	0	0	0	0	0	0	0	0	0	0	0	0	0	0	0	0	0	0	0	0	0	0	4428	-3131	2666	23434	-7958	-122	-21	977	178	-1	-1	-1	-21	964	177	1606974758
-52	-62	-53	-53	-56	-67	-67	-77	-78	-72	-76	-76	-79	-68	0	0	0	-85	-85	-86	0	-81	-85	-86	0	0	-90	-89	-90	0	0	-92	-91	-59	0	0	-97	0	0	0	0	0	0	0	0	0	0	0	0	0	0	-91	0	0	0	0	0	0	0	0	0	0	0	0	0	0	0	0	0	0	-89	0	0	0	0	0	0	0	0	0	0	-64	0	0	0	0	0	0	0	0	0	0	0	0	0	0	0	0	0	0	0	0	0	0	0	0	0	0	0	0	0	0	0	4428	-3123	2592	23435	-7961	-122	-22	977	179	0	-1	-1	-21	964	176	1606974760
-50	-61	-53	-54	-55	0	-67	-76	-71	0	-71	-71	-73	-67	0	0	0	-81	-82	-81	0	-83	-83	-83	0	0	-92	-91	-90	0	-89	-90	-90	-57	0	0	-96	-95	-92	0	0	0	0	0	0	0	0	0	0	0	-88	0	0	0	0	0	0	0	0	0	0	0	0	-85	-86	0	0	0	0	0	0	0	0	0	0	0	0	0	0	0	0	-63	0	0	0	0	0	0	0	0	0	0	0	0	0	0	0	0	0	0	0	0	0	0	0	0	0	0	0	0	0	0	0	4361	-3138	2636	23435	-7960	-121	-21	978	179	0	-1	-1	-21	964	177	1606974762
-51	-61	-51	-53	-54	-68	-76	0	-77	0	0	-77	-79	-76	0	0	0	-85	-86	-86	0	0	-86	-85	0	0	-88	-89	-90	0	-90	-90	-91	-58	0	0	0	0	0	0	0	0	0	0	0	0	0	-88	0	0	0	0	0	0	0	0	0	0	0	0	0	0	0	0	0	0	0	0	0	-87	0	0	0	0	0	0	0	0	0	0	0	-66	0	0	0	0	0	0	0	0	0	0	0	0	0	0	0	0	0	0	0	0	0	0	0	0	0	0	0	0	0	0	0	4428	-3131	2622	23434	-7958	-122	-21	977	179	-1	-1	-1	-21	964	177	1606974763
-56	-49	-52	-54	-55	0	-67	-67	-78	-72	-78	-78	-79	-75	0	0	0	-87	-87	-86	0	-82	-87	-86	0	0	-89	0	0	0	0	0	0	-60	0	0	-94	-93	0	0	0	0	0	0	0	0	0	0	0	0	0	0	0	0	0	0	0	0	0	0	0	0	0	0	0	0	0	0	0	0	0	0	0	0	0	0	0	0	0	0	0	-68	0	0	0	0	0	0	0	0	0	0	0	0	0	0	0	0	0	0	0	0	0	0	0	0	0	0	0	0	0	0	0	4428	-3116	2592	23435	-7963	-122	-22	978	178	-1	0	-1	-21	964	176	1606974765
-47	-62	-50	-54	-55	-53	-76	-67	-71	-67	-69	-71	-74	-76	0	0	0	-82	-82	-82	0	0	-83	-82	0	0	-91	-89	-90	0	-88	-89	-90	-57	-62	0	0	0	-92	-94	0	0	0	0	0	0	0	0	0	0	0	0	0	0	0	0	-86	0	-70	0	0	-87	0	0	0	0	0	0	0	0	-85	0	0	0	0	0	0	0	0	0	0	-62	0	0	0	0	0	0	0	0	0	0	0	0	0	0	0	0	0	0	0	0	0	0	0	0	0	0	0	0	0	0	0	4428	-3116	2592	23434	-7959	-122	-22	977	180	0	0	-1	-21	964	177	1606974767
-52	-62	-51	-53	-55	-66	-77	-67	-78	-72	-78	-78	-79	-76	0	0	0	-86	-86	-87	0	0	-86	-86	0	0	-91	-88	-89	0	-89	-90	-90	-60	0	0	-94	0	0	0	0	-89	0	0	0	0	-88	0	0	0	-89	0	0	0	0	0	0	0	0	0	0	0	0	0	0	0	0	0	0	0	0	0	0	0	0	0	0	0	0	0	0	-63	0	0	0	0	0	0	0	0	0	0	0	0	0	0	0	0	0	0	0	0	0	0	0	0	0	0	0	0	0	0	0	4428	-3131	2622	23435	-7961	-122	-22	978	179	-1	-1	-1	-21	964	176	1606974768
-52	-61	-51	-54	-55	-54	-66	-75	-71	0	-69	-70	-74	-66	0	0	0	-82	-82	-81	0	-79	-82	-82	0	0	-90	-89	-91	0	-89	-89	-90	-54	0	0	-93	0	-93	-93	0	-88	0	0	0	0	0	0	0	0	0	0	0	0	0	0	-87	0	0	0	0	-88	0	-87	0	0	0	0	0	0	0	0	0	0	0	0	0	0	0	0	0	-63	0	0	0	0	0	0	0	0	0	0	0	0	0	0	0	0	0	0	0	0	0	0	0	0	0	0	0	0	0	0	0	4428	-3116	2636	23435	-7962	-123	-20	977	178	0	-1	-1	-21	964	176	1606974770
-55	-61	-50	-53	-56	-53	-76	-67	-69	-71	-71	-71	-74	-66	0	0	0	-81	-82	-82	0	0	-82	-82	0	0	-89	-89	0	0	-89	-89	-87	-55	0	0	-96	0	-94	0	0	0	0	0	0	0	0	0	0	0	0	0	0	0	0	0	0	0	0	0	0	0	0	0	0	0	0	0	0	-88	0	0	0	0	0	0	0	0	0	0	0	0	0	0	0	0	0	0	0	0	0	0	0	0	0	0	0	0	0	0	0	0	0	0	0	0	0	0	0	0	0	0	0	4398	-3206	2637	23434	-7961	-123	-21	978	178	0	0	0	-21	964	176	1606974771
-56	-50	-50	-54	-55	-65	-67	0	-76	-71	-77	-77	-79	0	0	0	0	-86	-86	-86	0	0	-86	-88	0	0	-90	-88	-89	0	-90	-90	-88	-60	0	0	-93	0	0	-96	0	-89	0	0	0	0	-91	0	0	0	0	0	0	0	0	0	0	0	0	0	0	0	0	0	0	0	0	0	0	0	0	0	0	0	0	0	0	0	0	0	0	-64	0	0	0	0	0	0	0	0	0	0	0	0	0	0	0	0	0	0	0	0	0	0	0	0	0	0	0	0	0	0	0	4533	-3131	2577	23434	-7959	-122	-22	977	178	0	0	-1	-21	964	177	1606974773
-54	-61	-50	-53	-55	-67	-77	-66	-77	-71	-78	-77	-79	-76	0	-86	0	-85	-85	-86	0	0	-86	-86	0	0	-93	-89	-90	0	-90	-91	-90	-59	0	0	-94	-94	0	-95	0	0	0	0	0	0	0	0	0	0	0	0	0	0	0	0	0	0	0	0	0	0	0	0	0	0	0	0	0	0	0	0	0	0	0	0	0	0	0	0	0	-64	0	0	0	0	0	0	0	0	0	0	0	0	0	0	0	0	0	0	0	0	0	0	0	0	0	0	0	0	0	0	0	4443	-3131	2577	23436	-7965	-122	-21	977	178	0	0	0	-21	964	176	1606974775
-50	-61	-52	-54	-52	-68	0	0	-77	-71	-77	-77	-80	-78	0	0	0	-86	-86	-87	0	-81	-87	-86	0	0	-89	-90	-91	0	-89	-90	-91	-59	0	0	0	-94	0	-96	0	0	0	0	0	-90	-88	0	0	0	-88	-91	0	-89	0	0	0	0	0	0	0	0	0	0	0	0	0	0	0	0	0	0	0	0	0	0	0	0	0	0	0	-63	0	0	0	0	0	0	0	0	0	0	0	0	0	0	0	0	0	0	0	0	0	0	0	0	0	0	0	0	0	0	0	4443	-3146	2666	23434	-7961	-122	-22	978	178	0	0	0	-21	964	176	1606974776
0	-49	-51	-54	0	0	-67	0	-77	0	-77	-79	-80	-75	0	0	-79	-85	-86	-86	-80	-79	-86	-86	-78	-77	-91	-90	-89	0	0	-89	-90	-59	0	0	-93	0	0	-94	0	0	0	0	0	0	0	0	0	0	0	0	0	0	0	0	0	0	0	0	0	0	0	0	0	0	0	0	0	0	0	0	0	0	0	0	0	0	0	0	0	-64	0	0	0	0	0	0	0	0	0	0	0	0	0	0	0	0	0	0	0	0	0	0	0	0	0	0	0	0	0	0	0	4436	-3146	2577	23434	-7959	-122	-21	977	179	-1	0	0	-21	964	177	1606974778
-58	-50	-53	-53	-55	-67	-76	0	-77	-71	-76	-78	-80	0	0	0	0	-86	-87	-88	0	-79	-85	-86	0	0	-89	-89	-90	0	-91	-92	-90	-59	0	0	-94	-96	0	0	0	0	0	0	0	0	0	0	0	0	0	0	0	0	0	0	0	0	0	0	0	0	0	0	0	0	0	0	0	0	0	0	0	0	0	0	0	0	0	0	0	0	0	0	0	0	0	0	0	0	0	0	0	0	0	0	0	0	0	0	0	0	0	0	0	0	0	0	0	0	0	0	0	4368	-3123	2621	23436	-7964	-121	-22	978	177	-1	0	-1	-21	964	176	1606974779
-52	-49	-53	0	-55	-67	0	-67	-76	-72	-76	-77	-79	0	0	0	0	-86	-85	-87	0	-80	-87	-86	0	0	-89	-91	-90	0	-91	-91	-90	-59	0	0	0	-94	0	-96	0	0	0	0	0	0	0	0	0	0	0	-93	0	0	0	0	0	0	0	0	0	0	0	0	0	0	0	0	0	0	0	0	0	0	0	0	0	0	0	0	0	-65	0	0	0	0	0	0	0	0	0	0	0	0	0	0	0	0	0	0	0	0	0	0	0	0	0	0	0	0	0	0	0	4503	-3101	2637	23434	-7960	-122	-22	978	178	-1	-1	-1	-21	964	177	1606974781
-52	-62	-53	-53	-56	-69	-68	0	-76	-73	-78	-76	-79	-66	0	-87	-81	-86	-85	-86	-81	-84	-85	-85	-82	-81	-91	-89	-91	0	-91	-91	-91	-60	-62	0	-93	-95	0	-93	0	0	0	0	0	0	0	0	0	0	0	0	0	0	0	0	-86	0	0	0	0	-86	0	0	-88	0	0	0	0	0	0	0	0	0	0	0	0	0	0	0	0	-64	0	0	0	0	0	0	0	0	0	0	0	0	0	0	0	0	0	0	0	0	0	0	0	0	0	0	0	0	0	0	0	4443	-3116	2622	23435	-7962	-122	-22	977	179	0	0	-1	-21	964	176	1606974783
-51	-48	-52	0	-55	-54	0	0	-69	0	-69	-71	-74	-67	0	-86	0	-81	-82	-82	0	-82	-82	-82	0	0	-92	-90	-90	0	0	-91	-91	-58	0	0	0	0	0	-93	0	0	0	0	0	0	0	0	0	0	0	0	0	0	0	0	0	0	0	0	0	0	0	0	0	0	0	0	0	0	0	0	0	0	0	0	0	0	0	0	0	-63	0	0	0	0	0	0	0	0	0	0	0	0	0	0	0	0	0	0	0	0	0	0	0	0	0	0	0	0	0	0	0	4443	-3146	2562	23436	-7964	-122	-21	977	178	-1	-1	0	-21	964	176	1606974784
-51	-59	-53	-53	-57	0	0	-67	-69	0	-72	-69	-74	-67	0	0	-81	-82	-82	-82	-82	-80	-83	-82	-81	-80	-92	-89	-92	0	-91	-90	-92	-58	-61	0	0	-94	-93	-94	0	0	0	0	0	0	0	0	0	0	0	0	0	0	0	0	0	0	0	0	0	0	0	0	0	0	0	0	0	0	0	0	0	0	0	0	0	0	0	0	0	-63	0	0	0	0	0	0	0	0	0	0	0	0	0	0	0	0	0	0	0	0	0	0	0	0	0	0	0	0	0	0	0	4383	-3116	2592	23435	-7962	-122	-22	977	179	0	-1	-1	-21	964	176	1606974786
-57	-49	-52	-53	-56	-66	-67	0	-77	0	-78	-77	-80	-67	0	0	0	-86	-86	-87	0	0	-86	-87	0	0	0	-89	-90	0	0	-90	-90	-60	0	0	-94	0	0	0	0	0	0	0	0	0	0	0	0	0	0	0	0	0	0	0	0	0	0	0	0	0	0	0	0	0	0	0	0	0	0	0	0	0	0	0	0	0	0	0	0	-65	0	0	0	0	0	0	0	0	0	0	0	0	0	0	0	0	0	0	0	0	0	0	0	0	0	0	0	0	0	0	0	4383	-3115	2577	23434	-7959	-123	-22	978	179	0	0	-1	-21	964	177	1606974787
-52	-62	-53	-51	-55	-68	-67	-75	-77	-72	-77	-77	-79	-67	0	0	-81	-87	-86	-85	0	-82	-85	-87	-81	0	-89	-91	-91	0	-89	-89	-89	-59	0	0	-94	-95	0	-95	0	0	0	0	0	0	-90	0	-90	0	-90	0	0	0	0	0	0	0	0	0	0	0	0	0	0	0	0	0	0	0	0	0	0	0	0	0	0	0	0	0	0	-64	0	0	0	0	0	0	0	0	0	0	0	0	0	0	0	0	0	0	0	0	0	0	0	0	0	0	0	0	0	0	0	4391	-3146	2622	23435	-7962	-122	-22	978	177	-1	-1	-1	-21	964	176	1606974789
-58	-60	-53	0	-56	-53	0	0	-69	-73	-71	-69	-74	0	0	0	0	-81	-81	-82	0	-81	-82	-83	0	0	-90	-91	-91	0	-90	-91	-91	-58	0	0	0	0	0	0	0	0	0	0	0	0	0	0	0	0	0	0	0	0	0	0	0	0	0	0	0	0	-94	0	0	0	0	0	0	0	0	0	0	0	0	0	0	0	0	0	0	-64	0	0	0	0	0	0	0	0	0	0	0	0	0	0	0	0	0	0	0	0	0	0	0	0	0	0	0	0	0	0	0	4368	-3145	2577	23434	-7960	-122	-21	978	178	-1	-1	-1	-21	964	177	1606974791
-57	0	-53	-53	-56	0	0	-67	-71	0	-70	-69	-74	-67	0	0	-80	-82	-82	-82	0	-80	-82	-83	-81	-81	-90	-90	-91	0	-90	-92	-92	-57	0	0	0	-93	-93	0	0	0	0	0	0	0	0	0	0	0	0	0	0	0	0	0	0	0	0	-95	0	0	0	0	0	0	0	0	0	0	0	0	0	0	0	0	0	0	0	0	0	-67	0	0	0	0	0	0	0	0	0	0	0	0	0	0	0	0	0	0	0	0	0	0	0	0	0	0	0	0	0	0	0	4383	-3116	2666	23434	-7960	-122	-21	978	178	-1	-1	-1	-21	964	177	1606974792
-58	-60	0	-53	-57	-68	0	0	-77	-71	-77	-77	-79	-67	0	0	0	-86	-85	-85	0	0	-85	-85	0	0	-89	-90	-91	0	-91	-90	-92	-59	0	0	0	0	0	0	0	0	0	0	0	0	0	0	0	0	0	0	0	0	0	0	0	0	0	0	0	0	0	0	0	0	0	0	0	0	0	0	0	0	0	0	0	0	0	0	0	-65	0	0	0	0	0	0	0	0	0	0	0	0	0	0	0	0	0	0	0	0	0	0	0	0	0	0	0	0	0	0	0	4428	-3131	2622	23434	-7960	-122	-22	977	178	0	-1	-1	-21	964	177	1606974794
-50	-49	0	-54	-56	-54	-67	-67	-71	-72	-71	-70	-74	-67	0	0	0	-82	-81	-82	0	0	-82	-82	0	0	-93	-92	-90	0	-91	-92	0	-58	0	0	-93	0	0	0	0	0	0	0	0	0	0	0	0	0	0	0	0	0	0	0	0	0	0	0	0	0	0	0	0	0	0	0	0	0	0	0	0	0	0	0	0	0	0	0	0	-65	0	0	0	0	0	0	0	0	0	0	0	0	0	0	0	0	0	0	0	0	0	0	0	0	0	0	0	0	0	0	0	4428	-3131	2622	23435	-7963	-123	-22	977	179	-1	-1	-1	-21	964	176	1606974795
-58	-49	-51	-54	-56	0	-66	-67	-71	-73	-68	-71	-74	-75	0	0	-81	-82	-83	-82	-83	-82	-82	-82	-81	-81	-92	-92	-91	0	-92	-89	-91	-58	0	0	0	0	-92	-93	0	0	0	0	0	0	0	0	0	0	0	0	0	0	0	0	0	0	0	0	0	0	-95	0	0	0	0	0	0	0	0	0	0	0	0	0	0	0	0	0	0	-65	0	0	0	0	0	0	0	0	0	0	0	0	0	0	0	0	0	0	0	0	0	0	0	0	0	0	0	0	0	0	0	4398	-3146	2592	23434	-7960	-122	-21	978	177	-1	0	-1	-21	964	176	1606974797
0	-47	-52	-53	0	-53	-68	-68	-71	-73	-68	-70	-74	-68	0	0	0	-83	-82	-82	0	0	-84	-82	0	0	-89	-91	-91	0	-92	-91	-91	-58	0	0	0	0	0	-96	0	0	0	0	0	0	0	0	0	0	0	0	0	0	0	0	0	0	0	0	0	0	0	0	0	0	0	0	0	0	0	0	0	0	0	0	0	0	0	0	0	-66	0	0	0	0	0	0	0	0	0	0	0	0	0	0	0	0	0	0	0	0	0	0	0	0	0	0	0	0	0	0	0	4443	-3153	2577	23434	-7960	-122	-20	977	178	0	0	0	-21	964	177	1606974799
-51	-49	-53	0	-55	0	0	0	-77	-72	-77	-77	-79	0	0	0	0	-86	-85	-86	0	-81	-86	-85	0	0	-90	-90	-90	0	-92	-91	-91	-59	0	0	-95	0	0	-93	0	-86	0	0	0	0	0	0	0	0	0	0	0	0	0	0	0	0	0	0	0	0	0	0	0	0	0	0	0	-91	0	0	0	0	0	0	0	0	0	0	0	-63	0	0	0	0	0	0	0	0	0	0	0	0	0	0	0	0	0	0	0	0	0	0	0	0	0	0	0	0	0	0	0	4443	-3146	2637	23436	-7963	-121	-22	978	179	-1	-1	-1	-21	964	176	1606974800
-49	-60	0	-53	-56	0	-75	-67	-76	-73	-77	-76	-79	-67	0	0	0	-86	-86	-87	0	-81	-85	-86	0	0	-93	-91	-91	0	-91	-91	-92	-59	0	0	0	0	0	0	0	-85	0	0	0	0	0	0	0	0	0	0	0	0	0	0	0	0	0	0	0	0	0	0	0	0	0	0	0	-90	0	0	0	0	0	0	0	0	0	0	0	-67	0	0	0	0	0	0	0	0	0	0	0	0	0	0	0	0	0	0	0	0	0	0	0	0	0	0	0	0	0	0	0	4428	-3131	2577	23434	-7959	-122	-22	977	179	-1	0	0	-21	964	177	1606974802
0	-49	-52	-53	0	0	-68	-67	-71	-72	-69	-70	-74	-67	0	0	0	-81	-82	-82	0	-80	-82	-81	0	0	-93	-90	-90	0	-93	-89	-91	-58	-63	0	0	0	0	0	0	0	0	0	0	0	0	0	0	0	0	0	0	0	0	0	0	0	0	0	0	0	0	0	0	0	0	0	0	0	-85	0	0	0	0	0	0	0	0	0	0	-67	0	0	0	0	0	0	0	0	0	0	0	0	0	0	0	0	0	0	0	0	0	0	0	0	0	0	0	0	0	0	0	4383	-3101	2592	23435	-7962	-122	-21	978	179	-1	-1	0	-21	964	176	1606974804
-50	-62	0	-53	-55	-53	0	-66	-71	-73	-68	-69	-74	-67	0	0	-80	-82	-83	-81	-72	-74	-82	-81	0	-79	-90	-91	-90	0	-91	-89	-90	-58	0	0	0	-96	-94	0	0	0	0	0	0	0	0	0	0	0	0	0	0	0	0	0	0	0	0	0	0	0	-97	0	0	0	0	0	0	0	0	-93	0	0	0	0	0	0	0	0	0	-66	0	0	0	0	0	0	0	0	0	0	0	0	0	0	0	0	0	0	0	0	0	0	0	0	0	0	0	0	0	0	0	4368	-3115	2576	23436	-7964	-122	-22	978	179	-1	-1	0	-21	964	176	1606974805
-51	-48	-52	-53	-53	0	0	0	-68	0	-72	-69	-75	-67	0	0	0	-82	-83	-82	0	0	-82	-82	0	0	0	-91	-93	0	-92	-92	-91	-58	0	0	0	-94	0	0	0	0	0	0	0	0	0	-89	0	0	0	0	0	0	0	0	0	0	0	0	0	0	0	0	0	0	0	0	0	0	0	0	0	0	0	0	0	0	0	0	0	-65	0	0	0	0	0	0	0	0	0	0	0	0	0	0	0	0	0	0	0	0	0	0	0	0	0	0	0	0	0	0	0	4458	-3131	2584	23434	-7959	-122	-22	978	179	-1	-1	0	-21	964	177	1606974807
-56	-48	0	-54	-55	-69	-66	-66	-77	0	-77	-76	0	-66	0	0	-81	-85	-85	-85	-80	-80	-85	-86	-81	-83	-89	-91	-91	0	-91	-92	-91	-59	0	0	0	0	0	-96	0	-87	0	0	0	0	0	0	0	0	0	0	0	0	0	0	0	0	0	0	0	0	0	0	0	0	0	0	0	-90	0	0	0	0	0	0	0	0	0	0	0	-67	0	0	0	0	0	0	0	0	0	0	0	0	0	0	0	0	0	0	0	0	0	0	0	0	0	0	0	0	0	0	0	4428	-3131	2592	23434	-7958	-121	-22	977	180	-1	-1	-1	-21	964	177	1606974808
-57	-58	-53	-54	-55	-53	0	-67	-68	0	-71	-68	-74	-66	0	0	0	-81	-81	-82	0	-80	-82	-82	0	0	-90	-92	-92	0	-92	-91	-92	-58	-62	0	0	0	-94	0	0	0	0	0	0	0	0	0	0	0	0	0	0	0	0	0	0	0	0	0	0	0	0	0	0	0	0	0	0	-92	0	0	0	0	0	0	0	0	0	0	0	-63	0	0	0	0	0	0	0	0	0	0	0	0	0	0	0	0	0	0	0	0	0	0	0	0	0	0	0	0	0	0	0	4473	-3131	2584	23436	-7965	-121	-20	977	178	0	-1	0	-21	964	176	1606974810
-51	-48	-53	-54	-54	-68	-74	0	-77	0	-76	-78	-79	-66	0	0	-83	-85	-85	-85	0	-81	-85	-85	-80	0	-91	-92	-92	0	0	-92	-92	-59	0	0	-95	-94	0	0	0	0	0	0	0	0	0	0	0	0	0	0	0	0	0	0	0	0	0	0	0	0	0	0	0	0	0	0	0	0	0	0	0	0	0	0	0	0	0	0	0	-64	0	0	0	0	0	0	0	0	0	0	0	0	0	0	0	0	0	0	0	0	0	0	0	0	0	0	0	0	0	0	0	4383	-3153	2577	23434	-7958	-121	-22	978	178	0	-1	-1	-21	964	177	1606974811
-50	-58	-53	0	-53	-70	0	0	-78	-71	-77	-77	-79	0	0	-89	0	-85	-85	-85	0	0	-85	-85	0	0	-92	-91	-93	0	-91	-92	-90	-58	0	0	0	0	0	-94	0	0	0	0	0	0	0	0	0	0	0	-92	0	0	0	0	0	0	0	0	0	0	0	0	0	0	0	0	0	-91	0	0	0	0	0	0	0	0	0	0	0	-65	0	0	0	0	0	0	0	0	0	0	0	0	0	0	0	0	0	0	0	0	0	0	0	0	0	0	0	0	0	0	0	4428	-3146	2592	23434	-7961	-123	-21	977	179	0	-1	-1	-21	964	176	1606974813
-57	-47	-54	-53	-56	-53	0	-75	-69	-71	-69	-69	-75	0	0	0	0	-82	-82	-82	0	0	-82	-82	0	0	-90	-90	-92	0	-92	-92	-91	-58	0	0	-94	0	-92	0	0	-88	0	0	-83	-85	-83	0	-82	0	-83	-94	0	0	0	0	0	0	0	0	0	0	0	0	0	0	0	0	0	-90	0	0	0	0	0	0	0	0	0	0	0	-65	0	0	0	0	0	0	0	0	0	0	0	0	0	0	0	0	0	0	0	0	0	0	0	0	0	0	0	0	0	0	0	4428	-3145	2525	23435	-7962	-122	-21	978	178	0	-1	0	-21	964	176	1606974814
-50	-48	0	-53	-55	0	-75	-66	-77	-72	-77	-77	-80	-67	0	0	-82	-85	-85	-85	0	-81	-86	-85	-81	0	-92	-92	-91	0	-91	-91	-91	-59	0	0	0	0	0	0	0	-86	0	0	0	0	0	0	0	0	0	0	0	0	0	0	0	0	0	0	0	0	0	0	0	0	0	0	0	0	0	0	0	0	0	0	0	0	0	0	0	-65	0	0	0	0	0	0	0	0	0	0	0	0	0	0	0	0	0	0	0	0	0	0	0	0	0	0	0	0	0	0	0	4443	-3131	2547	23434	-7959	-122	-21	977	179	-1	-1	-1	-21	964	177	1606974816
0	0	-53	-53	0	-68	-67	-66	-77	-72	-77	-77	-80	-74	0	0	0	-85	-86	-85	0	0	-85	-86	0	0	0	-90	-90	0	-91	-92	-90	-58	-63	0	0	0	0	0	0	0	0	-87	0	0	0	0	0	0	-90	0	0	0	0	0	0	0	0	0	0	0	0	0	0	0	0	0	0	0	0	0	0	0	0	0	0	0	0	0	0	0	0	0	0	0	0	0	0	0	0	0	0	0	0	0	0	0	0	0	0	0	0	0	0	0	0	0	0	0	0	0	0	4443	-3146	2599	23434	-7959	-121	-22	978	178	0	0	0	-21	964	177	1606974818
-50	-48	-52	-53	-55	0	0	0	-71	0	-71	-68	-74	0	0	0	0	-82	-82	-82	0	0	-83	-82	0	0	-92	-92	-91	0	-91	-90	-92	-59	0	0	-94	-95	0	-93	0	-86	0	0	0	0	0	0	0	0	0	0	0	0	0	0	0	0	0	0	0	0	0	0	0	0	0	0	0	0	0	0	0	0	0	0	0	0	0	0	0	-66	0	0	0	0	0	0	0	0	0	0	0	0	0	0	0	0	0	0	0	0	0	0	0	0	0	0	0	0	0	0	0	4435	-3071	2576	23436	-7965	-122	-21	978	176	0	-1	-1	-21	964	176	1606974819
-51	-59	0	-54	-57	-53	-73	-65	-69	0	-71	-71	-74	-75	0	0	0	-81	-82	-82	0	-72	-82	-82	0	-82	-92	-91	-92	0	-92	-92	-93	-59	0	0	-95	0	-95	-94	0	0	0	0	0	0	0	0	0	0	0	0	0	0	0	0	0	0	0	0	0	0	0	0	0	0	0	0	0	0	0	0	0	0	0	0	0	0	0	0	0	0	0	0	0	0	0	0	0	0	0	0	0	0	0	0	0	0	0	0	0	0	0	0	0	0	0	0	0	0	0	0	0	4398	-3115	2577	23435	-7963	-122	-22	977	178	0	-1	-1	-21	964	176	1606974821
-57	-47	-52	-53	-56	-53	-75	-67	-69	0	-71	-69	-74	-66	0	0	-81	-82	-81	-83	-81	-80	-83	-82	-82	-81	-89	-92	-92	0	0	-92	-93	-59	0	0	0	0	-94	0	0	0	0	0	0	0	0	0	0	0	0	0	0	0	0	0	0	0	0	0	0	0	0	0	0	0	0	0	0	0	0	0	0	0	0	0	0	0	0	0	0	-64	0	0	0	0	0	0	0	0	0	0	0	0	0	0	0	0	0	0	0	0	0	0	0	0	0	0	0	0	0	0	0	4383	-3153	2622	23435	-7961	-122	-21	977	179	0	0	-1	-21	964	176	1606974822
0	0	-52	-54	-56	-55	-67	-74	-71	-71	-71	-69	-74	-74	0	0	0	-82	-83	-81	0	-81	-82	-81	0	0	-89	-91	-91	0	0	-91	-91	-59	0	0	0	0	-92	-95	0	-86	0	0	0	0	0	0	0	0	0	0	0	0	0	0	0	0	0	0	0	0	0	0	0	0	0	0	0	-91	0	0	0	0	0	0	0	0	0	0	0	-66	0	0	0	0	0	0	0	0	0	0	0	0	0	0	0	0	0	0	0	0	0	0	0	0	0	0	0	0	0	0	0	4368	-3123	2576	23435	-7962	-122	-22	978	179	0	0	-1	-21	964	176	1606974824
0	-60	0	-54	0	0	0	0	-78	0	-77	-78	-79	0	0	0	0	-86	-87	-87	0	-81	-86	-86	0	0	-90	-91	-93	0	0	-93	-91	-59	-64	0	0	-95	0	-96	0	0	0	-92	0	0	0	0	0	0	0	0	0	0	0	0	0	0	0	0	0	0	0	0	0	0	0	0	0	0	0	0	0	0	0	0	0	0	0	0	0	-63	0	0	0	0	0	0	0	0	0	0	0	0	0	0	0	0	0	0	0	0	0	0	0	0	0	0	0	0	0	0	0	4443	-3131	2577	23435	-7961	-122	-21	978	180	0	0	-1	-21	964	176	1606974826
-51	-61	-51	0	-55	0	0	-72	-71	-71	-71	-71	-74	0	0	0	-82	-81	-82	-82	0	-85	-81	-81	0	0	-91	-88	-90	0	-90	-89	-90	-56	0	0	-93	-94	-90	0	0	0	0	0	0	0	0	0	0	0	0	0	0	0	0	0	0	0	0	0	0	0	0	0	0	0	0	0	0	-90	0	0	0	0	0	0	0	0	0	0	0	-64	0	0	0	0	0	0	0	0	0	0	0	0	0	0	0	0	0	0	0	0	0	0	0	0	0	0	0	0	0	0	0	4473	-3101	2622	23435	-7963	-122	-22	977	178	-1	0	-1	-21	964	176	1606974827
-50	-62	-51	-53	-54	-53	0	-66	-70	-72	-68	-68	-74	0	0	0	0	-81	-81	-81	0	-83	-82	-83	0	0	-89	-89	-89	0	-89	-90	-89	-56	0	0	0	-93	0	-93	0	0	0	0	0	0	0	0	0	0	0	0	0	0	0	0	0	0	0	0	0	0	0	0	0	0	0	0	0	0	-87	0	0	0	0	0	0	0	0	0	0	-63	0	0	0	0	0	0	0	0	0	0	0	0	0	0	0	0	0	0	0	0	0	0	0	0	0	0	0	0	0	0	0	4443	-3116	2592	23434	-7961	-122	-22	977	179	0	0	-1	-21	964	176	1606974829
0	-63	0	-53	0	0	0	-74	-68	-70	-69	-71	-74	-74	0	0	-83	-82	-81	-82	-84	-83	-82	-82	-84	-84	-89	-88	-89	0	-88	-88	-89	-55	-63	0	-95	-94	-93	0	0	0	0	0	0	0	0	0	0	-89	0	0	0	0	0	0	0	0	0	0	0	0	0	0	0	0	0	0	0	0	0	0	0	0	0	0	0	0	0	0	0	-65	0	0	0	0	0	0	0	0	0	0	0	0	0	0	0	0	0	0	0	0	0	0	0	0	0	0	0	0	0	0	0	4398	-3116	2592	23436	-7965	-122	-22	978	179	0	0	-1	-21	964	176	1606974830
0	0	0	-53	0	-53	0	-67	-71	-68	-69	-72	-75	-74	0	0	0	-82	-82	-82	0	-83	-82	-82	0	0	-89	-89	-89	0	-89	-89	-88	-56	0	0	-95	-93	-93	0	0	0	0	0	0	0	0	0	0	0	0	0	0	0	0	0	0	0	0	0	0	0	0	0	0	0	0	0	0	0	0	0	0	0	0	0	0	0	0	0	0	-64	0	0	0	0	0	0	0	0	0	0	0	0	0	0	0	0	0	0	0	0	0	0	0	0	0	0	0	0	0	0	0	4398	-3071	2629	23434	-7959	-123	-20	978	179	0	-1	-1	-21	964	177	1606974832
-51	-62	-52	-52	-55	0	-73	-67	-78	0	-77	-77	-78	-74	0	0	0	-86	-86	-87	0	0	-86	-87	0	0	0	-88	-89	0	-89	-89	-89	-60	0	0	-95	-94	0	-95	0	-91	0	0	0	0	0	0	0	0	0	0	0	0	0	0	0	0	0	0	0	0	0	0	0	0	0	0	0	-90	0	0	0	0	0	0	0	0	0	0	0	-65	0	0	0	0	0	0	0	0	0	0	0	0	0	0	0	0	0	0	0	0	0	0	0	0	0	0	0	0	0	0	0	4428	-3153	2607	23435	-7963	-122	-21	977	178	0	0	-1	-21	964	176	1606974834
-50	-59	-55	-55	-55	0	-75	-67	-78	-70	-78	-77	-78	-75	0	-87	-82	-85	-86	-85	0	-83	-86	-86	-80	0	-91	-89	-89	0	-87	-88	-89	-59	0	0	-94	-94	0	-95	0	-90	0	-91	0	0	0	0	0	0	0	0	0	0	0	0	0	0	0	0	0	0	0	0	0	0	0	0	0	0	0	0	0	0	0	0	0	0	0	0	0	-63	0	0	0	0	0	0	0	0	0	0	0	0	0	0	0	0	0	0	0	0	0	0	0	0	0	0	0	0	0	0	0	4398	-3131	2592	23436	-7964	-122	-22	977	179	0	-1	-1	-21	964	176	1606974835
-52	-50	-54	-55	-56	-65	-76	-68	-79	0	-78	-78	-78	-69	0	0	0	-85	-87	-86	0	0	-86	-85	0	0	-91	-90	-89	0	-90	-90	-90	-60	0	0	0	0	0	0	0	-88	0	0	0	0	0	0	0	0	0	0	0	0	0	0	0	0	0	0	0	0	0	0	0	0	0	0	0	0	0	0	0	0	0	0	0	0	0	0	0	0	0	0	0	0	0	0	0	0	0	0	0	0	0	0	0	0	0	0	0	0	0	0	0	0	0	0	0	0	0	0	0	4398	-3100	2547	23435	-7962	-122	-22	977	179	0	0	-1	-21	964	176	1606974837
-55	-61	-56	-56	-55	0	-68	-71	-77	-69	-78	-78	-80	-71	0	0	0	-86	-86	-87	0	-78	-86	-85	0	0	-91	-91	-90	-95	0	-92	-92	-58	0	0	-95	-93	0	-96	0	-89	0	0	0	0	0	0	0	-90	0	0	0	0	0	0	0	0	0	0	0	0	0	0	0	0	0	0	0	-89	0	0	0	0	0	0	0	0	0	0	0	-63	0	0	0	0	0	0	0	0	0	0	0	0	0	0	0	0	0	0	0	0	0	0	0	0	0	0	0	0	0	0	0	4338	-3175	2547	23436	-7963	-122	-22	978	178	0	0	0	-21	964	176	1606974838
-61	-58	-60	-55	-56	-54	-71	-69	-71	-72	-71	-69	-75	-68	0	0	-82	-81	-82	-81	0	0	-81	-81	0	0	0	-94	-91	0	0	-91	0	-58	-64	0	0	0	0	0	0	0	0	0	0	0	0	0	0	0	0	0	0	0	0	0	0	0	0	0	0	0	0	0	0	0	0	0	0	0	0	0	0	0	0	0	0	0	0	0	0	-63	0	0	0	0	0	0	0	0	0	0	0	0	0	0	0	0	0	0	0	0	0	0	0	0	0	0	0	0	0	0	0	4413	-3146	2562	23437	-7968	-122	-22	977	179	0	0	-1	-21	964	175	1606974840
-51	-59	-58	-56	-54	0	-76	0	-71	-70	-71	-69	-73	-73	0	-84	0	-81	-83	-81	0	-79	-83	-83	0	0	-90	-91	-91	0	-91	-92	-91	-58	0	0	-94	-94	0	-95	0	0	-90	0	0	0	0	-89	0	0	0	0	0	0	0	0	0	0	0	0	0	0	0	0	0	0	0	0	0	0	0	0	0	0	0	0	0	0	0	0	0	-62	0	0	0	0	0	0	0	0	0	0	0	0	0	0	0	0	0	0	0	0	0	0	0	0	0	0	0	0	0	0	0	4398	-3131	2577	23435	-7962	-122	-22	978	179	0	0	-1	-21	964	176	1606974842
-55	-61	-67	-59	-59	-68	-69	-69	-78	-73	-78	-78	-79	-68	0	0	0	-88	-86	-87	0	-78	-86	-86	0	0	-90	-91	-92	0	-90	-91	-91	-58	0	0	-92	-93	-93	-94	0	0	0	0	0	0	0	0	0	0	0	-93	0	-91	0	0	0	0	0	0	0	0	0	0	0	0	0	0	0	0	-83	0	0	0	0	0	0	0	0	0	0	-64	0	0	0	0	0	0	0	0	0	0	0	0	0	0	0	0	0	0	0	0	0	0	0	0	0	0	0	0	0	0	0	4443	-3116	2592	23435	-7962	-122	-22	977	179	0	0	0	-21	964	176	1606974843
-50	-56	-56	-53	-55	0	-70	-70	-80	-69	-76	-79	-82	-67	0	0	-86	-85	-85	-86	0	-82	-85	-86	-82	0	-87	0	0	0	0	-92	0	-58	0	0	0	-94	0	-94	0	-85	-88	0	0	0	0	0	0	0	0	0	0	0	0	0	0	0	0	0	0	0	0	0	0	0	0	0	0	0	0	0	0	0	0	0	0	0	0	0	0	-72	0	0	0	0	0	0	0	0	0	0	0	0	0	0	0	0	0	0	0	0	0	0	0	0	0	0	0	0	0	0	0	4428	-3116	2584	23437	-7968	-122	-21	978	177	0	-1	-1	-21	964	175	1606974845
-50	-50	-58	-54	-55	-71	-73	-69	-77	-70	-78	-78	-80	-71	0	0	-82	-85	-86	-86	-82	-83	-86	-85	-83	-83	-94	-90	-91	0	-91	-90	-91	-59	0	0	-94	-94	0	0	0	0	-88	0	0	0	0	0	0	0	0	0	0	0	0	0	0	0	0	0	0	0	0	0	0	0	0	0	0	-87	0	0	0	0	0	0	0	0	0	0	0	-66	0	0	0	0	0	0	0	0	0	0	0	0	0	0	0	0	0	0	0	0	0	0	0	0	0	0	0	0	0	0	0	4398	-3198	2584	23436	-7963	-122	-22	978	179	0	0	-1	-21	964	176	1606974846
-50	-50	-58	-62	-55	-69	-73	-71	-78	0	-77	-78	-80	-70	0	0	-78	-85	-86	-87	-78	-79	-86	-86	-80	-78	0	-90	-91	0	-89	-91	-89	-59	0	0	-95	0	0	-95	0	0	0	0	0	0	0	0	0	0	-85	-91	0	0	0	0	0	0	0	0	0	0	0	0	0	0	0	0	0	0	0	0	0	0	0	0	0	0	0	0	0	-63	0	0	0	0	0	0	0	0	0	0	0	0	0	0	0	0	0	0	0	0	0	0	0	0	0	0	0	0	0	0	0	4428	-3116	2592	23435	-7963	-122	-22	978	178	-1	-1	-1	-21	964	176	1606974848
-54	-49	-53	-57	-56	-71	-68	-68	-77	-72	-76	-77	-79	-69	0	0	0	-85	-86	-85	0	-79	-86	-86	0	0	-90	-91	-91	0	-89	-91	-91	-58	0	0	-95	-94	0	0	0	0	0	0	0	0	-89	0	0	0	0	-92	0	0	0	0	0	0	0	0	0	0	0	0	0	0	0	0	0	0	0	0	0	0	0	0	0	0	0	0	0	-63	0	0	0	0	0	0	0	0	0	0	0	0	0	0	0	0	0	0	0	0	0	0	0	0	0	0	0	0	0	0	0	4428	-3116	2606	23437	-7966	-122	-22	978	177	-1	-1	-1	-21	964	175	1606974850
0	-51	-56	-55	-53	-70	-70	0	-78	-68	-78	-78	-79	0	0	0	0	-85	-85	-86	0	-77	-85	-85	0	0	-89	-90	-90	0	-91	-89	-90	-59	0	0	0	-95	0	-95	0	0	0	0	-84	-85	-85	0	-82	0	-84	0	0	0	0	0	0	0	0	0	0	0	0	0	0	0	0	0	0	0	-84	0	0	0	0	0	0	0	0	0	0	0	0	0	0	0	0	0	0	0	0	0	0	0	0	0	0	0	0	0	0	0	0	0	0	0	0	0	0	0	0	0	0	4398	-3131	2547	23436	-7964	-122	-21	977	179	-1	-1	-1	-21	964	176	1606974851
-50	-56	-51	-55	-56	-70	-74	-76	-76	-71	-77	-77	-80	-70	0	0	-78	-85	-85	-85	-79	-79	-86	-85	-79	-78	0	-91	-91	0	0	-92	-91	-60	0	0	0	0	0	-94	0	0	-91	0	0	-82	-85	0	0	0	0	0	0	0	0	0	0	0	0	0	0	0	0	0	0	0	0	0	0	0	0	0	0	0	0	0	0	0	0	0	0	-64	0	0	0	0	0	0	0	0	0	0	0	0	0	0	0	0	0	0	0	0	0	0	0	0	0	0	0	0	0	0	0	4443	-3116	2577	23434	-7960	-122	-22	977	179	-1	0	0	-21	964	177	1606974853
0	-50	0	-54	-57	0	-69	0	-76	0	-76	-75	-79	-70	0	0	0	-85	-85	-86	0	0	-85	-86	0	0	-92	-91	-91	0	-90	-90	-90	-59	-64	0	0	-96	0	-93	0	0	0	0	0	0	0	0	0	0	0	0	0	0	0	0	0	0	0	0	0	0	0	0	0	0	0	0	0	0	0	0	0	0	0	0	0	0	0	0	0	0	0	0	0	0	0	0	0	0	0	0	0	0	0	0	0	0	0	0	0	0	0	0	0	0	0	0	0	0	0	0	0	4443	-3131	2592	23437	-7967	-121	-22	977	177	0	-1	0	-21	964	175	1606974854
-49	-54	-54	0	-57	-70	0	0	-76	-73	-77	-77	-80	0	0	0	0	-85	-86	-86	0	-82	-85	-86	0	0	-91	-91	-90	0	-90	-90	-90	-59	0	0	0	0	0	0	0	-88	0	0	0	0	0	0	0	0	0	0	0	0	0	0	0	0	0	0	0	0	0	0	0	0	0	0	0	0	0	0	0	0	0	0	0	0	0	0	0	-63	0	0	0	0	0	0	0	0	0	0	0	0	0	0	0	0	0	0	0	0	0	0	0	0	0	0	0	0	0	0	0	4451	-3131	2577	23434	-7959	-122	-22	977	178	-1	-1	-1	-21	964	177	1606974856
-49	-49	-62	-55	-57	-70	-70	-70	-76	0	-76	-77	-80	-75	0	0	0	-85	-85	-86	0	0	-86	-86	0	0	-89	-90	-91	0	-91	-91	-90	-59	0	0	-95	-94	0	0	0	0	0	0	0	0	0	0	0	0	0	0	0	0	0	0	0	0	0	0	0	0	0	0	0	0	0	0	0	0	0	0	0	0	0	0	0	0	0	0	0	-62	0	0	0	0	0	0	0	0	0	0	0	0	0	0	0	0	0	0	0	0	0	0	0	0	0	0	0	0	0	0	0	4443	-3086	2592	23434	-7960	-122	-21	978	178	-1	-1	-1	-21	964	177	1606974857
-50	-58	-58	-54	-56	-69	-69	-73	-77	0	-77	-78	-80	-69	0	-86	-81	-85	-85	-85	0	0	-86	-86	0	-79	-90	-90	-91	0	0	-92	-91	-57	0	0	-95	0	-95	-94	0	0	0	0	-88	0	-88	0	-90	0	-88	0	0	0	0	0	0	0	0	0	0	0	0	0	0	0	0	0	0	-90	0	0	0	0	0	0	0	0	0	0	0	-69	0	0	0	0	0	0	0	0	0	0	0	0	0	0	0	0	0	0	0	0	0	0	0	0	0	0	0	0	0	0	0	4443	-3116	2637	23436	-7964	-122	-22	977	178	-1	-1	-1	-21	964	176	1606974859
-50	-50	0	0	-56	0	0	0	0	0	-73	-71	-74	0	0	0	0	-82	-82	-82	0	-81	-82	-82	0	0	-89	-90	-91	0	-89	-90	-90	-58	0	0	0	-95	-92	-94	0	0	0	0	0	0	0	0	0	0	0	0	0	0	0	0	0	0	-70	0	0	0	0	0	0	0	0	0	0	0	-85	0	0	0	0	0	0	0	0	0	0	-66	0	0	0	0	0	0	0	0	0	-90	0	0	0	0	0	0	0	0	0	0	0	0	0	0	0	0	0	0	0	0	0	4383	-3153	2607	23434	-7959	-122	-22	977	178	-1	-1	-1	-21	964	177	1606974861
-50	-57	0	-54	-57	-54	-67	-67	-71	-71	-72	-71	-74	-68	0	0	-81	-83	-82	-83	0	-82	-83	-82	0	0	0	-91	-90	0	-91	0	-91	-58	0	0	0	0	0	0	0	0	0	0	0	0	0	0	0	0	0	0	0	0	0	0	0	0	0	0	0	0	0	0	0	0	0	0	0	0	0	0	0	0	0	0	0	0	0	0	0	-69	0	0	0	0	0	0	0	0	0	0	0	0	0	0	0	0	0	0	0	0	0	0	0	0	0	0	0	0	0	0	0	4428	-3071	2592	23435	-7961	-122	-22	977	178	-1	-1	-1	-21	964	176	1606974862
-50	-57	0	-55	-55	-70	-73	0	-76	-71	-76	-76	-79	-73	0	0	0	-85	-85	-84	0	-82	-85	-85	0	0	-89	-90	-90	0	-90	-89	-92	-59	0	0	0	-95	0	-95	0	-85	0	0	0	0	0	0	0	0	0	0	0	0	0	0	0	0	0	0	0	0	0	0	0	0	0	0	0	-90	0	0	0	0	0	0	0	0	0	0	0	-62	0	0	0	0	0	0	0	0	0	0	0	0	0	0	0	0	0	0	0	0	0	0	0	0	0	0	0	0	0	0	0	4428	-3153	2622	23435	-7963	-122	-22	978	177	0	-1	-1	-21	964	176	1606974864
-48	-53	-59	-54	-55	-54	-71	-73	-71	0	-71	-71	-74	-71	0	0	0	-82	-83	-83	0	0	-82	-82	0	0	-90	-91	-90	0	-90	-91	-90	-58	-63	0	0	0	-95	-95	0	-87	0	0	0	0	0	0	0	0	0	0	0	0	-95	-91	0	0	0	0	0	0	0	0	-85	0	0	0	0	0	0	0	0	0	0	0	0	0	0	0	0	-68	0	0	0	0	0	0	0	0	0	0	0	0	0	0	0	0	0	0	0	0	0	0	0	0	0	0	0	0	0	0	0	4398	-3056	2636	23435	-7963	-122	-21	978	178	0	0	-1	-21	964	176	1606974865
-48	-54	-50	-54	-57	-69	-72	-72	-75	-72	-77	-77	-79	-73	0	0	0	-85	-86	-86	0	0	-85	-85	0	0	-90	-89	-90	0	-90	-89	-90	-58	0	0	0	-96	0	0	0	-86	0	0	0	0	0	0	0	0	0	0	0	0	0	0	0	0	0	0	0	0	0	0	0	0	0	0	0	0	0	0	0	0	0	0	0	0	0	0	0	-65	0	0	0	0	0	0	0	0	0	0	0	0	0	0	0	0	0	0	0	0	0	0	0	0	0	0	0	0	0	0	0	4428	-3146	2637	23435	-7961	-122	-21	977	179	-1	-1	-1	-21	964	176	1606974867
-50	0	-60	-54	-55	0	-69	-67	-71	-72	-69	-70	-73	-68	0	0	0	-81	-82	-82	0	-82	-83	-83	0	0	-91	-90	-90	0	-91	-90	-91	-58	0	0	-96	0	-95	0	0	0	0	0	0	0	0	0	0	0	0	0	0	0	0	0	0	0	0	0	0	0	0	0	0	0	0	0	0	-89	0	0	0	0	0	0	0	0	0	0	0	-68	0	0	0	0	0	0	0	0	0	0	0	0	0	0	0	0	0	0	0	0	0	0	0	0	0	0	0	0	0	0	0	4428	-3131	2592	23435	-7963	-122	-21	977	179	0	-1	0	-21	964	176	1606974868
-45	-53	-56	-55	-56	-69	-69	-73	-77	-72	-76	-76	-79	-71	0	0	0	-85	-86	-87	-83	0	-85	-85	-82	-84	0	-91	-90	0	-90	-90	-90	-58	0	0	0	-96	-94	-96	0	0	-90	0	-90	-90	-89	-88	0	0	-90	0	0	0	0	0	0	0	0	0	0	0	0	0	0	0	0	0	0	0	0	0	0	0	0	0	0	0	0	0	0	0	0	0	0	0	0	0	0	0	0	0	0	0	0	0	0	0	0	0	0	0	0	0	0	0	0	0	0	0	0	0	0	4443	-3131	2592	23435	-7961	-122	-22	977	179	-1	-1	-1	-21	964	176	1606974870
-49	-55	-56	-55	-53	0	-72	-67	-78	0	-78	-77	-80	-66	0	0	0	-87	-85	-85	0	-84	-85	-85	0	0	0	-90	-91	-93	0	-92	-91	-58	0	0	0	-95	0	0	0	0	-88	0	0	0	-88	0	0	0	0	0	0	0	0	0	0	0	0	0	0	0	0	0	0	0	0	0	0	0	0	0	0	0	0	0	0	0	0	0	0	-64	0	0	0	0	0	0	0	0	0	0	0	0	0	0	0	0	0	0	0	0	0	0	0	0	0	0	0	0	0	0	0	4428	-3191	2607	23435	-7962	-123	-22	978	179	0	-1	0	-21	964	176	1606974871
-58	-48	-55	-55	-55	-70	-74	-73	-78	0	-79	-78	-81	-66	0	0	0	-85	-86	-85	0	0	-85	-85	0	0	0	-91	-90	0	-90	-90	-90	-58	0	0	0	0	0	-95	0	0	0	0	0	0	0	0	0	0	0	0	0	0	0	0	0	0	0	0	0	0	0	0	0	0	0	0	0	0	0	0	0	0	0	0	0	0	0	0	0	-60	0	0	0	0	0	0	0	0	0	0	0	0	0	0	0	0	0	0	0	0	0	0	0	0	0	0	0	0	0	0	0	4428	-3056	2621	23434	-7959	-123	-22	977	178	0	-1	-1	-21	964	177	1606974873
-48	-55	-56	-54	-56	0	-72	-72	-76	-71	-76	-76	-79	-68	0	0	0	-85	-86	-86	0	0	-86	-85	0	0	0	-91	-91	0	0	-90	-89	-59	0	0	-96	0	0	-94	0	0	0	0	0	0	0	0	0	0	0	0	0	0	0	0	0	0	0	0	0	0	0	0	0	0	0	0	0	0	0	0	0	0	0	0	0	0	0	0	0	-67	0	0	0	0	0	0	0	0	0	0	0	0	0	0	0	0	0	0	0	0	0	0	0	0	0	0	0	0	0	0	0	4443	-3131	2577	23435	-7962	-122	-21	978	179	-1	-1	0	-21	964	176	1606974874
-48	-56	-57	-55	-57	-71	-72	-69	-77	-71	-76	-76	-79	-68	0	0	0	-87	-86	-86	0	-84	-87	-88	0	0	-91	-91	-90	0	-90	-88	-90	-59	0	0	-96	-95	0	-94	0	-86	0	0	0	0	0	0	0	0	0	0	0	0	0	0	0	0	0	0	0	0	0	0	0	0	0	0	0	0	0	0	0	0	0	0	0	0	0	0	0	-66	0	0	0	0	0	0	0	0	0	0	0	0	0	0	0	0	0	0	0	0	0	0	0	0	0	0	0	0	0	0	0	4428	-3153	2577	23434	-7959	-123	-22	977	178	-1	-1	-1	-21	964	177	1606974876
-48	0	0	0	-53	0	0	-68	-69	0	-69	-69	-74	0	0	0	0	-82	-83	-83	0	0	-82	-82	0	0	-90	-89	-90	0	-89	-90	-90	-58	0	0	0	-94	0	-96	0	0	0	0	0	0	0	0	0	0	0	0	0	0	0	0	-86	0	0	0	0	-88	0	-85	-86	0	0	0	0	0	-82	0	0	0	0	0	0	0	0	0	0	-59	0	0	0	0	0	0	0	0	0	0	0	0	0	0	0	0	0	0	0	0	0	0	0	0	0	0	0	0	0	0	0	4443	-3101	2637	23433	-7957	-123	-22	978	178	0	-1	0	-21	964	177	1606974878
-56	-47	-52	-54	-56	-68	-71	0	-77	-71	-77	-77	-79	-72	0	0	0	-88	-86	-86	0	0	-86	-86	0	0	0	-91	-90	0	-90	-90	-90	-58	0	0	-94	0	0	-95	0	0	0	0	0	0	0	0	0	0	0	0	0	0	0	0	0	0	0	0	0	0	0	0	0	0	0	0	0	0	0	0	0	0	0	0	0	0	0	0	0	-65	0	0	0	0	0	0	0	0	0	0	0	0	0	0	0	0	0	0	0	0	0	0	0	0	0	0	0	0	0	0	0	4488	-3146	2607	23435	-7962	-122	-21	977	178	0	-1	-1	-21	964	176	1606974879
-50	-48	-56	-57	-54	-54	-72	-73	-70	0	-71	-69	-74	-73	0	0	0	-81	-82	-81	0	0	-82	-83	0	0	0	-89	-89	0	-90	-89	-89	-57	0	0	0	0	0	0	0	0	0	0	0	0	-90	-87	0	0	-90	0	0	0	0	0	0	0	0	0	0	0	0	0	0	0	0	0	0	0	0	0	0	0	0	0	0	0	0	0	0	-65	0	0	0	0	0	0	0	0	0	0	0	0	0	0	0	0	0	0	0	0	0	0	0	0	0	0	0	0	0	0	0	4443	-3176	2622	23434	-7959	-123	-22	977	179	0	-1	-1	-22	964	177	1606974881
-49	0	-59	-56	-54	0	-69	-69	-71	0	-69	-71	-75	-73	0	0	-79	-82	-83	-82	0	0	-83	-82	0	0	-91	-89	-89	0	-89	-90	-92	-57	0	0	0	-93	-91	0	0	0	0	0	0	0	0	0	0	0	0	0	0	0	0	0	0	0	0	0	0	0	0	0	0	0	0	0	0	-91	0	0	0	0	0	0	0	0	0	0	0	-65	0	0	0	0	0	0	0	0	0	0	0	0	0	0	0	0	0	0	0	0	0	0	0	0	0	0	0	0	0	0	0	4443	-3146	2637	23435	-7961	-122	-23	977	178	0	0	0	-21	964	176	1606974882
-50	-47	0	-57	-55	-53	-69	0	-68	-71	-69	-68	-74	-69	0	0	0	-82	-83	-82	0	0	-84	-83	0	-79	0	-90	-93	0	-89	-90	-90	-58	0	0	0	0	-93	0	0	0	0	0	0	0	0	0	0	0	0	0	0	0	0	0	0	0	0	0	0	0	0	0	0	0	0	0	0	0	0	0	0	0	0	0	0	0	0	0	0	-68	0	0	0	0	0	0	0	0	0	0	0	0	0	0	0	0	0	0	0	0	0	0	0	0	0	0	0	0	0	0	0	4443	-3161	2577	23435	-7963	-123	-22	977	178	0	-1	-1	-21	964	176	1606974884
-51	-47	-60	-56	-55	0	0	0	-77	0	-77	-77	-79	-72	0	0	0	-84	-85	-86	0	-77	-86	-85	0	0	-89	-90	-90	0	-88	-89	-89	-59	0	0	0	0	0	0	0	0	0	0	0	0	0	0	0	0	0	0	0	0	0	0	0	0	0	0	0	0	0	0	-84	0	0	0	0	0	0	0	0	0	0	0	0	0	0	0	0	0	0	0	0	0	0	0	0	0	0	0	0	0	0	0	0	0	0	0	0	0	0	0	0	0	0	0	0	0	0	0	0	4481	-3116	2622	23434	-7960	-122	-21	978	179	0	0	0	-21	964	177	1606974886
-51	-57	0	-57	-56	0	-67	-72	-77	-71	-75	-75	-80	-72	0	0	0	-85	-85	-86	0	0	-85	-85	0	0	-89	-89	-90	0	-90	-90	-89	-59	0	0	0	-94	0	0	0	-87	0	0	0	0	0	0	0	0	0	-91	0	0	0	0	0	0	0	0	0	0	0	0	0	0	0	0	0	0	0	0	0	0	0	0	0	0	0	0	0	-60	0	0	0	0	0	0	0	0	0	0	0	0	0	0	0	0	0	0	0	0	0	0	0	0	0	0	0	0	0	0	0	4473	-3131	2637	23434	-7960	-123	-22	978	179	0	-1	-1	-21	964	177	1606974887
0	0	-55	-56	0	-53	-75	-68	-71	0	-72	-71	-74	-74	0	-85	0	-82	-83	-83	0	-82	-83	-82	0	0	-91	-89	-88	0	-88	-90	-89	-57	0	0	-94	0	-95	0	0	0	0	0	0	0	-89	-88	0	0	-89	0	0	0	0	0	-85	0	0	0	0	-85	0	-85	-84	0	0	0	0	0	-83	0	0	0	0	0	0	0	0	0	0	-66	0	0	0	0	0	0	0	0	0	0	0	0	0	0	0	0	0	0	0	0	0	0	0	0	0	0	0	0	0	0	0	4375	-3145	2547	23436	-7965	-122	-20	978	178	0	-1	-1	-21	964	176	1606974889
-50	-48	-58	-56	-56	0	-74	-71	-76	-72	-76	-76	-80	-69	0	0	0	-85	-85	-86	0	0	-86	-84	0	0	-90	-90	-90	0	-89	-89	-90	-58	0	0	-94	0	0	0	0	0	0	0	0	0	0	0	0	0	0	0	0	0	0	0	0	0	0	0	0	0	0	0	0	0	0	0	0	-88	0	0	0	0	0	0	0	0	0	0	0	-68	0	0	0	0	0	0	0	0	0	0	0	0	0	0	0	0	0	0	0	0	0	0	0	0	0	0	0	0	0	0	0	4488	-3131	2622	23434	-7959	-123	-21	978	179	0	0	-1	-21	964	177	1606974890
-51	-48	-58	0	-56	-53	0	-69	-68	-71	-69	-69	-74	0	0	-85	0	-82	-83	-81	0	0	-83	-82	0	0	-91	-88	-90	0	-89	-90	-90	-58	0	0	0	0	0	0	0	0	0	0	0	0	0	0	0	0	0	0	0	0	0	0	0	0	0	0	0	0	0	0	0	0	0	0	0	0	0	0	0	0	0	0	0	0	0	0	0	-59	0	0	0	0	0	0	0	0	0	0	0	0	0	0	0	0	0	0	0	0	0	0	0	0	0	0	0	0	0	0	0	4398	-3100	2577	23434	-7960	-122	-21	977	179	0	0	-1	-21	964	177	1606974892
0	-48	-57	-55	0	-68	-68	-74	-76	-70	-76	-77	-79	-74	0	0	0	-84	-85	-85	0	0	-85	-85	0	0	-91	-88	-89	0	-90	-89	-89	-58	0	0	-94	0	0	0	0	-88	0	0	-83	0	0	0	0	0	0	0	0	0	0	0	0	0	0	0	0	0	0	0	0	0	0	0	0	-89	0	0	0	0	0	0	0	0	0	0	0	-61	0	0	0	0	0	0	0	0	0	0	0	0	0	0	0	0	0	0	0	0	0	0	0	0	0	0	0	0	0	0	0	4398	-3116	2592	23436	-7965	-122	-21	978	178	0	0	-1	-21	964	176	1606974893
-49	0	-62	-55	-54	-68	-69	-68	-78	-69	-77	-78	-79	-68	0	0	0	-86	-86	-85	0	-86	-87	-86	0	0	-89	-89	-88	0	-89	-90	-88	-59	0	0	-94	-93	0	-94	0	-89	0	0	0	0	0	0	0	0	0	0	0	0	0	0	0	0	0	-95	0	0	0	0	0	0	0	0	0	0	0	0	0	0	0	0	0	0	0	0	0	-61	0	0	0	0	0	0	0	0	0	0	0	0	0	0	0	0	0	0	0	0	0	0	0	0	0	0	0	0	0	0	0	4519	-3162	2622	23435	-7961	-122	-21	978	179	0	0	-1	-21	964	176	1606974895
-56	-48	-63	-56	-56	-68	-69	-69	-77	-70	-78	-78	-79	-73	0	0	0	-85	-86	-85	0	0	-87	-86	0	0	-89	-89	-88	0	-88	-88	-88	-59	0	0	0	0	0	-94	0	0	0	0	0	0	0	-87	0	0	0	0	0	0	0	0	0	0	0	0	0	0	0	0	0	0	0	0	0	0	0	0	0	0	0	0	0	0	0	0	0	-63	0	0	0	0	0	0	0	0	0	0	0	0	0	0	0	0	0	0	0	0	0	0	0	0	0	0	0	0	0	0	0	4383	-3108	2592	23435	-7961	-123	-21	977	178	0	0	-1	-21	964	176	1606974897
-49	-48	-60	-55	-54	-67	-72	0	-76	-71	-77	-77	-78	-72	0	0	0	-86	-86	-87	0	0	-85	-85	0	0	-90	-89	-90	0	-88	-89	-89	-60	0	0	0	0	0	0	0	0	-88	0	-81	-81	-82	-91	-82	0	-81	0	0	0	0	0	0	0	0	0	0	0	0	0	0	0	0	0	0	-91	0	0	0	0	0	0	0	0	0	0	0	-66	0	0	0	0	0	0	0	0	0	0	0	0	0	0	0	0	0	0	0	0	0	0	0	0	0	0	0	0	0	0	0	4428	-3101	2592	23436	-7963	-122	-22	977	179	0	0	-1	-21	964	176	1606974898
-57	-48	-61	0	-55	0	0	0	-71	-71	-71	-71	-74	0	0	0	0	-82	-82	-82	0	0	-82	-82	0	0	-88	-90	-88	0	-89	-90	-89	-57	0	0	-94	0	-95	0	0	0	0	0	0	0	0	-89	0	0	0	0	0	0	0	0	0	0	0	0	0	0	0	0	0	0	0	0	0	-90	0	0	0	0	0	0	0	0	0	0	0	-63	0	0	0	0	0	0	0	0	0	0	0	0	0	0	0	0	0	0	0	0	0	0	0	0	0	0	0	0	0	0	0	4443	-3116	2577	23435	-7962	-122	-21	977	178	0	0	-1	-21	964	176	1606974900
-52	-49	-56	-54	-56	0	-73	-73	-70	-70	-70	-70	-74	-72	0	0	0	-81	-81	-82	0	-84	-82	-83	0	0	-91	-88	-89	0	-89	-89	-87	-57	0	0	0	-94	-92	0	0	0	0	0	0	0	0	0	0	0	0	0	-88	-87	-95	0	0	0	0	0	0	0	0	0	0	0	0	0	0	0	0	0	0	0	0	0	0	0	0	0	0	-63	0	0	0	0	0	0	0	0	0	0	0	0	0	0	0	0	0	0	0	0	0	0	0	0	0	0	0	0	0	0	0	4413	-3123	2592	23434	-7960	-123	-22	977	179	0	0	-1	-21	964	177	1606974902
-47	0	-56	0	-56	-66	-67	-68	-77	-70	-78	-78	-79	-73	0	0	0	-86	-86	-86	0	0	-87	-85	0	0	-89	-88	-89	0	-89	-89	-89	-59	0	0	-95	0	0	0	0	-88	0	0	0	0	0	0	0	0	-89	0	0	0	0	0	0	0	0	0	0	0	0	0	0	0	0	0	0	-90	0	0	0	0	0	0	0	0	0	0	0	-65	0	0	0	0	0	0	0	0	0	0	0	0	0	0	0	0	0	0	0	0	0	0	0	0	0	0	0	0	0	0	0	4413	-3138	2644	23437	-7967	-122	-22	977	178	0	0	-1	-21	964	175	1606974903
-51	-48	-54	-55	-56	-67	-67	-67	-77	0	-78	-78	-78	-66	0	0	0	-85	-86	-86	0	0	-86	-85	0	0	-89	-89	-89	0	-89	-90	-89	-60	0	0	0	-94	0	-93	0	0	0	0	0	0	0	0	0	0	0	0	-89	0	0	0	0	0	0	0	0	0	0	0	0	0	0	0	0	0	0	0	0	0	0	0	0	0	0	0	0	-66	0	0	0	0	0	0	0	0	0	0	0	0	0	0	0	0	0	0	0	0	0	0	0	0	0	0	0	0	0	0	0	4443	-3131	2622	23434	-7961	-123	-21	977	178	0	0	-1	-21	964	176	1606974905
-57	0	-58	-55	-55	-66	-66	-70	-77	-71	-78	-77	-78	-66	0	0	0	-86	-85	-86	0	0	-86	-85	0	0	0	-89	0	0	0	0	-89	-59	0	0	-95	0	0	0	0	0	0	0	0	0	0	-89	0	0	0	0	0	0	0	0	0	0	0	-96	0	0	0	0	0	0	0	0	0	-86	0	0	0	0	0	0	0	0	0	0	0	-67	0	0	0	0	0	0	0	0	0	0	0	0	0	0	0	0	0	0	0	0	0	0	0	0	0	0	0	0	0	0	0	4443	-3108	2592	23435	-7961	-122	-21	977	178	0	-1	-1	-21	964	176	1606974906
0	-50	-58	-55	-55	-65	-72	-70	-77	0	-78	-76	-78	-73	0	0	0	-86	-85	-86	0	0	-87	-87	0	0	-88	-88	-89	0	0	-90	-90	-57	0	0	-94	-94	0	0	0	-87	0	-87	0	0	0	0	0	0	0	0	0	0	0	0	0	0	0	0	0	0	0	-88	0	0	0	0	0	0	0	0	0	0	0	0	0	0	0	0	0	-65	0	0	0	0	0	0	0	0	0	0	-91	0	0	0	0	0	0	0	0	0	0	0	0	0	0	0	0	0	0	0	0	4443	-3161	2592	23436	-7965	-122	-21	977	177	-1	0	0	-21	964	176	1606974908
-50	-50	-58	-56	-55	-66	-72	-65	-78	-72	-79	-78	-79	-73	0	0	0	-86	-86	-85	0	-85	-86	-86	0	0	-89	0	0	0	0	0	0	-58	0	0	0	0	0	0	0	0	0	0	0	0	0	0	0	0	0	0	0	0	0	0	0	0	0	0	0	0	0	0	0	0	0	0	0	-90	0	0	0	0	0	0	0	0	0	0	0	-66	0	0	0	0	0	0	0	0	0	0	0	0	0	0	0	0	0	0	0	0	0	0	0	0	0	0	0	0	0	0	0	4398	-3146	2592	23435	-7962	-121	-22	977	178	0	0	0	-21	964	176	1606974910
-50	-50	-61	-55	-54	-69	-73	-74	-76	-71	-77	-77	-79	-70	0	0	0	-85	-86	-86	0	0	-87	-86	0	0	-87	-90	-90	0	-90	-90	-90	-59	0	0	0	-95	0	-95	0	-89	0	0	0	0	-89	0	0	0	-89	0	0	0	0	0	0	0	0	0	0	0	0	0	0	0	0	0	0	0	0	0	0	0	0	0	0	0	0	0	0	-63	0	0	0	0	0	0	0	0	0	0	0	0	0	0	0	0	0	0	0	0	0	0	0	0	0	0	0	0	0	0	0	4383	-3131	2577	23435	-7961	-122	-22	978	179	0	0	0	-21	964	176	1606974911
-55	-57	-54	-55	-56	-71	-73	-67	-79	0	-79	-79	-79	-72	0	0	-78	-86	-86	-86	0	0	-86	-86	0	0	-88	-89	-91	0	-89	-90	-91	-60	0	0	0	-95	0	-95	0	0	0	0	0	-88	-89	0	-90	0	-89	0	0	0	0	0	0	0	0	0	0	0	0	0	0	0	0	0	0	0	0	0	0	0	0	0	0	0	0	0	0	-63	0	0	0	0	0	0	0	0	0	0	0	0	0	0	0	0	0	0	0	0	0	0	0	0	0	0	0	0	0	0	0	4398	-3123	2621	23436	-7963	-122	-22	978	178	-1	-1	-1	-21	964	176	1606974913
-54	-50	-58	-55	-57	-54	-71	-72	-72	-71	-70	-73	-73	-68	0	0	0	-81	-81	-81	0	0	-82	-82	0	0	-89	-90	-90	0	-90	-91	-91	-56	0	0	0	0	0	-95	0	-91	0	0	0	0	0	0	0	0	0	0	0	0	0	0	0	0	0	0	0	0	0	0	0	0	0	0	0	-92	0	0	0	0	0	0	0	0	0	0	0	-64	0	0	0	0	0	0	0	0	0	0	0	0	0	0	0	0	0	0	0	0	0	0	0	0	0	0	0	0	0	0	0	4428	-3108	2569	23436	-7964	-122	-21	978	179	0	-1	-1	-21	964	176	1606974914
-54	0	-57	-55	-55	0	-72	-74	-70	-71	-72	-70	-73	-69	0	0	0	-81	-83	-82	0	-79	-83	-82	0	0	-90	-89	-92	0	-90	-91	-91	-57	0	0	0	0	0	0	0	-87	-90	0	0	0	0	0	0	0	0	0	0	0	-96	0	0	0	0	0	0	0	0	0	0	0	0	0	0	0	-83	0	0	0	0	0	0	0	0	0	0	-65	0	0	0	0	0	0	0	0	0	0	0	0	0	0	0	0	0	0	0	0	0	0	0	0	0	0	0	0	0	0	0	4428	-3116	2592	23434	-7960	-121	-22	978	179	-1	-1	0	-21	964	177	1606974916
-54	0	-58	-56	-56	-54	-73	-68	-69	0	-72	-70	-74	-68	0	0	0	-82	-82	-83	0	0	-83	-82	0	0	-90	-90	-91	0	-90	-90	-90	-57	0	0	0	0	0	0	0	0	0	0	0	0	0	0	0	0	0	0	0	0	0	0	0	0	0	0	0	0	0	0	0	0	0	0	0	-90	0	0	0	0	0	0	0	0	0	0	0	-70	0	0	0	0	0	0	0	0	0	0	0	0	0	0	0	0	0	0	0	0	0	0	0	0	0	0	0	0	0	0	0	4428	-3123	2577	23435	-7962	-121	-22	978	178	-1	-1	0	-21	964	176	1606974917
-57	-46	-58	-55	-56	-69	-72	0	-77	-71	-77	-76	-79	-69	0	0	0	-85	-86	-86	0	0	-85	-85	0	-77	-90	-92	-91	0	0	-91	-91	-57	0	0	0	-96	0	-95	0	-89	0	0	0	0	0	0	0	0	-90	0	0	0	0	0	0	0	0	0	0	0	0	0	0	0	0	0	0	-90	0	0	0	0	0	0	0	0	0	0	0	-63	0	0	0	0	0	0	0	0	0	0	0	0	0	0	0	0	0	0	0	0	0	0	0	0	0	0	0	0	0	0	0	4428	-3146	2584	23435	-7962	-121	-21	978	178	-1	-1	0	-21	964	176	1606974919
-49	-59	-55	-57	-56	0	-67	-73	-69	-70	-69	-68	-75	-72	0	0	0	-82	-82	-83	0	0	-82	-82	0	0	-93	-91	-91	0	-90	-91	-91	-57	0	0	-92	0	0	0	0	-88	0	0	0	0	0	0	0	-89	0	0	0	0	0	0	0	0	0	0	0	0	0	0	0	0	0	0	0	0	0	0	0	0	0	0	0	0	0	0	0	0	0	0	0	0	0	0	0	0	0	0	0	0	0	0	0	0	0	0	0	0	0	0	0	0	0	0	0	0	0	0	0	4398	-3146	2607	23436	-7963	-122	-21	978	179	0	0	0	-21	964	176	1606974920
-55	-59	-52	-58	-55	-70	-73	-73	-78	-71	-79	-78	-79	-67	0	0	0	-86	-85	-86	0	0	-85	-86	0	-79	-91	-91	-89	0	-92	-91	-91	-59	0	0	-95	-94	0	0	0	0	0	0	0	0	-90	0	0	0	-88	0	0	0	0	0	0	0	0	0	0	0	0	0	0	0	0	0	0	0	0	0	0	0	0	0	0	0	0	0	0	-64	0	0	0	0	0	0	0	0	0	0	0	0	0	0	0	0	0	0	0	0	0	0	0	0	0	0	0	0	0	0	0	4443	-3131	2592	23434	-7960	-122	-21	978	178	0	-1	0	-21	964	177	1606974922
-54	-48	-52	-57	-54	-53	-68	-68	-70	0	-72	-73	-74	-73	0	0	0	-83	-83	-82	0	-80	-82	-83	0	0	-88	-90	-90	0	-91	-90	-90	-55	0	0	-93	-94	0	0	0	-88	0	0	0	0	0	-88	0	0	0	0	0	0	0	0	0	0	0	0	0	0	0	0	0	0	0	0	0	0	0	0	0	0	0	0	0	0	0	0	0	-69	0	0	0	0	0	0	0	0	0	0	0	0	0	0	0	0	0	0	0	0	0	0	0	0	0	0	0	0	0	0	0	4443	-3116	2622	23436	-7965	-121	-21	978	178	0	-1	0	-21	964	176	1606974923
-50	-58	-51	-55	-57	-67	0	0	-77	0	-77	-76	-78	-72	0	0	0	-86	-86	-85	0	0	-85	-86	0	0	-92	-92	-89	0	-91	-90	-88	-59	0	0	-95	-92	0	0	0	-87	0	0	0	0	0	0	0	0	0	0	0	0	0	0	0	0	0	0	0	0	0	0	0	0	0	0	0	-94	0	0	0	0	0	0	0	0	0	0	0	-66	0	0	0	0	0	0	0	0	0	0	0	0	0	0	0	0	0	0	0	0	0	0	0	0	0	0	0	0	0	0	0	4428	-3146	2622	23434	-7959	-122	-21	977	179	-1	-1	-1	-21	964	177	1606974925
0	0	-54	-56	0	0	-70	-70	-72	-71	-70	-70	-74	-70	0	0	0	-82	-82	-82	0	0	-82	-82	0	0	0	-90	-90	0	0	-90	-90	-58	0	0	0	-94	-94	0	0	-87	-88	0	0	0	0	0	0	0	0	0	0	0	0	0	0	0	0	0	0	0	0	0	0	0	0	0	0	-89	0	0	0	0	0	0	0	0	0	0	0	-63	0	0	0	0	0	0	0	0	0	0	0	0	0	0	0	0	0	0	0	0	0	0	0	0	0	0	0	0	0	0	0	4428	-3123	2584	23435	-7962	-121	-22	978	178	-1	-1	0	-21	964	176	1606974927
-49	-59	0	-55	-55	-69	-69	-73	-77	-70	-77	-76	-80	-68	0	0	0	-85	-86	-85	0	-78	-85	-86	0	0	-87	-90	-90	0	-91	-92	-91	-59	0	0	-94	-96	0	-95	0	-89	0	0	0	0	0	0	0	0	0	0	0	0	0	0	0	0	0	0	0	0	0	0	0	0	0	0	0	0	0	0	0	0	0	0	0	0	0	0	0	0	0	0	0	0	0	0	0	0	0	0	0	0	0	0	0	0	0	0	0	0	0	0	0	0	0	0	0	0	0	0	0	4428	-3108	2547	23436	-7963	-121	-21	977	178	-1	-1	0	-21	964	176	1606974928
-55	-47	-55	-55	-55	-55	-69	-68	-69	-70	-72	-70	-74	-67	0	0	0	-83	-81	-82	0	0	-83	-83	0	0	-90	-90	-91	0	-92	-92	-89	-56	0	0	-95	-94	-92	0	0	-87	0	0	0	0	0	0	0	0	0	0	0	0	0	0	0	0	0	0	0	0	0	0	0	0	0	0	0	-91	0	0	0	0	0	0	0	0	0	0	0	-67	0	0	0	0	0	0	0	0	0	0	0	0	0	0	0	0	0	0	0	0	0	0	0	0	0	0	0	0	0	0	0	4428	-3101	2621	23435	-7961	-122	-22	978	179	-1	-1	0	-21	964	176	1606974930
-56	-47	-55	-56	-55	0	-74	0	-69	0	-72	-70	-73	-75	0	0	0	-82	-82	-83	0	0	-82	-82	0	0	-89	-90	-91	0	-92	-91	-91	-57	-64	0	0	0	-92	-94	0	0	0	0	0	0	0	0	0	0	0	0	0	0	0	0	0	0	0	0	0	0	0	0	0	0	0	0	0	-90	0	0	0	0	0	0	0	0	0	0	0	-70	0	0	0	0	0	0	0	0	0	0	0	0	0	0	0	0	0	0	0	0	0	0	0	0	0	0	0	0	0	0	0	4428	-3116	2621	23434	-7960	-122	-21	978	178	-1	-1	-1	-21	964	177	1606974931
-55	0	-54	-55	-55	-69	-68	-68	-78	-71	-78	-78	-79	-67	0	0	0	-84	-85	-85	0	0	-86	-86	0	0	-90	-91	-92	0	0	-92	-91	-60	0	0	-96	0	-94	-94	0	-87	0	0	0	0	0	0	0	0	0	0	0	0	0	0	0	0	0	0	0	0	0	0	0	0	0	0	0	0	0	0	0	0	0	0	0	0	0	0	0	-67	0	0	0	0	0	0	0	0	0	0	0	0	0	0	0	0	0	0	0	0	0	0	0	0	0	0	0	0	0	0	0	4398	-3115	2554	23436	-7963	-121	-22	978	178	-1	-1	-1	-21	964	176	1606974933
-56	-47	-54	-55	-55	-70	-74	-74	-77	0	-77	-77	-78	-75	0	0	0	-86	-85	-86	0	0	-85	-85	0	0	-90	-90	-89	0	-90	-92	-91	-59	-61	0	0	0	0	0	0	0	0	0	-90	0	-89	-89	0	-89	0	-93	-88	-89	0	0	0	0	0	0	0	0	0	0	0	0	0	0	0	0	0	0	0	0	0	0	0	0	0	0	0	-70	0	0	0	0	0	0	0	0	0	0	0	0	0	0	0	0	0	0	0	0	0	0	0	0	0	0	0	0	0	0	0	4473	-3124	2622	23435	-7962	-121	-21	977	178	-1	-1	0	-21	964	176	1606974934
-48	-57	0	-57	-55	-69	-68	-67	-77	0	-77	-78	-79	-67	0	0	0	-85	-86	-85	0	0	-85	-85	0	0	-88	-90	-89	0	-91	-91	-90	-59	0	0	0	0	-92	-94	0	0	0	0	0	0	0	0	0	0	0	0	0	0	0	0	0	0	0	0	0	0	0	0	0	0	0	0	0	0	0	0	0	0	0	0	0	0	0	0	0	-68	0	0	0	0	0	0	0	0	0	0	0	0	0	0	0	0	0	0	0	0	0	0	0	0	0	0	0	0	0	0	0	4473	-3146	2622	23434	-7960	-121	-21	977	179	-1	0	0	-21	964	177	1606974936
0	-47	-54	-57	0	-69	-66	-67	-77	-71	-77	-76	-80	-66	-80	0	0	-85	-85	-86	0	0	-85	-86	0	0	-90	-92	-90	0	-89	-91	-90	-59	-63	0	0	-95	0	-97	0	0	0	-89	0	0	0	-88	0	0	0	0	0	0	0	0	0	0	0	0	0	0	0	0	0	0	0	0	0	0	0	0	0	0	0	0	0	0	0	0	0	-68	0	0	0	0	0	0	0	0	0	0	0	0	0	0	0	0	0	0	0	0	0	0	0	0	0	0	0	0	0	0	0	4383	-3086	2621	23437	-7968	-122	-21	977	177	0	-1	0	-21	964	175	1606974938
-49	0	-56	-56	-55	-54	-73	-66	-71	-71	-69	-69	-73	-73	0	0	0	-82	-82	-83	0	0	-82	-83	0	0	0	-91	-91	0	-90	-92	-90	-57	0	0	-95	0	0	0	0	0	0	0	0	0	0	-87	0	0	0	0	0	0	0	0	0	0	0	-95	0	0	0	0	0	0	0	0	0	0	0	0	0	0	0	0	0	0	0	0	0	-65	0	0	0	0	0	0	0	0	0	0	0	0	0	0	0	0	0	0	0	0	0	0	0	0	0	0	0	0	0	0	0	4383	-3146	2622	23435	-7961	-122	-22	978	179	-1	-1	-1	-21	964	176	1606974939
-54	0	-56	-56	-54	-69	-72	-67	-77	0	-78	-77	-80	-67	0	0	0	-85	-85	-86	0	0	-86	-86	0	0	-89	-91	-90	0	-89	-90	-90	-59	0	0	-94	-95	0	-93	0	-87	-90	0	0	0	-86	0	0	0	0	0	0	0	0	0	0	0	0	-94	0	0	0	0	0	0	0	0	0	-90	0	0	0	0	0	0	0	0	0	0	0	-65	0	0	0	0	0	0	0	0	0	0	0	0	0	0	0	0	0	0	0	0	0	0	0	0	0	0	0	0	0	0	0	4398	-3100	2577	23435	-7961	-122	-21	978	178	-1	0	-1	-21	964	176	1606974941
-55	-48	-58	-56	-55	-71	-68	-74	-78	0	-78	-77	-79	-75	0	0	0	-87	-85	-85	0	-83	-85	-85	0	0	-88	-91	-92	0	-92	-91	0	-59	0	0	0	-95	0	-95	0	-89	0	-88	0	0	0	0	0	0	0	0	0	0	0	0	0	0	0	0	0	0	0	0	0	0	0	0	0	0	0	0	0	0	0	0	0	0	0	0	0	-66	0	0	0	0	0	0	0	0	0	0	0	0	0	0	0	0	0	0	0	0	0	0	0	0	0	0	0	0	0	0	0	4488	-3161	2577	23436	-7965	-121	-22	978	179	0	-1	0	-21	964	176	1606974942
-45	-49	-57	0	-54	0	0	0	-71	-71	-70	-72	0	0	0	0	0	-82	-83	-83	0	0	-82	-83	0	0	-91	-90	-92	0	-90	-90	-91	-57	0	0	-94	-95	-95	0	0	-87	0	0	0	0	0	0	0	0	0	0	0	0	0	0	0	0	0	0	0	0	0	0	0	0	0	0	0	-90	0	0	0	0	0	0	0	0	0	0	0	-65	0	0	0	0	0	0	0	0	0	0	0	0	0	0	0	0	0	0	0	0	0	0	0	0	0	0	0	0	0	0	0	4428	-3131	2562	23435	-7963	-122	-21	978	179	-1	-1	0	-21	964	176	1606974944
-50	-56	-56	-56	-55	-54	-68	0	-69	0	-69	-70	-74	-69	0	0	0	-82	-82	-82	0	0	-82	-83	0	0	-89	-91	-91	0	-92	-90	0	-57	0	0	-94	0	-96	-95	0	0	0	0	0	0	0	0	0	0	0	0	0	0	0	0	0	0	0	0	0	0	0	0	0	0	0	0	0	-88	0	0	0	0	0	0	0	0	0	0	0	-65	0	0	0	0	0	0	0	0	0	0	0	0	0	0	0	0	0	0	0	0	0	0	0	0	0	0	0	0	0	0	0	4376	-3131	2622	23434	-7959	-122	-22	978	178	-1	-1	0	-21	964	177	1606974945
-49	-56	-57	-55	-55	0	-69	-68	-71	-73	-69	-71	-74	-75	0	0	0	-82	-82	-82	0	-77	-82	-82	0	0	-89	-92	-91	0	0	-92	-90	-58	0	0	-94	-94	0	0	0	0	-88	0	0	0	-88	0	0	0	-89	0	0	0	0	0	0	0	0	0	0	0	0	0	0	0	0	0	0	0	0	0	0	0	0	0	0	0	0	0	0	-61	0	0	0	0	0	0	0	0	0	0	0	0	0	0	0	0	0	0	0	0	0	0	0	0	0	0	0	0	0	0	0	4428	-3153	2592	23436	-7964	-122	-22	977	178	-1	-1	0	-21	964	176	1606974947
-48	0	-56	0	-56	-53	0	-67	-71	0	-71	-69	-74	0	0	0	0	-81	-82	-82	0	0	-82	-82	0	0	-88	-91	-91	0	-93	-90	-91	-58	0	0	0	-94	0	0	0	0	0	0	0	0	0	0	0	0	0	0	0	0	0	0	0	0	0	0	0	0	-96	0	0	0	0	0	0	0	0	0	0	0	0	0	0	0	0	0	0	-65	0	0	0	0	0	0	0	0	0	0	0	0	0	0	0	0	0	0	0	0	0	0	0	0	0	0	0	0	0	0	0	4443	-3161	2592	23435	-7961	-122	-22	977	178	-1	-1	0	-21	964	176	1606974949
-49	-48	0	-56	-55	0	-72	-68	-76	0	-78	-77	-80	-71	0	0	0	-85	-85	-86	0	0	-86	-86	0	0	-91	-90	-90	0	-90	-89	-90	-58	0	0	0	0	0	0	0	0	-89	0	-87	0	-89	0	-89	0	-88	0	0	-94	0	0	0	0	0	0	0	0	0	0	0	0	0	0	0	-89	0	0	0	0	0	0	0	0	0	0	0	-63	0	0	0	0	0	0	0	0	0	0	0	0	0	0	0	0	0	0	0	0	0	0	0	0	0	0	0	0	0	0	0	4436	-3161	2614	23434	-7960	-122	-22	978	179	-1	-1	0	-21	964	177	1606974950
-55	-47	-52	-55	-56	0	-72	-72	-69	-71	-71	-69	-74	-72	0	0	0	-82	-83	-82	0	0	-82	-82	0	0	-91	-91	-90	0	0	-90	-90	-58	0	0	0	0	-93	0	0	0	0	0	0	0	0	0	0	0	0	0	0	0	0	0	0	0	0	0	0	0	0	0	0	0	0	0	0	-91	0	0	0	0	0	0	0	0	0	0	0	0	0	0	0	0	0	0	0	0	0	0	0	0	0	0	0	0	0	0	0	0	0	0	0	0	0	0	0	0	0	0	0	4443	-3146	2592	23435	-7963	-122	-22	978	179	-1	-1	0	-21	964	176	1606974952
-49	-47	-55	-56	-57	-53	-74	-69	-71	-72	-68	-69	-74	-68	0	0	-79	-82	-82	-82	0	-80	-82	-82	-79	0	-92	-91	-91	0	-91	-91	-90	-58	0	0	-95	-96	0	0	0	-88	0	0	0	0	0	0	0	0	0	0	0	0	0	0	0	0	0	0	0	0	0	0	0	0	0	0	0	-90	0	0	0	0	0	0	0	0	0	0	0	-67	0	0	0	0	0	0	0	0	0	0	0	0	0	0	0	0	0	0	0	0	0	0	0	0	0	0	0	0	0	0	0	4428	-3146	2592	23436	-7965	-121	-23	978	179	-1	-1	-1	-21	964	176	1606974953
-52	-49	-56	-55	-57	-68	-69	-69	-77	-71	-78	-77	-80	-68	0	0	0	-86	-86	-86	0	-78	-85	-86	0	0	-91	-91	-91	0	0	-89	-90	-58	0	0	-95	0	0	0	0	0	0	0	0	0	0	-87	0	0	-89	-92	0	0	0	0	0	0	0	0	0	0	0	0	0	0	0	0	0	0	0	0	0	0	0	0	0	0	0	0	0	-70	0	0	0	0	0	0	0	0	0	0	0	0	0	0	0	0	0	0	0	0	0	0	0	0	0	0	0	0	0	0	0	4398	-3116	2592	23435	-7961	-122	-22	978	178	-1	-1	-1	-21	964	176	1606974955
-56	-49	-55	-53	-61	0	-73	-67	-72	0	-70	-73	-74	-75	0	0	0	-82	-83	-82	0	0	-82	-82	0	0	-92	-90	-89	0	-90	-89	-91	-58	0	0	-94	-95	0	0	0	0	-89	0	-90	-89	-90	0	0	0	-89	0	0	0	0	0	0	0	0	0	0	0	0	0	0	0	0	0	0	0	0	0	0	0	0	0	0	0	0	0	0	0	0	0	0	0	0	0	0	0	0	0	0	0	0	0	0	0	0	0	0	0	0	0	0	0	0	0	0	0	0	0	0	4488	-3086	2569	23435	-7962	-122	-21	978	179	-1	-1	-1	-21	964	176	1606974987
0	-48	-55	-53	-61	-70	-74	-75	-76	-72	-77	-77	-79	-74	0	0	0	-87	-86	-87	0	-78	-86	-85	0	0	-90	-92	-92	0	-90	-91	-91	-59	0	0	0	0	0	-95	0	-87	0	-92	0	0	-90	0	0	0	-90	0	0	0	0	0	0	0	0	-94	0	0	0	0	0	0	0	0	0	0	0	0	0	0	0	0	0	0	0	0	0	0	0	0	0	0	0	0	0	0	0	0	0	0	0	0	0	0	0	0	0	0	0	0	0	0	0	0	0	0	0	0	0	4443	-3131	2637	23436	-7963	-122	-21	978	179	-1	-1	0	-21	964	176	1606974988
-56	0	-54	-59	-62	-54	-68	-78	-68	-73	-68	-69	-74	-79	0	0	0	-81	-82	-81	0	0	-83	-83	0	0	-92	-91	-94	0	-91	-91	-89	-57	0	0	0	0	0	0	0	-88	0	0	0	0	0	0	0	0	0	0	0	0	0	0	0	0	0	0	0	0	0	0	0	0	0	0	0	0	0	0	0	0	0	0	0	0	0	0	0	-64	0	0	0	0	0	0	0	0	0	0	0	0	0	0	0	0	0	0	0	0	0	0	0	0	0	0	0	0	0	0	0	4443	-3116	2622	23435	-7961	-121	-22	977	179	-1	-1	0	-21	964	176	1606974990
-51	0	-59	-60	-60	0	-70	-69	-69	-72	-71	-68	-75	-69	0	0	0	-81	-82	-81	0	-78	-82	-82	0	0	0	-89	-89	0	-89	-90	-89	-59	0	0	0	0	-94	0	0	0	0	0	0	0	0	0	0	0	0	0	0	0	0	0	0	0	0	0	0	0	0	0	0	0	0	0	0	-90	0	0	0	0	0	0	0	0	0	0	0	-68	0	0	0	0	0	0	0	0	0	0	0	0	0	0	0	0	0	0	0	0	0	0	0	0	0	0	0	0	0	0	0	4428	-3131	2592	23436	-7963	-121	-21	978	178	-1	-1	0	-21	964	176	1606974991
-50	-57	0	-56	-62	-71	-74	-69	-77	-72	-77	-78	-79	-69	0	-87	0	-85	-86	-85	0	-78	-87	-87	0	0	-92	-91	-91	0	-90	-89	-90	-60	0	0	0	0	0	0	0	-88	0	0	0	0	0	0	0	0	0	0	0	0	0	0	0	0	0	0	0	0	0	0	0	0	0	0	0	-78	0	0	0	0	0	0	0	0	0	0	0	-62	0	0	0	0	0	0	0	0	0	0	0	0	0	0	0	0	0	0	0	0	0	0	0	0	0	0	0	0	0	0	0	4435	-3071	2592	23435	-7962	-122	-22	978	179	-1	-1	-1	-21	964	176	1606974993
-49	-49	-56	-54	-61	-68	-76	0	-78	0	-77	-78	-79	-75	0	0	0	-87	-86	-87	0	-78	-86	-87	0	0	0	-89	-91	0	-90	-90	-93	-58	0	0	-95	-95	-94	-94	0	0	0	0	0	0	-88	0	0	0	-89	0	0	0	0	0	0	0	0	0	0	0	0	0	0	0	0	0	0	0	0	0	0	0	0	0	0	0	0	0	0	-61	0	0	0	0	0	0	0	0	0	0	0	0	0	0	0	0	0	0	0	0	0	0	0	0	0	0	0	0	0	0	0	4428	-3093	2636	23435	-7961	-122	-22	978	179	-1	-1	0	-21	964	176	1606974995
-55	-54	-52	-55	-61	-70	-77	0	-78	0	-77	-77	-79	-69	0	0	-82	-85	-85	-86	-82	-81	-86	-86	-82	-80	-89	-89	-89	0	-90	-89	-89	-60	0	0	0	-95	0	-95	0	0	0	0	0	0	-90	0	0	0	-91	0	0	0	0	0	0	0	0	0	0	0	0	0	0	0	0	0	0	-91	0	0	0	0	0	0	0	0	0	0	0	-63	0	0	0	0	0	0	0	0	0	-95	-91	0	0	0	0	0	0	0	0	0	0	0	0	0	0	0	0	0	0	0	0	4428	-3101	2606	23434	-7960	-121	-21	978	179	-1	-1	0	-21	964	177	1606974996
-56	-58	-51	-55	-63	-54	-73	-72	-71	0	-71	-70	-74	-74	0	0	-81	-81	-82	-83	0	-82	-83	-83	-80	-80	0	-91	-89	0	0	-91	-91	-57	-63	0	0	0	-92	0	0	0	0	0	0	0	0	0	0	0	0	0	0	0	0	0	0	0	0	0	0	0	0	0	0	0	0	0	0	0	0	0	0	0	0	0	0	0	0	0	0	-62	0	0	0	0	0	0	0	0	0	0	0	0	0	0	0	0	0	0	0	0	0	0	0	0	0	0	0	0	0	0	0	4443	-3138	2592	23437	-7968	-122	-21	977	177	0	-1	-1	-21	964	175	1606974998
-53	-58	-52	-53	-56	0	-68	0	-71	0	-71	-71	-75	0	0	0	-82	-83	-82	-82	0	-81	-83	-82	0	0	-91	-91	-91	0	-90	-91	-91	-59	0	0	0	-94	0	0	0	-90	0	0	0	0	0	0	0	0	0	0	0	0	0	0	0	0	0	0	0	0	0	0	0	0	0	0	0	-93	0	0	0	0	0	0	0	0	0	0	0	-65	0	0	0	0	0	0	0	0	0	0	0	0	0	0	0	0	0	0	0	0	0	0	0	0	0	0	0	0	0	0	0	4428	-3116	2577	23435	-7962	-122	-22	977	178	-1	-1	0	-21	964	176	1606974999
-55	0	0	-54	-55	-69	-77	-67	-78	-71	-78	-77	-80	-67	0	0	0	-85	-85	-86	0	0	-86	-86	0	0	-90	-91	-91	0	-91	-90	-90	-58	0	0	-95	0	0	-95	0	-88	-90	0	0	0	0	0	0	0	0	-93	0	0	0	0	0	0	0	0	0	0	0	0	0	0	0	0	0	-91	0	0	0	0	0	0	0	0	0	0	0	-65	0	0	0	0	0	0	0	0	0	0	0	0	0	0	0	0	0	0	0	0	0	0	0	0	0	0	0	0	0	0	0	4428	-3161	2637	23435	-7962	-123	-21	977	179	-1	0	-1	-21	964	176	1606975001
-47	-58	-53	-54	-56	0	-69	-75	-78	-73	-78	-78	-80	-68	0	0	0	-85	-86	-86	0	-81	-86	-86	0	0	-92	-91	-91	0	-91	-92	0	-58	0	0	-97	-95	0	0	0	0	0	0	0	0	-90	0	0	0	0	0	0	-88	0	0	0	0	0	0	0	0	0	0	0	0	0	0	0	0	0	0	0	0	0	0	0	0	0	0	0	-67	0	0	0	0	0	0	0	0	0	0	0	0	0	0	0	0	0	0	0	0	0	0	0	0	0	0	0	0	0	0	0	4383	-3138	2562	23437	-7967	-123	-21	978	177	0	0	-1	-21	964	175	1606975002
-57	0	-55	-55	-56	-70	-76	-74	-76	-73	-78	-77	-80	-67	0	0	0	-85	-86	-86	0	-82	-86	-86	0	0	-92	-90	-91	0	-91	-91	-91	-58	0	0	0	0	0	-94	0	-88	0	0	0	0	0	0	0	0	0	0	0	0	0	0	0	0	0	0	0	0	0	0	0	0	0	0	0	0	0	0	0	0	0	0	0	0	0	0	0	-64	0	0	0	0	0	0	0	0	0	0	0	0	0	0	0	0	0	0	0	0	0	0	0	0	0	0	0	0	0	0	0	4428	-3108	2621	23435	-7962	-122	-22	978	178	0	0	-1	-21	964	176	1606975004
-56	-52	-51	-56	-56	-70	-75	-68	-78	0	-77	-78	-80	-68	0	0	0	-86	-85	-87	0	0	-86	-86	0	0	-88	-90	-91	0	-89	-90	-90	-59	0	0	0	-94	0	0	0	0	0	0	0	0	-89	-88	0	0	0	0	-88	0	0	0	0	0	0	0	0	0	0	0	0	0	0	0	0	-89	0	0	0	0	0	0	0	0	0	0	0	-68	0	0	0	0	0	0	0	0	0	-92	-94	0	0	0	0	0	0	0	0	0	0	0	0	0	0	0	0	0	0	0	0	4428	-3146	2592	23435	-7962	-123	-21	978	179	0	0	-1	-21	964	176	1606975006
-57	-50	0	-57	-55	-71	-74	-73	-77	-72	-78	-80	-80	-66	0	-84	0	-86	-85	-85	0	0	-86	-85	0	0	-89	-90	-92	0	-90	-90	-91	-58	0	0	-94	-94	0	-95	0	0	0	0	0	0	0	0	0	0	0	0	0	-90	0	0	0	0	0	0	0	0	0	0	0	0	0	0	0	0	0	0	0	0	0	0	0	0	0	0	0	-65	0	0	0	0	0	0	0	0	0	0	0	0	0	0	0	0	0	0	0	0	0	0	0	0	0	0	0	0	0	0	0	4428	-3086	2592	23436	-7964	-123	-22	978	178	-1	-1	-1	-21	964	176	1606975007
-53	-57	-57	-57	-56	-53	0	-65	-69	0	-72	-69	-73	-72	0	-86	0	-82	-82	-83	0	0	-82	-81	0	0	-91	-90	-92	0	-91	-91	-92	-57	0	0	0	0	-93	0	0	-86	0	0	0	0	0	0	0	0	0	0	0	0	0	0	-86	0	0	0	0	-87	0	0	0	0	0	0	0	-91	0	0	0	0	0	0	0	0	0	0	0	-63	0	0	0	0	0	0	0	0	0	-90	0	0	0	0	0	0	0	0	0	0	0	0	0	0	0	0	0	0	0	0	0	4428	-3206	2570	23435	-7962	-123	-22	977	178	-1	0	-1	-21	964	176	1606975009
-50	-57	-52	-54	-55	0	0	-73	-72	0	-73	-72	-73	-65	0	-85	0	-83	-82	-83	0	0	-83	-82	0	0	-90	-90	-91	0	-90	-90	-92	-58	-65	0	-93	-94	0	-97	0	0	0	0	0	0	0	0	0	0	0	0	0	0	0	0	-87	0	0	0	0	-87	0	-86	-86	0	0	0	0	-88	0	0	0	0	0	0	0	0	0	0	0	-63	0	0	0	0	0	0	0	0	0	0	0	0	0	0	0	0	0	0	0	0	0	0	0	0	0	0	0	0	0	0	0	4390	-3071	2592	23435	-7961	-122	-21	978	178	0	0	0	-21	964	176	1606975010
-50	-58	-52	-55	-56	-54	-66	-65	-74	0	-74	-73	-74	-73	0	0	-82	-81	-82	-83	-80	-79	-82	-82	-80	-80	-88	-91	-91	0	0	-92	-92	-58	0	0	-95	-94	-94	0	0	0	0	0	0	0	0	0	0	0	0	0	0	0	0	0	0	0	0	0	0	0	0	0	0	0	0	0	0	0	0	0	0	0	0	0	0	0	0	0	0	-65	0	0	0	0	0	0	0	0	0	0	0	0	0	0	0	0	0	0	0	0	0	0	0	0	0	0	0	0	0	0	0	4383	-3116	2584	23436	-7964	-121	-22	978	177	0	0	-1	-21	964	176	1606975012
-51	-60	-53	-54	-56	-72	0	-65	-77	0	-75	-76	-80	-73	0	0	0	-87	-85	-86	0	-81	-85	-86	0	0	-88	-90	-90	0	-90	-91	-91	-58	0	0	-94	0	0	0	0	0	0	0	0	0	0	0	0	0	0	0	-88	0	0	0	0	0	0	0	0	0	0	0	0	0	0	0	0	0	0	0	0	0	0	0	0	0	0	0	0	-65	0	0	0	0	0	0	0	0	0	-91	-91	0	0	0	0	0	0	0	0	0	0	0	0	0	0	0	0	0	0	0	0	4421	-3146	2592	23435	-7962	-121	-22	978	179	0	-1	-1	-21	964	176	1606975013
-56	-57	-53	-54	-55	0	-77	0	-70	-73	-69	-69	-74	0	0	-88	0	-82	-81	-82	0	0	-82	-81	0	0	-89	-90	-91	0	-89	-90	-91	-59	0	0	-95	0	-95	0	0	0	0	0	-90	0	-89	0	0	0	-92	0	0	0	0	0	0	0	0	0	0	0	0	0	0	0	0	0	0	0	0	0	0	0	0	0	0	0	0	0	0	-65	0	0	0	0	0	0	0	0	0	0	0	0	0	0	0	0	0	0	0	0	0	0	0	0	0	0	0	0	0	0	0	4443	-3116	2592	23435	-7963	-122	-21	978	179	0	0	0	-21	964	176	1606975015
-53	-48	0	-54	-52	-67	-77	0	-79	-71	-78	-77	-79	-68	0	0	0	-87	-86	-86	0	0	-86	-85	0	0	-91	-89	-89	0	-91	-90	-90	-59	0	0	-94	0	0	-94	0	0	-89	0	0	0	-93	0	0	0	-90	0	0	0	0	0	0	0	0	0	0	0	0	0	0	0	0	0	0	0	0	0	0	0	0	0	0	0	0	0	0	0	0	0	0	0	0	0	0	0	0	0	0	0	0	0	0	0	0	0	0	0	0	0	0	0	0	0	0	0	0	0	0	4383	-3100	2562	23434	-7960	-123	-21	978	178	-1	0	-1	-21	964	177	1606975017
-50	-46	-53	-54	-61	-69	-76	-76	-77	-74	-77	-78	-79	-77	0	-86	0	-86	-86	-86	0	-84	-86	-85	0	0	-90	-90	-92	0	-91	-90	-90	-58	-64	0	-93	0	0	0	0	0	0	0	0	0	0	0	0	-87	0	0	-89	0	0	0	-85	0	0	0	0	-84	0	0	0	0	0	0	0	-91	0	0	0	0	0	0	0	0	0	0	0	-60	0	0	0	0	0	0	0	0	0	0	0	0	0	0	0	0	0	0	0	0	0	0	0	0	0	0	0	0	0	0	0	4541	-3131	2577	23435	-7963	-122	-21	977	178	0	0	0	-21	964	176	1606975018
-53	-56	-53	-62	-55	-71	-67	-71	-78	-72	-78	-78	0	-71	0	-85	0	-85	-86	-86	0	-81	-85	-85	0	0	-91	-91	-89	0	-91	-89	-91	-59	0	0	-95	-94	0	0	0	-87	0	0	0	0	0	0	0	0	0	0	0	0	0	0	0	0	0	0	0	0	0	0	0	0	0	0	0	0	0	0	0	0	0	0	0	0	0	0	0	-65	0	0	0	0	0	0	0	0	0	0	0	0	0	0	0	0	0	0	0	0	0	0	0	0	0	0	0	0	0	0	0	4338	-3100	2576	23435	-7961	-123	-21	977	178	0	0	0	-21	964	176	1606975020
-54	-48	-53	-51	-54	-54	-78	-67	-72	0	-72	-73	-75	-67	0	0	-80	-81	-82	-81	-80	-81	-81	-81	-82	-80	-88	-90	-91	0	-91	-91	-91	-58	0	0	-92	0	-94	0	0	-88	0	0	0	0	0	0	0	0	0	0	0	0	0	0	0	0	0	0	0	0	0	0	0	0	0	0	0	0	0	0	0	0	0	0	0	0	0	0	0	-61	0	0	0	0	0	0	0	0	0	0	0	0	0	0	0	0	0	0	0	0	0	0	0	0	0	0	0	0	0	0	0	4443	-3071	2621	23435	-7962	-123	-21	978	177	0	0	-1	-21	964	176	1606975021
-51	-47	-56	-57	-55	-69	-66	-65	-77	-74	-77	-78	-79	-65	0	0	0	-86	-87	-87	0	-83	-86	-87	0	0	0	-91	-92	0	0	-91	0	-58	0	0	-95	0	0	0	0	0	0	0	0	0	0	0	0	0	0	0	0	0	0	0	0	0	0	0	0	0	0	0	0	0	0	0	0	0	-85	0	0	0	0	0	0	0	0	0	0	-66	0	0	0	0	0	0	0	0	0	0	0	0	0	0	0	0	0	0	0	0	0	0	0	0	0	0	0	0	0	0	0	4383	-3146	2584	23436	-7964	-122	-22	977	179	0	0	-1	-21	964	176	1606975023
-50	0	0	-51	-58	-53	-69	-76	-70	-75	-71	-71	-73	-74	0	-87	0	-81	-81	-81	0	0	-82	-82	0	0	-90	-90	-91	0	-91	-89	-88	-56	0	0	-93	-94	-92	-94	0	0	0	0	0	0	0	0	0	0	0	0	0	0	0	0	0	0	0	0	0	0	0	0	0	0	0	0	0	0	0	0	0	0	0	0	0	0	0	0	0	0	0	0	0	0	0	0	0	0	0	0	0	0	0	0	0	0	0	0	0	0	0	0	0	0	0	0	0	0	0	0	0	4473	-3206	2592	23434	-7960	-122	-21	978	179	0	0	-1	-21	964	177	1606975024
