0	-69	0	-67	0	0	0	0	-85	0	-84	-85	-89	0	-84	0	0	-95	-95	0	0	0	0	-93	0	0	0	0	0	0	0	0	0	-66	-76	0	0	0	-93	0	0	0	0	0	0	0	0	-80	0	0	0	0	0	0	-92	0	0	0	0	-76	-89	0	-93	0	0	0	0	0	0	-84	0	-93	0	0	0	0	0	0	0	0	0	0	0	0	0	0	0	0	0	0	0	0	0	0	0	0	0	0	0	0	0	0	0	0	0	0	0	0	0	0	0	0	0	0	0	0	0	0	0	0	0	0	0	0	0	0	0	0	0	0	-91	-92	-93	0	0	0	0	2519	-2949	4243	20850	-8489	-158	-28	993	82	0	0	0	-28	976	87	1606974583
0	0	0	-71	0	0	0	0	-84	0	-83	-83	-81	-88	0	0	0	0	0	0	0	0	0	0	0	0	0	0	0	-78	0	0	0	-66	0	0	0	0	0	0	0	0	0	-73	0	0	0	0	0	0	0	0	0	0	-91	0	0	0	0	-76	-90	0	-93	0	0	0	0	0	0	-87	0	-91	0	0	0	0	0	0	0	0	0	0	0	0	0	0	0	0	0	0	0	0	0	0	0	0	0	0	0	0	0	0	0	0	0	0	0	0	0	0	0	0	0	0	0	0	0	0	0	0	0	0	0	0	0	0	0	0	0	0	-90	-91	-91	0	0	0	0	2489	-3009	4236	20839	-8492	-158	-28	994	89	0	0	0	-27	976	86	1606974585
0	-65	0	-69	0	-74	0	0	-83	-87	-85	-83	-76	-84	-85	0	0	-90	-88	-87	0	0	-88	-89	0	0	0	0	0	-82	0	0	0	-65	-72	0	0	0	-97	0	0	0	0	0	0	0	0	-80	0	0	0	0	0	0	-92	-91	0	0	0	-78	-89	0	-92	0	0	0	0	0	0	0	0	-92	0	0	0	0	0	0	0	0	0	0	0	0	0	0	0	0	0	0	0	0	0	0	0	0	0	0	0	0	0	0	0	0	0	0	0	0	0	0	0	0	0	0	0	0	0	0	0	0	0	0	0	0	0	0	0	0	0	0	-90	-91	-91	0	0	0	0	2489	-2994	4228	20836	-8487	-159	-28	993	88	0	0	0	-28	976	87	1606974586
-66	-63	-62	-70	-74	0	0	0	-80	-88	-81	-80	-81	0	0	0	0	0	0	0	0	0	0	0	0	0	0	0	0	-78	0	0	0	-68	0	0	0	0	0	0	0	0	0	0	0	0	0	-79	0	0	0	0	0	0	-93	0	0	0	0	-78	-89	0	-92	0	0	0	0	0	0	-87	0	-93	0	0	0	0	0	0	0	0	0	0	0	0	0	0	0	0	0	0	0	0	0	0	0	0	0	0	0	0	0	0	0	0	0	0	0	0	0	0	0	0	0	0	0	0	0	0	0	0	0	0	0	0	0	0	0	0	0	0	-91	-90	-91	0	0	0	0	2414	-3001	4228	20834	-8480	-159	-27	992	86	-1	0	0	-28	976	88	1606974588
-69	-64	-59	-71	-74	0	-80	0	-80	0	-78	-80	-76	0	0	0	0	-87	-87	-87	0	0	-87	-87	0	0	-90	0	0	-83	0	0	0	-68	0	0	0	0	0	0	0	0	0	0	0	0	0	-79	0	0	0	0	0	0	-91	0	0	0	0	-77	-89	0	-93	0	0	0	0	0	0	-86	0	-93	0	0	0	0	0	0	0	0	0	0	0	0	0	0	0	0	0	0	0	0	0	0	0	0	0	0	0	0	0	0	0	0	0	0	0	0	0	0	0	0	0	0	0	0	0	0	0	0	0	0	0	0	0	0	0	0	0	0	-90	-89	-90	-86	0	0	0	2474	-3001	4243	20833	-8474	-159	-27	993	95	-1	-1	0	-28	976	89	1606974589
0	0	0	-69	0	-74	0	0	-81	0	-81	-81	-83	0	0	0	0	0	0	0	0	0	0	0	0	0	-88	0	0	-79	0	0	0	-64	0	0	0	0	0	0	0	0	0	0	0	0	0	0	0	0	0	0	0	0	-94	0	0	0	-76	-75	-90	0	-92	0	0	0	0	0	0	-87	0	-93	0	0	0	0	0	0	0	0	0	0	0	0	0	0	0	0	0	0	0	0	0	0	0	0	0	0	0	0	0	0	0	0	0	0	0	0	0	0	0	0	0	0	0	0	0	0	0	0	0	0	0	0	0	0	0	0	0	0	-90	-92	-91	0	0	0	0	2489	-2964	4169	20835	-8484	-159	-29	993	84	-1	-1	0	-28	976	88	1606974591
0	0	-60	-67	0	-70	0	-85	-85	0	-83	-85	-75	-82	0	0	0	-87	-86	-86	0	0	-86	-87	0	0	-91	0	0	-82	0	0	0	-63	0	0	0	0	-93	0	0	0	0	0	0	0	0	-78	0	0	0	0	0	0	-93	0	0	0	0	-77	-89	0	-91	0	0	0	0	0	0	-86	0	-91	0	0	0	0	0	0	0	0	0	0	0	0	0	0	0	0	0	0	0	0	0	0	0	0	0	0	0	0	0	0	0	0	0	0	0	0	0	0	0	0	0	0	0	0	0	0	0	0	0	0	0	0	0	0	0	0	0	0	-89	-89	-90	-85	0	0	0	2474	-2956	4228	20835	-8481	-158	-30	993	93	-1	-1	-1	-28	976	88	1606974592
-64	-64	0	-68	-71	-72	-82	0	-83	0	-82	-84	-82	-81	0	0	0	0	0	0	0	0	0	0	0	0	-89	0	0	-79	0	0	0	-66	0	0	0	0	0	0	0	0	0	-72	0	0	0	0	0	0	0	0	0	0	-93	0	0	0	0	-76	-90	0	-92	0	0	0	0	0	0	-87	0	-94	0	0	0	0	0	0	0	0	0	0	0	0	0	0	0	0	0	0	0	0	0	0	0	0	0	0	0	0	0	0	0	0	0	0	0	0	0	0	0	0	0	0	0	0	0	0	0	0	0	0	0	0	0	0	0	0	0	0	-91	-91	-91	0	0	0	0	2414	-3001	4198	20835	-8481	-158	-30	993	88	0	-1	0	-27	976	88	1606974594
0	-63	-59	-68	0	-74	0	-84	-83	0	-82	-82	-80	-81	0	0	0	-94	-93	0	0	0	0	-95	0	0	-88	0	0	-79	0	0	0	-64	0	0	0	0	-95	0	0	0	0	0	0	0	0	-78	0	0	0	0	0	0	-91	0	0	0	0	-76	-90	0	-92	0	0	0	0	0	0	-87	0	-91	0	0	0	0	0	0	0	0	0	0	0	0	0	0	0	0	0	0	0	0	0	0	0	0	0	0	0	0	0	0	0	0	0	0	0	0	0	0	0	0	0	0	0	0	0	0	0	0	0	0	0	0	0	0	0	0	0	0	-90	-91	-90	-91	0	0	0	2474	-3009	4228	20836	-8486	-159	-29	994	84	-1	-1	0	-28	976	87	1606974596
0	-65	-59	-62	0	-68	0	-82	-83	0	-83	-82	-78	-83	0	0	0	-86	-87	-87	0	0	-88	-86	0	0	-88	0	0	-82	0	0	0	-59	0	0	0	0	-94	0	0	0	0	0	0	0	0	-78	0	0	0	0	0	0	-92	0	0	0	-78	-77	-90	0	-93	0	0	0	0	0	0	-83	0	-93	0	0	0	0	0	0	0	0	0	0	0	0	0	0	0	0	0	0	0	0	0	0	0	0	0	0	0	0	0	0	0	0	0	0	0	0	0	0	0	0	0	0	0	0	0	0	0	0	0	0	0	0	0	0	0	0	0	0	-89	-90	-89	0	0	0	0	2489	-3009	4288	20834	-8481	-159	-28	993	91	-1	-1	0	-28	976	88	1606974597
0	-63	-62	-64	0	0	-83	-82	-82	0	-82	-83	-76	-83	0	0	0	0	-87	-87	0	0	-87	-88	0	0	-87	0	0	-83	0	0	0	-61	0	0	0	0	0	0	0	0	0	0	0	0	0	0	0	0	0	0	0	0	-94	0	0	0	0	-76	-89	0	-92	0	0	0	0	0	0	0	0	-93	0	0	0	0	0	0	0	0	0	0	0	0	0	0	0	0	0	0	0	0	0	0	0	0	0	0	0	0	0	0	0	0	0	0	0	0	0	0	0	0	0	0	0	0	0	0	0	0	0	0	0	0	0	0	0	0	0	0	-88	-90	-90	0	0	0	0	2444	-3008	4183	20835	-8481	-159	-27	992	90	-1	-1	0	-28	976	88	1606974599
0	-63	-62	-66	0	-71	0	0	-81	0	-82	-82	-82	0	0	0	0	-92	-93	0	0	0	0	-93	0	0	-91	0	0	-80	0	0	0	-68	0	0	0	0	0	0	0	0	0	0	0	0	0	0	0	0	0	0	0	0	-93	0	0	0	0	-78	-90	0	-92	0	0	0	0	0	0	0	0	-93	0	0	0	0	0	0	0	0	0	0	0	0	0	0	0	0	0	0	0	0	0	0	0	0	0	0	0	0	0	0	0	0	0	0	0	0	0	0	0	0	0	0	0	0	0	0	0	0	0	0	0	0	0	0	0	0	0	0	-91	-91	-92	-89	0	0	0	2474	-2964	4169	20834	-8481	-159	-28	993	90	-1	-1	-1	-28	976	88	1606974600
0	-65	-61	-65	0	0	0	-82	-82	0	-82	-84	-80	0	-85	0	0	-92	-91	0	0	0	-92	-92	0	0	-88	0	0	-79	0	0	0	-68	0	0	0	0	-93	0	0	0	0	0	0	0	0	-80	0	0	0	0	0	0	-91	0	0	0	0	-76	-91	0	-91	0	0	0	0	0	0	0	0	-95	0	0	0	0	0	0	0	0	0	0	0	0	0	0	0	0	0	0	0	0	0	0	0	0	0	0	0	0	0	0	0	0	0	0	0	0	0	0	0	0	0	0	0	0	0	0	0	0	0	0	0	0	0	0	0	0	0	0	-89	-91	-90	-89	0	0	0	2429	-3009	4258	20835	-8486	-159	-29	993	89	-1	0	-1	-28	976	87	1606974602
-62	0	-60	-65	0	0	0	-82	-80	0	-81	-82	-79	-82	0	0	0	-93	-96	0	0	0	0	-95	0	0	-91	0	0	-79	0	0	0	-66	0	0	0	0	-94	0	0	0	0	0	0	0	0	-79	0	0	0	0	0	0	0	-86	0	0	0	-77	-88	0	-92	0	0	0	0	0	0	-88	0	-94	0	0	0	0	0	0	0	0	0	0	0	0	0	0	0	0	0	0	0	0	0	0	0	0	0	0	0	0	0	0	0	0	0	0	0	0	0	0	0	0	0	0	0	0	0	0	0	0	0	0	0	0	0	0	0	0	0	0	-90	-92	-90	-84	0	0	0	2474	-2964	4213	20835	-8481	-159	-27	993	90	0	0	0	-28	976	88	1606974603
0	-62	-60	-61	0	-74	-83	0	-79	0	-78	-80	-81	-83	0	0	0	0	0	0	0	0	0	0	0	0	-88	0	0	-79	0	0	0	-70	0	0	0	0	-95	0	0	0	0	0	0	0	0	-76	0	0	0	0	0	0	-93	-88	0	0	0	-77	-90	0	-92	0	0	0	0	0	0	-87	0	-91	0	0	0	0	0	0	0	0	0	0	0	0	0	0	0	0	0	0	0	0	0	0	0	0	0	0	0	0	0	0	0	0	0	0	0	0	0	0	0	0	0	0	0	0	0	0	0	0	0	0	0	0	0	0	0	0	0	0	-91	-92	-91	-82	0	0	0	2474	-2949	4228	20835	-8485	-159	-28	993	87	0	-1	-1	-28	976	88	1606974605
0	-62	-60	0	0	-69	0	0	-82	0	-80	-80	-78	-81	0	0	0	-88	-88	-87	0	0	-87	-89	0	0	-91	0	0	-83	0	0	0	-60	0	0	0	0	0	0	0	0	0	0	0	0	0	-78	0	0	0	0	0	0	-93	-88	0	0	0	-77	-90	0	-90	0	0	0	0	0	0	0	0	-91	0	0	0	0	0	0	0	0	0	0	0	0	0	0	0	0	0	0	0	0	0	0	0	0	0	0	0	0	0	0	0	0	0	0	0	0	0	0	0	0	0	0	0	0	0	0	0	0	0	0	0	0	0	0	0	0	0	0	-88	-90	-90	-89	-89	0	0	2474	-2949	4228	20836	-8485	-158	-28	993	88	0	0	-1	-27	976	88	1606974606
0	0	-60	-66	0	0	0	-83	-78	0	-80	-79	-81	-85	0	0	0	-94	-94	0	0	0	0	-95	0	0	0	0	0	0	0	0	0	-68	0	0	0	0	0	0	0	0	0	0	0	0	0	0	0	0	0	0	0	0	-93	0	0	0	0	-77	-90	0	-93	0	0	0	0	0	0	0	0	-92	0	0	0	0	0	0	0	0	0	0	0	0	0	-91	0	0	0	0	0	0	0	0	0	0	0	0	0	0	0	0	0	0	0	0	0	0	0	0	0	0	0	0	0	0	0	0	0	0	0	0	0	0	0	0	0	0	0	0	-89	-90	-93	0	0	0	0	2429	-2956	4243	20835	-8483	-158	-28	993	90	-1	-1	0	-27	976	88	1606974608
-63	-64	-61	0	-70	-72	0	0	-78	0	-79	-78	-76	0	0	0	0	-89	-90	-88	0	0	-89	-88	0	0	-89	0	0	-82	0	0	0	-63	0	0	0	0	-94	0	0	0	0	0	0	0	0	-80	0	0	0	0	0	0	-92	0	0	0	0	-78	-90	0	0	0	0	0	0	0	0	0	0	-93	0	0	0	0	0	0	0	0	0	0	0	0	0	0	0	0	0	0	0	0	0	0	0	0	0	0	0	0	0	0	0	0	0	0	0	0	0	0	0	0	0	0	0	0	0	0	0	0	0	0	0	0	0	0	0	0	0	0	-89	-89	-90	0	0	0	0	2444	-3061	4259	20835	-8483	-159	-28	993	85	-1	-1	0	-28	976	88	1606974610
0	-63	-63	-65	0	0	0	0	-79	0	-79	-79	-76	-82	0	0	-88	-88	-88	-88	0	0	-88	-89	0	0	0	0	0	-82	0	0	0	-63	0	0	0	0	0	0	0	0	0	0	0	0	0	0	0	0	0	0	0	0	-93	0	0	0	0	-77	-91	0	-92	0	0	0	0	0	0	-85	0	-92	0	0	0	0	0	0	0	0	0	0	0	0	0	0	0	0	0	0	0	0	0	0	0	0	0	0	0	0	0	0	0	0	0	0	0	0	0	0	0	0	0	0	0	0	0	0	0	0	0	0	0	0	0	0	0	0	0	0	-89	-89	-90	0	0	0	0	2504	-2942	4243	20837	-8491	-159	-29	993	84	0	0	-1	-28	976	87	1606974611
0	-64	-61	-63	0	-72	0	-85	-78	0	-79	-78	-82	-85	-85	0	0	0	-92	0	0	0	0	-94	0	0	-89	0	0	-79	0	0	0	-67	0	0	0	0	0	0	0	0	0	0	0	0	0	0	0	0	0	0	0	0	-91	0	0	0	-77	-77	-88	0	-93	0	0	0	0	0	0	0	0	-91	0	0	0	0	0	0	0	0	0	0	0	0	0	0	0	0	0	0	0	0	0	0	0	0	0	0	0	0	0	0	0	0	0	0	0	0	0	0	0	0	0	0	0	0	0	0	0	0	0	0	0	0	0	0	0	0	0	0	-91	-91	-91	0	0	0	0	2534	-2994	4199	20835	-8484	-159	-28	992	93	-1	-1	0	-28	976	88	1606974613
0	0	-63	-63	0	-69	-80	-79	-76	0	-76	-77	-78	-80	0	0	0	-88	-88	-87	0	0	-88	-89	0	0	-89	0	0	-84	0	0	0	-63	0	0	0	0	0	0	0	0	0	0	0	0	0	-78	0	0	0	0	0	0	-93	-89	0	0	0	-77	-90	0	-91	0	0	0	0	0	0	0	0	-91	0	0	0	0	0	0	0	0	0	0	0	0	0	0	0	0	0	0	0	0	0	0	0	0	0	0	0	0	0	0	0	0	0	0	0	0	0	0	0	0	0	0	0	0	0	0	0	0	0	0	0	0	0	0	0	0	0	0	-90	-89	-89	0	0	0	0	2444	-2994	4228	20835	-8486	-159	-29	992	85	0	0	0	-28	976	87	1606974614
-63	-63	-63	0	-70	0	-82	-80	-79	0	-79	-78	-84	-80	0	0	0	0	-94	0	0	0	0	-93	0	0	-89	0	0	-79	0	0	0	-67	0	0	0	0	0	0	0	0	0	0	0	0	0	-79	0	0	0	0	0	0	-93	0	0	0	0	-77	-89	0	-92	0	0	0	0	0	0	0	0	-92	0	0	0	0	0	0	0	0	0	0	0	0	0	0	0	0	0	0	0	0	0	0	0	0	0	0	0	0	0	0	0	0	0	0	0	0	0	0	0	0	0	0	0	0	0	0	0	0	0	0	0	0	0	0	0	0	0	0	-91	-91	-93	0	-88	0	0	2474	-3009	4214	20836	-8486	-158	-30	992	76	-1	-1	0	-27	976	87	1606974616
-64	-61	-63	0	-67	0	0	0	-79	0	-79	-78	-81	0	0	0	0	0	0	0	0	0	0	0	0	0	-89	0	0	-79	0	0	0	-67	0	0	0	0	-92	0	0	0	0	0	0	0	0	-78	0	0	0	0	0	0	0	0	0	0	0	-76	-89	0	-92	0	0	0	0	0	0	-83	0	-93	0	0	0	0	0	0	0	0	0	0	0	0	0	-93	0	0	0	0	0	0	0	0	0	0	0	0	0	0	0	0	0	0	0	0	0	0	0	0	0	0	0	0	0	0	0	0	0	0	0	0	0	0	0	0	0	0	0	0	-89	-91	-91	-90	0	0	0	2459	-2934	4228	20835	-8480	-158	-30	993	79	-1	-1	0	-27	976	88	1606974618
-65	0	-63	-64	-66	-72	0	-82	-79	0	-78	-78	-82	-79	0	0	0	0	-94	0	0	0	0	-94	0	0	0	0	0	-79	0	0	0	-68	0	0	0	0	0	0	0	0	0	0	0	0	0	0	0	0	0	0	0	0	-94	0	0	0	0	-76	-90	0	-94	0	0	0	0	0	0	0	0	-94	0	0	0	0	0	0	0	0	0	0	0	0	0	0	0	0	0	0	0	0	0	0	0	0	0	0	0	0	0	0	0	0	0	0	0	0	0	0	0	0	0	0	0	0	0	0	0	0	0	0	0	0	0	0	0	0	0	0	-91	-89	-90	0	0	0	0	2474	-2964	4258	20836	-8489	-158	-29	992	91	0	0	0	-28	976	87	1606974619
-63	-62	-65	-63	-66	-69	0	-79	-77	0	-78	-79	-77	-83	0	0	0	-88	-89	-88	0	0	-89	-89	0	0	-91	0	0	-83	0	0	0	-62	0	0	0	0	-94	0	0	0	0	0	0	0	0	-78	0	0	0	0	0	0	-92	-88	0	0	0	-78	-89	0	-93	0	0	0	0	0	0	0	0	-94	0	0	0	0	0	0	0	0	0	0	0	0	0	0	0	0	0	0	0	0	0	0	0	0	0	0	0	0	0	0	0	0	0	0	0	0	0	0	0	0	0	0	0	0	0	0	0	0	0	0	0	0	0	0	0	0	0	0	-90	-89	-91	-92	0	0	0	2489	-2994	4214	20835	-8486	-159	-28	993	85	-1	-1	-1	-28	976	87	1606974621
-64	-61	-67	-65	-68	-67	0	0	-79	0	-78	-79	-80	-80	0	0	0	-90	-90	-89	0	0	-89	-89	0	0	0	0	0	-83	0	0	0	-62	0	0	0	0	0	0	0	0	0	0	0	0	0	-79	0	0	0	0	0	0	-94	0	0	0	0	-78	-91	0	-93	0	0	0	0	0	0	0	0	-93	0	0	0	0	0	0	0	0	0	0	0	0	0	0	0	0	0	0	0	0	0	0	0	0	0	0	0	0	0	0	0	0	0	0	0	0	0	0	0	0	0	0	0	0	0	0	0	0	0	0	0	0	0	0	0	0	0	0	-89	-90	-90	-90	0	0	0	2474	-2964	4183	20836	-8486	-159	-27	992	97	-1	-1	0	-28	976	87	1606974623
-59	-63	-62	-65	-66	-69	-84	-84	-80	0	-79	-82	-78	0	0	0	0	-91	-89	-90	0	0	-89	-88	0	0	-90	0	0	-82	0	0	0	-62	0	0	0	0	0	0	0	0	0	0	0	0	0	0	0	0	0	0	0	0	-93	0	0	0	0	-77	-90	0	-93	0	0	0	0	0	0	-87	0	-92	0	0	0	0	0	0	0	0	0	0	0	0	0	-92	0	0	0	0	0	0	0	0	0	0	0	0	0	0	0	0	0	0	0	0	0	0	0	0	0	0	0	0	0	0	0	0	0	0	0	0	0	0	0	0	0	0	0	0	-90	-91	-90	-89	0	0	0	2474	-3009	4206	20835	-8487	-161	-25	994	68	0	0	0	-28	976	87	1606974624
-67	-67	-60	0	-67	-71	0	-82	-79	0	-79	-78	-86	-83	0	0	0	0	0	0	0	0	0	-94	0	0	0	0	0	-79	0	0	0	-68	0	0	0	0	0	0	0	0	0	0	0	0	0	-80	0	0	0	0	0	0	-93	-86	0	0	0	-77	-91	0	-95	0	0	0	0	0	0	-87	0	-92	0	0	0	0	0	0	0	0	0	0	0	0	0	0	0	0	0	0	0	0	0	0	0	0	0	0	0	0	0	0	0	0	0	0	0	0	0	0	0	0	0	0	0	0	0	0	0	0	0	0	0	0	0	0	0	0	0	0	-90	-90	-91	0	0	0	0	2444	-2994	4273	20837	-8495	-159	-29	989	120	-1	-1	0	-28	976	86	1606974626
-64	-61	-61	0	0	-71	0	0	-81	0	-80	-80	-85	0	0	0	0	-94	0	0	0	0	0	0	0	0	-88	0	0	-79	0	0	0	-67	0	0	0	0	0	0	0	0	0	0	0	0	0	-78	0	0	0	0	0	0	-93	-86	0	0	0	-77	-88	0	-92	0	0	0	0	0	0	-86	0	-93	0	0	0	0	0	0	0	0	0	0	0	0	0	0	0	0	0	0	0	0	0	0	0	0	0	0	0	0	0	0	0	0	0	0	0	0	0	0	0	0	0	0	0	0	0	0	0	0	0	0	0	0	0	0	0	0	0	0	0	-92	0	-92	0	0	0	2474	-2964	4228	20835	-8484	-159	-26	993	97	0	-1	-1	-28	976	88	1606974627
-64	-64	-62	-67	-68	-71	-81	-84	-81	0	-80	-81	-86	-80	0	0	0	0	0	0	0	0	0	0	0	0	-94	0	0	-82	0	0	0	-68	0	0	0	0	0	0	0	0	0	0	0	0	0	-80	0	0	0	0	0	0	-92	0	0	0	0	-76	-88	0	-93	0	0	0	0	0	0	-87	0	-91	0	0	0	0	0	0	0	0	0	0	0	0	0	0	0	0	0	0	0	0	0	0	0	0	0	0	0	0	0	0	0	0	0	0	0	0	0	0	0	0	0	0	0	0	0	0	0	0	0	0	0	0	0	0	0	0	0	0	-91	-90	-90	-89	0	0	0	2429	-2964	4228	20835	-8482	-159	-28	993	90	-1	-1	0	-28	976	88	1606974629
-63	-64	-61	-65	-67	0	0	0	-79	0	-79	-79	-77	-81	0	0	0	-89	-88	-88	0	0	-88	-88	0	0	-91	0	0	-83	0	0	0	-61	0	0	0	0	0	0	0	0	0	0	0	0	0	0	0	0	0	0	0	0	-92	0	0	0	0	-77	-90	0	0	0	0	0	0	0	0	-88	0	-92	0	0	0	0	0	0	0	0	0	0	0	0	0	0	0	-92	0	0	0	0	0	0	0	0	0	0	0	0	0	0	0	0	0	0	0	0	0	0	0	0	0	0	0	0	0	0	0	0	0	0	0	0	0	0	0	0	0	0	-90	-90	-91	-86	0	0	0	2519	-2964	4214	20835	-8482	-158	-30	993	82	0	0	-1	-28	976	88	1606974630
0	-66	-60	-65	0	0	0	0	-79	0	-78	-79	-76	-79	0	0	0	-89	-89	-89	0	0	-89	-88	0	0	-92	0	0	-83	0	0	0	-61	0	0	0	0	0	0	0	0	0	0	0	0	0	0	0	0	0	0	0	0	-91	-90	0	0	-76	-77	-90	0	-92	0	0	0	0	0	0	-88	0	-92	0	0	0	0	0	0	0	0	0	0	0	0	0	0	0	-93	0	0	0	0	0	0	0	0	0	0	0	0	0	0	0	0	0	0	0	0	0	0	0	0	0	0	0	0	0	0	0	0	0	0	0	0	0	0	0	0	0	0	-90	-89	-91	0	0	0	0	2474	-2994	4199	20835	-8485	-158	-26	993	90	-1	-1	-1	-28	976	88	1606974632
0	-68	-61	-66	-68	0	0	-81	-81	0	-81	-81	-82	-82	0	0	0	0	0	0	0	0	0	0	0	0	0	0	0	-83	0	0	0	-68	0	0	0	0	-93	0	0	0	0	0	0	0	0	0	0	0	0	0	0	0	-92	0	0	0	0	-77	-89	0	-92	0	0	0	0	0	0	0	0	-91	0	0	0	0	0	0	0	0	0	0	0	0	0	0	0	0	0	0	0	0	0	0	0	0	0	0	0	0	0	0	0	0	0	0	0	0	0	0	0	0	0	0	0	0	0	0	0	0	0	0	0	0	0	0	0	0	0	0	-91	-92	-92	-89	0	0	0	2534	-2994	4229	20834	-8478	-158	-28	993	91	-1	0	0	-27	976	89	1606974633
-60	0	-61	-67	-67	-70	-84	-83	-81	0	-80	-80	-82	-84	0	0	0	-94	-92	0	0	0	0	0	0	0	-89	0	0	-78	0	0	0	-70	0	0	0	0	-92	0	0	0	0	0	0	0	0	-79	0	0	0	0	0	0	-93	0	0	0	0	-76	-90	0	-94	0	0	0	0	0	0	0	0	-93	0	0	0	0	0	0	0	0	0	0	0	0	0	0	0	0	0	0	0	0	0	0	0	0	0	0	0	0	0	0	0	0	0	0	0	0	0	0	0	0	0	0	0	0	0	0	0	0	0	0	0	0	0	0	0	0	0	0	-92	-91	-92	0	0	0	0	2519	-3009	4243	20834	-8479	-158	-29	992	90	-1	-1	0	-28	976	88	1606974635
-63	0	-60	0	-69	-71	0	0	-80	0	-81	-80	-81	0	0	0	0	-94	-92	0	0	0	0	0	0	0	-91	0	0	-79	0	0	0	-68	0	0	0	0	-94	0	0	0	0	0	0	0	0	-79	0	0	0	0	0	0	-92	0	0	0	0	-77	-90	0	-93	0	0	0	0	0	0	-87	0	-92	0	0	0	0	0	0	0	0	0	0	0	0	0	0	0	0	0	0	0	0	0	0	0	0	0	0	0	0	0	0	0	0	0	0	0	0	0	0	0	0	0	0	0	0	0	0	0	0	0	0	0	0	0	0	0	0	0	0	-91	-90	-91	0	0	0	0	2474	-3009	4228	20834	-8480	-159	-29	992	89	0	-1	0	-28	976	88	1606974637
-61	0	0	-66	-69	-72	-85	0	-82	0	-82	-81	-83	-82	0	0	0	-92	-93	0	0	0	0	-94	0	0	-86	0	0	-78	0	0	0	-68	0	0	0	0	0	0	0	0	0	0	0	0	0	0	0	0	0	0	0	0	-90	0	0	0	0	-76	-88	0	-92	0	0	0	0	0	0	-85	0	-90	0	0	0	0	0	0	0	0	0	0	0	0	0	0	0	0	0	0	0	0	0	0	0	0	0	0	0	0	0	0	0	0	0	0	0	0	0	0	0	0	0	0	0	0	0	0	0	0	0	0	0	0	0	0	0	0	0	0	-94	0	-92	0	0	0	0	2437	-3031	4228	20834	-8480	-158	-28	992	88	0	0	0	-28	976	88	1606974638
0	-63	-56	-66	0	0	-84	-84	-80	0	-81	-81	-77	-86	0	0	0	-90	-90	-90	0	0	-90	-90	0	0	-91	0	0	-82	0	0	0	-64	0	0	0	0	0	0	0	0	0	0	0	0	0	-79	0	0	0	0	0	0	-93	0	0	0	0	-77	-89	0	-92	0	0	0	0	0	0	0	0	-91	0	0	0	0	0	0	0	0	0	0	0	0	0	0	0	-93	0	0	0	0	0	0	0	0	0	0	0	0	0	0	0	0	0	0	0	0	0	0	0	0	0	0	0	0	0	0	0	0	0	0	0	0	0	0	0	0	0	0	-91	-90	-91	0	0	0	0	2444	-2918	4161	20835	-8482	-158	-25	994	83	0	0	0	-27	976	88	1606974640
-62	-64	-57	0	-73	-75	0	-85	0	0	-81	-82	-74	-83	0	0	0	-91	-90	-89	0	0	-89	-90	0	0	-89	0	0	-82	0	0	0	-65	0	0	0	0	0	0	0	0	0	0	0	0	0	-80	0	0	0	0	0	0	-94	-88	0	0	0	-77	-90	0	-92	0	0	0	0	0	0	0	0	-93	0	0	0	0	0	0	0	0	0	0	0	0	0	0	0	0	0	0	0	0	0	0	0	0	0	0	0	0	0	0	0	0	0	0	0	0	0	0	0	0	0	0	0	0	0	0	0	0	0	0	0	0	0	0	0	0	0	0	-88	-90	-90	0	0	0	0	2489	-3009	4228	20834	-8482	-159	-26	993	85	-1	0	-1	-28	976	88	1606974641
-65	-65	-60	-69	-72	0	-80	-81	-83	0	-85	-85	-76	-80	0	0	0	-87	-88	-87	0	0	-88	-87	0	0	0	0	0	-82	0	0	0	-59	0	0	0	0	0	0	0	0	0	0	0	0	0	0	0	0	0	0	0	0	-93	-87	0	0	0	-77	-89	0	-94	0	0	0	0	0	0	0	0	-91	0	0	0	0	0	0	0	0	0	0	0	0	0	0	0	0	0	0	0	0	0	0	0	0	0	0	0	0	0	0	0	0	0	0	0	0	0	0	0	0	0	0	0	0	0	0	0	0	0	0	0	0	0	0	0	0	0	0	-90	-89	-91	0	0	0	0	2489	-3009	4228	20834	-8479	-159	-27	994	90	-1	0	0	-28	976	89	1606974643
0	-62	-59	0	0	0	0	0	-80	0	-79	-79	-84	0	0	0	0	-95	-93	0	0	0	0	-93	0	0	-88	0	0	-79	0	0	0	-70	0	0	0	0	0	0	0	0	0	0	0	0	0	-79	0	0	0	0	0	0	-91	0	0	0	0	-76	-89	0	-94	0	0	0	0	0	0	0	0	-91	0	0	0	0	0	0	0	0	0	0	0	0	0	0	0	0	0	0	0	0	0	0	0	0	0	0	0	0	0	0	0	0	0	0	0	0	0	0	0	0	0	0	0	0	0	0	0	0	0	0	0	0	0	0	0	0	0	0	-93	-90	-90	0	0	0	0	2489	-3009	4228	20834	-8478	-159	-27	993	82	0	0	-1	-28	976	89	1606974645
0	-64	-55	-66	0	0	0	0	-79	0	-79	-78	-78	0	0	0	0	-88	-89	-89	0	0	-88	-89	0	0	0	0	0	-82	0	0	0	-63	-78	0	0	0	0	0	0	0	0	0	0	0	0	-79	0	0	0	0	0	0	-92	0	0	0	0	-78	-91	0	-91	0	0	0	0	0	0	-87	0	-93	0	0	0	0	0	0	0	0	0	0	0	0	0	0	0	0	0	0	0	0	0	0	0	0	0	0	0	0	0	0	0	0	0	0	0	0	0	0	0	0	0	0	0	0	0	0	0	0	0	0	0	0	0	0	0	0	0	0	-90	-89	-89	0	0	0	0	2474	-2994	4228	20834	-8480	-159	-28	993	77	-1	0	-1	-28	976	88	1606974646
-59	-60	-57	-68	-71	0	0	0	-80	0	0	-80	-84	-88	0	0	0	0	0	0	0	0	0	0	0	0	-91	0	0	-85	0	0	0	-68	0	0	0	0	0	0	0	0	0	0	0	0	0	0	0	0	0	0	0	0	-94	0	0	0	0	-76	-90	0	-91	0	0	0	0	0	0	0	0	0	0	0	0	0	0	0	0	0	0	0	0	0	0	0	0	0	0	0	0	0	0	0	0	0	0	0	0	0	0	0	0	0	0	0	0	0	0	0	0	0	0	0	0	0	0	0	0	0	0	0	0	0	0	0	0	0	0	0	-92	-91	-91	0	0	0	0	2489	-3039	4229	20833	-8476	-159	-29	993	84	-1	0	0	-28	976	89	1606974648
-64	-67	-57	-67	-69	0	-83	0	-79	0	-81	-80	-84	0	0	0	0	-92	-95	0	0	0	-94	-93	0	0	0	0	0	-78	0	0	0	-67	0	0	0	0	0	0	0	0	0	-74	0	0	0	0	0	0	0	0	0	0	-92	-88	0	0	0	-77	-91	0	-93	0	0	0	0	0	0	0	0	-93	0	0	0	0	0	0	0	0	0	0	0	0	0	-90	0	0	0	0	0	0	0	0	0	0	0	0	0	0	0	0	0	0	0	0	0	0	0	0	0	0	0	0	0	0	0	0	0	0	0	0	0	0	0	0	0	0	0	0	-92	-92	-92	0	0	0	0	2497	-3024	4229	20833	-8473	-158	-32	991	98	0	0	-1	-27	976	90	1606974649
-63	-66	-60	0	-69	-72	0	0	-80	-85	-79	-79	-84	0	0	0	0	-91	0	0	0	0	0	-92	0	0	-88	0	0	-79	0	0	0	-67	0	0	0	0	0	0	0	0	0	-73	0	0	0	-80	0	0	0	0	0	0	-92	-86	0	0	0	-77	-89	0	0	0	0	0	0	0	0	-83	0	-93	0	0	0	0	0	0	0	0	0	0	0	0	0	0	0	0	0	0	0	0	0	0	0	0	0	0	0	0	0	0	0	0	0	0	0	0	0	0	0	0	0	0	0	0	0	0	0	0	0	0	0	0	0	0	0	0	0	0	-91	-89	-92	0	0	0	0	2444	-3024	4214	20834	-8474	-157	-26	993	92	0	0	-1	-27	976	90	1606974651
-63	-61	-61	-66	-69	-71	0	0	-79	0	-80	-79	-86	0	0	0	0	-95	-95	0	0	0	0	-93	0	0	-89	0	0	-78	0	0	0	-68	0	0	0	0	0	0	0	0	0	0	0	0	0	-79	0	0	0	0	0	0	0	0	0	0	0	-76	-89	0	-91	0	0	0	0	0	0	-86	0	-92	0	0	0	0	0	0	0	0	0	0	0	0	0	0	0	0	0	0	0	0	0	0	0	0	0	0	0	0	0	0	0	0	0	0	0	0	0	0	0	0	0	0	0	0	0	0	0	0	0	0	0	0	0	0	0	0	0	0	-90	-91	-90	0	0	0	0	2444	-3023	4169	20835	-8475	-154	-31	992	101	0	0	0	-27	976	89	1606974653
0	-61	0	-66	0	-71	0	0	-79	0	-80	-79	-85	0	0	0	0	0	-93	0	0	0	0	-93	0	0	-88	0	0	-83	0	0	0	-67	0	0	0	0	0	0	0	0	0	0	0	0	0	-78	0	0	0	0	0	0	-92	-87	0	0	0	-76	-88	0	-91	0	0	0	0	0	0	-83	0	-93	0	0	0	0	0	0	0	0	0	0	0	0	0	0	0	0	0	0	0	0	0	0	0	0	0	0	0	0	0	0	0	0	0	0	0	0	0	0	0	0	0	0	0	0	0	0	0	0	0	0	0	0	0	0	0	0	0	0	-91	0	-91	0	0	0	0	2474	-3024	4243	20833	-8471	-156	-26	992	91	0	0	-1	-27	976	90	1606974654
-63	0	-61	-65	-68	0	-83	0	-79	0	-80	-78	-87	0	0	0	0	-95	0	0	0	0	0	-93	0	0	0	0	0	-79	0	0	0	-68	0	0	0	0	0	0	0	0	0	-74	0	0	0	0	0	0	0	0	0	0	-91	-85	0	0	0	-77	-88	0	-94	0	0	0	0	0	0	-86	0	-93	0	0	0	0	0	0	0	0	0	0	0	0	0	0	0	0	0	0	0	0	0	0	0	0	0	0	0	0	0	0	0	0	0	0	0	0	0	0	-91	0	0	0	0	0	0	0	0	0	0	0	0	0	0	0	0	0	0	0	-90	-90	-93	0	0	0	0	2489	-2994	4221	20834	-8474	-156	-26	993	96	0	0	0	-27	976	90	1606974656
-64	-62	-59	-64	-66	0	-84	-82	-80	0	0	-79	-85	-84	0	0	0	-95	0	0	0	0	0	0	0	0	0	0	0	-79	0	0	0	-67	0	0	0	0	0	0	0	0	0	0	0	0	0	0	0	0	0	0	0	0	-92	0	0	0	0	-76	-89	0	-91	0	0	0	0	0	0	-87	0	-91	0	0	0	0	0	0	0	0	0	0	0	0	0	0	0	0	0	0	0	0	0	0	0	0	0	0	0	0	0	0	0	0	0	0	0	0	0	0	0	0	0	0	0	0	0	0	0	0	0	0	0	0	0	0	0	0	0	0	-90	-91	-93	0	0	0	0	2504	-2964	4228	20833	-8472	-157	-26	993	92	0	0	0	-27	976	90	1606974658
-64	-65	-61	-66	-68	-68	-80	0	-78	0	-81	-81	0	-84	0	0	0	-90	-90	-90	0	0	-90	-91	0	0	-87	0	0	-82	0	0	0	-63	0	0	0	0	0	0	0	0	0	0	0	0	0	0	0	0	0	0	0	0	-92	0	0	0	0	0	-90	0	-92	0	0	0	0	0	0	-86	0	-92	0	0	0	0	0	0	0	0	0	0	0	0	0	0	0	-90	0	0	0	0	0	0	0	0	0	0	0	0	0	0	0	0	0	0	0	0	0	0	0	0	0	0	0	0	0	0	0	0	0	0	0	0	0	0	0	0	0	0	-88	-90	-90	0	0	0	0	2489	-3024	4229	20833	-8471	-157	-29	992	91	-1	0	-1	-27	976	90	1606974659
-62	-60	-58	-67	-67	0	0	-84	-79	0	-79	-79	-86	0	0	0	0	0	0	0	0	0	0	0	0	0	0	0	0	-79	0	0	0	-68	0	0	0	0	0	0	0	0	0	0	0	0	0	0	0	0	0	0	0	0	-93	0	0	0	0	-75	0	0	-94	0	0	0	0	0	0	0	0	0	0	0	0	0	0	0	0	0	0	0	0	0	0	0	0	0	0	0	0	0	0	0	0	0	0	0	0	0	0	0	0	0	0	0	0	0	0	0	0	0	0	0	0	0	0	0	0	0	0	0	0	0	0	0	0	0	0	0	-91	-91	-92	0	0	0	0	2542	-2949	4228	20833	-8462	-153	-28	993	89	-1	0	-1	-27	975	92	1606974661
-62	-63	-57	-67	-68	-68	0	0	-81	0	-80	-81	-81	0	0	0	0	-87	-89	-88	0	0	-89	-88	0	0	0	0	0	-84	0	0	0	-62	0	0	0	0	-93	0	0	0	0	0	0	0	0	-78	0	0	0	0	0	0	-92	0	0	0	0	-77	-91	0	-92	0	0	0	0	0	0	0	0	-90	0	0	0	0	0	0	0	0	0	0	0	0	0	0	0	0	0	0	0	0	0	0	0	0	0	0	0	0	0	0	0	0	0	0	0	0	0	0	0	0	0	0	0	0	0	0	0	0	0	0	0	0	0	0	0	0	0	0	-90	-91	-91	0	0	0	0	2474	-3016	4229	20833	-8466	-155	-32	992	91	0	0	0	-27	976	91	1606974663
-65	-64	-57	-67	0	-72	-81	-81	-79	0	-79	-78	-85	-82	0	0	0	0	0	0	0	0	0	0	0	0	-88	0	0	-78	0	0	0	-66	0	0	0	0	0	0	0	0	0	0	0	0	0	0	0	0	0	0	0	0	-91	-88	0	0	0	-75	-89	0	-93	0	0	0	0	0	0	0	0	-92	0	0	0	0	0	0	0	0	0	0	0	0	0	0	0	0	0	0	0	0	0	0	0	0	0	0	0	0	0	0	0	0	0	0	0	0	0	0	0	0	0	0	0	0	0	0	0	0	0	0	0	0	0	0	0	0	0	0	-92	-92	-92	0	0	0	0	2444	-2934	4258	20833	-8468	-156	-24	994	92	0	0	-1	-27	976	90	1606974664
-64	-62	-57	-68	0	-71	0	-82	-79	0	-80	-80	-89	-85	0	0	0	0	0	0	0	0	0	0	0	0	0	0	0	-79	0	0	0	-66	0	0	0	0	-94	0	0	0	0	0	0	0	0	-78	0	0	0	0	0	0	-93	0	0	0	0	-76	-88	0	-91	0	0	0	0	0	0	0	0	-92	0	0	0	0	0	0	0	0	0	0	0	0	0	0	0	0	0	0	0	0	0	0	0	0	0	0	0	0	0	0	0	0	0	0	0	0	0	0	0	0	0	0	0	0	0	0	0	0	0	0	0	0	0	0	0	0	0	0	-93	-92	-92	0	0	0	0	2489	-2949	4169	20833	-8466	-155	-26	992	97	0	0	0	-27	976	91	1606974666
0	-61	-57	-66	-68	0	-82	-83	-77	0	-78	-77	-79	-80	0	0	0	-86	-87	-87	0	0	-87	-85	0	0	-93	0	0	-83	0	0	0	-61	0	0	0	0	-94	0	0	0	0	-71	0	0	0	0	0	0	0	0	0	0	-90	0	0	0	0	-77	-90	0	-92	0	0	0	0	0	0	-85	0	-93	0	0	0	0	0	0	0	0	0	0	0	0	0	-91	0	0	0	0	0	0	0	0	0	0	0	0	0	0	0	0	0	0	0	0	0	0	0	0	0	0	0	0	0	0	0	0	0	0	0	0	0	0	0	0	0	0	0	0	-90	-90	-90	0	0	0	0	2444	-2964	4236	20834	-8469	-155	-27	992	93	0	0	0	-27	976	90	1606974667
0	0	0	-68	0	-72	-80	-79	-79	0	-80	-81	-86	-79	0	0	0	0	0	0	0	0	0	0	0	0	0	0	0	-79	0	0	0	-68	0	0	0	0	0	0	0	0	0	-71	0	0	0	-78	0	0	0	0	-89	0	-92	0	0	0	0	-77	-90	0	-91	0	0	0	0	0	0	-86	0	-91	0	0	0	0	0	0	0	0	0	0	0	0	0	-93	0	0	0	0	0	0	0	0	0	0	0	0	0	0	0	0	0	0	0	0	0	0	0	0	0	0	0	0	0	0	0	0	0	0	0	0	0	0	0	0	0	0	0	0	-91	-90	-91	0	0	0	0	2519	-2964	4214	20833	-8467	-155	-28	991	93	0	0	0	-27	976	91	1606974669
0	-61	-57	-65	0	-71	-80	0	-79	0	-79	-80	-86	0	0	0	0	0	0	0	0	0	0	0	0	0	-90	0	0	-78	0	0	0	-68	0	0	0	0	-95	0	0	0	0	0	0	0	0	-78	0	0	0	0	0	0	-92	0	0	0	0	-78	-89	0	-93	0	0	0	0	0	0	0	0	-91	0	0	0	0	0	0	0	0	0	0	0	0	0	0	0	0	0	0	0	0	0	0	0	0	0	0	0	0	0	0	0	0	0	0	0	0	0	0	0	0	0	0	0	0	0	0	0	0	0	0	0	0	0	0	0	0	0	0	-91	-91	-89	0	0	0	0	2489	-2964	4206	20834	-8467	-153	-22	993	97	-1	-1	0	-27	976	91	1606974671
0	-62	-57	-65	0	0	-81	-86	-77	0	-76	-76	-78	-86	0	0	0	-88	-88	-88	0	0	-87	-87	0	0	-90	0	0	-82	0	0	0	-62	0	0	0	0	0	0	0	0	0	0	0	0	0	-87	0	0	0	0	0	0	-92	0	0	0	0	-77	-89	0	-93	0	0	0	0	0	0	0	0	-92	0	0	0	0	0	0	0	0	0	0	0	0	0	0	0	0	0	0	0	0	0	0	0	0	0	0	0	0	0	0	0	0	0	0	0	0	0	0	0	0	0	0	0	0	0	0	0	0	0	0	0	0	0	0	0	0	0	0	-90	-90	-90	0	0	0	0	2489	-2941	4228	20835	-8479	-157	-18	996	112	-1	-1	-1	-27	976	89	1606974672
0	-62	-56	-66	-67	0	0	-83	-79	0	-79	-79	-85	-81	0	0	0	-92	-94	0	0	0	0	0	0	0	-88	0	0	-84	0	0	0	-67	-82	0	0	0	0	0	0	0	0	0	0	0	0	-80	0	0	0	0	0	0	-91	0	0	0	0	-76	-90	0	-92	0	0	0	0	0	0	0	0	-93	0	0	0	0	0	0	0	0	0	0	0	0	0	0	0	0	0	0	0	0	0	0	0	0	0	0	0	0	0	0	0	0	0	0	0	0	0	0	0	0	0	0	0	0	0	0	0	0	0	0	0	0	0	0	0	0	0	0	-89	-90	0	0	0	0	0	2459	-3024	4229	20833	-8468	-155	-25	993	92	0	0	-1	-27	976	91	1606974674
0	-62	-56	0	0	-69	-82	-81	-77	0	-76	-76	-80	-82	0	0	0	-88	-86	-88	0	0	-88	-87	0	0	-89	0	0	-82	0	0	0	-62	0	0	0	0	-95	0	0	0	0	0	0	0	0	0	0	0	0	0	0	0	-93	-90	0	0	0	-77	-89	0	-92	0	0	0	0	0	0	0	0	-93	0	0	0	0	0	0	0	0	0	0	0	0	0	0	0	0	0	0	0	0	0	0	0	0	0	0	0	0	0	0	0	0	0	0	0	0	0	0	0	0	0	0	0	0	0	0	0	0	0	0	0	0	0	0	0	0	0	0	-90	-91	-89	0	0	-89	0	2474	-2994	4214	20829	-8447	-154	-21	996	69	-1	-1	-1	-27	975	94	1606974676
-62	-63	-57	-68	-69	-72	0	-84	-78	0	-80	-78	-83	-81	0	0	0	-94	-93	0	0	0	0	-93	0	0	-91	0	0	-79	0	0	0	-68	0	0	0	0	-94	0	0	0	0	-74	0	0	0	-79	0	0	0	0	0	0	-92	0	0	0	0	-77	-89	0	-91	0	0	0	0	0	0	0	0	-91	0	0	0	0	0	0	0	0	0	0	0	0	0	0	0	0	0	0	0	0	0	0	0	0	0	0	0	0	0	0	0	0	0	0	0	0	0	0	0	0	0	0	0	0	0	0	0	0	0	0	0	0	0	0	0	0	0	0	-92	-90	-92	0	0	-91	0	2474	-3009	4228	20834	-8465	-153	-25	993	103	0	0	-1	-27	976	91	1606974677
-62	-63	-57	-67	0	0	0	0	-76	0	-76	-76	-76	0	0	0	0	-88	-88	-88	0	0	-90	-88	0	0	0	0	0	-83	0	0	0	-61	0	0	0	0	-95	0	0	0	0	0	0	0	0	-78	0	0	0	0	0	0	-92	0	0	0	0	-78	-90	0	-93	0	0	0	0	0	0	-87	0	-91	0	0	0	0	0	0	0	0	0	0	0	0	0	0	0	0	0	0	0	0	0	0	0	0	0	0	0	0	0	0	0	0	0	0	0	0	0	0	0	0	0	0	0	0	0	0	0	0	0	0	0	0	0	0	0	0	0	0	-88	-90	-90	0	0	0	0	2474	-2994	4228	20833	-8461	-153	-28	993	90	0	-1	-1	-27	975	92	1606974679
-66	-64	-56	-64	-65	-69	-84	0	-79	0	-77	-76	-74	-85	0	0	0	-88	-89	-89	0	0	0	-90	0	0	0	0	0	-83	0	0	0	-62	0	0	0	0	0	0	0	0	0	-75	0	0	0	-79	0	0	0	0	0	0	-92	0	0	0	0	-76	-90	0	0	0	0	0	0	0	0	0	0	-92	0	0	0	0	0	0	0	0	0	0	0	0	0	0	0	0	0	0	0	0	0	0	0	0	0	0	0	0	0	0	0	0	0	0	0	0	0	0	0	0	0	0	0	0	0	0	0	0	0	0	0	0	0	0	0	0	0	0	-90	-90	-90	0	0	0	0	2474	-3009	4214	20831	-8448	-151	-33	992	104	-1	-1	-1	-26	975	94	1606974680
0	-64	-57	-70	0	0	-81	-82	-79	0	-79	-80	-86	-83	0	0	0	-93	0	0	0	0	0	-93	0	0	-89	0	0	-78	0	0	0	-65	0	0	0	0	-94	0	0	0	0	0	0	0	0	-78	0	0	0	0	-91	0	-91	0	0	0	0	-77	-89	0	-92	0	0	0	0	0	0	-89	0	-93	0	0	0	0	0	0	0	0	0	0	0	0	0	-92	0	0	0	0	0	0	0	0	0	0	0	0	0	0	0	0	0	0	0	0	0	0	0	0	0	0	0	0	0	0	0	0	0	0	0	0	0	0	0	0	0	0	0	0	0	-91	-89	0	0	0	0	2474	-2934	4228	20834	-8464	-151	-29	992	89	0	-1	0	-26	976	91	1606974682
0	-63	-56	-66	0	0	-79	0	-80	0	-81	-80	-83	-81	0	0	0	-93	-95	0	0	0	0	-94	0	0	0	0	0	-78	0	0	0	-66	0	0	0	0	0	0	0	0	0	0	0	0	0	0	0	0	0	0	0	0	-92	0	0	0	0	-76	-89	0	-92	0	0	0	0	0	0	0	0	-92	0	0	0	0	0	0	0	0	0	0	0	0	0	-93	0	0	0	0	0	0	0	0	0	0	0	0	0	0	0	0	0	0	0	0	0	0	0	0	0	0	0	0	0	0	0	0	0	0	0	0	0	0	0	0	0	0	0	0	-89	-91	-92	0	0	0	0	2481	-2949	4228	20833	-8462	-153	-27	992	95	-1	-1	-1	-27	975	92	1606974683
-62	0	-57	0	-68	0	0	0	-79	0	-80	-79	-84	-81	0	0	0	-93	-91	0	0	0	0	-91	0	0	0	0	0	-79	0	0	0	-70	0	0	0	0	-94	0	0	0	0	0	0	0	0	-78	0	0	0	0	0	0	-93	0	0	0	0	-76	-89	0	-92	0	0	0	0	0	0	-86	0	-94	0	0	0	0	0	0	0	0	0	0	0	0	0	0	0	-95	0	0	0	0	0	0	0	0	0	0	0	0	0	0	0	0	0	0	0	0	0	0	0	0	0	0	0	0	0	0	0	0	0	0	0	0	0	0	0	0	0	0	-90	-92	-91	0	0	0	0	2474	-2971	4236	20833	-8461	-153	-22	991	107	-1	-1	0	-27	975	92	1606974685
-65	-63	-58	0	-69	-73	0	0	-80	0	-79	-80	-83	0	0	0	0	-94	-93	0	0	0	0	-92	0	0	0	0	0	-78	0	0	0	-68	0	0	0	0	-94	0	0	0	0	0	0	0	0	-80	0	0	0	0	0	0	0	0	0	0	0	-76	-89	0	-93	0	0	0	0	0	0	-84	0	-92	0	0	0	0	0	0	0	0	0	0	0	0	0	0	0	0	0	0	0	0	0	0	0	0	0	0	0	0	0	0	0	0	0	0	0	0	0	0	0	0	0	0	0	0	0	0	0	0	0	0	0	0	0	0	0	0	0	0	-91	-91	0	0	0	0	0	2489	-2964	4228	20835	-8458	-147	-27	992	104	0	0	0	-26	975	92	1606974687
-65	-64	-59	-67	0	-68	-82	0	-78	0	-78	-78	-75	-81	0	0	0	-90	-89	-89	0	0	-89	-88	0	0	-89	0	0	-84	0	0	0	-63	0	0	0	0	0	0	0	0	0	0	0	0	0	-79	0	0	0	0	0	0	-93	0	0	0	0	-78	-91	0	-91	0	0	0	0	0	0	-88	0	-91	0	0	0	0	0	0	0	0	0	0	0	0	0	0	0	0	0	0	0	0	0	0	0	0	0	0	0	0	0	0	0	0	0	0	0	0	0	0	0	0	0	0	0	0	0	0	0	0	0	0	0	0	0	0	0	0	0	0	-90	-90	-90	0	0	0	0	2474	-2994	4154	20833	-8466	-154	-23	995	87	0	0	-1	-27	976	91	1606974688
-66	-63	-56	-65	-70	0	-85	0	-78	0	-79	-79	-74	0	0	0	0	-86	-89	-86	0	0	-87	-86	0	0	0	0	0	-83	0	0	0	-64	0	0	0	0	-93	0	0	0	0	0	0	0	0	-78	0	0	0	0	0	0	-93	0	0	0	0	-77	-89	0	-92	0	0	0	0	0	0	0	0	-93	0	0	0	0	0	0	0	0	0	0	0	0	0	0	0	0	0	0	0	0	0	0	0	0	0	0	0	0	0	0	0	0	0	0	0	0	0	0	0	0	0	0	0	0	0	0	0	0	0	0	0	0	0	0	0	0	0	0	-90	-90	-91	0	0	0	0	2444	-3009	4228	20830	-8459	-157	-17	994	104	-1	-1	-1	-27	975	92	1606974690
-67	-62	-57	-64	-71	-69	-83	-81	-78	0	-79	-79	-75	-83	0	0	0	-88	-87	-87	0	0	-87	-87	0	0	-87	0	0	-83	0	0	0	-63	0	0	0	0	0	0	0	0	0	-74	0	0	0	0	0	0	0	0	0	0	-91	-87	0	0	0	-77	-90	0	-92	0	0	0	0	0	0	-82	0	-91	0	0	0	0	0	0	0	0	0	0	0	0	0	0	0	0	0	0	0	0	0	0	0	0	0	0	0	0	0	0	0	0	0	0	0	0	0	0	0	0	0	0	0	0	0	0	0	0	0	0	0	0	0	0	0	0	0	0	-90	-89	-88	0	0	-90	0	2444	-2933	4138	20833	-8464	-153	-26	992	96	-1	0	-1	-27	976	91	1606974691
-63	-66	-58	-70	-69	-68	0	-84	-80	-89	-80	-80	-78	-82	0	0	0	-88	-87	-89	0	0	-89	-88	0	0	0	0	0	-83	0	0	0	-63	0	0	0	0	-94	0	0	0	0	0	0	0	0	0	0	0	0	0	0	0	-93	0	0	0	0	-77	-92	0	0	0	0	0	0	0	0	-86	0	-94	0	0	0	0	0	0	0	0	0	0	0	0	0	0	0	0	0	0	0	0	0	0	0	0	0	0	0	0	0	0	0	0	0	0	0	0	0	0	0	0	0	0	0	0	0	0	0	0	0	0	0	0	0	0	0	0	0	0	-90	-89	-91	0	0	0	0	2489	-3009	4243	20833	-8462	-152	-29	992	94	-1	0	0	-26	975	92	1606974693
-63	-61	-57	-66	-69	-69	0	0	-79	0	-79	-78	-82	0	0	0	0	-95	-93	0	0	0	0	0	0	0	0	0	0	-85	0	0	0	-69	0	0	0	0	-94	0	0	0	0	0	0	0	0	-78	0	0	0	0	0	0	-94	0	0	0	0	-76	-90	0	-91	0	0	0	0	0	0	-84	0	-92	0	0	0	0	0	0	0	0	0	0	0	0	0	0	0	0	0	0	0	0	0	0	0	0	0	0	0	0	0	0	0	0	0	0	0	0	0	0	0	0	0	0	0	0	0	0	0	0	0	0	0	0	0	0	0	0	0	0	-89	0	-90	0	0	0	0	2504	-2994	4214	20834	-8463	-152	-26	992	94	-1	0	-1	-26	976	91	1606974695
-61	-61	-56	-65	-67	-69	0	-83	-79	0	-80	-80	-84	0	0	0	0	-92	-91	0	0	0	0	-93	0	0	-90	0	0	-84	0	0	0	-67	0	0	0	0	-94	0	0	0	0	0	0	0	0	-78	0	0	0	0	0	0	-91	0	0	0	0	-77	-90	0	-92	0	0	0	0	0	0	0	0	-93	0	0	0	0	0	0	0	0	0	0	0	0	0	-94	0	0	0	0	0	0	0	0	0	0	0	0	0	0	0	0	0	0	0	0	0	0	0	0	0	0	0	0	0	0	0	0	0	0	0	0	0	0	0	0	0	0	0	0	-91	-91	0	0	0	0	0	2444	-3009	4213	20832	-8459	-153	-27	992	96	-1	0	-1	-27	975	92	1606974696
0	-62	-56	-65	0	0	-85	0	-83	0	-82	-82	-83	0	0	0	0	-92	0	0	0	0	0	0	0	0	0	0	0	-79	0	0	0	-70	0	0	0	0	-96	0	0	0	0	0	0	0	0	-79	0	0	0	0	0	0	-93	0	0	0	0	-76	-91	0	-91	0	0	0	0	0	0	-88	0	-89	0	0	0	0	0	0	0	0	0	0	0	0	0	0	0	0	0	0	0	0	0	0	0	0	0	0	0	0	0	0	0	0	0	0	0	0	0	0	0	0	0	0	0	0	0	0	0	0	0	0	0	0	0	0	0	0	0	0	-90	-92	-90	0	0	0	0	2414	-2979	4213	20834	-8469	-153	-27	992	92	0	-1	0	-27	976	90	1606974698
-64	-64	-56	-69	-69	0	0	0	-79	-81	-83	-80	-78	0	0	0	0	-87	-86	-87	0	0	-87	-86	0	0	-89	0	0	-82	0	0	0	-60	0	0	0	0	0	0	0	0	0	-74	0	0	0	-78	0	0	0	0	0	0	-92	0	0	0	-78	-78	-90	0	-92	0	0	0	0	0	0	-86	0	-92	0	0	0	0	0	0	0	0	0	0	0	0	0	0	0	0	0	0	0	0	0	0	0	0	0	0	0	0	0	0	0	0	0	0	0	0	0	0	0	0	0	0	0	0	0	0	0	0	0	0	0	0	0	0	0	0	0	0	-91	-90	-90	0	0	0	0	2437	-3009	4243	20833	-8462	-153	-27	992	92	0	0	-1	-27	975	92	1606974699
0	-63	-58	-68	0	-67	-83	0	-80	0	-81	-80	-80	0	0	0	0	-87	-88	-87	0	0	-87	-87	0	0	0	0	0	-83	0	0	0	-59	0	0	0	0	0	0	0	0	0	-74	0	0	0	0	0	0	0	0	0	0	-90	-89	0	0	0	-77	-89	0	-92	0	0	0	0	0	0	0	0	-92	0	0	0	0	0	0	0	0	0	0	0	0	0	-92	0	0	0	0	0	0	0	0	0	0	0	0	0	0	0	0	0	0	0	0	0	0	0	0	0	0	0	0	0	0	0	0	0	0	0	0	0	0	0	0	0	0	0	0	-90	-90	-90	0	0	0	0	2414	-3023	4228	20833	-8463	-153	-27	992	94	0	-1	0	-27	976	91	1606974701
0	-64	0	-68	0	-74	-80	0	-79	0	-79	-80	-86	-82	0	0	0	0	-93	0	0	0	0	0	0	0	-87	0	0	-79	0	0	0	-65	0	0	0	0	-94	0	0	0	0	0	0	0	0	0	0	0	0	0	0	0	-93	0	0	0	0	-77	-89	0	-90	0	0	0	0	0	0	-87	0	-91	0	0	0	0	0	0	0	0	0	0	0	0	0	0	0	0	0	0	0	0	0	0	0	0	0	0	0	0	0	0	0	0	0	0	0	0	0	0	0	0	0	0	0	0	0	0	0	0	0	0	0	0	0	0	0	0	0	0	-90	0	0	0	0	0	0	2429	-2963	4198	20834	-8464	-152	-27	993	90	-1	-1	0	-26	976	91	1606974703
-65	-62	-57	-68	-70	0	-82	0	-81	0	-80	-81	-79	0	0	0	0	-87	-88	-88	0	0	-88	-88	0	0	-88	0	0	-83	0	0	0	-61	0	0	0	0	-95	0	0	0	0	0	0	0	0	-77	0	0	0	0	0	0	-93	0	0	0	0	-77	-89	0	-92	0	0	0	0	0	0	0	0	-94	0	0	0	0	0	0	0	0	0	0	0	0	0	-91	0	0	0	0	0	0	0	0	0	0	0	0	0	0	0	0	0	0	0	0	0	0	0	0	0	0	0	0	0	0	0	0	0	0	0	0	0	0	0	0	0	0	0	0	-89	-88	-90	0	0	0	0	2444	-2964	4221	20833	-8464	-153	-27	992	91	0	0	-1	-27	976	91	1606974704
-61	-64	0	-67	-70	-67	-82	0	-77	0	-77	-77	-78	0	0	0	0	-88	-86	-88	0	0	-86	-86	0	0	-89	0	0	-82	0	0	0	-60	0	0	0	0	0	0	0	0	0	0	0	0	0	0	0	0	0	0	0	0	-94	0	0	0	0	-77	-89	0	-93	0	0	0	0	0	0	-86	0	-93	0	0	0	0	0	0	0	0	0	0	0	0	0	0	0	0	0	0	0	0	0	0	0	0	0	0	0	0	0	0	0	0	0	0	0	0	0	0	0	0	0	0	0	0	0	0	0	0	0	0	0	0	0	0	0	0	0	0	-90	-89	-90	0	0	0	0	2429	-2994	4258	20833	-8461	-152	-26	992	92	-1	-1	0	-26	975	92	1606974706
-62	-63	-58	-67	-72	-71	0	-83	-81	0	-81	-81	-84	0	0	0	0	-93	-92	0	0	0	0	-91	0	0	-88	0	0	-83	0	0	0	-68	0	0	0	0	-93	0	0	0	0	0	0	0	0	-77	0	0	0	0	0	0	-94	0	0	0	0	-77	-88	0	-92	0	0	0	0	0	0	0	0	-92	0	0	0	0	0	0	0	0	0	0	0	0	0	0	0	0	0	0	0	0	0	0	0	0	0	0	0	0	0	0	0	0	0	0	0	0	0	0	0	0	0	0	0	0	0	0	0	0	0	0	0	0	0	0	0	0	0	0	-90	-92	0	0	-89	0	0	2429	-3009	4236	20834	-8464	-152	-24	993	91	0	0	-1	-26	976	91	1606974707
-63	-63	-58	-67	-70	0	-85	0	-78	0	-77	0	-78	0	0	0	0	-86	-86	-86	0	0	-87	-86	0	0	0	0	0	-82	0	0	0	-61	0	0	0	0	0	0	0	0	0	-74	0	0	0	-77	0	0	0	0	0	0	-91	0	0	0	0	-77	-89	0	-91	0	0	0	0	0	0	-87	0	-93	0	0	0	0	0	0	0	0	0	0	0	0	0	-91	0	0	0	0	0	0	0	0	0	0	0	0	0	0	0	0	0	0	0	0	0	0	0	0	0	0	0	0	0	0	0	0	0	0	0	0	0	0	0	0	0	0	0	0	-90	-89	-89	0	0	0	-73	2429	-2994	4228	20833	-8461	-151	-29	994	90	-1	-1	0	-26	975	92	1606974709
0	-63	-58	-65	0	-71	-85	-82	-79	0	-78	-79	-79	-80	0	0	0	-86	-87	-87	0	0	-88	-86	0	0	-88	0	0	-83	0	0	0	-60	0	0	0	0	0	0	0	0	0	0	0	0	0	0	0	0	0	0	0	0	-92	0	0	0	0	-77	-88	0	-92	0	0	0	0	0	0	-86	0	-91	0	0	0	0	0	0	0	0	0	0	0	0	0	0	0	0	0	0	0	0	0	0	0	0	0	0	0	0	0	0	0	0	0	0	0	0	0	0	0	0	0	0	0	0	0	0	0	0	0	0	0	0	0	0	0	0	0	0	-89	-89	-90	0	0	0	-76	2489	-2994	4169	20833	-8463	-153	-27	992	95	0	0	0	-27	976	91	1606974711
0	-63	-58	-67	0	0	-82	0	-81	0	-80	-79	-84	-83	-87	0	0	-93	-95	0	0	0	0	-94	0	0	0	0	0	-78	0	0	0	-67	0	0	0	0	0	0	0	0	0	0	0	0	0	-81	0	0	0	0	0	0	-91	0	0	0	0	-77	-90	0	-93	0	0	0	0	0	0	0	0	-93	0	0	0	0	0	0	0	0	0	0	0	0	0	0	0	0	0	0	0	0	0	0	0	0	0	0	0	0	0	0	0	0	0	0	0	0	0	0	0	0	0	0	0	0	0	0	0	0	0	0	0	0	0	0	0	0	0	0	0	0	-93	0	0	0	0	2489	-2964	4213	20833	-8463	-153	-27	992	94	-1	-1	0	-27	976	91	1606974712
0	-63	-58	-66	0	0	0	-85	-79	0	-79	-80	-84	0	0	0	0	0	-94	0	0	0	0	-92	0	0	-89	0	0	-78	0	0	0	-66	0	0	0	0	-94	0	0	0	0	0	0	0	0	0	0	0	0	0	0	0	-92	0	0	0	0	-78	-88	0	-93	0	0	0	0	0	0	-86	0	-95	0	0	0	0	0	0	0	0	0	0	0	0	0	-92	0	0	0	0	0	0	0	0	0	0	0	0	0	0	0	0	0	0	0	0	0	0	0	0	0	0	0	0	0	0	0	0	0	0	0	0	0	0	0	0	0	0	0	0	-92	-90	0	0	0	0	-81	2482	-3024	4229	20833	-8461	-152	-27	992	93	-1	0	0	-26	975	92	1606974714
-65	-64	-58	-64	-71	-70	-82	-82	-79	0	-80	-79	-79	-81	0	0	0	-86	-86	-87	0	0	-86	-87	0	0	-89	0	0	-83	0	0	0	-60	0	0	0	0	0	0	0	0	0	0	0	0	0	-78	0	0	0	0	0	0	-92	0	0	0	0	-78	-89	0	-92	0	0	0	0	0	0	-85	0	-92	0	0	0	0	0	0	0	0	0	0	0	0	0	0	0	0	0	0	0	0	0	0	0	0	0	0	0	0	0	0	0	0	0	0	0	0	0	0	0	0	0	0	0	0	0	0	0	0	0	0	0	0	0	0	0	0	0	0	-90	-88	-90	0	0	0	0	2429	-3009	4228	20833	-8462	-153	-28	992	93	-1	0	-1	-27	975	92	1606974716
-61	-63	-57	0	0	0	0	0	-80	0	-81	-81	-85	0	0	0	0	-94	0	0	0	0	0	-94	0	0	-89	0	0	-79	0	0	0	-66	0	0	0	0	0	0	0	0	0	-75	0	0	0	-78	0	0	0	0	0	0	-90	0	0	0	0	-77	-90	0	-91	0	0	0	0	0	0	0	0	-91	0	0	0	0	0	0	0	0	0	0	0	0	0	0	0	-93	0	0	0	0	0	0	0	0	0	0	0	0	0	0	0	0	0	0	0	0	0	0	0	0	0	0	0	0	0	0	0	0	0	0	0	0	0	0	0	0	0	0	-90	0	-91	0	0	0	0	2519	-2994	4229	20834	-8465	-153	-27	992	94	0	0	0	-27	976	91	1606974717
0	-63	-57	-66	0	0	-84	0	-78	0	-79	-79	-84	0	0	0	0	-94	0	0	0	0	0	-94	0	0	-88	0	0	-79	0	0	0	-65	0	0	0	0	0	0	0	0	0	0	0	0	0	0	0	0	0	0	0	0	-92	0	0	0	0	-77	-87	0	0	0	0	0	0	0	0	-85	0	-92	0	0	0	0	0	0	0	0	0	0	0	0	0	0	0	0	0	0	0	0	0	0	0	0	0	0	0	0	0	0	0	0	0	0	0	0	0	0	0	0	0	0	0	0	0	0	0	0	0	0	0	0	0	0	0	0	0	0	-90	-90	-90	0	0	0	0	2489	-3009	4228	20833	-8465	-154	-27	992	92	0	-1	-1	-27	976	91	1606974719
0	-63	-57	-67	0	0	-84	0	-80	0	-80	-80	-84	0	0	0	0	-94	-92	-92	0	0	-92	-91	0	0	-89	0	0	-78	0	0	0	-66	0	0	0	0	0	0	0	0	0	0	0	0	0	-78	0	0	0	0	0	0	-91	0	0	0	0	-77	-88	0	-92	0	0	0	0	0	0	0	0	-94	0	0	0	0	0	0	0	0	0	0	0	0	0	0	0	0	0	0	0	0	0	0	0	0	0	0	0	0	0	0	0	0	0	0	0	0	0	0	0	0	0	0	0	0	0	0	0	0	0	0	0	0	0	0	0	0	0	0	-90	-91	-92	0	0	0	0	2474	-3001	4243	20833	-8463	-153	-27	993	94	0	-1	-1	-27	976	91	1606974720
0	-63	-57	0	0	-72	0	0	-80	0	-80	-79	-84	0	0	0	0	-94	-93	0	0	0	0	-92	0	0	0	0	0	-79	0	0	0	-68	0	0	0	0	0	0	0	0	0	0	0	0	0	-78	0	0	0	0	0	0	-92	0	0	0	0	-76	-89	0	-92	0	0	0	0	0	0	-87	0	-94	0	0	0	0	0	0	0	0	0	0	0	0	0	0	0	0	0	0	0	0	0	0	0	0	0	0	0	0	0	0	0	0	0	0	0	0	0	0	0	0	0	0	0	0	0	0	0	0	0	0	0	0	0	0	0	0	0	0	-90	-87	-92	0	0	0	0	2444	-3024	4214	20833	-8462	-152	-27	992	93	0	-1	0	-27	975	91	1606974722
-60	-63	-57	0	-71	-74	0	0	-81	0	-80	-80	-86	-83	0	0	0	-94	0	-94	0	0	-93	-93	0	0	-88	0	0	-78	0	0	0	-66	0	0	0	0	0	0	0	0	0	0	0	0	0	-79	0	0	0	0	0	0	-93	0	0	0	0	-77	-88	0	-92	0	0	0	0	0	0	-87	0	-92	0	0	0	0	0	0	0	0	0	0	0	0	0	0	0	0	0	0	0	0	0	0	0	0	0	0	0	0	0	0	0	0	0	0	0	0	0	0	0	0	0	0	0	0	0	0	0	0	0	0	0	0	0	0	0	0	0	0	0	-92	-93	0	0	0	0	2474	-2934	4243	20833	-8464	-153	-26	992	92	0	-1	-1	-27	976	91	1606974724
-60	-65	0	-65	-70	-70	0	-84	-79	0	-79	-79	-79	0	0	0	0	-88	-87	-88	0	0	-88	-88	0	0	-88	0	0	-84	0	0	0	-59	0	0	0	0	-93	0	0	0	0	0	0	0	0	-78	0	0	0	0	0	0	-92	0	0	0	0	-78	-90	0	-92	0	0	0	0	0	0	-89	0	0	0	0	0	0	0	0	0	0	0	0	0	0	0	0	0	0	0	0	0	0	0	0	0	0	0	0	0	0	0	0	0	0	0	0	0	0	0	0	0	0	0	0	0	0	0	0	0	0	0	0	0	0	0	0	0	0	0	0	-90	-90	-90	0	0	0	0	2474	-2964	4213	20833	-8461	-153	-28	992	93	0	-1	0	-27	975	92	1606974725
-61	0	-61	0	-71	0	0	0	-79	0	-80	-80	-84	0	0	0	0	-92	-94	0	0	0	-93	-92	0	0	0	0	0	-79	0	0	0	-66	0	0	0	0	0	0	0	0	0	0	0	0	0	0	0	0	0	0	0	0	-93	0	0	0	0	-76	-89	0	-93	0	0	0	0	0	0	0	0	0	0	0	0	0	0	0	0	0	0	0	0	0	0	0	0	0	0	0	0	0	0	0	0	0	0	0	0	0	0	0	0	0	0	0	0	0	0	0	0	0	0	0	0	0	0	0	0	0	0	0	0	0	0	0	0	0	0	0	-90	0	-91	0	0	0	0	2422	-2994	4213	20833	-8462	-154	-26	993	93	0	-1	-1	-27	975	92	1606974727
-60	-63	0	-67	0	0	-82	0	-81	-89	-82	-81	-80	-82	0	0	0	-88	-88	-87	0	0	-88	-87	0	0	0	0	0	-83	0	0	0	-59	-78	0	0	0	0	0	0	0	0	-72	0	0	0	-80	0	0	0	0	0	0	-93	0	0	0	0	-77	-89	0	0	0	0	0	0	0	0	-87	0	-92	0	0	0	0	0	0	0	0	0	0	0	0	0	0	0	0	0	0	0	0	0	0	0	0	0	0	0	0	0	0	0	0	0	0	0	0	0	0	0	0	0	0	0	0	0	0	0	0	0	0	0	0	0	0	0	0	0	0	-90	-90	-90	0	0	0	0	2489	-2994	4243	20833	-8462	-154	-27	992	93	-1	-1	-1	-27	975	92	1606974728
-64	-63	-57	0	-72	0	0	0	-81	0	-82	-81	-82	0	0	0	0	-93	-94	-93	0	0	-92	-93	0	0	-89	0	0	-79	0	0	0	-66	0	0	0	0	0	0	0	0	0	0	0	0	0	-79	0	0	0	0	0	0	-91	0	0	0	0	-76	-89	0	-90	0	0	0	0	0	0	-88	0	-91	0	0	0	0	0	0	0	0	0	0	0	0	0	0	0	0	0	0	0	0	0	0	0	0	0	0	0	0	0	0	0	0	0	0	0	0	0	0	0	0	0	0	0	0	0	0	0	0	0	0	0	0	0	0	0	0	0	0	-91	-91	-91	0	0	0	0	2444	-2964	4206	20832	-8461	-154	-28	992	90	0	0	-1	-27	975	91	1606974730
0	-62	0	-67	0	-74	0	0	-82	0	-82	-82	-84	-86	0	0	0	-93	-93	0	0	0	-92	-92	0	0	-90	0	0	-78	0	0	0	-66	0	0	0	0	0	0	0	0	0	0	0	0	0	-78	0	0	0	0	0	0	-92	0	0	0	0	-76	-88	0	-89	0	0	0	0	0	0	-87	0	-91	0	0	0	0	0	0	0	0	0	0	0	0	0	0	0	0	0	0	0	0	0	0	0	0	0	0	0	0	0	0	0	0	0	0	0	0	0	0	0	0	0	0	0	0	0	0	0	0	0	0	0	0	0	0	0	0	0	0	0	-90	-92	0	0	0	0	2474	-3009	4214	20833	-8461	-152	-28	993	90	0	0	0	-27	975	92	1606974732
-65	-63	0	-70	-70	-70	-82	-84	-81	0	-80	-80	-84	-82	0	0	0	-92	-94	0	0	0	0	-91	0	0	-87	0	0	-79	0	0	0	-66	0	0	0	0	-93	0	0	0	0	0	0	0	0	-79	0	0	0	0	0	-90	-93	0	0	0	0	-77	-90	0	-92	0	0	0	0	0	0	-85	0	-92	0	0	0	0	0	0	0	0	0	0	0	0	0	0	0	0	0	0	0	0	0	0	0	0	0	0	0	0	0	0	0	0	0	0	0	0	0	0	0	0	0	0	0	0	0	0	0	0	0	0	0	0	0	0	0	0	0	0	-92	-90	-92	0	0	0	0	2489	-2949	4198	20834	-8466	-153	-27	993	91	-1	-1	-1	-27	976	91	1606974733
0	-62	0	-69	0	-69	0	-84	-80	0	-81	-81	-83	0	0	0	0	-92	-94	0	0	0	0	-93	0	0	0	0	0	-78	0	0	0	-69	0	0	0	0	0	0	0	0	0	0	0	0	0	-80	0	0	0	0	0	0	-93	0	0	0	0	-76	-87	0	-91	0	0	0	0	0	0	-88	0	-91	0	0	0	0	0	0	0	0	0	0	0	0	0	0	0	0	0	0	0	0	0	0	0	0	0	0	0	0	0	0	0	0	0	0	0	0	0	0	0	0	0	0	0	0	0	0	0	0	0	0	0	0	0	0	0	0	0	0	-91	-90	-91	0	0	0	0	2519	-2964	4236	20832	-8461	-154	-26	993	94	-1	-1	-1	-27	975	92	1606974735
-65	-63	-57	-67	-67	0	0	-83	-78	0	-80	-78	-80	0	0	0	0	-88	-89	-88	0	0	-89	-89	0	0	-91	0	0	-83	0	0	0	-62	0	0	0	0	0	0	0	0	0	-74	0	0	0	0	0	0	0	0	0	0	-93	-88	0	0	0	-78	-90	0	-92	0	0	0	0	0	0	-87	0	-92	0	0	0	0	0	0	0	0	0	0	0	0	0	0	0	-91	0	0	0	0	0	0	0	0	0	0	0	0	0	0	0	0	0	0	0	0	0	0	0	0	0	0	0	0	0	0	0	0	0	0	0	0	0	0	0	0	0	0	-89	-90	-91	0	0	0	0	2429	-2994	4228	20832	-8461	-154	-27	992	94	0	-1	-1	-27	975	92	1606974736
-61	-64	-55	-64	-67	-68	-82	-81	-78	0	-79	-77	-77	-81	0	0	0	-89	-88	-87	0	0	-87	-89	0	0	0	0	0	-83	0	0	0	-62	0	0	0	0	-93	0	0	0	0	-74	0	0	0	0	0	0	0	0	0	0	-91	-89	0	0	0	-78	-89	0	-91	0	0	0	0	0	0	-87	0	0	0	0	0	0	0	0	0	0	0	0	0	0	0	0	0	0	0	0	0	0	0	0	0	0	0	0	0	0	0	0	0	0	0	0	0	0	0	0	0	0	0	0	0	0	0	0	0	0	0	0	0	0	0	0	0	0	0	0	-89	-89	-89	0	0	0	0	2459	-2994	4214	20832	-8460	-154	-26	992	93	0	0	0	-27	975	92	1606974738
-63	-63	0	0	-69	-71	0	0	-79	0	-79	-79	-84	-84	0	0	0	-93	-95	0	0	0	0	-93	0	0	0	0	0	-79	0	0	0	-70	0	0	0	0	0	0	0	0	0	0	0	0	0	-78	0	0	0	0	0	0	-93	0	0	0	0	-77	-89	0	0	0	0	0	0	0	0	-87	0	-92	0	0	0	0	0	0	0	0	0	0	0	0	0	0	0	0	0	0	0	0	0	0	0	0	0	0	0	0	0	0	0	0	0	0	0	0	0	0	0	0	0	0	0	0	0	0	0	0	0	0	0	0	0	0	0	0	0	0	-89	-91	-91	0	0	0	0	2474	-2994	4221	20833	-8461	-152	-26	993	97	0	0	0	-26	975	92	1606974740
-64	-63	-55	0	-68	0	0	0	-78	0	-79	-78	-79	0	0	0	0	-87	-86	-87	0	0	-86	-87	0	0	-88	0	0	-82	0	0	0	-62	0	0	0	0	-93	0	0	0	0	-74	0	0	0	0	0	0	0	0	0	0	0	-87	0	0	0	-78	-88	0	-92	0	0	0	0	0	0	-84	0	-91	0	0	0	0	0	0	0	0	0	0	0	0	0	0	0	-92	0	0	0	0	0	0	0	0	0	0	0	0	0	0	0	0	0	0	0	0	0	0	0	0	0	0	0	0	0	0	0	0	0	0	0	0	0	0	0	0	0	0	-90	-90	-89	0	0	0	0	2444	-2994	4228	20833	-8461	-153	-27	992	93	0	0	0	-27	975	92	1606974741
-60	0	-55	0	0	-71	0	0	-79	0	-79	-79	-85	0	0	0	0	-92	-93	0	0	0	0	-93	0	0	0	0	0	-79	0	0	0	-70	0	0	0	0	0	0	0	0	0	0	0	0	0	-79	0	0	0	0	0	0	-93	0	0	0	0	-76	-88	0	-93	0	0	0	0	0	0	0	0	-92	0	0	0	0	0	0	0	0	0	0	0	0	0	0	0	0	0	0	0	0	0	0	0	0	0	0	0	0	0	0	0	0	0	0	0	0	0	0	0	0	0	0	0	0	0	0	0	0	0	0	0	0	0	0	0	0	0	0	-90	-91	0	0	0	0	0	2474	-3009	4228	20833	-8464	-153	-26	993	92	0	0	0	-27	976	91	1606974743
-65	-63	-57	-65	0	-68	0	-85	-80	0	-79	-79	-81	-85	0	0	0	-89	-88	-88	0	0	-89	-89	0	0	0	0	0	-83	0	0	0	-61	0	0	0	0	0	0	0	0	0	0	0	0	0	-78	0	0	0	0	0	0	-92	0	0	0	0	-77	-89	0	-92	0	0	0	0	0	0	-87	0	-91	0	0	0	0	0	0	0	0	0	0	0	0	0	0	0	0	0	0	0	0	0	0	0	0	0	0	0	0	0	0	0	0	0	0	0	0	0	0	0	0	0	0	0	0	0	0	0	0	0	0	0	0	0	0	0	0	0	0	-91	-89	-91	0	0	0	0	2474	-3024	4229	20832	-8458	-152	-30	992	90	0	0	0	-26	975	92	1606974745
0	0	0	-68	0	0	-82	-82	-83	0	-83	-83	-83	-83	0	0	0	-93	-95	0	0	0	0	-93	0	0	-90	0	0	-79	0	0	0	-66	0	0	0	0	0	0	0	0	0	-74	0	0	0	-78	0	0	0	0	0	0	-93	-88	0	0	0	-76	-88	0	-93	0	0	0	0	0	0	-87	0	-93	0	0	0	0	0	0	0	0	0	0	0	0	0	0	0	0	0	0	0	0	0	0	0	0	0	0	0	0	0	0	0	0	0	0	0	0	0	0	0	0	0	0	0	0	0	0	0	0	0	0	0	0	0	0	0	0	0	0	-89	0	-92	0	0	0	0	2414	-3001	4198	20833	-8463	-153	-25	995	74	0	0	0	-27	976	91	1606974746
0	0	-57	-66	0	0	-82	-83	-81	0	-82	-81	-82	-85	0	0	0	-92	-93	-93	0	0	0	-93	0	0	-88	0	0	-79	0	0	0	-66	0	0	0	0	0	0	0	0	0	0	0	0	0	-77	0	0	0	0	0	0	-93	0	0	0	0	-76	-91	0	-92	0	0	0	0	0	0	-85	0	-92	0	0	0	0	0	0	0	0	0	0	0	0	0	0	0	0	0	0	0	0	0	0	0	0	0	0	0	0	0	0	0	0	0	0	0	0	0	0	0	0	0	0	0	0	0	0	0	0	0	0	0	0	0	0	0	0	0	0	-90	-89	-91	0	0	0	0	2474	-3016	4221	20833	-8461	-152	-27	993	96	-1	-1	0	-26	975	92	1606974748
0	-64	-57	-65	0	0	-82	0	-80	0	-81	-81	-82	0	0	0	0	-92	-93	0	0	0	0	-95	0	0	0	0	0	-79	0	0	0	-66	0	0	0	0	0	0	0	0	0	0	0	0	0	0	0	0	0	0	0	0	-91	0	0	0	0	-77	-88	0	-91	0	0	0	0	0	0	-87	0	-93	0	0	0	0	0	0	0	0	0	0	0	0	0	-92	0	0	0	0	0	0	0	0	0	0	0	0	0	0	0	0	0	0	0	0	0	0	0	0	0	0	0	0	0	0	0	0	0	0	0	0	0	0	0	0	0	0	0	0	-90	-91	-91	0	0	0	0	2422	-3008	4213	20832	-8462	-154	-23	993	96	0	-1	-1	-27	975	92	1606974749
0	-62	-57	0	0	0	0	0	-82	0	-82	-82	-83	0	0	0	0	-94	-92	0	0	0	0	-91	0	0	-92	0	0	-79	0	0	0	-66	0	0	0	0	0	0	0	0	0	0	0	0	0	-78	0	0	0	0	0	0	-92	0	0	0	0	-76	-90	0	-92	0	0	0	0	0	0	-87	0	-91	0	0	0	0	0	0	0	0	0	0	0	0	0	0	0	0	0	0	0	0	0	0	0	0	0	0	0	0	0	0	0	0	0	0	0	0	0	0	0	0	0	0	0	0	0	0	0	0	0	0	0	0	0	0	0	0	0	0	-91	0	-89	0	0	0	0	2474	-3024	4229	20832	-8460	-153	-27	993	86	-1	0	-1	-27	975	92	1606974751
-58	-63	-58	-66	-70	-68	-82	0	-77	0	-77	-77	-79	0	0	0	0	-86	-87	-87	0	0	-86	-86	0	0	-86	0	0	-83	0	0	0	-61	0	0	0	0	0	0	0	0	0	-72	0	0	0	0	0	0	0	0	0	0	-92	0	0	0	0	-78	-88	0	0	0	0	0	0	0	0	0	0	-92	0	0	0	0	0	0	0	0	0	0	0	0	0	0	0	0	0	0	0	0	0	0	0	0	0	0	0	0	0	0	0	0	0	0	0	0	0	0	0	0	0	0	0	0	0	0	0	0	0	0	0	0	0	0	0	0	0	0	-90	-89	-90	0	0	0	0	2436	-2956	4228	20832	-8461	-153	-26	992	91	-1	0	-1	-27	975	92	1606974752
0	0	0	-67	0	-69	-81	-83	-76	0	-77	-77	-80	-84	0	0	0	-86	-88	-87	0	0	-88	-87	0	0	0	0	0	-83	0	0	0	-61	0	0	0	0	0	0	0	0	0	-73	0	0	0	0	0	0	0	0	-90	0	-94	0	0	0	0	-77	-88	0	-94	0	0	0	0	0	0	-87	0	-91	0	0	0	0	0	0	0	0	0	0	0	0	0	0	0	0	0	0	0	0	0	0	0	0	0	0	0	0	0	0	0	0	0	0	0	0	0	0	0	0	0	0	0	0	0	0	0	0	0	0	0	0	0	0	0	0	0	0	-90	-89	-91	0	0	0	0	2519	-2964	4214	20834	-8465	-152	-26	993	92	-1	0	-1	-26	976	91	1606974754
0	-64	-57	-68	0	-68	0	-84	-78	0	-78	-79	-78	0	-84	0	0	-86	-86	-86	0	0	-86	0	0	0	-87	0	0	-83	0	0	0	-60	-82	0	0	0	-94	0	0	0	0	0	0	0	0	0	0	0	0	0	0	0	-93	0	0	0	0	-77	-90	0	0	0	0	0	0	0	0	0	0	-92	0	0	0	0	0	0	0	0	0	0	0	0	0	0	0	0	0	0	0	0	0	0	0	0	0	0	0	0	0	0	0	0	0	0	0	0	0	0	0	0	0	0	0	0	0	0	0	0	0	0	0	0	0	0	0	0	0	0	-90	-89	-90	0	0	0	0	2429	-2994	4213	20833	-8462	-153	-28	993	88	0	0	-1	-27	975	92	1606974755
0	-63	-58	0	0	-71	0	0	-80	0	-81	-80	-83	-84	0	0	0	-97	-95	0	0	0	0	-95	0	0	0	0	0	-79	0	0	0	-65	0	0	0	0	0	0	0	0	0	-72	0	0	0	-79	0	0	0	0	0	0	0	0	0	0	0	-77	-90	0	-92	0	0	0	0	0	0	-87	0	-92	0	0	0	0	0	0	0	0	0	0	0	0	0	0	0	0	0	0	0	0	0	0	0	0	0	0	0	0	0	0	0	0	0	0	0	0	0	0	0	0	0	0	0	0	0	0	0	0	0	0	0	0	0	0	0	0	0	0	-90	0	-91	0	0	0	0	2444	-2994	4213	20834	-8464	-152	-29	993	93	0	0	-1	-26	976	91	1606974757
0	-62	-58	-66	0	0	-83	0	-80	0	-81	-80	-82	-84	0	0	0	-94	-93	0	0	0	0	-95	0	0	-86	0	0	-78	0	0	0	-65	0	0	0	0	0	0	0	0	0	0	0	0	0	-80	0	0	0	0	0	0	-93	0	0	0	0	-77	-88	0	-92	0	0	0	0	0	0	0	0	-93	0	0	0	0	0	0	0	0	0	0	0	0	0	-90	0	0	0	0	0	0	0	0	0	0	0	0	0	0	0	0	0	0	0	0	0	0	0	0	0	0	0	0	0	0	0	0	0	0	0	0	0	0	0	0	0	0	0	0	-90	-90	-93	0	0	0	0	2474	-3009	4243	20833	-8461	-152	-25	993	96	0	0	-1	-27	975	92	1606974758
-64	0	0	-67	-69	0	0	0	-81	0	-81	-82	-82	0	-84	0	0	-95	-95	0	0	0	0	-93	0	0	-89	0	0	-79	0	0	0	-65	0	0	0	0	0	0	0	0	0	0	0	0	0	0	0	0	0	0	0	0	-93	-88	0	0	0	-77	-92	0	-92	0	0	0	0	0	0	-87	0	-92	0	0	0	0	0	0	0	0	0	0	0	0	0	0	0	0	0	0	0	0	0	0	0	0	0	0	0	0	0	0	0	0	0	0	0	0	0	0	0	0	0	0	0	0	0	0	0	0	0	0	0	0	0	0	0	0	0	0	-90	-90	-90	0	0	0	0	2474	-3009	4214	20832	-8458	-152	-26	993	95	-1	-1	-1	-26	975	92	1606974760
-62	-63	0	0	-70	-71	0	0	-80	0	-80	-80	-83	0	0	0	0	0	0	0	0	0	0	0	0	0	-89	0	0	-78	0	0	0	-65	0	0	0	0	-92	0	0	0	0	0	0	0	0	-77	0	0	0	0	0	0	-94	0	0	0	0	-76	-89	0	-93	0	0	0	0	0	0	-91	0	-91	0	0	0	0	0	0	0	0	0	0	0	0	0	0	0	0	0	0	0	0	0	0	0	0	0	0	0	0	0	0	0	0	0	0	0	0	0	0	0	0	0	0	0	0	0	0	0	0	0	0	0	0	0	0	0	0	0	0	0	0	-89	0	0	0	0	2474	-2994	4228	20833	-8459	-152	-26	992	94	0	0	-1	-26	975	92	1606974762
-59	-61	-57	0	-66	-71	0	0	-78	0	-80	-78	-83	0	0	0	0	-95	-92	0	0	0	0	0	0	0	-89	0	0	-78	0	0	0	-64	0	0	0	0	0	0	0	0	0	-73	0	0	0	0	0	0	0	0	0	0	-93	0	0	0	0	-77	-89	0	0	0	0	0	0	0	0	0	0	-92	0	0	0	0	0	0	0	0	0	0	0	0	0	0	0	0	0	0	0	0	0	0	0	0	0	0	0	0	0	0	0	0	0	0	0	0	0	0	0	0	0	0	0	0	0	0	0	0	0	0	0	0	0	0	0	0	0	0	-91	-91	-91	0	0	0	0	2429	-3009	4243	20834	-8465	-152	-27	994	94	0	0	0	-26	976	91	1606974763
0	0	0	0	0	-71	0	0	-82	-89	-81	-81	-83	0	0	0	0	-94	0	0	0	0	0	-94	0	0	-89	0	0	-78	0	0	0	-65	0	0	0	0	0	0	0	0	0	-74	0	0	0	0	0	0	0	0	0	0	-92	-88	0	0	0	-77	-89	0	-94	0	0	0	0	0	0	-87	0	-91	0	0	0	0	0	0	0	0	0	0	0	0	0	0	0	-94	0	0	0	0	0	0	0	0	0	0	0	0	0	0	0	0	0	0	0	0	0	0	0	0	0	0	0	0	0	0	0	0	0	0	0	0	0	0	0	0	0	0	0	-90	-91	0	0	0	0	2444	-2941	4198	20833	-8458	-152	-27	993	95	0	0	0	-26	975	92	1606974765
-64	-65	-57	-69	0	0	0	0	-82	0	-80	0	-79	0	0	0	0	-87	-87	-87	0	0	-87	-87	0	0	-90	0	0	-83	0	0	0	-59	0	0	0	0	0	0	0	0	0	-73	0	0	0	0	0	0	0	0	0	0	-94	0	0	0	0	-76	-91	0	-92	0	0	0	0	0	0	-86	0	-93	0	0	0	0	0	0	0	0	0	0	0	0	0	-91	0	0	0	0	0	0	0	0	0	0	0	0	0	0	0	0	0	0	0	0	0	0	0	0	0	0	0	0	0	0	0	0	0	0	0	0	0	0	0	0	0	0	0	0	-89	-89	-91	0	0	0	0	2519	-2934	4206	20833	-8461	-152	-27	992	93	0	-1	-1	-26	975	92	1606974767
0	-62	-57	0	-72	0	0	0	-79	0	-80	-79	-79	0	0	0	0	-87	-88	-88	0	0	-87	-87	0	0	0	0	0	0	0	0	0	-61	0	0	0	0	0	0	0	0	0	-73	0	0	0	-78	0	0	0	0	0	0	-92	-86	0	0	0	-77	-89	0	-92	0	0	0	0	0	0	0	0	-91	0	0	0	0	0	0	0	0	0	0	0	0	0	0	0	0	0	0	0	0	0	0	0	0	0	0	0	0	0	0	0	0	0	0	0	0	0	0	0	0	0	0	0	0	0	0	0	0	0	0	0	0	0	0	0	0	0	0	-91	-90	-89	0	0	0	0	2474	-2949	4169	20833	-8461	-153	-29	992	92	-1	-1	0	-27	975	92	1606974768
-64	-64	-58	-67	0	0	0	0	-79	0	-80	-79	-79	0	0	0	0	-88	-88	-88	0	0	-88	-88	0	0	-90	0	0	-83	0	0	0	-60	0	0	0	0	0	0	0	0	0	-74	0	0	0	0	0	0	0	0	0	0	-93	0	0	0	0	-77	-89	0	-92	0	0	0	0	0	0	0	0	-93	0	0	0	0	0	0	0	0	0	0	0	0	0	0	0	-92	0	0	0	0	0	0	0	0	0	0	0	0	0	0	0	0	0	0	0	0	0	0	0	0	0	0	0	0	0	0	0	0	0	0	0	0	0	0	0	0	0	0	-88	-89	-89	0	0	0	0	2474	-2964	4243	20833	-8462	-153	-28	992	95	0	0	-1	-27	975	91	1606974770
-61	-61	-57	-67	-72	-69	-81	-85	-79	0	-78	-79	-78	0	0	0	0	-86	-86	-87	0	0	-86	-87	0	0	-91	0	0	-83	0	0	0	-62	0	0	0	0	0	0	0	0	0	0	0	0	0	-78	0	0	0	0	0	0	-91	0	0	0	0	-77	-90	0	-91	0	0	0	0	0	0	-87	0	0	0	0	0	0	0	0	0	0	0	0	0	0	0	-91	0	0	0	0	0	0	0	0	0	0	0	0	0	0	0	0	0	0	0	0	0	0	0	0	0	0	0	0	0	0	0	0	0	0	0	0	0	0	0	0	0	0	0	0	-89	-90	-89	0	0	0	0	2414	-2994	4243	20833	-8459	-152	-27	993	93	0	0	-1	-26	975	92	1606974771
-60	-61	-58	-67	-68	0	0	-80	-77	0	-78	-78	-79	0	0	0	0	-87	-87	-87	0	0	-87	-87	0	0	-90	0	0	-83	0	0	0	-60	0	0	0	0	0	0	0	0	0	0	0	0	0	0	0	0	0	0	0	0	-94	0	0	0	0	-77	-87	0	0	0	0	0	0	0	0	0	0	-95	0	0	0	0	0	0	0	0	0	0	0	0	0	0	0	0	0	0	0	0	0	0	0	0	0	0	0	0	0	0	0	0	0	0	0	0	0	0	0	0	0	0	0	0	0	0	0	0	0	0	0	0	0	0	0	0	0	0	-89	-89	-89	0	0	0	0	2489	-2994	4169	20834	-8463	-151	-27	993	91	0	-1	0	-26	976	91	1606974773
0	-64	0	0	-69	-72	0	0	-82	0	-81	-81	-82	0	0	0	0	-96	0	0	0	0	0	0	0	0	-86	0	0	-79	0	0	0	-65	0	0	0	0	0	0	0	0	0	0	0	0	0	-79	0	0	0	0	0	0	-91	0	0	0	0	-76	-89	0	0	0	0	0	-89	0	0	-87	0	-91	0	0	0	0	0	0	0	0	0	0	0	0	0	0	0	0	0	0	0	0	0	0	0	0	0	0	0	0	0	0	0	0	0	0	0	0	0	0	0	0	0	0	0	0	0	0	0	0	0	0	0	0	0	0	0	0	0	0	0	-90	-92	0	-89	0	0	2444	-3009	4243	20834	-8463	-152	-27	993	93	-1	0	0	-26	976	91	1606974775
0	-64	-57	-68	0	-73	0	0	-82	0	-82	0	-84	0	0	0	0	0	-95	0	0	0	0	-94	0	0	-87	0	0	-79	0	0	0	-66	0	0	0	0	0	0	0	0	0	0	0	0	0	-78	0	0	0	0	0	0	-92	0	0	0	-76	-76	-88	0	-93	0	0	0	0	0	0	-87	0	-91	0	0	0	0	0	0	0	0	0	0	0	0	0	-93	0	0	0	0	0	0	0	0	0	0	0	0	0	0	0	0	0	0	0	0	0	0	0	0	0	0	0	0	0	0	0	0	0	0	0	0	0	0	0	0	0	0	0	0	-90	-91	0	0	0	0	0	2444	-3001	4221	20833	-8461	-153	-27	993	94	0	0	0	-27	975	92	1606974776
-57	-62	-57	0	-70	-70	0	0	-80	0	-81	-82	-82	0	0	0	0	-94	-95	0	0	0	0	0	0	0	0	0	0	-79	0	0	0	-65	-78	0	0	0	0	0	0	0	0	0	0	0	0	0	0	0	0	0	0	0	-93	0	0	0	0	-75	-88	0	-92	0	0	0	0	0	0	-86	0	-92	0	0	0	0	0	0	0	0	0	0	0	0	0	-92	0	0	0	0	0	0	0	0	0	0	0	0	0	0	0	0	0	0	0	0	0	0	0	0	0	0	0	0	0	0	0	0	0	0	0	0	0	0	0	0	0	0	0	0	-91	-90	-92	0	0	0	0	2444	-2994	4198	20834	-8463	-152	-27	992	94	0	-1	0	-26	976	91	1606974778
-64	-64	0	-68	-71	-68	-82	-80	-81	-89	-79	-79	-81	-82	0	0	0	-87	-88	-87	0	0	-87	-87	0	0	-89	0	0	-83	0	0	0	-59	0	0	0	0	0	0	0	0	0	0	0	0	0	0	0	0	0	0	0	0	-91	-89	0	0	0	-78	-90	0	-91	0	0	0	0	0	0	-87	0	-90	0	0	0	0	0	0	0	0	0	0	0	0	0	0	0	0	0	0	0	0	0	0	0	0	0	0	0	0	0	0	0	0	0	0	0	0	0	0	0	0	0	0	0	0	0	0	0	0	0	0	0	0	0	0	0	0	0	0	-89	-90	-91	0	0	0	0	2489	-2994	4228	20833	-8458	-151	-26	994	96	-1	-1	0	-26	975	92	1606974779
-61	-64	-56	-68	-70	0	0	0	-76	0	-77	-76	-77	-81	0	0	0	-87	-87	-88	0	0	-88	-88	0	0	-88	0	0	-82	0	0	0	-59	0	0	0	0	0	0	0	0	0	0	0	0	0	-78	0	-91	0	0	0	0	-91	0	0	0	0	-77	-89	0	0	0	0	0	0	0	0	-88	0	-91	0	0	0	0	0	0	0	0	0	0	0	0	0	-92	0	0	0	0	0	0	0	0	0	0	0	0	0	0	0	0	0	0	0	0	0	0	0	0	0	0	0	0	0	0	0	0	0	0	0	0	0	0	0	0	0	0	0	0	-88	-89	-92	0	0	0	0	2459	-3009	4228	20834	-8462	-151	-25	994	100	-1	-1	0	-26	975	92	1606974781
0	0	-58	-69	0	-71	-83	0	-83	0	-82	-81	-83	0	-87	0	0	-93	-94	-93	0	0	0	-93	0	0	-90	0	0	-79	0	0	0	-65	0	0	0	0	0	0	0	0	0	-73	0	0	0	-79	0	0	0	0	0	0	-91	-91	0	0	0	-76	-90	0	-93	0	0	0	0	0	0	-83	0	-91	0	0	0	0	0	0	0	0	0	0	0	0	0	0	0	0	0	0	0	0	0	0	0	0	0	0	0	0	0	0	0	0	0	0	0	0	0	0	0	0	0	0	0	0	0	0	0	0	0	0	0	0	0	0	0	0	0	0	-89	-91	-90	0	0	0	0	2474	-3009	4236	20833	-8459	-150	-28	992	94	-1	-1	0	-26	975	92	1606974783
0	-64	-57	0	-69	-72	0	0	-83	-88	-82	-82	-83	0	0	0	0	0	-95	0	0	0	0	-94	0	0	-82	0	0	-79	0	0	0	-65	-79	0	0	0	0	0	0	0	0	0	0	0	0	-79	0	0	0	0	0	0	-92	0	0	0	0	-77	-88	0	-92	0	0	0	0	0	0	0	0	-91	0	0	0	0	0	0	0	0	0	0	0	0	0	0	0	0	0	0	0	0	0	0	0	0	0	0	0	0	0	0	0	0	0	0	0	0	0	0	0	0	0	0	0	0	0	0	0	0	0	0	0	0	0	0	0	0	0	0	-91	-89	-90	0	0	0	0	2444	-3024	4228	20834	-8466	-153	-28	992	94	0	0	-1	-27	976	91	1606974784
0	0	-58	-67	0	0	0	-82	-81	0	-81	-81	-83	0	0	0	0	-93	-93	0	0	0	0	-94	0	0	-92	0	0	-78	0	0	0	-65	0	0	0	0	0	0	0	0	0	-74	0	0	0	-80	0	0	0	0	0	0	-91	-91	0	0	0	-77	-90	0	-94	0	0	0	0	0	0	0	0	-94	0	0	0	0	0	0	0	0	0	0	0	0	0	0	0	0	0	0	0	0	0	0	0	0	0	0	0	0	0	0	0	0	0	0	0	0	0	0	0	0	0	0	0	0	0	0	0	0	0	0	0	0	0	0	0	0	0	0	-91	-91	-90	0	0	0	0	2489	-2964	4251	20832	-8458	-153	-27	992	94	-1	0	0	-27	975	92	1606974786
-61	-61	0	-68	-69	0	0	0	-78	0	-79	-79	-78	0	0	0	0	-90	-88	-88	0	0	-89	-87	0	0	-87	0	0	-82	0	0	0	-59	0	0	0	0	0	0	0	0	0	-70	0	0	0	0	0	0	0	0	0	0	-91	-88	0	0	0	-77	-92	0	-92	0	0	0	0	0	0	-87	0	-92	0	0	0	0	0	0	0	0	0	0	0	0	0	0	0	0	0	0	0	0	0	0	0	0	0	0	0	0	0	0	0	0	0	0	0	0	0	0	0	0	0	0	0	0	0	0	0	0	0	0	0	0	0	0	0	0	0	0	-89	-90	-89	0	0	0	0	2474	-2963	4154	20833	-8461	-153	-27	993	91	0	0	-1	-27	975	92	1606974787
-64	0	-59	-68	0	-71	0	-84	-80	0	-83	-80	-83	-85	0	0	0	-94	-93	0	0	0	0	-94	0	0	-91	0	0	-79	0	0	0	-66	0	0	0	0	0	0	0	0	0	0	0	0	0	0	0	0	0	0	0	0	-91	0	0	0	0	-77	-89	0	-92	0	0	0	0	0	0	-86	0	0	0	0	0	0	0	0	0	0	0	0	0	0	0	0	0	0	0	0	0	0	0	0	0	0	0	0	0	0	0	0	0	0	0	0	0	0	0	0	0	0	0	0	0	0	0	0	0	0	0	0	0	0	0	0	0	0	0	0	-91	-90	-91	0	0	0	0	2444	-2964	4228	20834	-8464	-152	-28	994	91	0	-1	-1	-26	976	91	1606974789
-63	-63	-58	-66	0	-72	0	-84	-83	0	-82	-83	-83	0	0	0	0	-92	-94	0	0	0	0	-93	0	0	-88	0	0	-78	0	0	0	-65	0	0	0	0	-93	0	0	0	0	0	0	0	0	-79	0	0	0	0	0	0	-92	0	0	0	0	-76	-89	0	0	0	0	0	0	0	0	-86	0	-92	0	0	0	0	0	0	0	0	0	0	0	0	0	0	0	0	0	0	0	0	0	0	0	0	0	0	0	0	0	0	0	0	0	0	0	0	0	0	0	0	0	0	0	0	0	0	0	0	0	0	0	0	0	0	0	0	0	0	-91	-93	-92	0	0	0	0	2489	-2994	4243	20833	-8461	-152	-27	993	95	-1	-1	0	-26	975	92	1606974791
-63	-63	-57	-66	-69	-71	-81	-80	-81	-89	-82	-81	-83	-81	-84	0	0	-94	-94	0	0	0	0	-93	0	0	-89	0	0	-78	0	0	0	-64	0	0	0	0	-93	0	0	0	0	-72	0	0	0	-79	0	0	0	0	0	0	-93	-88	0	0	0	-77	-87	0	-90	0	0	0	0	0	0	0	0	-93	0	0	0	0	0	0	0	0	0	0	0	0	0	0	0	0	0	0	0	-93	0	0	0	0	0	0	0	0	0	0	0	0	0	0	0	0	0	0	0	0	0	0	0	0	0	0	0	0	0	0	0	0	0	0	0	0	0	0	-91	-89	-91	0	0	0	0	2444	-3024	4228	20833	-8460	-152	-27	993	94	-1	0	0	-26	975	92	1606974792
-61	-61	-60	-65	-70	0	-83	-83	-79	0	-78	-79	-80	-83	0	0	0	-89	-88	-88	0	0	-87	-87	0	0	-88	0	0	-83	0	0	0	-61	0	0	0	0	0	0	0	0	0	0	0	0	0	0	0	0	0	0	0	0	-92	0	0	0	0	-77	-91	0	-93	0	0	0	0	0	0	0	0	0	0	0	0	0	0	0	0	0	0	0	0	0	0	-92	0	0	0	0	0	0	0	0	0	0	0	0	0	0	0	0	0	0	0	0	0	0	0	0	0	0	0	0	0	0	0	0	0	0	0	0	0	0	0	0	0	0	0	0	-89	-88	-89	0	0	0	0	2429	-2933	4198	20833	-8463	-152	-27	993	96	0	-1	0	-26	976	91	1606974794
-63	-64	-60	-67	-71	-72	0	0	-83	0	-82	-83	-83	0	0	0	0	0	0	0	0	0	0	-94	0	0	-88	0	0	-79	0	0	0	-65	0	0	0	0	-91	0	0	0	0	-74	0	0	0	0	0	0	0	0	0	0	-94	0	0	0	0	-77	-88	0	-91	0	0	0	0	0	0	0	0	-92	0	0	0	0	0	0	0	0	0	0	0	0	0	0	0	0	0	0	0	0	0	0	0	0	0	0	0	0	0	0	0	0	0	0	0	0	0	0	0	0	0	0	0	0	0	0	0	0	0	0	0	0	0	0	0	0	0	0	-90	-90	-91	0	0	0	0	2429	-2994	4221	20834	-8463	-152	-25	993	93	0	0	0	-26	976	91	1606974795
-63	-61	0	-66	-71	-72	-83	-83	-83	0	-81	-81	-83	-84	0	0	0	-92	-92	0	0	0	0	-94	0	0	-88	0	0	-79	0	0	0	-66	0	0	0	0	0	0	0	0	0	-73	0	0	0	0	0	0	0	0	0	0	-92	-88	0	0	0	-76	-88	0	-91	0	0	0	0	0	0	-86	0	-91	0	0	0	0	0	0	0	0	0	0	0	0	0	0	0	0	0	0	0	0	0	0	0	0	0	0	0	0	0	0	0	0	0	0	0	0	0	0	0	0	0	0	0	0	0	0	0	0	0	0	0	0	0	0	0	0	0	0	-91	-90	-91	0	0	0	0	2452	-2994	4228	20833	-8457	-151	-26	993	92	-1	0	0	-26	975	92	1606974797
-62	-63	0	-66	-70	-71	0	-82	-77	-88	-76	-76	-78	-81	0	0	0	-86	-86	-87	0	0	-85	-86	0	0	0	0	0	-82	0	0	0	-60	0	0	0	0	0	0	0	0	0	0	0	0	0	-79	0	0	0	0	0	0	-92	0	0	0	0	-76	-91	0	-92	0	0	0	0	0	0	-82	0	-92	0	0	0	0	0	0	0	0	0	0	0	0	0	0	0	0	0	0	0	0	0	0	0	0	0	0	0	0	0	0	0	0	0	0	0	0	0	0	0	0	0	0	0	0	0	0	0	0	0	0	0	0	0	0	0	0	0	0	-90	-89	-92	0	0	0	0	2519	-2994	4259	20834	-8465	-152	-28	993	94	0	0	0	-26	976	91	1606974799
-61	0	-58	-68	0	0	-84	-84	-82	0	-82	-82	-79	-83	0	0	0	-87	-88	-87	0	0	-88	-87	0	0	-91	0	0	-83	0	0	0	-60	0	0	0	0	0	0	0	0	0	0	0	0	0	0	0	0	0	0	0	0	-92	0	0	0	0	-77	-91	0	-91	0	0	0	0	0	0	-85	0	-92	0	0	0	0	0	0	0	0	0	0	0	0	0	-90	0	0	0	0	0	0	0	0	0	0	0	0	0	0	0	0	0	0	0	0	0	0	0	0	0	0	0	0	0	0	0	0	0	0	0	0	0	0	0	0	0	0	0	0	-89	-89	-91	0	0	0	0	2474	-3047	4288	20832	-8459	-152	-27	992	94	0	-1	0	-26	975	92	1606974800
-64	-63	-57	-68	0	-68	-84	0	-79	0	-78	-78	-80	-83	0	0	0	-86	-86	-87	0	0	-87	-86	0	0	-86	0	0	-83	0	0	0	-60	0	0	0	0	0	0	0	0	0	0	0	0	0	0	0	0	0	0	-89	0	-92	0	0	0	0	-77	-91	0	0	0	0	0	0	0	0	-87	0	-91	0	0	0	0	0	0	0	0	0	0	0	0	0	0	0	-92	0	0	0	0	0	0	0	0	0	0	0	0	0	0	0	0	0	0	0	0	0	0	0	0	0	0	0	0	0	0	0	0	0	0	0	0	0	0	0	0	0	0	-91	-89	0	0	0	0	0	2474	-2994	4214	20833	-8460	-152	-27	993	95	0	0	-1	-26	975	92	1606974802
-62	-61	-57	0	-71	-71	0	0	-82	0	-82	-82	-84	0	0	0	0	-95	0	0	0	0	0	0	0	-86	0	0	0	-78	0	0	0	-66	0	0	0	0	-93	0	0	0	0	0	0	0	0	0	0	0	0	0	0	0	-92	0	0	0	0	-76	-89	0	-92	0	0	0	0	0	0	-85	0	0	0	0	0	0	0	0	0	0	0	0	0	0	0	0	0	0	0	0	0	0	0	0	0	0	0	0	0	0	0	0	0	0	0	0	0	0	0	0	0	0	0	0	0	0	0	0	0	0	0	0	0	0	0	0	0	0	0	0	-91	-90	-91	0	0	0	0	2474	-3009	4214	20832	-8453	-152	-28	993	99	-1	0	0	-26	975	93	1606974804
-61	-62	-58	-68	0	-73	-82	0	-81	-88	-81	-81	-85	0	0	0	0	0	0	0	0	0	0	0	0	0	-84	0	0	-84	0	0	0	-65	0	0	0	0	-94	0	0	0	0	0	0	0	0	0	0	0	0	0	0	0	-92	-87	0	0	0	-76	-89	0	-93	0	0	0	0	0	0	0	0	-92	0	0	0	0	0	0	0	0	0	0	0	0	0	0	0	0	0	0	0	0	0	0	0	0	0	0	0	0	0	0	0	0	0	0	0	0	0	0	0	0	0	0	0	0	0	0	0	0	0	0	0	0	0	0	0	0	0	0	-91	-90	-90	0	0	0	0	2474	-3039	4229	20832	-8456	-151	-29	993	86	-1	-1	0	-26	975	92	1606974805
-62	-64	-57	-69	0	-71	-85	0	-81	0	-81	-81	-85	0	0	0	0	-93	-93	0	0	0	0	-93	0	0	-89	0	0	-78	0	0	0	-65	0	0	0	0	0	0	0	0	0	0	0	0	0	-78	0	0	0	0	0	0	-92	0	0	0	0	-76	0	0	-92	0	0	0	0	0	0	0	0	-91	0	0	0	0	0	0	0	0	0	0	0	0	0	0	0	0	0	0	0	0	0	0	0	0	0	0	0	0	0	0	0	0	0	0	0	0	0	0	0	0	0	0	0	0	0	0	0	0	0	0	0	0	0	0	0	0	0	0	-92	-91	-91	0	0	0	0	2535	-2995	4318	20832	-8459	-153	-27	993	95	0	0	-1	-27	975	92	1606974807
-59	-62	0	-67	-69	0	-87	-85	-80	0	-79	-81	-78	0	0	0	0	-86	-87	-86	0	0	-86	-87	0	0	-89	0	0	-83	0	0	0	-61	0	0	0	0	0	0	0	0	0	0	0	0	0	-79	0	0	0	0	0	0	-93	0	0	0	0	-78	-90	0	-91	0	0	0	0	0	0	-83	0	-92	0	0	0	0	0	0	0	0	0	0	0	0	0	0	0	0	0	0	0	0	0	0	0	0	0	0	0	0	0	0	0	0	0	0	0	0	0	0	0	0	0	0	0	0	0	0	0	0	0	0	0	0	0	0	0	0	0	0	-88	-90	-89	0	0	0	0	2429	-2994	4213	20834	-8464	-152	-26	993	91	-1	0	-1	-26	976	91	1606974808
-63	-61	0	-67	-70	0	0	0	-82	0	-82	-82	-83	0	-83	0	0	-94	-94	0	0	0	0	-94	0	0	-90	0	0	-84	0	0	0	-66	0	0	0	0	0	0	0	0	0	-73	0	0	0	-79	0	0	0	0	0	0	-93	-87	0	0	0	-77	-90	0	-91	0	0	0	0	0	0	-83	0	-93	0	0	0	0	0	0	0	0	0	0	0	0	0	0	0	-91	0	0	0	0	0	0	0	0	0	0	0	0	0	0	0	0	0	0	0	0	0	0	0	0	0	0	0	0	0	0	0	0	0	0	0	0	0	0	0	0	0	0	-91	-91	-91	0	0	0	0	2489	-2964	4221	20833	-8460	-152	-30	991	87	0	-1	0	-26	975	92	1606974810
0	0	-58	-68	0	0	0	0	-80	0	-80	-81	-83	0	-88	0	0	-94	-95	0	0	0	0	0	0	0	-91	0	0	-79	0	0	0	-65	0	0	0	0	0	0	0	0	0	0	0	0	0	0	0	0	0	0	0	0	-91	0	0	0	0	-76	-90	0	-91	0	0	0	0	0	0	-87	0	-94	0	0	0	0	0	0	0	0	0	0	0	0	0	0	0	-90	0	0	0	0	0	0	0	0	0	0	0	0	0	0	0	0	0	0	0	0	0	0	0	0	0	0	0	0	0	0	0	0	0	0	0	0	0	0	0	0	0	0	-90	-90	-90	0	0	0	0	2399	-3008	4213	20833	-8460	-151	-24	994	91	0	0	0	-26	975	92	1606974811
-61	-62	-57	-67	-69	-68	0	-80	-79	0	-79	-78	-80	0	0	0	0	-88	-88	-88	0	0	-88	-88	0	0	-88	0	0	-83	0	0	0	-61	0	0	0	0	0	0	0	0	0	0	0	0	0	-81	0	0	0	0	0	0	-92	0	0	0	0	-78	-89	0	-92	0	0	0	0	0	0	0	0	-93	0	0	0	0	0	0	0	0	0	0	0	0	0	0	0	0	0	0	0	0	0	0	0	0	0	0	0	0	0	0	0	0	0	0	0	0	0	0	0	0	0	0	0	0	0	0	0	0	0	0	0	0	0	0	0	0	0	0	-89	-89	-89	0	0	0	0	2489	-2964	4213	20833	-8460	-153	-28	993	92	0	0	-1	-27	975	92	1606974813
-61	-62	-58	0	-70	-72	0	-85	-82	0	-81	-80	-84	-88	0	0	0	-93	-94	0	0	0	0	0	0	0	-87	0	0	-79	0	0	0	-65	0	0	0	0	0	0	0	0	0	0	0	0	0	0	0	0	0	0	0	0	0	0	0	0	0	-77	-90	0	-92	0	0	0	0	0	0	-86	0	-92	0	0	0	0	0	0	0	0	0	0	0	0	0	0	0	0	0	0	0	0	0	0	0	0	0	0	0	0	0	0	0	0	0	0	0	0	0	0	0	0	0	0	0	0	0	0	0	0	0	0	0	0	0	0	0	0	0	0	-91	-90	-92	0	0	0	0	2489	-2994	4184	20833	-8463	-153	-27	993	93	0	0	-1	-27	976	91	1606974814
-64	-62	-58	-67	-71	-73	0	-84	-81	0	-80	-81	-83	0	-85	0	0	-92	-92	0	0	0	0	-93	0	0	-88	0	0	-84	0	0	0	-66	0	0	0	0	-93	0	0	0	0	-73	0	0	0	-79	0	0	0	0	0	0	-92	-88	0	0	0	-77	-88	0	-91	0	0	0	0	0	0	-87	0	-91	0	0	0	0	0	0	0	0	0	0	0	0	0	0	0	0	0	0	0	0	0	0	0	0	0	0	0	0	0	0	0	0	0	0	0	0	0	0	0	0	0	0	0	0	0	0	0	0	0	0	0	0	0	0	0	0	0	0	-91	-90	-90	0	0	0	0	2512	-2979	4199	20833	-8463	-153	-27	993	92	0	0	-1	-27	976	91	1606974816
-61	-62	-58	0	-73	-72	0	0	-81	0	-81	-81	-83	0	0	0	0	-94	0	0	0	0	0	-94	0	0	0	0	0	-78	0	0	0	-64	0	0	0	0	-92	0	0	0	0	-74	0	0	0	0	0	0	0	0	0	0	-91	0	0	0	0	-76	-87	0	0	0	0	0	0	0	0	0	0	-92	0	0	0	0	0	0	0	0	0	0	0	0	0	0	0	0	0	0	0	0	0	0	0	0	0	0	0	0	0	0	0	0	0	0	0	0	0	0	0	0	0	0	0	0	0	0	0	0	0	0	0	0	0	0	0	0	0	0	-91	-91	-90	0	0	0	0	2429	-2979	4228	20833	-8462	-153	-28	993	93	0	0	-1	-27	975	91	1606974818
-60	-63	-58	-66	-71	0	0	0	-81	0	-81	-81	-83	0	0	0	0	-95	0	0	0	0	0	0	0	0	-87	0	0	-79	0	0	0	-66	0	0	0	0	-94	0	0	0	0	0	0	0	0	0	0	0	0	0	0	0	-91	0	0	0	0	-76	-88	0	-92	0	0	0	0	0	0	0	0	-93	0	0	0	0	0	0	0	0	0	0	0	0	0	0	0	0	0	0	0	0	0	0	0	0	0	0	0	0	0	0	0	0	0	0	0	0	0	0	0	0	0	0	0	0	0	0	0	0	0	0	0	0	0	0	0	0	0	0	-90	-90	-91	0	0	0	0	2519	-2979	4214	20833	-8463	-153	-24	994	92	-1	-1	0	-27	976	91	1606974819
-62	-64	-58	-66	-70	0	-82	-82	-80	0	-79	-80	-84	-81	0	0	0	-96	-96	0	0	0	0	-95	0	0	0	0	0	-78	0	0	0	-66	0	0	0	0	0	0	0	0	0	0	0	0	0	0	0	0	0	0	0	0	-93	0	0	0	0	-76	-87	0	-93	0	0	0	0	0	0	-87	0	-93	0	0	0	0	0	0	0	0	0	0	0	0	0	-92	0	0	0	0	0	0	0	0	0	0	0	0	0	0	0	0	0	0	0	0	0	0	0	0	0	0	0	0	0	0	0	0	0	0	0	0	0	0	0	0	0	0	0	0	-90	-90	-90	0	0	0	0	2489	-2994	4214	20833	-8462	-152	-28	993	96	0	0	-1	-26	975	92	1606974821
-63	-66	-57	-67	0	-70	-83	0	-76	0	-76	-77	-78	-83	0	0	0	-89	-88	-88	0	0	-88	-89	0	0	-89	0	0	-83	0	0	0	-60	0	0	0	0	0	0	0	0	0	0	0	0	0	-79	0	0	0	0	0	0	0	0	0	0	-79	0	0	0	-91	0	0	0	0	0	0	-87	0	-91	0	0	0	0	0	0	0	0	0	0	0	0	0	0	0	0	0	0	0	0	0	0	0	0	0	0	0	0	0	0	0	0	0	0	0	0	0	0	0	0	0	0	0	0	0	0	0	0	0	0	0	0	0	0	0	0	0	0	-91	-89	-90	0	0	0	0	2444	-2994	4228	20834	-8462	-151	-27	993	93	-1	-1	0	-26	976	91	1606974822
0	-63	-57	-68	0	0	-83	0	-81	0	-80	-81	-81	0	0	0	0	-94	-94	0	0	0	0	-93	0	0	-89	0	0	-79	0	0	0	-64	0	0	0	0	-93	0	0	0	0	0	0	0	0	-78	0	0	0	0	0	0	-93	-84	0	0	0	-75	-87	0	-93	0	0	0	0	0	0	-83	0	0	0	0	0	0	0	0	0	0	0	0	0	0	0	-89	0	0	0	0	0	0	0	0	0	0	0	0	0	0	0	0	0	0	0	0	0	0	0	0	0	0	0	0	0	0	0	0	0	0	0	0	0	0	0	0	0	0	0	0	-92	-91	0	0	0	0	0	2444	-3016	4243	20834	-8464	-153	-25	993	96	-1	0	-1	-27	976	91	1606974824
0	0	-57	-69	0	-71	0	0	-80	0	-81	-81	-85	0	0	0	0	-92	0	0	0	0	0	0	0	0	-88	-85	-84	-78	-84	-85	-86	-63	0	0	0	0	-92	0	0	0	0	-73	0	0	0	0	0	0	0	0	0	0	-92	0	0	0	0	-77	-89	0	-91	0	0	0	0	0	0	-83	0	-93	0	0	0	0	0	0	0	0	0	0	0	0	0	-92	0	0	0	0	0	0	0	0	0	0	0	0	0	0	0	0	0	0	0	0	0	0	0	0	0	0	0	0	0	0	0	0	0	0	0	0	0	0	0	0	0	0	0	0	-91	-90	-93	0	0	0	0	2436	-3009	4213	20834	-8464	-152	-27	992	96	-1	-1	0	-26	976	91	1606974826
0	-61	0	-69	0	-69	-84	-84	-80	-87	-80	-81	-77	-84	0	0	0	-87	-87	-88	0	0	-87	-87	0	0	-90	0	0	-83	0	0	0	-62	0	0	0	0	0	0	0	0	0	0	0	0	0	-78	0	0	0	0	0	0	-92	0	0	0	0	-77	-90	0	-92	0	0	0	0	0	0	-85	0	0	0	0	0	0	0	0	0	0	0	0	0	0	0	0	0	0	0	0	0	0	0	0	0	0	0	0	0	0	0	0	0	0	0	0	0	0	0	0	0	0	0	0	0	0	0	0	0	0	0	0	0	0	0	0	0	0	0	0	-89	-89	-91	0	0	0	0	2444	-2941	4228	20833	-8458	-152	-27	993	92	-1	-1	0	-26	975	92	1606974827
0	-62	-58	-68	0	-70	0	-82	-82	0	-81	-82	-83	-82	0	0	0	-92	-93	-94	0	0	-91	-91	0	0	-89	0	0	-79	0	0	0	-64	0	0	0	0	-94	0	0	0	0	0	0	0	0	-80	0	0	0	0	0	0	-92	0	0	0	0	-76	-90	0	-92	0	0	0	0	0	0	0	0	-92	0	0	0	0	0	0	0	0	0	0	0	0	0	0	0	0	0	0	0	0	0	0	0	0	0	0	0	0	0	0	0	0	0	0	0	0	0	0	0	0	0	0	0	0	0	0	0	0	0	0	0	0	0	0	0	0	0	0	-90	-92	-92	0	0	0	0	2429	-3009	4228	20833	-8463	-152	-26	993	93	0	-1	0	-26	976	91	1606974829
0	0	-58	-68	0	0	-83	-82	-81	0	-81	-80	-89	-82	0	0	0	0	-94	0	0	0	0	-93	0	0	-92	0	0	-79	0	0	0	-65	0	0	0	0	0	0	0	0	0	-73	0	0	0	0	0	0	0	0	0	0	-91	0	0	0	0	-76	-90	0	-92	0	0	0	0	0	0	-86	0	0	0	0	0	0	0	0	0	0	0	0	0	0	0	-92	0	0	0	0	0	0	0	0	0	0	0	0	0	0	0	0	0	0	0	0	0	0	0	0	0	0	0	0	0	0	0	0	0	0	0	0	0	0	0	0	0	0	0	0	0	0	0	0	0	0	0	2437	-3009	4258	20833	-8457	-150	-26	993	95	-1	-1	0	-26	975	92	1606974830
0	0	-58	-66	0	0	-83	-84	-80	0	-81	-80	-78	-83	0	0	0	-88	-88	-87	0	0	-88	-87	0	0	-91	0	0	-83	0	0	0	-59	0	0	0	0	0	0	0	0	0	-72	0	0	0	0	0	0	0	0	0	0	-92	-89	0	0	0	-77	-90	0	-91	0	0	0	0	0	0	0	0	-93	0	0	0	0	0	0	0	0	0	0	0	0	0	0	0	0	0	0	0	0	0	0	0	0	0	0	0	0	0	0	0	0	0	0	0	0	0	0	0	0	0	0	0	0	0	0	0	0	0	0	0	0	0	0	0	0	0	0	-90	-90	-91	0	0	0	0	2519	-2949	4228	20833	-8458	-150	-29	992	85	0	0	-1	-26	975	92	1606974832
0	-64	0	-66	0	0	-82	-82	-82	0	-82	-81	-84	-82	-85	0	0	0	-92	0	0	0	0	-94	0	0	-85	0	0	-84	0	0	0	-64	0	0	0	0	0	0	0	0	0	-75	0	0	0	0	0	0	0	0	0	0	-93	-89	0	0	0	-76	-89	0	-94	0	0	0	0	0	0	-86	0	-93	0	0	0	0	0	0	0	0	0	0	0	0	0	0	0	0	0	0	0	0	0	0	0	0	0	0	0	0	0	0	0	0	0	0	0	0	0	0	0	0	0	0	0	0	0	0	0	0	0	0	0	0	0	0	0	0	0	0	-90	-91	0	0	0	0	0	2444	-3009	4258	20834	-8462	-151	-27	993	93	0	0	-1	-26	975	92	1606974834
0	-63	-58	-69	0	0	0	-82	-82	0	-83	-83	-85	0	0	0	0	0	0	0	0	0	0	0	0	0	-91	0	0	-83	0	0	0	-63	0	0	0	0	0	0	0	0	0	-73	0	0	0	-79	0	0	0	0	0	0	-91	0	0	0	0	-76	-87	0	-91	0	0	0	0	0	0	-87	0	-93	0	0	0	0	0	0	0	0	0	0	0	0	0	0	0	0	0	0	0	0	0	0	0	0	0	0	0	0	0	0	0	0	0	0	0	0	0	0	0	0	0	0	0	0	0	0	0	0	0	0	0	0	0	0	0	0	0	0	-93	-91	-90	0	0	0	0	2549	-3009	4229	20834	-8460	-150	-25	994	93	-1	-1	-1	-26	975	92	1606974835
-59	-63	-58	-67	0	0	0	0	-82	0	-83	-83	-84	0	0	0	0	-94	0	0	0	0	0	-92	0	0	-90	0	0	-83	0	0	0	-65	0	0	0	0	-92	0	0	0	0	0	0	0	0	0	0	0	0	0	0	0	0	0	0	0	0	-75	-90	0	-92	0	0	0	0	0	0	-87	0	-92	0	0	0	0	0	0	0	0	0	0	0	0	0	0	0	0	0	0	0	0	0	0	0	0	0	0	0	0	0	0	0	0	0	0	0	0	0	0	0	0	0	0	0	0	0	0	0	0	0	0	0	0	0	0	0	0	0	0	-91	-89	-90	0	0	0	0	2444	-3009	4213	20834	-8461	-151	-27	993	87	0	0	0	-26	975	92	1606974837
0	0	-58	-68	0	-74	0	0	-83	0	-82	-82	-84	0	0	0	0	-92	-92	-92	0	0	-91	-93	0	0	-89	0	0	-79	0	0	0	-65	0	0	0	0	0	0	0	0	0	0	0	0	0	0	0	0	0	0	0	0	-90	0	0	0	0	-76	-90	0	-91	0	0	0	0	0	0	0	0	-91	0	0	0	0	0	0	0	0	0	0	0	0	0	0	0	0	0	0	0	0	0	0	0	0	0	0	0	0	0	0	0	0	0	0	0	0	0	0	0	0	0	0	0	0	0	0	0	0	0	0	0	0	0	0	0	0	0	0	-91	-91	-91	0	0	0	0	2459	-2994	4228	20835	-8464	-150	-32	991	96	0	-1	0	-26	976	91	1606974838
0	0	-58	-67	0	-71	0	-83	-81	0	-82	-83	-83	0	0	0	0	0	0	0	0	0	0	0	0	0	0	0	0	-78	0	0	0	-66	0	0	0	0	0	0	0	0	0	-73	0	0	0	0	0	0	0	0	0	0	-93	-88	0	0	0	-77	-89	0	-91	0	0	0	0	0	0	-87	0	-92	0	0	0	0	0	0	0	0	0	0	0	0	0	-92	0	0	0	0	0	0	0	0	0	0	0	0	0	0	0	0	0	0	0	0	0	0	0	0	0	0	0	0	0	0	0	0	0	0	0	0	0	0	0	0	0	0	0	0	-91	-91	-91	0	0	0	0	2474	-3009	4206	20833	-8459	-151	-28	992	90	-1	0	0	-26	975	92	1606974840
0	-63	-58	0	-69	-70	0	0	-83	0	-82	-83	-83	0	0	0	0	-94	-93	0	0	0	0	-93	0	0	-89	0	0	-79	0	0	0	-64	0	0	0	0	0	0	0	0	0	-73	0	0	0	-78	0	0	0	0	0	0	-92	0	0	0	0	-77	-89	0	-93	0	0	0	0	0	0	0	0	-92	0	0	0	0	0	0	0	0	0	0	0	0	0	0	0	0	0	0	0	0	0	0	0	0	0	0	0	0	0	0	0	0	0	0	0	0	0	0	0	0	0	0	0	0	0	0	0	0	0	0	0	0	0	0	0	0	0	0	-91	-89	-89	0	-90	0	0	2444	-2964	4228	20833	-8461	-152	-26	993	94	0	0	-1	-27	975	92	1606974842
0	-63	0	-67	0	-69	-84	-82	-80	0	-79	-81	-78	0	0	0	0	-87	-87	-87	0	0	-88	-88	0	0	-87	0	0	-83	0	0	0	-58	0	0	0	0	0	0	0	0	0	0	0	0	0	-79	0	-92	0	0	0	0	-91	0	0	0	0	-77	-90	0	-93	0	0	0	0	0	0	-88	0	0	0	0	0	0	0	0	0	0	0	0	0	0	0	0	0	0	0	0	0	0	0	0	0	0	0	0	0	0	0	0	0	0	0	0	0	0	0	0	0	0	0	0	0	0	0	0	0	0	0	0	0	0	0	0	0	0	0	0	-88	-90	-91	0	0	0	0	2444	-2964	4228	20834	-8464	-152	-27	993	91	0	-1	-1	-26	976	91	1606974843
0	0	-58	-69	0	-73	0	-83	-81	0	-81	-81	-85	0	0	0	0	-92	-93	0	0	0	0	-92	0	0	-91	0	0	-78	0	0	0	-64	0	0	0	0	0	0	0	0	0	-74	0	0	0	-79	0	0	0	0	0	0	-92	-89	0	0	-77	-77	0	0	-92	0	0	0	0	0	0	-87	0	-93	0	0	0	0	0	0	0	0	0	0	0	0	0	-91	0	0	0	0	0	0	0	0	0	0	0	0	0	0	0	0	0	0	0	0	0	0	0	0	0	0	0	0	0	0	0	0	0	0	0	0	0	0	0	0	0	0	0	0	-92	-90	-90	0	0	0	0	2489	-2994	4169	20833	-8460	-152	-27	992	93	-1	0	0	-26	975	92	1606974845
0	-62	-59	-68	0	-72	-85	0	-81	-88	-80	-80	-84	0	0	0	0	-94	-93	0	0	0	0	-93	0	0	-90	0	0	-79	0	0	0	-64	0	0	0	0	0	0	0	0	0	-75	0	0	0	0	0	0	0	0	0	0	-90	-87	0	0	0	-76	-90	0	-90	0	0	0	0	0	0	0	0	-90	0	0	0	0	0	0	0	0	0	0	0	0	0	0	0	0	0	0	0	0	0	0	0	0	0	0	0	0	0	0	0	0	0	0	0	0	0	0	0	0	0	0	0	0	0	0	0	0	0	0	0	0	0	0	0	0	0	0	-91	-92	-90	0	0	0	0	2519	-3009	4169	20834	-8464	-152	-27	992	92	0	-1	-1	-27	976	91	1606974846
0	-62	-57	0	-70	0	0	0	-82	0	-80	-82	-84	0	0	0	0	-96	-93	0	0	0	0	-94	0	0	-89	0	0	-79	0	0	0	-64	0	0	0	0	-94	0	0	0	0	-74	0	0	0	0	0	0	0	0	0	0	-90	0	0	0	0	-77	-89	0	-91	0	0	0	0	0	0	-87	0	-92	0	0	0	0	0	0	0	0	0	0	0	0	0	0	0	-92	0	0	0	0	0	0	0	0	0	0	0	0	0	0	0	0	0	0	0	0	0	0	0	0	0	0	0	0	0	0	0	0	0	0	0	0	0	0	0	0	0	0	-91	-91	-91	0	-86	0	0	2414	-3009	4243	20833	-8463	-153	-27	993	91	-1	-1	0	-27	976	91	1606974848
0	-62	-57	-68	0	0	0	0	-78	0	-78	-79	-79	-82	0	0	0	-88	-87	-87	0	0	-87	-87	0	0	-86	0	0	-83	0	0	0	-61	-80	0	0	0	-92	0	0	0	0	0	0	0	0	0	0	0	0	0	0	0	-92	0	0	0	0	-77	-90	0	-91	0	0	0	0	0	0	-87	0	-91	0	0	0	0	0	0	0	0	0	0	0	0	0	0	0	0	0	0	0	0	0	0	0	0	0	0	0	0	0	0	0	0	0	0	0	0	0	0	0	0	0	0	0	0	0	0	0	0	0	0	0	0	0	0	0	0	0	0	-90	-90	-89	0	0	0	0	2444	-3009	4221	20833	-8460	-152	-26	993	93	-1	-1	-1	-26	975	92	1606974850
0	-62	-57	0	0	-71	0	0	-81	0	-80	-80	-84	0	0	0	0	0	0	0	0	0	0	-94	0	0	0	0	0	-79	0	0	0	-64	0	0	0	0	-90	0	0	0	0	-73	0	0	0	-79	0	0	0	0	0	0	-90	0	0	0	0	-76	-88	0	-91	0	0	0	0	0	0	0	0	-91	0	0	0	0	0	0	0	0	0	0	0	0	0	0	0	-92	0	0	0	0	0	0	0	0	0	0	0	0	0	0	0	0	0	0	0	0	0	0	0	0	0	0	0	0	0	0	0	0	0	0	0	0	0	0	0	0	0	0	-90	-91	-92	0	0	0	0	2429	-3009	4213	20833	-8461	-153	-26	992	92	-1	-1	0	-27	975	92	1606974851
-61	-64	-58	-67	-70	-71	0	0	-82	0	-82	-81	-83	0	0	0	0	-95	-94	0	0	0	0	-95	0	0	-87	0	0	-78	0	0	0	-64	0	0	0	0	-93	0	0	0	0	-73	0	0	0	0	0	0	0	0	0	0	0	-90	0	0	0	-76	-88	0	-91	0	0	0	0	0	0	-88	0	-90	0	0	0	0	0	0	0	0	0	0	0	0	0	0	0	0	0	0	0	0	0	0	0	0	0	0	0	0	0	0	0	0	0	0	0	0	0	0	0	0	0	0	0	0	0	0	0	0	0	0	0	0	0	0	0	0	0	0	-91	-91	-90	0	0	0	0	2444	-3024	4228	20832	-8460	-154	-27	993	93	-1	-1	-1	-27	975	92	1606974853
0	-64	-58	-67	0	0	-82	0	-78	0	-78	-76	-79	-83	0	0	0	-90	-88	-88	0	0	-88	-87	0	0	-91	0	0	-83	0	0	0	-59	0	0	0	0	0	0	0	0	0	0	0	0	0	0	0	0	0	0	0	0	-90	0	0	0	0	-77	-90	0	-91	0	0	0	0	0	0	-85	0	-93	0	0	0	0	0	0	0	0	0	0	0	0	0	0	0	0	0	0	0	0	0	0	0	0	0	0	0	0	0	0	0	0	0	0	0	0	0	0	0	0	0	0	0	0	0	0	0	0	0	0	0	0	0	0	0	0	0	0	-90	-88	-90	0	0	0	0	2504	-2994	4214	20833	-8464	-152	-27	993	92	-1	0	-1	-27	976	91	1606974854
0	-62	-57	-67	-69	-67	0	0	-76	-88	-75	-77	-79	0	0	0	0	-87	-88	-87	0	0	-88	-87	0	0	0	0	0	-82	0	0	0	-60	0	0	0	0	0	0	0	0	0	-74	0	0	0	-77	0	0	0	0	0	0	-92	-88	0	0	0	-78	-90	0	-92	0	0	0	0	0	0	-87	0	-93	0	0	0	0	0	0	0	0	0	0	0	0	0	0	0	0	0	0	0	0	0	0	0	0	0	0	0	0	0	0	0	0	0	0	0	0	0	0	0	0	0	0	0	0	0	0	0	0	0	0	0	0	0	0	0	0	0	0	-89	-89	-90	0	0	0	0	2444	-3009	4228	20832	-8461	-153	-26	993	92	-1	-1	0	-27	975	92	1606974856
-62	-63	-56	0	-69	-68	0	0	-79	0	-80	-81	-78	0	0	0	0	-89	-90	-89	0	0	-89	-90	0	0	-90	0	0	-84	0	0	0	-60	-79	0	0	0	0	0	0	0	0	0	0	0	0	-77	0	0	0	0	0	0	-92	-89	0	0	0	-77	-89	0	-92	0	0	0	0	0	0	-84	0	0	0	0	0	0	0	0	0	0	0	0	0	0	0	-91	0	0	0	0	0	0	0	0	0	0	0	0	0	0	0	0	0	0	0	0	0	0	0	0	0	0	0	0	0	0	0	0	0	0	0	0	0	0	0	0	0	0	0	0	-89	-91	-89	0	0	0	0	2429	-3024	4228	20834	-8465	-153	-26	993	94	0	0	0	-27	976	91	1606974857
0	-63	-56	0	0	0	-84	0	-80	0	-79	-80	-85	0	0	0	0	-94	-92	0	0	0	0	-94	0	0	-88	0	0	-79	0	0	0	-65	0	0	0	0	0	0	0	0	0	-73	0	0	0	-77	0	0	0	0	0	0	0	0	0	0	0	-76	-89	0	0	0	0	0	0	0	0	0	0	-94	0	0	0	0	0	0	0	0	0	0	0	0	0	0	0	-92	0	0	0	0	0	0	0	0	0	0	0	0	0	0	0	0	0	0	0	0	0	0	0	0	0	0	0	0	0	0	0	0	0	0	0	0	0	0	0	0	0	0	-91	-91	-92	0	0	0	0	2489	-2994	4236	20834	-8466	-153	-26	993	95	0	-1	0	-27	976	91	1606974859
-62	-62	-57	-69	-71	0	-85	0	-83	0	-83	-84	-76	-84	0	0	0	-88	-87	-88	0	0	-88	-87	0	0	-86	0	0	-83	0	0	0	-61	0	0	0	0	0	0	0	0	0	-73	0	0	0	0	0	0	0	0	0	0	-90	-85	0	0	0	-77	-91	0	-91	0	0	0	0	0	0	-87	0	-92	0	0	0	0	0	0	0	0	0	0	0	0	0	0	0	-93	0	0	0	0	0	0	0	0	0	0	0	0	0	0	0	0	0	0	0	0	0	0	0	0	0	0	0	0	0	0	0	0	0	0	0	0	0	0	0	0	0	0	-89	-91	-91	0	-89	0	0	2489	-3024	4199	20834	-8466	-153	-29	993	89	0	0	0	-27	976	91	1606974861
0	-63	-58	-68	-70	0	0	0	-84	0	-84	-82	-80	0	0	0	0	-86	-87	-87	0	0	-87	-88	0	0	-89	0	0	-83	0	0	0	-60	0	0	0	0	0	0	0	0	0	0	0	0	0	-78	0	0	0	0	0	0	-93	0	0	0	0	-77	-90	0	-92	0	0	0	0	0	0	0	0	-91	0	0	0	0	0	0	0	0	0	0	0	0	0	0	0	0	0	0	0	0	0	0	0	0	0	0	0	0	0	0	0	0	0	0	0	0	0	0	0	0	0	0	0	0	0	0	0	0	0	0	0	0	0	0	0	0	0	0	-89	-89	-90	0	0	0	0	2429	-3009	4228	20833	-8464	-153	-28	992	94	-1	-1	0	-27	976	91	1606974862
0	-61	-58	-67	0	0	0	0	-84	0	-85	-82	-86	0	0	0	0	0	-92	0	0	0	0	-93	0	0	-90	0	0	-79	0	0	0	-65	0	0	0	0	0	0	0	0	0	0	0	0	0	0	0	0	0	0	0	0	-94	0	0	0	-76	-77	-88	0	-92	0	0	0	0	0	0	-87	0	-94	0	0	0	0	0	0	0	0	0	0	0	0	0	0	0	0	0	0	0	0	0	0	0	0	0	0	0	0	0	0	0	0	0	0	0	0	0	0	0	0	0	0	0	0	0	0	0	0	0	0	0	0	0	0	0	0	0	0	-90	-91	-91	0	0	0	0	2474	-3031	4199	20834	-8469	-153	-28	993	93	0	-1	-1	-27	976	90	1606974864
0	-65	-57	-66	0	0	0	0	-81	0	-82	-81	-85	0	0	0	0	-93	-93	0	0	0	0	-93	0	0	-89	0	0	-79	0	0	0	-64	0	0	0	0	0	0	0	0	0	0	0	0	0	0	0	0	0	0	0	0	-92	0	0	0	0	-78	-89	0	-91	0	0	0	0	0	0	0	0	-92	0	0	0	0	0	0	0	0	0	0	0	0	0	0	0	0	0	0	0	0	0	0	0	0	0	0	0	0	0	0	0	0	0	0	0	0	0	0	0	0	0	0	0	0	0	0	0	0	0	0	0	0	0	0	0	0	0	0	-91	-93	-92	0	-88	0	0	2474	-2994	4214	20833	-8462	-154	-27	992	92	0	-1	0	-27	975	91	1606974865
0	-65	-58	-65	0	-70	0	0	-79	0	-79	-84	-77	-81	0	0	0	-87	-86	-86	0	0	-87	-86	0	0	-87	0	0	-84	0	0	0	-61	0	0	0	0	0	0	0	0	0	0	0	0	0	-80	0	0	0	0	0	0	-93	0	0	0	0	-78	-89	0	-92	0	0	0	0	0	0	-87	0	-92	0	0	0	0	0	0	0	0	0	0	0	0	0	0	0	0	0	0	0	0	0	0	0	0	0	0	0	0	0	0	0	0	0	0	0	0	0	0	0	0	0	0	0	0	0	0	0	0	0	0	0	0	0	0	0	0	0	0	-90	-89	-90	0	0	0	0	2444	-2986	4213	20833	-8464	-153	-28	993	91	-1	-1	-1	-27	976	91	1606974867
0	-61	-57	-66	0	0	0	0	-82	0	-82	-83	-82	-84	-87	0	0	0	0	0	0	0	0	0	0	0	-87	0	0	0	0	0	0	-63	-76	0	0	0	-94	0	0	0	0	0	0	0	0	0	0	0	0	0	0	0	-93	0	0	0	0	-77	-87	0	-92	0	0	0	0	0	0	-89	0	-91	0	0	0	0	0	0	0	0	0	0	0	0	0	0	0	0	0	0	0	0	0	0	0	0	0	0	0	0	0	0	0	0	0	0	0	0	0	0	0	0	0	0	0	0	0	0	0	0	0	0	0	0	0	0	0	0	0	0	-92	-90	-90	0	0	0	0	2377	-3046	4213	20833	-8464	-154	-28	992	92	0	-1	-1	-27	976	91	1606974868
-62	-62	-55	-63	-68	0	-87	0	-78	0	-75	-78	-78	0	0	0	0	-89	-88	-87	0	0	-88	-89	0	0	-90	0	0	-84	0	-92	0	-61	0	0	0	0	-96	0	0	0	0	-74	0	0	0	-79	0	0	0	0	0	0	-90	-88	0	0	0	-77	-90	0	-93	0	0	0	0	0	0	0	0	-92	0	0	0	0	0	0	0	0	0	0	0	0	0	0	0	0	0	0	0	0	0	0	0	0	0	0	0	0	0	0	0	0	0	0	0	0	0	0	0	0	0	0	0	0	0	0	0	0	0	0	0	0	0	0	0	0	0	0	-90	-88	-90	0	0	0	0	2444	-3009	4243	20833	-8462	-153	-26	993	93	-1	-1	0	-27	975	91	1606974870
0	0	-53	-67	0	0	0	0	-80	0	-81	-82	-87	0	-86	0	0	-93	-93	0	0	0	0	-94	0	0	0	0	0	-79	0	0	0	-67	0	0	0	0	-93	0	0	0	0	0	0	0	0	-78	0	0	0	0	0	0	-93	0	0	0	0	-78	-88	0	-93	0	0	0	0	0	0	0	0	-91	0	0	0	0	0	0	0	0	0	0	0	0	0	0	0	0	0	0	0	0	0	0	0	0	0	0	0	0	0	0	0	0	0	0	0	0	0	0	0	0	0	0	0	0	0	0	0	0	0	0	0	0	0	0	0	0	0	0	-92	-91	-91	0	0	0	0	2452	-2994	4243	20833	-8462	-153	-27	993	92	-1	-1	0	-27	975	91	1606974871
0	0	-58	-70	0	0	-83	0	-81	-86	-82	-80	-84	0	0	0	0	0	0	0	0	0	0	-94	0	0	-89	0	0	-83	0	0	0	-64	0	0	0	0	0	0	0	0	0	0	0	0	0	-78	0	0	0	0	0	0	-93	0	0	0	0	-77	-88	0	-92	0	0	0	0	0	0	-86	0	-92	0	0	0	0	0	0	0	0	0	0	0	0	0	0	0	0	0	0	0	0	-88	0	0	0	0	0	0	0	0	0	0	0	0	0	0	0	0	0	0	0	0	0	0	0	0	0	0	0	0	0	0	0	0	0	0	0	0	0	-89	-90	-90	0	-89	0	0	2481	-2964	4206	20833	-8465	-153	-26	992	91	-1	0	-1	-27	976	91	1606974873
0	-66	-62	-67	0	0	0	-87	-77	0	-78	-77	-78	-85	0	0	0	-86	-86	-86	0	0	-87	-87	0	0	0	0	0	-82	0	0	0	-59	0	0	0	0	0	0	0	0	0	-74	0	0	0	-79	0	0	0	0	0	0	-94	-90	0	0	0	-78	0	0	0	0	0	0	0	0	0	-85	0	-94	0	0	0	0	0	0	0	0	0	0	0	0	0	0	0	0	0	0	0	0	0	0	0	0	0	0	0	0	0	0	0	0	0	0	0	0	0	0	0	0	0	0	0	0	0	0	0	0	0	0	0	0	0	0	0	0	0	0	-88	-88	-88	0	0	0	0	2519	-3039	4214	20833	-8463	-153	-27	992	92	-1	-1	-1	-27	975	91	1606974874
-66	-63	-57	-68	-66	0	-81	0	-81	0	-79	-79	-83	-83	0	0	0	0	0	0	0	0	0	0	0	0	-87	0	0	0	0	0	0	-66	0	0	0	0	-92	0	0	0	0	-74	0	0	0	0	0	0	0	0	0	0	-94	0	0	0	0	-76	-88	0	-92	0	0	0	0	0	0	0	0	-92	0	0	0	0	0	0	0	0	0	0	0	0	0	0	0	0	0	0	0	0	0	0	0	0	0	0	0	0	0	0	0	0	0	0	0	0	0	0	0	0	0	0	0	0	0	0	0	0	0	0	0	0	0	0	0	0	0	0	-91	-92	-91	0	0	0	0	2474	-2979	4243	20833	-8464	-153	-26	993	93	0	0	0	-27	976	91	1606974876
-63	-63	-58	0	-70	-68	0	0	-81	0	-81	-81	-79	0	0	0	0	-86	-87	-87	0	0	-86	-86	0	0	-88	0	0	-83	0	0	0	-62	0	0	0	0	0	0	0	0	0	0	0	0	0	-76	0	0	0	0	0	0	-92	0	0	0	0	-78	-91	0	-92	0	0	0	0	0	0	-88	0	-92	0	0	0	0	0	0	0	0	0	0	0	0	0	0	0	0	0	0	0	0	0	0	0	0	0	0	0	0	0	0	0	0	0	0	0	0	0	0	0	0	0	0	0	0	0	0	0	0	0	0	0	0	0	0	0	0	0	0	-89	-88	-90	0	0	0	0	2444	-2964	4228	20835	-8468	-152	-27	993	92	0	-1	0	-26	976	90	1606974878
-64	-65	-57	0	-71	0	0	0	-78	0	-78	-80	-81	0	0	0	0	-91	-91	0	0	0	0	-93	0	0	-88	0	0	-78	0	0	0	-62	0	0	0	0	0	0	0	0	0	0	0	0	0	0	0	0	0	0	0	0	-91	0	0	0	0	-76	-87	0	-93	0	0	0	0	0	0	0	0	-93	0	0	0	0	0	0	0	0	0	0	0	0	0	0	0	0	0	0	0	0	0	0	0	0	0	0	0	0	0	0	0	0	0	0	0	0	0	0	0	0	0	0	0	0	0	0	0	0	0	0	0	0	0	0	0	0	0	0	-91	-91	-89	0	0	0	0	2489	-2949	4198	20834	-8465	-152	-28	992	93	-1	-1	0	-26	976	91	1606974879
0	-62	-55	0	0	-69	0	0	-77	0	-78	-76	-82	0	0	0	0	-92	-92	0	0	0	0	-92	0	0	0	0	0	-79	0	0	0	-65	0	0	0	0	0	0	0	0	0	-74	0	0	0	-77	0	0	0	0	0	0	-91	-88	0	0	0	-76	-91	0	-92	0	0	0	0	0	0	0	0	-93	0	0	0	0	0	0	0	0	0	0	0	0	0	0	0	-92	0	0	0	0	0	0	0	0	0	0	0	0	0	0	0	0	0	0	0	0	0	0	0	0	0	0	0	0	0	0	0	0	0	0	0	0	0	0	0	0	0	0	-91	-91	-92	0	0	0	0	2444	-2964	4221	20834	-8466	-153	-27	993	92	-1	-1	0	-27	976	91	1606974881
-62	-59	-56	0	-71	0	0	0	-81	0	-80	-80	-77	0	0	0	0	-86	-86	-86	0	0	-86	-88	0	0	0	0	0	-82	0	0	0	-61	0	0	0	0	0	0	0	0	0	0	0	0	0	-81	0	0	0	0	0	0	-93	0	0	0	0	-78	-88	0	0	0	0	0	0	0	0	0	0	-91	0	0	0	0	0	0	0	0	0	0	0	0	0	0	0	0	0	0	0	0	0	0	0	0	0	0	0	0	0	0	0	0	0	0	0	0	0	0	0	0	0	0	0	0	0	0	0	0	0	0	0	0	0	0	0	0	0	0	-90	-90	-91	0	-88	0	0	2429	-3031	4214	20833	-8466	-154	-27	993	92	-1	-1	-1	-27	976	91	1606974882
-63	-63	-55	-67	0	-68	-82	0	-81	0	-83	-81	-83	-81	0	0	-84	-94	-94	-94	0	0	0	-92	0	-86	-90	0	0	-79	0	0	0	-67	0	0	0	0	-93	0	0	0	0	-74	0	0	0	-81	0	0	0	0	0	0	-93	-87	0	0	-77	-78	-87	0	-92	0	0	0	0	0	0	0	0	-92	0	0	0	0	0	0	0	0	0	0	0	0	0	0	0	0	0	0	0	0	0	0	0	0	0	0	0	0	0	0	0	0	0	0	0	0	0	0	0	0	0	0	0	0	0	0	0	0	0	0	0	0	0	0	0	0	0	0	-91	-90	-91	0	0	0	0	2459	-3009	4228	20834	-8470	-154	-27	993	92	-1	-1	-1	-27	976	90	1606974884
0	-63	-59	0	0	0	-82	0	-82	-90	-78	-78	-81	0	0	0	0	-90	-90	-90	0	0	-89	-90	0	0	-85	0	0	-85	0	0	0	-64	0	0	0	0	-93	0	0	0	0	0	0	0	0	-78	0	0	0	0	0	0	-92	-88	0	0	0	-76	-88	0	-95	0	0	0	0	0	0	0	0	-93	0	0	0	0	0	0	0	0	0	0	0	0	0	0	0	-92	0	0	0	0	0	0	0	0	0	0	0	0	0	0	0	0	0	0	0	0	0	0	0	0	0	0	0	0	0	0	0	0	0	0	0	0	0	0	0	0	0	0	-90	-90	-92	0	0	0	0	2474	-2964	4228	20832	-8462	-154	-27	992	92	-1	-1	-1	-27	975	92	1606974886
0	0	-60	-74	0	-71	0	-82	-83	0	-82	-83	-83	-83	0	0	0	-92	-92	-93	0	0	-93	-92	0	0	0	0	0	-77	0	0	0	-66	0	0	0	0	0	0	0	0	0	-71	0	0	0	-79	0	0	0	0	0	0	-92	-87	0	0	0	-78	-91	0	-92	0	0	0	0	0	0	0	0	-93	0	0	0	0	0	0	0	0	0	0	0	0	0	0	0	0	0	0	0	0	0	0	0	0	0	0	0	0	0	0	0	0	0	0	0	0	0	0	0	0	0	0	0	0	0	0	0	0	0	0	0	0	0	0	0	0	0	0	-90	-93	-90	0	0	0	0	2490	-3054	4229	20833	-8465	-154	-26	992	91	-1	-1	-1	-27	976	91	1606974887
0	-63	-60	-68	0	-71	-83	-82	-81	0	-81	-82	-85	-82	0	0	0	-92	-91	-91	0	0	0	-92	0	0	0	0	0	-79	0	0	0	-68	0	0	0	0	0	0	0	0	0	-75	0	0	0	-81	0	0	0	0	0	0	-92	-89	0	0	0	-76	-89	0	-93	0	0	0	0	0	0	-87	0	-92	0	0	0	0	0	0	0	0	0	0	0	0	0	0	0	0	0	0	0	0	0	0	0	0	0	0	0	0	0	0	0	0	0	0	0	0	0	0	0	0	0	0	0	0	0	0	0	0	0	0	0	0	0	0	0	0	0	0	-91	-92	-92	0	0	0	0	2384	-3038	4206	20834	-8468	-154	-27	992	91	0	0	-1	-27	976	91	1606974889
-61	-67	-60	0	-69	-68	0	0	-76	0	-76	-77	-81	0	0	0	0	-86	-86	-88	0	0	-86	-86	0	0	-86	0	0	-83	0	0	0	-59	0	0	0	0	0	0	0	0	0	-73	0	0	0	0	0	0	0	0	0	0	-93	0	0	0	0	-77	-90	0	-92	0	0	0	0	0	0	-86	0	-93	0	0	0	0	0	0	0	0	0	0	0	0	0	0	0	0	0	0	0	0	0	0	0	0	0	0	0	0	0	0	0	0	0	0	0	0	0	0	0	0	0	0	0	0	0	0	0	0	0	0	0	0	0	0	0	0	0	0	-90	-91	-89	0	-89	0	0	2475	-3099	4304	20833	-8466	-154	-27	992	90	-1	-1	-1	-27	976	91	1606974890
-60	-60	-59	-67	-65	-65	0	0	-77	0	-76	-75	-81	0	0	0	0	-84	-85	-85	0	0	-84	-84	0	0	-91	0	0	-82	0	0	0	-58	0	0	0	0	0	0	0	0	0	0	0	0	0	-80	0	0	0	0	0	0	-93	0	0	0	0	-77	-90	0	0	0	0	0	0	0	0	-84	0	-92	0	0	0	0	0	0	0	0	0	0	0	0	0	0	0	0	0	0	0	0	0	0	0	0	0	0	0	0	0	0	0	0	0	0	0	0	0	0	0	0	0	0	0	0	0	0	0	0	0	0	0	0	0	0	0	0	0	0	-87	-87	-88	0	0	0	0	2415	-3054	4356	20832	-8462	-154	-27	993	93	0	-1	-1	-27	975	91	1606974892
0	-66	-60	0	0	0	0	0	-83	0	-84	-83	-85	0	-85	0	0	-95	-94	0	0	0	0	-95	0	0	0	0	0	-80	0	0	0	-67	-75	0	0	0	0	0	0	0	0	-75	0	0	0	-79	0	0	0	0	0	0	-91	-90	0	0	0	-77	-88	0	-92	0	0	0	0	0	0	0	0	-93	0	0	0	0	0	0	0	0	0	0	0	0	0	0	0	0	0	0	0	0	0	0	0	0	0	0	0	0	0	0	0	0	0	0	0	0	0	0	0	0	0	0	0	0	0	0	0	0	0	0	0	0	0	0	0	0	0	0	-90	-92	-91	0	0	0	0	2400	-3069	4318	20834	-8470	-153	-27	993	92	-1	0	-1	-27	976	90	1606974893
0	-61	-58	0	0	0	0	0	-83	-85	-83	-83	-83	0	0	0	0	-92	-92	0	0	0	0	-91	0	0	-90	0	0	-77	0	0	0	-65	0	0	0	0	0	0	0	0	0	0	0	0	0	0	0	0	0	0	0	0	0	0	0	0	0	-77	-89	0	-94	0	0	0	0	0	0	-85	0	-95	0	0	0	0	0	0	0	0	0	0	0	0	0	0	0	-92	0	0	0	0	0	0	0	0	0	0	0	0	0	0	0	0	0	0	0	0	0	0	0	0	0	0	0	0	0	0	0	0	0	0	0	0	0	0	0	0	0	0	-94	-92	-93	0	0	0	0	2474	-3046	4139	20833	-8462	-154	-15	1001	99	0	0	0	-27	975	91	1606974895
-70	-67	-63	0	-71	-73	0	0	-82	0	-82	-83	-82	0	0	0	0	-93	-91	-91	0	0	-92	-93	0	0	-90	0	0	-78	0	0	0	-65	0	0	0	0	-95	0	0	0	0	0	0	0	0	0	0	0	0	0	0	0	-93	0	0	0	0	-75	-89	0	-93	0	0	0	0	0	0	0	0	-92	0	0	0	0	0	0	0	0	0	0	0	0	0	0	0	-92	0	0	0	0	0	0	0	0	0	0	0	0	0	0	0	0	0	0	0	0	0	0	0	0	0	0	0	0	0	0	0	0	0	0	0	0	0	0	0	0	0	0	-91	-90	-90	0	0	0	0	2384	-3053	4236	20834	-8466	-152	-29	993	87	0	0	0	-26	976	91	1606974897
-58	-63	-58	-66	-64	-68	0	0	-76	0	-76	-75	-77	0	0	0	0	-88	-87	-87	0	0	-87	-87	0	0	-89	0	0	-82	0	0	0	-59	0	0	0	0	0	0	0	0	0	0	0	0	0	-75	0	0	0	0	0	0	0	-90	0	0	0	-78	-91	0	-92	0	0	0	0	0	0	0	0	-93	0	0	0	0	0	0	0	0	0	0	0	0	0	0	0	0	0	0	0	0	0	0	0	0	0	0	0	0	0	0	0	0	0	0	0	0	0	0	0	0	0	0	0	0	0	0	0	0	0	0	0	0	0	0	0	0	0	0	-91	-90	-89	0	-89	0	0	2385	-3099	4326	20834	-8465	-153	-26	993	91	0	0	-1	-27	976	91	1606974898
-60	0	-59	-67	-63	0	0	0	-79	0	-80	-81	-83	-85	0	0	0	-94	-93	-93	0	0	-93	-91	0	0	-90	0	0	-76	0	0	0	-65	0	0	0	0	0	0	0	0	0	0	0	0	0	0	0	0	0	0	0	0	-91	-88	0	0	0	-76	-89	0	-91	0	0	0	0	0	0	-85	0	-94	0	0	0	0	0	0	0	0	0	0	0	0	0	0	0	0	0	0	0	0	0	0	0	0	0	0	0	0	0	0	0	0	0	0	0	0	0	0	0	0	0	0	0	0	0	0	0	0	0	0	0	0	0	0	0	0	0	0	-92	-92	-93	0	0	0	0	2437	-3129	4319	20834	-8465	-153	-28	992	93	0	0	-1	-27	976	91	1606974900
-60	-68	-60	-67	0	0	0	0	-77	0	-77	-78	-77	0	0	0	0	-86	-86	-87	0	0	-87	-86	0	0	-87	0	0	-81	0	0	0	-58	0	0	0	0	0	0	0	0	0	0	0	0	0	0	0	0	0	0	0	0	0	0	0	0	0	-76	-89	0	-93	0	0	0	0	0	0	-86	0	-90	0	0	0	0	0	0	0	0	0	0	0	0	0	0	0	-90	0	0	0	0	0	0	0	0	0	0	0	0	0	0	0	0	0	0	0	0	0	0	-92	0	0	0	0	0	0	0	0	0	0	0	0	0	0	0	0	0	0	0	-88	-90	-91	0	0	0	0	2437	-3077	4259	20833	-8461	-153	-26	992	95	-1	-1	-1	-27	975	92	1606974902
0	0	-57	-66	0	0	-79	-81	-81	0	-80	-80	-78	-77	0	0	0	-89	-89	-89	0	0	-90	-90	0	0	0	0	0	-83	0	0	0	-58	0	0	0	0	0	0	0	0	0	0	0	0	0	-82	0	0	0	0	0	0	-95	0	0	0	0	-76	-88	0	-93	0	0	0	0	0	0	0	0	-92	0	0	0	0	0	0	0	0	0	0	0	0	0	-91	0	0	0	0	0	0	0	0	0	0	0	0	0	0	0	0	0	0	0	0	0	0	0	0	0	0	0	0	0	0	0	0	0	0	0	0	0	0	0	0	0	0	0	0	-88	-89	-87	0	0	0	0	2429	-3121	4154	20839	-8453	-135	-29	988	94	-1	-1	-1	-24	975	93	1606974903
