0	0	-50	-71	0	-75	0	0	-86	0	-79	-84	-90	0	0	0	-84	0	0	0	-85	-86	0	0	-83	-85	-88	-88	-88	0	-87	-89	-88	-77	0	0	0	0	0	0	0	0	0	0	0	0	0	0	0	0	0	0	0	0	0	0	0	0	0	-93	0	0	0	0	0	0	0	0	0	0	0	0	0	0	0	0	0	0	0	0	0	0	0	0	0	0	0	0	0	0	0	0	0	0	0	0	0	0	0	0	0	0	0	0	0	0	0	0	0	0	0	0	0	0	0	0	0	0	0	0	0	0	0	0	0	0	0	0	0	3274	-2080	316	25636	-7740	-226	-39	971	215	0	0	-1	-39	956	213	1606974583
-62	0	-51	-73	-70	0	-79	0	-73	-85	-75	-73	-79	0	0	0	0	-87	-88	-88	0	0	-88	-88	0	0	0	-90	-90	0	-89	-88	-88	-72	0	0	0	0	0	0	0	0	0	-81	0	0	0	-91	0	0	0	0	0	0	0	0	0	0	0	-92	0	0	0	0	0	0	0	0	0	-88	0	0	0	0	0	0	0	0	0	0	0	0	0	0	0	0	0	0	0	0	0	0	0	0	0	0	0	0	0	0	0	0	0	0	0	0	0	0	0	0	0	0	0	0	0	0	0	0	0	0	0	0	0	0	0	0	0	0	0	3409	-2020	264	25634	-7737	-225	-39	970	218	0	0	-1	-39	956	214	1606974585
-57	-56	-52	-74	-72	0	-69	-70	-76	-78	-76	-74	-78	-71	0	0	0	-90	-90	-91	0	-85	-90	-91	0	0	-90	-89	-88	0	-89	-89	-87	-69	0	0	0	0	0	0	0	0	0	0	0	0	0	0	0	-90	0	0	0	0	0	-88	0	0	0	-96	0	0	0	0	0	0	0	0	0	0	0	0	0	0	0	0	0	0	0	0	0	0	0	0	0	0	0	0	0	0	0	0	0	0	0	0	0	0	0	0	0	0	0	0	0	0	0	0	0	0	0	0	0	0	0	0	0	0	0	0	0	0	0	0	0	0	0	0	0	3439	-2021	331	25628	-7726	-225	-41	969	218	0	0	-1	-39	955	216	1606974586
0	-55	-51	-72	-71	-68	-68	-70	-75	-77	-76	-76	-79	-70	0	0	0	-89	-87	-89	0	0	-89	-90	0	0	0	-89	-89	0	-88	-88	-89	-63	0	0	0	0	0	0	0	0	0	-82	0	0	0	-81	0	0	0	0	0	0	0	0	0	0	0	0	0	0	0	0	0	0	0	0	0	0	0	0	0	0	0	0	0	0	0	0	0	0	0	0	0	0	0	0	0	0	0	0	0	0	0	0	0	0	0	0	0	0	0	0	0	0	0	0	0	0	0	0	0	0	0	0	0	0	0	0	0	0	0	0	0	0	0	0	0	3424	-2005	271	25625	-7720	-224	-38	971	219	-1	-1	-1	-39	955	217	1606974588
-53	-58	-50	-72	-65	-72	-69	-71	-77	-78	-77	-77	-77	-72	0	0	0	-91	-91	-92	0	0	-91	-91	0	0	-89	-89	-89	0	0	-88	-89	-68	0	0	0	0	0	0	0	0	0	0	0	0	0	0	0	0	0	0	0	0	0	-88	0	0	0	-91	0	0	0	0	0	0	0	0	0	0	0	0	0	0	0	0	0	0	0	0	0	0	0	0	0	0	0	0	0	0	0	0	0	0	0	0	0	0	0	0	0	0	0	0	0	0	0	0	0	0	0	0	0	0	0	0	0	0	0	0	0	0	0	0	0	0	0	0	0	3424	-2005	271	25622	-7714	-223	-38	970	220	-1	-1	0	-39	955	218	1606974589
-55	0	-49	-73	-65	0	-73	-73	-77	0	-74	-75	-79	-73	0	0	0	-90	-90	-89	0	-85	-89	-89	0	0	0	-89	-89	0	0	-90	-89	-65	0	0	0	0	0	0	0	0	0	0	0	0	0	-88	0	0	0	0	0	0	0	0	0	0	0	0	0	0	0	0	0	0	0	0	0	0	0	0	0	0	0	0	0	0	0	0	0	0	0	0	0	0	0	0	0	0	0	0	0	0	0	0	0	0	0	0	0	0	0	0	0	0	0	0	0	0	0	0	0	0	0	0	0	0	0	0	0	0	0	0	0	0	0	0	0	3364	-2043	301	25618	-7706	-220	-43	969	220	-1	-1	0	-38	955	219	1606974591
-59	0	0	-70	-69	-68	0	-73	-74	-80	-74	-74	-82	-72	0	0	0	-89	-87	-88	0	0	-89	-88	0	0	0	-88	-88	0	-88	-89	-89	-65	0	0	0	0	0	0	0	0	0	0	0	0	0	0	0	0	0	0	0	0	0	0	0	0	0	-94	0	0	0	0	0	0	0	0	0	0	0	0	0	0	0	0	0	0	0	0	0	0	0	0	0	0	0	0	0	0	0	0	0	0	0	0	0	0	0	0	0	0	0	0	0	0	0	0	0	0	0	0	0	0	0	0	0	0	0	0	0	0	0	0	0	0	0	0	0	3364	-2020	256	25620	-7710	-224	-39	970	220	-1	-1	-1	-39	955	218	1606974592
-60	-55	-50	-72	-66	-66	-72	-74	-74	-83	-74	-74	-77	-73	0	0	0	-93	-90	-91	0	0	0	-91	0	0	0	-88	-90	0	-89	-88	-87	-67	0	0	0	0	0	0	0	0	0	0	0	0	0	0	0	0	0	0	0	0	0	0	0	0	0	-91	0	0	0	0	0	0	0	0	0	0	0	0	0	0	0	0	0	0	0	0	0	0	0	0	0	0	0	0	0	0	0	0	0	0	0	0	0	0	0	0	0	0	0	0	0	0	0	0	0	0	0	0	0	0	0	0	0	0	0	0	0	0	0	0	0	0	0	0	0	3409	-2020	271	25618	-7707	-223	-39	970	222	-1	-1	0	-39	955	219	1606974594
0	-58	-50	0	-69	0	-71	-70	-76	0	-77	-77	-80	-70	0	0	0	-88	-87	-88	0	0	-88	-88	0	0	-87	-89	-88	0	0	-89	-89	-66	0	0	0	0	0	0	0	0	0	0	0	0	0	0	0	0	0	0	0	0	0	0	0	0	0	-94	0	0	0	0	0	0	0	0	0	0	0	0	0	0	0	0	0	0	0	0	0	0	0	0	0	0	0	0	0	0	0	0	0	0	0	0	0	0	0	0	0	0	0	0	0	0	0	0	0	0	0	0	0	0	0	0	0	0	0	0	0	0	0	0	0	0	0	0	0	3409	-2006	316	25616	-7704	-223	-39	970	222	-1	-1	0	-39	954	219	1606974596
-60	-54	-50	-72	-70	-70	-75	-74	-79	0	-78	-79	-80	-73	0	0	0	-89	-88	-88	0	0	-89	-90	0	0	0	-88	-90	0	-89	-89	-88	-67	0	0	0	0	0	0	0	0	0	0	0	0	0	0	0	0	0	0	0	0	0	0	0	0	0	0	0	0	0	0	0	0	0	0	0	0	0	0	0	0	0	0	0	0	0	0	0	0	0	0	0	0	0	0	0	0	0	0	0	0	0	0	0	0	0	0	0	0	0	0	0	0	0	0	0	0	0	0	0	0	0	0	0	0	0	0	0	0	0	0	0	0	0	0	0	3409	-2021	316	25616	-7703	-223	-38	969	222	-1	-1	-1	-39	954	219	1606974597
-57	0	-51	-71	-70	0	0	-74	-77	0	-77	-77	-83	-74	0	0	0	-86	-89	-89	0	-84	-87	-87	0	0	0	-88	-89	0	-88	-89	0	-66	0	0	0	0	0	0	0	0	0	0	0	0	0	0	0	0	0	0	0	0	0	0	0	0	0	-94	0	0	0	0	0	0	0	0	0	0	0	0	0	0	0	0	0	0	0	0	0	0	0	0	0	0	0	0	0	0	0	0	0	0	0	0	0	0	0	0	0	0	0	0	0	0	0	0	0	0	0	0	0	0	0	0	0	0	0	0	0	0	0	0	0	0	0	0	0	3349	-1990	286	25619	-7708	-222	-40	970	221	-1	-1	0	-38	955	219	1606974599
-61	-56	-50	0	-69	-69	0	0	-77	-81	-78	-78	-80	0	0	0	-85	-87	-87	-88	-84	-84	-87	-88	-83	-83	-93	-88	-90	0	0	-88	-90	-69	-68	0	0	0	0	0	0	0	0	0	0	0	0	-87	0	0	0	0	0	0	0	0	0	0	0	0	0	0	0	0	0	0	0	0	0	0	0	0	0	0	0	0	0	0	0	0	0	0	0	0	0	0	0	0	0	0	0	0	0	0	0	0	0	0	0	0	0	0	0	0	0	0	0	0	0	0	0	0	0	0	0	0	0	0	0	0	0	0	0	0	0	0	0	0	0	3364	-2028	316	25615	-7702	-222	-39	969	223	-1	-1	0	-38	954	220	1606974600
-53	0	-48	-68	-69	-68	-72	0	-77	-82	-78	-77	-78	-75	0	0	-82	-92	-91	0	-85	-86	-92	-91	-83	-84	-91	-89	-89	0	-89	-88	0	-71	0	0	0	0	0	0	0	0	0	0	0	0	0	0	0	0	0	0	0	0	0	0	0	0	0	-93	0	0	0	0	0	0	0	0	0	0	0	0	0	0	0	0	0	0	0	0	0	0	0	0	0	0	0	0	0	0	0	0	0	0	0	0	0	0	0	0	0	0	0	0	0	0	0	0	0	0	0	0	0	0	0	0	0	0	0	0	0	0	0	0	0	0	0	0	0	3409	-2035	272	25615	-7701	-221	-39	970	223	-1	-1	-1	-38	954	220	1606974602
0	0	-49	0	0	0	-70	-69	-78	0	-78	-78	-78	-72	0	0	0	-87	-88	-88	0	0	-87	-87	0	0	-83	-88	-89	0	0	-89	0	-70	0	0	0	0	0	0	0	0	0	0	0	0	0	0	0	0	0	0	0	0	0	0	0	0	0	-94	0	0	0	0	0	0	0	0	0	0	0	0	0	0	0	0	0	0	0	0	0	0	0	0	0	0	0	0	0	0	0	0	0	0	0	0	0	0	0	0	0	0	0	0	0	0	0	0	0	0	0	0	0	0	0	0	0	0	0	0	0	0	0	0	0	0	0	0	0	3364	-2036	361	25617	-7705	-222	-39	970	221	-1	-1	0	-38	954	219	1606974603
0	-58	-50	0	0	-68	-72	-72	-78	-82	-78	-78	-80	-66	0	0	-85	-87	-87	-86	0	0	-87	-88	-90	-87	-90	-87	-89	0	0	-88	-89	-69	0	0	0	0	0	0	0	0	0	0	0	0	0	0	0	0	0	0	0	0	0	-86	0	0	0	-94	0	0	0	0	0	0	0	0	0	0	0	0	0	0	0	0	0	0	0	0	0	0	0	0	0	0	0	0	0	0	0	0	0	0	0	0	0	0	0	0	0	0	0	0	0	0	0	0	0	0	0	0	0	0	0	0	0	0	0	0	0	0	0	0	0	0	0	0	0	3409	-2005	271	25616	-7703	-222	-39	970	222	-1	-1	-1	-38	954	220	1606974605
-57	-56	-51	-67	-71	-69	-72	-72	-75	0	-76	-75	-79	-72	0	0	-85	-93	-90	-92	-87	-84	-91	-92	-88	-86	-88	-90	-88	0	-89	-88	-87	-68	-69	0	0	0	0	0	0	0	0	-80	0	0	0	0	0	0	0	0	0	0	0	0	0	0	0	-94	0	0	0	0	0	0	0	0	0	-91	0	0	0	0	0	0	0	0	0	0	0	0	0	0	0	0	0	0	0	0	0	0	0	0	0	0	0	0	0	0	0	0	0	0	0	0	0	0	0	0	0	0	0	0	0	0	0	0	0	0	0	0	0	0	0	0	0	0	0	3417	-2005	287	25616	-7703	-222	-39	970	222	-1	-1	0	-38	954	219	1606974606
-59	0	-50	0	-68	0	-71	-71	-76	-81	-75	-74	-80	-70	0	0	0	-90	-89	-90	0	0	-89	-88	0	0	0	-88	-89	0	-88	-88	-88	-67	0	0	0	0	0	0	0	0	-90	0	0	0	0	-88	0	0	0	0	0	0	0	0	0	0	0	0	0	0	0	0	0	0	0	0	0	-92	0	0	0	0	0	0	0	0	0	0	0	0	0	0	0	0	0	0	0	0	0	0	0	0	0	0	0	0	0	0	0	0	0	0	0	0	0	0	0	0	0	0	0	0	0	0	0	0	0	0	0	0	0	0	0	0	0	0	0	3379	-2081	317	25618	-7707	-222	-40	970	221	-1	-1	-1	-38	955	219	1606974608
-61	0	-52	-73	-71	0	-74	0	-77	0	-78	-76	-79	-69	0	0	0	-91	-91	-92	0	-85	-91	-91	0	0	-90	-89	-88	0	0	-88	-87	-68	0	0	0	0	0	0	0	0	0	0	0	0	0	0	0	0	0	0	0	0	0	0	0	0	0	-93	0	0	0	0	0	0	0	0	0	0	0	0	0	0	0	0	0	0	0	0	0	0	0	0	0	0	0	0	0	0	0	0	0	0	0	0	0	0	0	0	0	0	0	0	0	0	0	0	0	0	0	0	0	0	0	0	0	0	0	0	0	0	0	0	0	0	0	0	0	3379	-2035	287	25616	-7703	-222	-40	970	222	-1	-1	0	-38	954	219	1606974610
-60	-61	-50	0	-69	0	0	0	-74	0	-74	-75	-77	0	0	0	0	-91	-91	0	0	-86	-91	-93	0	0	0	0	-88	-92	0	-89	0	-69	0	0	0	0	0	0	0	0	0	0	0	0	0	-85	0	0	0	0	0	0	0	0	0	0	0	0	0	0	0	0	0	0	0	0	0	-92	0	0	0	0	0	0	0	0	0	0	0	0	0	0	0	0	0	0	0	0	0	0	0	0	0	0	0	0	0	0	0	0	0	0	0	0	0	0	0	0	0	0	0	0	0	0	0	0	0	0	0	0	0	0	0	0	0	0	0	3364	-2013	316	25615	-7701	-222	-39	970	222	-1	-1	0	-38	954	220	1606974611
-55	-59	-51	-69	-68	-68	-71	-71	-73	-80	-73	-73	-80	-72	0	0	-86	-88	-89	0	0	0	-87	-88	0	-84	0	-88	-87	0	-89	-87	-89	-70	-70	0	0	0	0	0	0	0	0	0	0	0	0	0	0	0	0	0	0	0	0	0	0	0	0	-92	0	0	0	0	0	0	0	0	0	0	0	0	0	0	0	0	0	0	0	0	0	0	0	0	0	0	0	0	0	0	0	0	0	0	0	0	0	0	0	0	0	0	0	0	0	0	0	0	0	0	0	0	0	0	0	0	0	0	0	0	0	0	0	0	0	0	0	0	0	3379	-2020	264	25617	-7706	-222	-40	970	221	-1	-1	0	-38	955	219	1606974613
-56	-60	-51	-71	-69	0	0	-70	-75	0	-75	-74	-78	-71	0	0	0	-88	-88	-89	0	-85	-89	-88	0	0	-88	-88	-89	0	-90	-89	-89	-69	0	0	0	0	0	0	0	0	0	0	0	0	0	0	0	0	0	0	0	0	0	0	0	0	0	-94	0	0	0	0	0	0	0	0	0	0	0	0	0	0	0	0	0	0	0	0	0	0	0	0	0	0	0	0	0	0	0	0	0	0	0	0	0	0	0	0	0	0	0	0	0	0	0	0	0	0	0	0	0	0	0	0	0	0	0	0	0	0	0	0	0	0	0	0	0	3424	-2020	279	25615	-7702	-222	-39	969	223	-1	-1	0	-38	954	220	1606974614
0	-57	-49	-69	0	-69	-70	-70	-76	0	-76	-77	-79	-71	0	0	0	-86	-86	-87	0	0	-87	-86	0	0	0	-89	-89	0	-89	-89	-87	-73	-68	0	0	0	0	0	0	0	0	0	0	0	0	-82	0	-91	0	0	0	0	0	0	0	0	0	0	0	0	0	0	0	0	0	0	0	0	0	0	0	0	0	0	0	0	0	0	0	0	0	0	0	0	0	0	0	0	0	0	0	0	0	0	0	0	0	0	0	0	0	0	0	0	0	0	0	0	0	0	0	0	0	0	0	0	0	0	0	0	0	0	0	0	0	0	0	3372	-2020	271	25616	-7703	-222	-39	971	218	-1	-1	0	-38	954	219	1606974616
-57	-57	-50	-74	-70	0	-70	-69	-78	-82	-77	-77	-81	-72	0	0	-87	-86	-86	-86	0	-88	-85	-87	-88	-87	-89	-89	-88	0	-89	-88	-88	-68	0	0	0	0	0	0	0	0	0	0	0	0	0	0	0	0	0	0	0	0	0	0	0	0	0	0	0	0	0	0	0	0	0	0	0	0	0	0	0	0	0	0	0	0	0	0	0	0	0	0	0	0	0	0	0	0	0	0	0	0	0	0	0	0	0	0	0	0	0	0	0	0	0	0	0	0	0	0	0	0	0	0	0	0	0	0	0	0	0	0	0	0	0	0	0	3409	-2028	271	25615	-7702	-223	-40	970	223	-1	-1	-1	-39	954	220	1606974618
0	-56	-50	0	0	-67	-71	-71	-79	0	-80	-81	-80	-72	0	0	0	-87	-87	-88	0	0	-88	-87	0	0	0	-89	-88	0	-89	-88	-88	-67	0	0	0	0	0	0	0	0	0	0	0	0	0	0	0	0	0	0	0	0	0	0	0	0	0	-91	0	0	0	0	0	0	0	0	0	0	0	0	0	0	0	0	0	0	0	0	0	0	0	0	0	0	0	0	0	0	0	0	0	0	0	0	0	0	0	0	0	0	0	0	0	0	0	0	0	0	0	0	0	0	0	0	0	0	0	0	0	0	0	0	0	0	0	0	0	3409	-2005	301	25616	-7703	-221	-40	970	221	-1	-1	0	-38	954	220	1606974619
-55	-58	-50	-73	0	0	-72	-72	-78	0	-78	-78	-80	-70	0	0	0	-88	-87	-88	0	-85	-88	-87	0	0	0	-89	-89	0	-90	-88	-89	-68	0	0	0	0	0	0	0	0	0	0	0	0	0	0	0	0	0	0	0	0	0	0	0	0	0	-93	0	0	0	0	0	0	0	0	0	-92	0	0	0	0	0	0	0	0	0	0	0	0	0	0	0	0	0	0	0	0	0	0	0	0	0	0	0	0	0	0	0	0	0	0	0	0	0	0	0	0	0	0	0	0	0	0	0	0	0	0	0	0	0	0	0	0	0	0	0	3409	-2066	316	25614	-7701	-222	-39	970	223	-1	-1	-1	-38	954	220	1606974621
-56	-51	-50	-72	-70	-69	-74	-70	-79	-83	-78	-78	-81	-71	0	0	0	-88	-88	-88	0	0	-88	-87	0	0	0	-88	-88	0	-88	-88	-88	-70	-68	0	0	0	0	0	0	0	0	-80	0	0	0	-90	0	0	0	0	0	0	0	0	0	0	0	-92	0	0	0	0	0	0	0	0	0	0	0	0	0	0	0	0	0	0	0	0	0	0	0	0	0	0	0	0	0	0	0	0	0	0	0	0	0	0	0	0	0	0	0	0	0	0	0	0	0	0	0	0	0	0	0	0	0	0	0	0	0	0	0	0	0	0	0	0	0	3349	-2020	286	25616	-7704	-223	-40	970	222	-1	-1	-1	-38	954	219	1606974623
-54	-55	-50	-72	-67	-68	0	0	-79	0	-77	-77	-78	0	0	0	-85	-90	-90	-90	0	-85	-91	-89	-85	-84	-88	-88	-87	0	-88	-89	-89	-69	0	0	0	0	0	0	0	0	0	0	0	0	0	0	0	0	0	0	0	0	0	0	0	0	0	-91	0	0	0	0	0	0	0	0	0	-92	0	0	0	0	0	0	0	0	0	0	0	0	0	0	0	0	0	0	0	0	0	0	0	0	0	0	0	0	0	0	0	0	0	0	0	0	0	0	0	0	0	0	0	0	0	0	0	0	0	0	0	0	0	0	0	0	0	0	0	3409	-2005	287	25615	-7702	-222	-38	969	223	-1	-1	0	-38	954	220	1606974624
0	-55	0	-72	-70	-68	-71	-70	-78	0	-78	-78	-78	-74	0	0	-82	-91	-91	-92	0	-84	-89	-90	-87	-85	0	-89	0	0	0	0	-90	-68	0	0	0	0	0	0	0	0	0	0	0	0	0	0	0	0	0	0	0	0	0	0	0	0	0	-92	0	0	0	0	0	0	0	0	0	0	0	0	0	0	0	0	0	0	0	0	0	0	0	0	0	0	0	0	0	0	0	0	0	0	0	0	0	0	0	0	0	0	0	0	0	0	0	0	0	0	0	0	0	0	0	0	0	0	0	0	0	0	0	0	0	0	0	0	0	3409	-2028	316	25614	-7701	-222	-38	970	224	-1	-1	-1	-38	954	220	1606974626
0	-55	-49	0	0	-68	0	0	-79	-82	-78	-78	-79	0	0	0	-86	-92	-90	-90	-84	-85	-90	-90	-84	-85	-92	-88	-88	0	0	-88	-90	-68	0	0	0	0	0	0	0	0	0	0	0	0	0	0	0	0	0	0	0	0	0	0	0	0	0	0	0	0	0	0	0	0	0	0	0	-88	0	0	0	0	0	0	0	0	0	0	0	0	0	0	0	0	0	0	0	0	0	0	0	0	0	0	0	0	0	0	0	0	0	0	0	0	0	0	0	0	0	0	0	0	0	0	0	0	0	0	0	0	0	0	0	0	0	0	0	3364	-2035	257	25614	-7700	-223	-40	969	222	-1	-1	0	-39	954	220	1606974627
0	-56	-50	-71	-72	-68	-73	-70	-79	0	-78	-79	-79	-71	0	0	0	-90	-89	-91	0	-86	-91	-90	0	0	0	-89	-89	0	-89	0	-87	-70	-69	0	0	0	0	0	0	0	0	0	0	0	0	0	0	0	0	0	0	0	0	0	0	0	0	-92	0	0	0	0	0	0	0	0	0	-92	0	0	0	0	0	0	0	0	0	0	0	0	0	0	0	0	0	0	0	0	0	0	0	0	0	0	0	0	0	0	0	0	0	0	0	0	0	0	0	0	0	0	0	0	0	0	0	0	0	0	0	0	0	0	0	0	0	0	0	3372	-2020	287	25616	-7703	-221	-40	970	220	-1	-1	0	-38	954	220	1606974629
-54	-56	-53	-75	-73	0	-70	-72	-77	0	-79	-78	-80	-70	0	0	0	-89	-88	-88	0	-83	-88	-88	0	0	0	-88	-89	0	-88	-88	0	-70	-70	0	0	0	0	0	0	0	0	0	0	0	0	0	0	0	0	0	0	0	0	0	0	0	0	0	0	0	0	0	0	0	0	0	0	-92	0	0	0	0	0	0	0	0	0	0	0	0	0	0	0	0	0	0	0	0	0	0	0	0	0	0	0	0	0	0	0	0	0	0	0	0	0	0	0	0	0	0	0	0	0	0	0	0	0	0	0	0	0	0	0	0	0	0	0	3364	-2020	279	25615	-7701	-221	-39	970	223	-1	-1	0	-38	954	220	1606974630
0	0	-49	0	0	-70	-74	-70	-77	-80	-77	-78	-80	-69	0	0	0	-90	-89	-89	0	-87	-88	-89	0	0	0	-89	-88	0	-87	-89	-90	-68	0	0	0	0	0	0	0	0	0	0	0	0	0	0	0	0	0	0	0	0	0	0	0	0	0	0	0	0	0	0	0	-93	0	0	0	0	0	0	0	0	0	0	0	0	0	0	0	0	0	0	0	0	0	0	0	0	0	0	0	0	0	0	0	0	0	0	0	0	0	0	0	0	0	0	0	0	0	0	0	0	0	0	0	0	0	0	0	0	0	0	0	0	0	0	0	3379	-2065	287	25615	-7701	-222	-39	970	222	-1	-1	-1	-38	954	220	1606974632
0	0	-52	-74	0	0	-71	-71	-78	-82	-78	-77	-79	-75	0	0	0	-88	-89	-89	0	0	-89	-87	0	0	0	-87	-88	0	0	-88	-89	-68	0	0	0	0	0	0	0	0	0	0	0	0	-89	0	0	0	-89	0	0	0	0	0	0	0	0	-95	0	0	0	0	0	0	0	0	0	0	0	0	0	0	0	0	0	0	0	0	0	0	0	0	0	0	0	0	0	0	0	0	0	0	0	0	0	0	0	0	0	0	0	0	0	0	0	0	0	0	0	0	0	0	0	0	0	0	0	0	0	0	0	0	0	0	0	0	0	3424	-2065	257	25618	-7707	-221	-41	970	221	-1	-1	0	-38	955	219	1606974633
-56	-63	-51	-73	-71	-70	-73	-74	-77	0	-76	-77	-79	-74	0	0	0	-88	-87	-88	0	0	-88	-86	0	0	0	-88	-88	0	-89	-87	-89	-67	-68	0	0	0	0	0	0	0	0	0	0	-90	-89	-86	-88	0	-88	0	0	0	0	0	0	0	0	-92	0	0	0	0	0	0	0	0	0	0	0	0	0	0	0	0	0	0	0	0	0	0	0	0	0	0	0	0	0	0	0	0	0	0	0	0	0	0	0	0	0	0	0	0	0	0	0	0	0	0	0	0	0	0	0	0	0	0	0	0	0	0	0	0	0	0	0	0	0	3387	-2020	271	25615	-7701	-222	-38	969	225	-1	-1	-1	-38	954	220	1606974635
0	-59	-51	0	-72	0	0	0	-76	0	-76	-78	-80	0	0	0	-84	-87	-87	-88	0	0	-87	-89	-85	-84	0	-88	-87	0	-87	-88	-88	-68	-68	0	0	0	0	0	0	0	0	0	0	0	0	-89	0	0	0	0	0	0	0	0	0	0	0	0	0	0	0	0	0	0	0	0	0	-91	0	0	0	0	0	0	0	0	0	0	0	0	0	0	0	0	0	0	0	0	0	0	0	0	0	0	0	0	0	0	0	0	0	0	0	0	0	0	0	0	0	0	0	0	0	0	0	0	0	0	0	0	0	0	0	0	0	0	0	3379	-2028	271	25615	-7702	-221	-39	969	223	-1	-1	-1	-38	954	220	1606974637
-59	0	-52	-73	0	0	-75	-74	-78	-81	-78	-79	-78	0	0	0	0	-91	-91	-91	0	0	-89	-91	0	0	-88	-89	-88	0	-88	-88	-89	-70	0	0	0	0	0	0	0	0	0	0	0	0	0	0	0	0	0	0	0	0	0	-89	0	0	0	-92	0	0	0	0	0	0	0	0	0	-91	0	0	0	0	0	0	0	0	0	0	0	0	0	0	0	0	0	0	0	0	0	0	0	0	0	0	0	0	0	0	0	0	0	0	0	0	0	0	0	0	0	0	0	0	0	0	0	0	0	0	0	0	0	0	0	0	0	0	0	3379	-2035	287	25616	-7703	-221	-38	970	222	-1	-1	-1	-38	954	220	1606974638
-57	-61	-50	-73	-70	0	-72	-70	-76	-81	-77	-77	-80	-69	0	0	0	-88	-88	-88	0	-83	-89	-87	0	0	0	-89	-88	0	-87	-87	-88	-70	-69	0	0	0	0	0	0	0	0	-78	0	0	0	0	0	0	0	0	0	0	0	0	0	0	-79	0	0	0	0	0	0	0	0	0	0	0	0	0	0	0	0	0	0	0	0	0	0	0	0	0	0	0	0	0	0	0	0	0	0	0	0	0	0	0	0	0	0	0	0	0	0	0	0	0	0	0	0	0	0	0	0	0	0	0	0	0	0	0	0	0	0	0	0	0	0	3379	-2035	316	25615	-7702	-221	-39	970	222	-1	-1	0	-38	954	220	1606974640
0	-58	-50	-72	-70	-70	0	-71	-77	0	-77	-77	-81	-70	0	0	0	-89	-88	-88	0	-88	-87	-88	0	0	-89	-89	-88	0	0	-87	0	-66	0	0	0	0	0	0	0	0	0	0	0	0	0	0	0	0	0	0	0	0	0	0	0	0	0	-91	0	0	0	0	0	0	0	0	0	0	0	0	0	0	0	0	0	0	0	0	0	0	0	0	0	0	0	0	0	0	0	0	0	0	0	0	0	0	0	0	0	0	0	0	0	0	0	0	0	0	0	0	0	0	0	0	0	0	0	0	0	0	0	0	0	0	0	0	0	3379	-2020	287	25614	-7701	-223	-39	970	223	-1	-1	-1	-39	954	220	1606974641
0	0	0	-73	0	0	0	-73	-80	0	-79	-79	-78	-70	0	0	0	-91	-91	-91	0	0	-91	-91	0	0	0	-89	-88	-93	-87	-89	-89	-68	0	0	0	0	0	0	0	0	0	0	0	0	0	0	0	0	0	0	0	0	0	0	0	0	0	-93	0	0	0	0	0	0	0	0	0	0	0	0	0	0	0	0	0	0	0	0	0	0	0	0	0	0	0	0	0	0	0	0	0	0	0	0	0	0	0	0	0	0	0	0	0	0	0	0	0	0	0	0	0	0	0	0	0	0	0	0	0	0	0	0	0	0	0	0	0	3379	-2043	272	25616	-7703	-220	-40	970	220	-1	-1	-1	-38	954	219	1606974643
0	0	-49	-72	0	-68	-70	-70	-77	-81	-77	-77	-81	-73	0	0	0	-89	-88	-87	0	-85	-87	-86	0	0	0	-88	-89	0	-89	-87	-90	-68	0	0	0	0	0	0	0	0	0	0	0	0	0	0	0	0	0	0	0	0	0	0	0	0	0	-91	0	0	0	0	0	0	0	0	0	0	0	0	0	0	0	0	0	0	0	0	0	0	0	0	0	0	0	0	0	0	0	0	0	0	0	0	0	0	0	0	0	0	0	0	0	0	0	0	0	0	0	0	0	0	0	0	0	0	0	0	0	0	0	0	0	0	0	0	0	3424	-2006	279	25614	-7700	-220	-39	970	223	-1	-1	0	-38	954	220	1606974645
-60	0	-49	-73	-70	0	-74	-72	-77	0	-78	-76	-80	-74	0	0	0	-87	-88	-86	0	0	-89	-87	0	0	-90	-89	-90	0	0	-89	-88	-71	0	0	0	0	0	0	0	0	0	0	0	0	0	0	0	0	0	0	0	0	0	0	0	0	0	0	0	0	0	0	0	0	0	0	0	0	0	0	0	0	0	0	0	0	0	0	0	0	0	0	0	0	0	0	0	0	0	0	0	0	0	0	0	0	0	0	0	0	0	0	0	0	0	0	0	0	0	0	0	0	0	0	0	0	0	0	0	0	0	0	0	0	0	0	0	3372	-2020	271	25617	-7705	-222	-38	970	224	-1	-1	-1	-38	954	219	1606974646
0	-59	-50	-74	-70	0	-69	-69	-78	0	-77	-77	-78	-69	0	0	-83	-90	-91	-89	-85	-83	-89	-90	-83	-84	0	-88	-88	0	-88	-88	-88	-70	-69	0	0	0	0	0	0	0	0	-80	0	0	0	0	0	0	0	0	0	0	0	0	0	0	0	-92	0	0	0	0	0	0	0	0	0	0	0	0	0	0	0	0	0	0	0	0	0	0	0	0	0	0	0	0	0	0	0	0	0	0	0	0	0	0	0	0	0	0	0	0	0	0	0	0	0	0	0	0	0	0	0	0	0	0	0	0	0	0	0	0	0	0	0	0	0	3364	-2020	346	25615	-7702	-221	-39	969	221	-1	-1	0	-38	954	220	1606974648
-54	0	-52	-76	-66	-67	0	0	-77	-77	0	-78	-80	0	0	0	0	-87	-86	-86	0	0	-85	-87	0	0	0	-89	-89	0	0	-88	-88	-67	0	0	0	0	0	0	0	0	0	0	0	0	0	-90	0	0	0	0	0	0	0	0	0	0	0	-96	0	0	0	0	0	0	0	0	0	0	0	0	0	0	0	0	0	0	0	0	0	0	0	0	0	0	0	0	0	0	0	0	0	0	0	0	0	0	0	0	0	0	0	0	0	0	0	0	0	0	0	0	0	0	0	0	0	0	0	0	0	0	0	0	0	0	0	0	0	3364	-2020	316	25618	-7707	-222	-39	970	221	-1	-1	0	-38	955	219	1606974649
-62	-61	-49	-74	-66	0	-72	-70	-77	0	-78	-77	-79	-72	0	0	0	-87	-86	-87	0	-81	-86	-87	0	0	0	-88	-89	0	-90	-88	-89	-65	0	0	0	0	0	0	0	0	0	-79	0	0	0	0	0	0	0	0	0	0	0	0	0	0	0	-93	0	0	0	0	0	0	0	0	0	0	0	0	0	0	0	0	0	0	0	0	0	0	0	0	0	0	0	0	0	0	0	0	0	0	0	0	0	0	0	0	0	0	0	0	0	0	0	0	0	0	0	0	0	0	0	0	0	0	0	0	0	0	0	0	0	0	0	0	0	3424	-2066	279	25617	-7705	-222	-40	970	220	0	0	0	-38	954	219	1606974651
-53	-61	-50	0	-68	-68	-70	-69	-78	0	-77	-78	-80	-70	0	0	-83	-85	-86	-87	-83	-82	-86	-86	-82	-85	0	-88	-88	0	0	-89	-89	-66	-68	0	0	0	0	0	0	0	0	0	0	0	0	0	0	0	0	0	0	0	0	0	0	0	0	0	0	0	0	0	0	0	0	0	0	0	0	0	0	0	0	0	0	0	0	0	0	0	0	0	0	0	0	0	0	0	0	0	0	0	0	0	0	0	0	0	0	0	0	0	0	0	0	0	0	0	0	0	0	0	0	0	0	0	0	0	0	0	0	0	0	0	0	0	0	3364	-2035	271	25620	-7711	-224	-42	971	217	0	0	-1	-39	955	218	1606974653
-51	-53	-52	-72	-66	-68	-74	-69	-78	-77	-77	-78	-77	-72	0	0	0	-92	-92	-91	0	0	-91	-91	0	0	0	-89	-90	0	-88	-90	-90	-70	-68	0	0	0	0	0	0	0	0	-80	0	0	0	0	0	0	0	0	0	0	0	0	0	0	0	-93	0	0	0	0	0	0	0	0	0	0	0	0	0	0	0	0	0	0	0	0	0	0	0	0	0	0	0	0	0	0	0	0	0	0	0	0	0	0	0	0	0	0	0	0	0	0	0	0	0	0	0	0	0	0	0	0	0	0	0	0	0	0	0	0	0	0	0	0	0	3364	-2035	257	25619	-7709	-222	-41	971	221	-1	-1	0	-38	955	219	1606974654
-50	-55	-51	-70	-66	0	-70	-70	-77	-78	-77	-77	-79	-74	0	0	0	-94	-90	-90	0	0	-93	-91	0	0	0	-88	-88	-93	-88	-89	-88	-71	0	0	0	0	0	0	0	0	0	0	0	0	0	0	0	0	0	0	0	0	0	-89	0	0	-76	-92	0	0	0	0	0	0	0	0	0	-91	0	0	0	0	0	0	0	0	0	0	0	0	0	0	0	0	0	0	0	0	0	0	0	0	0	0	0	0	0	0	0	0	0	0	0	0	0	0	0	0	0	0	0	0	0	0	0	0	0	0	0	0	0	0	0	0	0	0	0	3424	-2028	279	25619	-7710	-223	-39	969	222	0	-1	-1	-39	955	218	1606974656
-54	-54	-50	-71	-70	-67	0	0	-75	-76	-74	-74	-79	0	0	0	0	-87	-88	-88	0	0	-88	-87	0	0	0	-89	-87	0	-88	-88	-88	-71	0	0	0	0	0	0	0	0	0	0	0	0	0	-87	0	0	0	0	0	0	0	0	0	0	0	-90	0	0	0	0	0	0	0	0	0	-91	0	0	0	0	0	0	0	0	0	0	0	0	0	0	0	0	0	0	0	0	0	0	0	0	0	0	0	0	0	0	0	0	0	0	0	0	0	0	0	0	0	0	0	0	0	0	0	0	0	0	0	0	0	0	0	0	0	0	0	3379	-2065	272	25618	-7708	-223	-36	971	221	0	0	-1	-39	955	219	1606974658
-54	-55	0	0	-70	0	-69	-70	-74	-78	-74	-75	-81	-69	0	0	-85	-87	-88	-88	-83	-83	-88	-88	-82	-82	0	-88	-88	0	-89	-89	-89	-73	-68	0	0	0	0	0	0	0	0	-79	0	0	0	0	0	0	0	0	0	0	0	0	0	0	0	0	0	0	0	0	0	0	0	0	0	0	0	0	0	0	0	0	0	0	0	0	0	0	0	0	0	0	0	0	0	0	0	0	0	0	0	0	0	0	0	0	0	0	0	0	0	0	0	0	0	0	0	0	0	0	0	0	0	0	0	0	0	0	0	0	0	0	0	0	0	3424	-2065	249	25619	-7709	-221	-39	970	220	-1	-1	0	-38	955	219	1606974659
-62	-55	-49	-72	-73	0	-71	-72	-76	-80	-77	-76	-80	-73	0	0	0	-90	-92	-91	0	-83	-91	-90	0	0	0	-89	-88	0	-88	-88	-87	-68	0	0	0	0	0	0	0	0	-93	0	0	0	0	0	0	0	0	0	0	0	0	0	0	0	0	-94	0	0	0	0	0	0	0	0	0	-89	0	0	0	0	0	0	0	0	0	0	0	0	0	0	0	0	0	0	0	0	0	0	0	0	0	0	0	0	0	0	0	0	0	0	0	0	0	0	0	0	0	0	0	0	0	0	0	0	0	0	0	0	0	0	0	0	0	0	0	3364	-2020	271	25617	-7705	-221	-35	968	227	0	0	0	-38	955	219	1606974661
0	-56	0	-70	0	-71	0	-70	-76	0	-77	-77	-81	-71	0	0	0	-87	-87	-86	0	0	-86	-88	0	0	0	-89	-89	0	0	-87	0	-74	0	0	0	0	0	0	0	0	0	0	0	0	0	0	0	0	0	0	0	0	0	0	0	0	0	0	0	0	0	0	0	0	0	0	0	0	0	0	0	0	0	0	0	0	0	0	0	0	0	0	0	0	0	0	0	0	0	0	0	0	0	0	0	0	0	0	0	0	0	0	0	0	0	0	0	0	0	0	0	0	0	0	0	0	0	0	0	0	0	0	0	0	0	0	0	3364	-2005	256	25617	-7707	-224	-39	971	218	-1	0	-1	-39	955	219	1606974663
-61	-56	-50	-66	-66	-67	-71	0	-76	-79	-77	-77	-78	-74	0	0	0	-90	-91	-91	0	-82	-91	-91	0	0	0	-90	-88	0	0	-88	-88	-73	-69	0	0	0	0	0	0	0	0	0	0	0	0	0	0	0	0	0	0	0	0	0	0	0	0	-94	0	0	0	0	0	0	0	0	0	-91	0	0	0	0	0	0	0	0	0	0	0	0	0	0	0	0	0	0	0	0	0	0	0	0	0	0	0	0	0	0	0	0	0	0	0	0	0	0	0	0	0	0	0	0	0	0	0	0	0	0	0	0	0	0	0	0	0	0	0	3387	-2080	257	25621	-7712	-221	-39	970	219	-1	-1	0	-38	955	218	1606974664
-56	-55	-50	0	-67	0	-71	-69	-76	-78	-75	-76	-80	-71	0	0	0	-85	-87	-87	0	0	-86	-86	0	0	0	-88	-88	0	0	-89	-89	-66	0	0	0	0	0	0	0	0	0	0	0	0	0	0	0	0	0	0	0	0	0	0	0	0	0	0	0	0	0	0	0	0	0	0	0	0	0	0	0	0	0	0	0	0	0	0	0	0	0	0	0	0	0	0	0	0	0	0	0	0	0	0	0	0	0	0	0	0	0	0	0	0	0	0	0	0	0	0	0	0	0	0	0	0	0	0	0	0	0	0	0	0	0	0	0	3364	-2035	271	25619	-7709	-222	-40	970	222	-1	-1	0	-38	955	219	1606974666
-58	-58	-49	-69	0	-67	-69	-70	-77	0	-77	-77	-80	-70	0	0	0	-87	-87	0	0	-87	-86	-87	0	0	0	-89	-89	0	0	-89	-89	-66	0	0	0	0	0	0	0	0	0	-80	0	0	0	0	0	0	0	0	0	0	0	0	0	0	0	0	0	0	0	0	0	0	0	0	0	0	0	0	0	0	0	0	0	0	0	0	0	0	0	0	0	0	0	0	0	0	0	0	0	0	0	0	0	0	0	0	0	0	0	0	0	0	0	0	0	0	0	0	0	0	0	0	0	0	0	0	0	0	0	0	0	0	0	0	0	3379	-2028	287	25620	-7711	-222	-41	970	223	0	0	0	-38	955	218	1606974667
-54	-55	-49	-63	-68	-67	-70	-69	-79	-78	-80	-80	-79	-69	0	0	-86	-92	-91	-91	-85	-85	-90	-90	-86	-85	0	-87	-88	0	-88	-88	-88	-70	-70	0	0	0	0	0	0	0	0	0	0	0	0	0	0	0	0	0	0	0	0	0	0	0	0	-91	0	0	0	0	0	0	0	0	0	-92	0	0	0	0	0	0	0	0	0	0	0	0	0	0	0	0	0	0	0	0	0	0	0	0	0	0	0	0	0	0	0	0	0	0	0	0	0	0	0	0	0	0	0	0	0	0	0	0	0	0	0	0	0	0	0	0	0	0	0	3379	-2020	316	25618	-7707	-221	-37	971	218	-1	0	0	-38	955	219	1606974669
-54	-54	-50	-66	-66	-67	0	0	-78	-77	-80	-79	-78	0	0	0	0	-91	-90	-90	0	0	-92	-91	0	0	0	-88	-88	0	-90	-88	0	-70	-69	0	0	0	0	0	0	0	0	0	0	0	0	0	0	0	0	0	0	0	0	0	0	0	0	-90	0	0	0	0	0	0	0	0	0	0	0	0	0	0	0	0	0	0	0	0	0	0	0	0	0	0	0	0	0	0	0	0	0	0	0	0	0	0	0	0	0	0	0	0	0	0	0	0	0	0	0	0	0	0	0	0	0	0	0	0	0	0	0	0	0	0	0	0	0	3379	-2005	287	25620	-7711	-222	-37	970	221	-1	0	-1	-38	955	218	1606974671
-54	-57	-49	0	-67	-68	0	0	-79	0	-80	-79	-78	0	0	0	-84	-91	-91	-91	0	-85	-91	-92	0	-82	0	-88	-89	0	-87	-88	-89	-72	0	0	0	0	0	0	0	0	0	0	0	0	0	0	0	0	0	0	0	0	0	0	0	0	0	-92	0	0	0	0	0	0	0	0	0	-91	0	0	0	0	0	0	0	0	0	0	0	0	0	0	0	0	0	0	0	0	0	0	0	0	0	0	0	0	0	0	0	0	0	0	0	0	0	0	0	0	0	0	0	0	0	0	0	0	0	0	0	0	0	0	0	0	0	0	0	3379	-2020	287	25619	-7709	-221	-42	970	219	-1	-1	0	-38	955	218	1606974672
-51	-57	0	-68	-66	0	-71	-70	-77	-76	-78	-78	-77	-71	0	0	-87	-85	-85	-86	-86	-85	-87	-88	-84	-85	0	-88	-89	0	0	-87	-89	-67	-70	0	0	0	0	0	0	0	0	0	0	0	0	0	0	0	0	0	0	0	0	0	0	0	0	-93	0	0	0	0	0	0	0	0	0	0	0	0	0	0	0	0	0	0	0	0	0	0	0	0	0	0	0	0	0	0	0	0	0	0	0	0	0	0	0	0	0	0	0	0	0	0	0	0	0	0	0	0	0	0	0	0	0	0	0	0	0	0	0	0	0	0	0	0	0	3409	-2065	272	25619	-7709	-221	-40	970	218	0	0	-1	-38	955	219	1606974674
-58	-58	0	-66	-67	0	-72	-71	-78	0	-78	-78	-77	-70	0	0	0	-93	-90	-92	0	0	-91	-92	0	0	0	-89	-89	0	-89	-88	-88	-69	0	0	0	0	0	0	0	0	0	0	0	0	0	0	0	0	0	0	0	0	0	0	0	0	0	-92	0	0	0	0	0	0	0	0	0	-92	0	0	0	0	0	0	0	0	0	0	0	0	0	0	0	0	0	0	0	0	0	0	0	0	0	0	0	0	0	0	0	0	0	0	0	0	0	0	0	0	0	0	0	0	0	0	0	0	0	0	0	0	0	0	0	0	0	0	0	3364	-2020	271	25621	-7712	-223	-36	970	222	0	0	-1	-39	955	218	1606974676
-59	-56	-62	0	0	0	-70	-74	-79	-79	-79	-79	-77	-71	0	0	0	-92	-92	-91	0	-84	0	-92	0	0	0	-89	-89	0	-88	-88	-88	-70	0	0	0	0	0	0	0	0	0	0	0	0	0	0	0	0	0	0	0	0	0	0	0	0	0	-92	0	0	0	0	0	0	0	0	0	0	0	0	0	0	0	0	0	0	0	0	0	0	0	0	0	0	0	0	0	0	0	0	0	0	0	0	0	0	0	0	0	0	0	0	0	0	0	0	0	0	0	0	0	0	0	0	0	0	0	0	0	0	0	0	0	0	0	0	0	3364	-2065	287	25620	-7711	-222	-37	970	225	0	0	-1	-38	955	218	1606974677
-53	-57	-48	0	-67	0	-74	-70	-76	-78	-76	-77	-78	-70	0	0	-84	-92	-91	-91	-84	-86	-92	-90	-88	-87	0	-89	-88	0	-87	-88	-88	-68	0	0	0	0	0	0	0	0	0	0	0	0	0	0	0	0	0	0	0	0	0	0	0	0	0	-95	0	0	0	0	0	0	0	0	0	0	0	0	0	0	0	0	0	0	0	0	0	0	0	0	0	0	0	0	0	0	0	0	0	0	0	0	0	0	0	0	0	0	0	0	0	0	0	0	0	0	0	0	0	0	0	0	0	0	0	0	0	0	0	0	0	0	0	0	0	3334	-1968	271	25623	-7716	-223	-39	969	222	-1	0	-1	-39	955	217	1606974679
-55	-55	-49	-71	-68	0	-68	-67	-76	-78	-75	-76	-79	-69	0	0	0	-91	-91	-90	0	-84	0	-91	0	0	0	-88	-89	0	-88	-87	-89	-67	0	0	0	0	0	0	0	0	0	0	0	0	0	0	0	0	0	0	0	0	0	-88	0	0	0	-93	0	0	0	0	0	0	0	0	0	0	0	0	0	0	0	0	0	0	0	0	0	0	0	0	0	0	0	0	0	0	0	0	0	0	0	0	0	0	0	0	0	0	0	0	0	0	0	0	0	0	0	0	0	0	0	0	0	0	0	0	0	0	0	0	0	0	0	0	0	3372	-2035	272	25618	-7707	-222	-37	970	226	-1	-1	0	-38	955	219	1606974680
-53	-56	-53	-69	-68	0	-71	-69	-76	0	-75	-75	-78	-68	0	0	0	-92	-91	-92	0	0	-90	-91	0	0	0	-88	-87	0	-88	-88	-88	-72	0	0	0	0	0	0	0	0	0	0	0	0	0	0	0	0	0	0	0	0	0	0	0	0	0	-95	0	0	0	0	0	0	0	0	0	0	0	0	0	0	0	0	0	0	0	0	0	0	0	0	0	0	0	0	0	0	0	0	0	0	0	0	0	0	0	0	0	0	0	0	0	0	0	0	0	0	0	0	0	0	0	0	0	0	0	0	0	0	0	0	0	0	0	0	0	3379	-2035	287	25621	-7713	-223	-37	969	220	0	0	-1	-38	955	218	1606974682
-54	-55	-53	-74	-65	-68	-70	-70	-75	-77	-77	-76	-77	-71	0	0	-82	-92	-90	-92	-84	-85	-93	-90	-85	-84	0	0	0	0	0	0	0	-70	-70	0	0	0	0	0	0	0	0	-78	0	0	-90	0	0	0	-91	0	0	0	0	0	0	0	0	-93	0	0	0	0	0	0	0	0	0	0	0	0	0	0	0	0	0	0	0	0	0	0	0	0	0	0	0	0	0	0	0	0	0	0	0	0	0	0	0	0	0	0	0	0	0	0	0	0	0	0	0	0	0	0	0	0	0	0	0	0	0	0	0	0	0	0	0	0	0	3379	-2013	316	25620	-7710	-222	-40	970	222	0	0	-1	-38	955	218	1606974683
-52	-58	-49	-76	-63	-69	0	0	-77	-77	-77	-75	-78	-69	0	0	0	-92	-92	-91	0	-85	-91	-91	0	0	0	-88	-88	0	-89	-89	-90	-71	0	0	0	0	0	0	0	0	0	0	0	0	0	0	0	0	0	0	0	0	0	0	0	0	0	-92	0	0	0	0	0	0	0	0	0	0	0	0	0	0	0	0	0	0	0	0	0	0	0	0	0	0	0	0	0	0	0	0	0	0	0	0	0	0	0	0	0	0	0	0	0	0	0	0	0	0	0	0	0	0	0	0	0	0	0	0	0	0	0	0	0	0	0	0	0	3334	-2020	286	25622	-7713	-222	-41	969	219	-1	0	0	-38	955	218	1606974685
0	-56	-51	-77	0	0	-71	-70	-76	-79	-76	-76	-78	-70	0	0	0	-86	-87	-87	0	0	-87	-87	0	0	0	-89	-89	0	-89	-90	-90	-68	-67	0	0	0	0	0	0	0	0	0	0	0	0	0	0	0	-91	0	0	0	0	0	0	0	0	-94	0	0	0	0	0	0	0	0	0	0	0	0	0	0	0	0	0	0	0	0	0	0	0	0	0	0	0	0	0	0	0	0	0	0	0	0	0	0	0	0	0	0	0	0	0	0	0	0	0	0	0	0	0	0	0	0	0	0	0	0	0	0	0	0	0	0	0	0	0	3410	-2073	332	25619	-7709	-222	-37	971	220	0	0	-1	-38	955	219	1606974687
-57	-54	0	-71	-65	-67	-70	-69	-75	0	-74	-74	-77	-69	0	0	-86	-86	-88	-87	-85	-84	-86	-87	-85	-84	0	-88	-89	0	0	-89	-87	-67	0	0	0	0	0	0	0	0	0	0	0	0	0	0	0	0	0	0	0	0	0	0	0	0	0	0	0	0	0	0	0	0	0	0	0	0	0	0	0	0	0	0	0	0	0	0	0	0	0	0	0	0	0	0	0	0	0	0	0	0	0	0	0	0	0	0	0	0	0	0	0	0	0	0	0	0	0	0	0	0	0	0	0	0	0	0	0	0	0	0	0	0	0	0	0	3409	-2080	249	25621	-7712	-222	-40	969	223	-1	-1	-1	-38	955	218	1606974688
0	-56	-49	0	0	0	0	0	-76	-77	-76	-77	-76	0	0	0	0	-86	-88	-86	0	0	-87	-86	0	0	-87	-89	-88	0	-88	-88	-88	-68	0	0	0	0	0	0	0	0	0	0	0	0	0	-90	0	0	0	0	0	0	0	0	0	0	0	0	0	0	0	0	0	0	0	0	0	0	0	0	0	0	0	0	0	0	0	0	0	0	0	0	0	0	0	0	0	0	0	0	0	0	0	0	0	0	0	0	0	0	0	0	0	0	0	0	0	0	0	0	0	0	0	0	0	0	0	0	0	0	0	0	0	0	0	0	0	3409	-2051	331	25621	-7712	-220	-39	971	220	-1	-1	0	-38	955	218	1606974690
-51	-55	-49	0	0	-66	-70	-70	-79	-76	0	-79	-79	-69	0	0	-88	-87	-86	-86	-85	-85	-86	-86	-87	-85	-91	-89	-89	0	0	-89	-89	-69	0	0	0	0	0	0	0	0	0	0	0	0	0	0	0	0	0	0	0	0	0	0	0	0	0	0	0	0	0	0	0	0	0	0	0	0	0	0	0	0	0	0	0	0	0	0	0	0	0	0	0	0	0	0	0	0	0	0	0	0	0	0	0	0	0	0	0	0	0	0	0	0	0	0	0	0	0	0	0	0	0	0	0	0	0	0	0	0	0	0	0	0	0	0	0	3334	-2020	316	25622	-7715	-224	-41	970	219	-1	-1	0	-39	955	218	1606974691
-54	-53	-49	-70	0	0	-69	-69	-80	-76	-80	-80	-79	-69	0	0	-84	-87	-87	-86	-86	0	-88	-87	-83	-85	-88	-90	-89	0	-89	-88	-87	-67	-69	0	0	0	0	0	0	0	0	0	0	0	0	0	0	0	0	0	0	0	0	0	0	0	0	0	0	0	0	0	0	0	0	0	0	0	0	0	0	0	0	0	0	0	0	0	0	0	0	0	0	0	0	0	0	0	0	0	0	0	0	0	0	0	0	0	0	0	0	0	0	0	0	0	0	0	0	0	0	0	0	0	0	0	0	0	0	0	0	0	0	0	0	0	0	3372	-2020	287	25620	-7711	-225	-39	970	220	0	0	-1	-39	955	218	1606974693
-55	-57	-49	-71	-67	-67	-67	-71	-79	-76	-81	-81	-80	-71	0	0	0	-88	-87	-86	0	0	-86	-87	0	0	-88	-89	-88	0	-87	-89	-89	-68	0	0	0	0	0	0	0	0	0	0	0	0	0	0	0	0	0	0	0	0	0	0	0	0	0	0	0	0	0	0	0	0	0	0	0	-90	0	0	0	0	0	0	0	0	0	0	0	0	0	0	0	0	0	0	0	0	0	0	0	0	0	0	0	0	0	0	0	0	0	0	0	0	0	0	0	0	0	0	0	0	0	0	0	0	0	0	0	0	0	0	0	0	0	0	0	3364	-2005	256	25623	-7715	-221	-39	970	219	-1	-1	0	-38	955	218	1606974695
0	-54	-49	0	0	0	0	0	-76	-78	-77	-75	-78	0	0	0	0	-87	-87	-87	0	-84	-87	-86	0	0	-87	-87	-89	0	-89	-89	-87	-68	0	0	0	0	0	0	0	0	0	0	0	0	0	0	0	0	0	0	0	0	0	0	0	0	0	-95	0	0	0	0	0	0	0	0	0	-91	-89	0	0	0	0	0	0	0	0	0	0	0	0	0	0	0	0	0	0	0	0	0	0	0	0	0	0	0	0	0	0	0	0	0	0	0	0	0	0	0	0	0	0	0	0	0	0	0	0	0	0	0	0	0	0	0	0	0	0	3379	-2020	287	25620	-7710	-223	-39	970	220	-1	0	-1	-39	955	218	1606974696
-54	0	-50	-71	-65	-68	-69	-69	-79	0	-78	-79	-79	-71	0	0	0	-89	-88	-88	0	0	-88	-87	0	0	0	-88	-89	0	-88	-88	-88	-68	0	0	0	0	0	0	0	0	0	0	0	0	0	0	0	0	0	0	0	0	0	0	0	0	0	-93	0	0	0	0	0	0	0	0	0	-91	0	0	0	0	0	0	0	0	0	0	0	0	0	0	0	0	0	0	0	0	0	0	0	0	0	0	0	0	0	0	0	0	0	0	0	0	0	0	0	0	0	0	0	0	0	0	0	0	0	0	0	0	0	0	0	0	0	0	0	3379	-2035	287	25621	-7713	-224	-39	969	222	0	0	-1	-39	955	218	1606974698
-54	-60	-47	-70	-66	0	-69	-69	-80	0	-78	-78	-80	-70	0	0	0	-86	-87	-88	0	0	-87	-87	0	0	0	-88	-90	0	0	-89	-89	-67	0	0	0	0	0	0	0	0	0	-80	0	0	0	0	0	0	0	0	0	0	0	0	0	0	0	-94	0	0	0	0	0	0	0	0	0	0	0	0	0	0	0	0	0	0	0	0	0	0	0	0	0	0	0	0	0	0	0	0	0	0	0	0	0	0	0	0	0	0	0	0	0	0	0	0	0	0	0	0	0	0	0	0	0	0	0	0	0	0	0	0	0	0	0	0	0	3394	-1983	271	25622	-7713	-220	-43	971	215	0	0	0	-38	955	218	1606974699
-53	-56	-48	-70	-67	-67	-71	-69	-80	-76	-79	-80	-82	-68	0	0	-84	-89	-88	-88	-85	-86	-88	-88	-85	-85	-88	-88	-88	0	0	-88	-89	-67	0	0	0	0	0	0	0	0	0	0	0	0	0	0	0	0	0	0	0	0	0	0	0	0	0	0	0	0	0	0	0	0	0	0	0	-91	0	0	0	0	0	0	0	0	0	0	0	0	0	0	0	0	0	0	0	0	0	0	0	0	0	0	0	0	0	0	0	0	0	0	0	0	0	0	0	0	0	0	0	0	0	0	0	0	0	0	0	0	0	0	0	0	0	0	0	3409	-2058	272	25621	-7713	-224	-37	969	225	-1	0	0	-39	955	218	1606974701
-54	0	-50	-73	0	0	-68	0	-81	-67	-80	-80	-79	0	0	0	0	-88	-87	-86	0	0	-86	-87	0	0	0	-88	-88	0	0	-89	-89	-68	0	0	0	0	0	0	0	0	0	0	0	0	0	0	0	0	0	0	0	0	0	0	0	0	0	-92	0	0	0	0	0	0	0	0	0	-92	0	0	0	0	0	0	0	0	0	0	0	0	0	0	0	0	0	0	0	0	0	0	0	0	0	0	0	0	0	0	0	0	0	0	0	0	0	0	0	0	0	0	0	0	0	0	0	0	0	0	0	0	0	0	0	0	0	0	0	3409	-1990	256	25618	-7708	-222	-40	969	221	-1	-1	0	-38	955	219	1606974703
-58	-59	-49	-73	-66	-68	-69	-69	-81	-77	-80	-80	-79	-70	0	0	0	-87	-87	-87	0	-84	-86	-86	0	0	0	-87	-87	0	0	-88	-89	-65	-68	0	0	0	0	0	0	0	0	0	0	0	0	0	0	0	0	0	0	0	0	0	0	0	0	-93	0	0	0	0	0	0	0	0	0	-90	0	0	0	0	0	0	0	0	0	0	0	0	0	0	0	0	0	0	0	0	0	0	0	0	0	0	0	0	0	0	0	0	0	0	0	0	0	0	0	0	0	0	0	0	0	0	0	0	0	0	0	0	0	0	0	0	0	0	0	3409	-2013	249	25621	-7712	-221	-39	970	221	0	-1	-1	-38	955	218	1606974704
-57	-57	-50	-73	0	-67	-72	-70	-77	-74	-79	-78	-78	-68	0	0	0	-91	-91	-90	-83	-85	-92	-89	0	0	0	-88	-89	0	-88	-88	-89	-70	-70	0	0	0	-94	0	0	0	0	0	0	0	0	0	0	0	0	0	0	0	0	0	0	0	0	-93	0	0	0	0	0	0	0	0	0	0	0	0	0	0	0	0	0	0	0	0	0	0	0	0	0	0	0	0	0	0	0	0	0	0	0	0	0	0	0	0	0	0	0	0	0	0	0	0	0	0	0	0	0	0	0	0	0	0	0	0	0	0	0	0	0	0	0	0	0	3387	-1998	257	25621	-7712	-222	-40	970	221	0	-1	0	-38	955	218	1606974706
-58	-52	-49	-79	-66	-68	-71	-70	-76	0	-78	-78	-77	-70	0	0	-85	-90	-91	-92	-84	-84	-93	-93	-85	-84	-90	-89	-90	0	0	-88	-88	-70	0	0	0	0	0	0	0	0	0	0	0	0	0	0	0	0	0	0	0	0	0	0	0	0	0	-92	0	0	0	0	0	0	0	0	0	0	0	0	0	0	0	0	0	0	0	0	0	0	0	0	0	0	0	0	0	0	0	0	0	0	0	0	0	0	0	0	0	0	0	0	0	0	0	0	0	0	0	0	0	0	0	0	0	0	0	0	0	0	0	0	0	0	0	0	0	3379	-2013	287	25618	-7707	-222	-39	971	222	-1	0	0	-38	955	219	1606974707
-58	0	0	0	-67	0	0	0	-78	-75	-77	-76	-79	0	0	0	-82	-87	-86	-86	-83	-85	-87	-87	-84	-85	-88	-89	-89	0	-89	-90	-89	-64	0	0	0	0	0	0	0	0	0	0	0	0	0	0	0	0	0	0	0	0	0	0	0	0	0	0	0	0	0	0	0	0	0	0	0	0	0	0	0	0	0	0	0	0	0	0	0	0	0	0	0	0	0	0	0	0	0	0	0	0	0	0	0	0	0	0	0	0	0	0	0	0	0	0	0	0	0	0	0	0	0	0	0	0	0	0	0	0	0	0	0	0	0	0	0	3409	-1975	271	25620	-7710	-222	-39	971	220	0	0	0	-38	955	218	1606974709
-59	-53	-52	-70	0	0	-68	-71	-77	-74	-77	-79	-77	-71	0	0	-84	-93	-91	-90	-83	-86	-91	-91	-82	-87	-89	-90	-88	0	-88	-89	-90	-73	0	0	0	0	0	0	0	0	0	0	0	0	0	0	0	0	0	0	0	0	0	0	0	0	0	-94	0	0	0	0	0	0	0	0	0	0	0	0	0	0	0	0	0	0	0	0	0	0	0	0	0	0	0	0	0	0	0	0	0	0	0	0	0	0	0	0	0	0	0	0	0	0	0	0	0	0	0	0	0	0	0	0	0	0	0	0	0	0	0	0	0	0	0	0	0	3379	-2073	272	25619	-7709	-221	-39	970	222	0	-1	0	-38	955	219	1606974711
-54	-54	-49	-70	0	0	0	-70	-77	-76	-78	-78	-78	-71	0	0	-84	-92	-93	-91	0	0	0	-92	-83	0	-90	-88	-89	0	-88	-88	-89	-72	0	0	0	0	0	0	0	0	0	0	0	0	0	0	0	0	0	0	0	0	0	0	0	0	0	-93	0	0	0	0	0	0	0	0	0	0	0	0	0	0	0	0	0	0	0	0	0	0	0	0	0	0	0	0	0	0	0	0	0	0	0	0	0	0	0	0	0	0	0	0	0	0	0	0	0	0	0	0	0	0	0	0	0	0	0	0	0	0	0	0	0	0	0	0	0	3364	-2035	271	25619	-7709	-222	-39	970	222	0	-1	0	-38	955	219	1606974712
-58	-57	-48	-78	-68	0	-70	-69	-78	0	-78	-77	-78	-69	0	0	-83	-91	-91	-92	-84	-83	-92	-90	-82	-86	-86	-88	-89	0	0	-87	-88	-73	-70	0	0	0	0	0	0	0	0	0	0	0	0	0	0	0	0	0	0	0	0	0	0	0	0	-93	0	0	0	0	0	0	-88	0	0	-91	-87	0	0	0	0	0	0	0	0	0	0	0	0	0	0	0	0	0	0	0	0	0	0	0	0	0	0	0	0	0	0	0	0	0	0	0	0	0	0	0	0	0	0	0	0	0	0	0	0	0	0	0	0	0	0	0	0	0	0	3409	-1991	316	25617	-7706	-223	-40	970	221	0	0	0	-38	955	219	1606974714
-54	-58	-50	-76	-69	0	-69	-70	-78	-77	-78	-78	-79	-70	0	0	-85	-91	-91	0	-87	-85	0	-94	-86	-86	-87	-90	-88	0	0	-88	-88	-73	0	0	0	0	0	0	0	0	0	0	0	0	0	0	0	0	0	0	0	0	0	0	0	0	0	-92	0	0	0	0	0	0	0	0	0	0	0	0	0	0	0	0	0	0	0	0	0	0	0	0	0	0	0	0	0	0	0	0	0	0	0	0	0	0	0	0	0	0	0	0	0	0	0	0	0	0	0	0	0	0	0	0	0	0	0	0	0	0	0	0	0	0	0	0	0	3379	-2035	272	25620	-7711	-222	-39	970	221	0	0	0	-38	955	218	1606974716
0	-57	-50	0	0	-67	-71	-70	-78	-77	-78	-78	-79	-70	0	0	0	-85	-88	-87	0	-87	-88	-86	0	0	-87	-89	-88	0	-88	-89	-90	-64	0	0	0	0	0	0	0	0	0	0	0	0	0	0	0	0	0	0	0	0	0	0	0	0	0	0	0	0	0	0	0	0	0	0	0	0	0	0	0	0	0	0	0	0	0	0	0	0	0	0	0	0	0	0	0	0	0	0	0	0	0	0	0	0	0	0	0	0	0	0	0	0	0	0	0	0	0	0	0	0	0	0	0	0	0	0	0	0	0	0	0	0	0	0	0	3409	-2065	272	25618	-7707	-221	-39	969	222	0	0	0	-38	955	219	1606974717
-53	-56	-51	-70	0	-68	-71	-72	-77	-77	-78	-77	-79	-72	0	0	-84	-93	-93	0	-87	-86	0	-91	-84	-84	-83	-88	-89	0	-88	-89	-88	-72	0	0	0	0	0	0	0	0	0	0	0	0	0	-87	0	0	0	0	0	0	0	-89	0	0	0	-92	0	0	0	0	0	0	0	0	0	-91	0	0	0	0	0	0	0	0	0	0	0	0	0	0	0	0	0	0	0	0	0	0	0	0	0	0	0	0	0	0	0	0	0	0	0	0	0	0	0	0	0	0	0	0	0	0	0	0	0	0	0	0	0	0	0	0	0	0	0	3379	-2005	271	25619	-7709	-222	-39	970	221	0	0	0	-38	955	218	1606974719
-55	-55	-51	-73	-69	-66	-70	-70	-79	0	-77	-78	-80	-72	0	0	-85	-87	-86	-88	-82	-84	-87	-87	0	-84	-90	-90	-88	0	0	-89	-87	-65	0	0	0	0	0	0	0	0	0	0	0	0	0	0	0	0	0	0	0	0	0	0	0	0	0	-94	0	0	0	0	0	0	0	0	0	0	0	0	0	0	0	0	0	0	0	0	0	0	0	0	0	0	0	0	0	0	0	0	0	0	0	0	0	0	0	0	0	0	0	0	0	0	0	0	0	0	0	0	0	0	0	0	0	0	0	0	0	0	0	0	0	0	0	0	0	3424	-2028	271	25620	-7710	-222	-41	970	222	0	0	0	-38	955	218	1606974720
0	-57	-51	-72	0	0	-71	0	-78	0	0	-79	-80	-71	0	0	0	-87	-87	-88	0	0	-88	-87	0	0	0	-88	-88	0	0	-89	-89	-64	0	0	0	0	0	0	0	0	0	0	0	0	0	0	0	0	0	0	0	0	0	0	0	0	0	0	0	0	0	0	0	0	0	0	0	0	0	0	0	0	0	0	0	0	0	0	0	0	0	0	0	0	0	0	0	0	0	0	0	0	0	0	0	0	0	0	0	0	0	0	0	0	0	0	0	0	0	0	0	0	0	0	0	0	0	0	0	0	0	0	0	0	0	0	0	3394	-2020	301	25615	-7702	-220	-40	971	216	0	0	-1	-38	954	220	1606974722
-56	0	-50	-72	0	0	-71	-71	-77	0	-78	-77	-78	-72	0	0	0	-94	-92	-93	0	0	0	-92	0	0	-90	-89	-89	0	0	-89	-88	-71	-70	0	0	0	0	0	0	0	0	0	0	0	0	0	0	0	0	0	0	0	0	0	0	0	0	-93	0	0	0	0	0	0	0	0	0	0	0	0	0	0	0	0	0	0	0	0	0	0	0	0	0	0	0	0	0	0	0	0	0	0	0	0	0	0	0	0	0	0	0	0	0	0	0	0	0	0	0	0	0	0	0	0	0	0	0	0	0	0	0	0	0	0	0	0	0	3409	-2020	242	25619	-7709	-222	-34	972	224	0	0	-1	-38	955	218	1606974724
-60	0	-50	-72	-67	-67	-68	-70	-79	-76	-78	-78	-78	-71	0	0	0	-85	-86	-86	0	0	-85	-86	0	0	-88	-87	-88	0	-89	-88	-89	-67	0	0	0	0	0	0	0	0	0	0	-88	0	-88	0	-89	0	-90	0	0	0	-96	0	0	0	0	0	0	0	0	0	0	0	0	0	0	0	0	0	0	0	0	0	0	0	0	0	0	0	0	0	0	0	0	0	0	0	0	0	0	0	0	0	0	0	0	0	0	0	0	0	0	0	0	0	0	0	0	0	0	0	0	0	0	0	0	0	0	0	0	0	0	0	0	0	0	3364	-2058	316	25617	-7705	-220	-42	970	219	0	0	0	-38	954	219	1606974725
-55	-54	-51	-70	-67	-67	-70	-70	-77	0	-78	-79	-78	-69	0	0	-89	-86	-86	-86	-84	-83	-86	-87	-83	-85	-87	-87	-88	0	-88	-89	-88	-67	0	0	0	0	0	0	0	0	0	0	0	0	-90	0	0	0	-88	0	0	0	0	0	0	0	0	-93	0	0	0	0	0	0	0	0	0	0	0	0	0	0	0	0	0	0	0	0	0	0	0	0	0	0	0	0	0	0	0	0	0	0	0	0	0	0	0	0	0	0	0	0	0	0	0	0	0	0	0	0	0	0	0	0	0	0	0	0	0	0	0	0	0	0	0	0	0	3364	-2035	249	25615	-7702	-223	-43	969	217	0	0	0	-39	954	220	1606974727
0	-59	-52	-68	-66	0	-70	-72	-77	0	-78	-78	-79	-70	0	0	0	-86	-87	-87	0	0	-87	-88	0	0	-83	-88	-88	0	-89	-88	-90	-65	0	0	0	0	0	0	0	0	0	0	0	-89	-88	0	0	0	-88	0	0	0	0	0	0	0	0	-92	0	0	0	0	0	0	0	0	0	-92	0	0	0	0	0	0	0	0	0	0	0	0	0	0	0	0	0	0	0	0	0	0	0	0	0	0	0	0	0	0	0	0	0	0	0	0	0	0	0	0	0	0	0	0	0	0	0	0	0	0	0	0	0	0	0	0	0	0	0	3364	-2028	286	25617	-7705	-222	-42	968	227	-1	0	0	-38	955	219	1606974728
-60	0	-50	-70	-66	-67	-69	-69	-81	0	-81	-80	-78	-65	0	0	-79	-87	-87	-86	-82	-81	-87	-87	-84	-84	0	-88	-88	0	0	-87	-90	-66	0	0	0	0	0	0	0	0	0	0	0	0	0	0	0	0	0	0	0	0	0	0	0	0	0	-94	0	0	0	0	0	0	0	0	0	0	0	0	0	0	0	0	0	0	0	0	0	0	0	0	0	0	0	0	0	0	0	0	0	0	0	0	0	0	0	0	0	0	0	0	0	0	0	0	0	0	0	0	0	0	0	0	0	0	0	0	0	0	0	0	0	0	0	0	0	3439	-2036	287	25622	-7714	-224	-42	971	217	-1	0	-1	-39	955	218	1606974730
0	-55	-51	-74	0	0	-70	-69	-76	0	-77	-77	-79	-69	0	0	0	-87	-87	-87	0	-84	-86	-87	0	0	-91	-88	-88	0	-89	0	-87	-64	0	0	0	0	0	0	0	0	0	0	0	0	0	0	0	0	0	0	0	0	0	0	0	0	0	0	0	0	0	0	0	0	0	0	0	0	0	0	0	0	0	0	0	0	0	0	0	0	0	0	0	0	0	0	0	0	0	0	0	0	0	0	0	0	0	0	0	0	0	0	0	0	0	0	0	0	0	0	0	0	0	0	0	0	0	0	0	0	0	0	0	0	0	0	0	3364	-2020	286	25612	-7696	-221	-41	967	227	-1	-1	0	-38	954	221	1606974732
-56	0	-51	-74	0	0	0	-70	-78	0	-79	-79	-79	-71	0	0	0	-92	-90	-92	0	0	-91	-92	0	0	-89	-88	-87	0	-88	-88	-87	-72	0	0	0	0	0	0	0	0	0	0	0	0	0	-88	0	0	0	0	0	0	0	-89	0	0	0	-92	0	0	0	0	0	0	0	0	0	-93	0	0	0	0	0	0	0	0	0	0	0	0	0	0	0	0	0	0	0	0	0	0	0	0	0	0	0	0	0	0	0	0	0	0	0	0	0	0	0	0	0	0	0	0	0	0	0	0	0	0	0	0	0	0	0	0	0	0	0	3334	-2020	316	25615	-7702	-221	-39	971	224	0	0	0	-38	954	220	1606974733
-56	-57	-51	0	-67	0	-70	-71	-80	-78	-79	-78	-79	-70	0	0	-83	-92	-89	-90	-83	-87	-90	-89	-83	-84	-90	-88	-89	0	-88	-88	-89	-68	0	0	0	0	0	0	0	0	0	0	0	0	0	0	0	0	0	0	0	0	0	0	0	0	0	-92	0	0	0	0	0	0	0	0	0	0	0	0	0	0	0	0	0	0	0	0	0	0	0	0	0	0	0	0	0	0	0	0	0	0	0	0	0	0	0	0	0	0	0	0	0	0	0	0	0	0	0	0	0	0	0	0	0	0	0	0	0	0	0	0	0	0	0	0	0	3409	-2050	272	25615	-7701	-223	-41	971	214	-1	-1	0	-39	954	220	1606974735
-55	-59	-49	-73	-66	0	-68	-69	-79	-79	-78	-79	-79	-70	0	0	0	-91	-90	-89	0	-84	-91	-91	0	0	-91	-88	-87	0	-89	-88	-88	-70	0	0	0	0	0	0	0	0	0	0	0	0	-91	0	0	0	0	0	0	0	0	0	0	0	0	-93	0	0	0	0	0	0	0	0	0	-91	0	0	0	0	0	0	0	0	0	0	0	0	0	0	0	0	0	0	0	0	0	0	0	0	0	0	0	0	0	0	0	0	0	0	0	0	0	0	0	0	0	0	0	0	0	0	0	0	0	0	0	0	0	0	0	0	0	0	0	3379	-2035	287	25616	-7705	-224	-37	970	225	-1	0	-1	-39	954	219	1606974736
0	-58	-50	-74	0	0	-70	-71	-78	0	-76	-78	-77	-69	0	0	0	-92	-90	0	0	-83	0	-92	0	0	0	-89	-88	0	0	-87	-89	-70	-67	0	0	0	0	0	0	0	0	0	0	0	0	0	0	0	0	0	0	0	0	0	0	0	0	-91	0	0	0	0	0	0	0	0	0	0	0	0	0	0	0	0	0	0	0	0	0	0	0	0	0	0	0	0	0	0	0	0	0	0	0	0	0	0	0	0	0	0	0	0	0	0	0	0	0	0	0	0	0	0	0	0	0	0	0	0	0	0	0	0	0	0	0	0	0	3364	-2043	271	25613	-7699	-222	-42	969	224	0	0	-1	-38	954	220	1606974738
-55	-56	0	0	-67	0	-69	-68	-75	-77	-77	-76	-77	-69	0	0	-82	-91	-91	-90	-84	-83	-92	-92	-82	-82	-87	-89	-88	0	-90	-89	-90	-68	0	0	0	0	-94	0	0	0	0	0	0	0	0	0	0	-89	0	0	0	0	0	-86	0	0	0	-93	0	0	0	0	0	0	0	0	0	-93	0	0	0	0	0	0	0	0	0	0	0	0	0	0	0	0	0	0	0	0	0	0	0	0	0	0	0	0	0	0	0	0	0	0	0	0	0	0	0	0	0	0	0	0	0	0	0	0	0	0	0	0	0	0	0	0	0	0	0	3379	-2020	271	25616	-7703	-217	-45	971	217	-1	0	0	-38	954	220	1606974740
-56	-57	-51	-72	-68	-67	-69	-69	-75	0	-74	-75	-77	-69	0	0	0	-88	-87	-87	0	0	-86	-88	0	0	0	-88	-88	0	-89	-89	-88	-66	0	0	0	0	0	0	0	0	0	0	0	0	0	0	0	0	0	0	0	0	0	0	0	0	0	-94	0	0	0	0	0	0	0	0	0	0	0	0	0	0	0	0	0	0	0	0	0	0	0	0	0	0	0	0	0	0	0	0	0	0	0	0	0	0	0	0	0	0	0	0	0	0	0	0	0	0	0	0	0	0	0	0	0	0	0	0	0	0	0	0	0	0	0	0	0	3409	-2020	271	25617	-7705	-224	-37	969	226	0	0	-1	-39	954	219	1606974741
-57	-56	-49	-74	-69	-68	0	0	-77	0	-77	-78	-78	-70	0	0	-83	-92	-89	-90	-83	-83	-90	-90	-82	-83	0	-88	-88	0	-87	-87	-88	-68	-69	0	0	0	0	0	0	0	0	0	0	0	0	0	0	0	0	0	0	0	0	0	0	0	0	-93	0	0	0	0	0	0	0	0	0	0	0	0	0	0	0	0	0	0	0	0	0	0	0	0	0	0	0	0	0	0	0	0	0	0	0	0	0	0	0	0	0	0	0	0	0	0	0	0	0	0	0	0	0	0	0	0	0	0	0	0	0	0	0	0	0	0	0	0	0	3379	-2020	249	25617	-7706	-226	-33	969	228	0	0	-1	-39	955	219	1606974743
-57	-55	-50	0	-69	-69	-66	-69	-75	-70	-76	-76	-78	-69	0	0	-83	-90	-92	-91	-83	-83	-89	-90	-84	-81	-86	-87	-87	0	-88	-88	-88	-68	0	0	0	0	0	0	0	0	0	0	0	0	0	0	0	0	0	0	0	0	0	0	0	0	0	-93	0	0	0	0	0	0	0	0	0	0	0	0	0	0	0	0	0	0	0	0	0	0	0	0	0	0	0	0	0	0	0	0	0	0	0	0	0	0	0	0	0	0	0	0	0	0	0	0	0	0	0	0	0	0	0	0	0	0	0	0	0	0	0	0	0	0	0	0	0	3424	-2035	272	25616	-7702	-219	-39	971	218	-1	0	0	-38	954	220	1606974745
-54	-58	-50	-75	0	0	-69	-69	-75	-76	-75	-76	-78	-68	0	0	-83	-87	-87	-87	-86	-86	-86	-87	-82	-82	0	-87	-90	0	-88	-90	-89	-66	0	0	0	0	0	0	0	0	0	0	0	0	0	-90	0	0	0	0	0	0	0	-88	0	0	0	0	0	0	0	0	0	0	0	0	0	0	0	0	0	0	0	0	0	0	0	0	0	0	0	0	0	0	0	0	0	0	0	0	0	0	0	0	0	0	0	0	0	0	0	0	0	0	0	0	0	0	0	0	0	0	0	0	0	0	0	0	0	0	0	0	0	0	0	0	0	3424	-2036	287	25616	-7703	-221	-39	970	223	-1	0	0	-38	954	220	1606974746
-57	-58	-51	-74	-68	0	-68	-70	-76	-77	-75	-75	-77	-70	0	0	0	-90	-89	0	0	-84	-90	-91	0	0	0	-88	-88	0	-86	-89	-89	-70	0	0	0	0	0	0	0	0	0	0	0	0	0	0	0	-89	0	0	0	0	0	0	0	0	0	-92	0	0	0	0	0	0	0	0	0	-89	0	0	0	0	0	0	0	0	0	0	0	0	0	0	0	0	0	0	0	0	0	0	0	0	0	0	0	0	0	0	0	0	0	0	0	0	0	0	0	0	0	0	0	0	0	0	0	0	0	0	0	0	0	0	0	0	0	0	0	3409	-2020	287	25616	-7705	-223	-38	968	224	0	0	-1	-39	954	219	1606974748
0	0	-52	-75	0	-68	-68	-70	-74	-69	-75	-75	-79	-69	0	0	0	-86	-86	-87	0	-85	-87	-87	0	0	0	-87	-88	0	-88	-87	-89	-65	0	0	0	0	0	0	0	0	0	0	0	0	0	-87	0	0	0	0	0	0	0	0	0	0	0	-94	0	0	0	0	0	0	0	0	0	-88	0	0	0	0	0	0	0	0	0	0	0	0	0	0	0	0	0	0	0	0	0	0	0	0	0	0	0	0	0	0	0	0	0	0	0	0	0	0	0	0	0	0	0	0	0	0	0	0	0	0	0	0	0	0	0	0	0	0	0	3439	-2021	346	25612	-7697	-222	-35	971	221	-1	-1	0	-38	954	220	1606974749
-52	-58	-51	-76	0	-70	-69	-67	-75	-77	-76	-77	-78	-68	0	0	0	-90	-90	-90	0	-84	-90	-91	0	0	-90	-88	-89	0	-87	-88	-88	-71	0	0	0	0	0	0	0	0	0	0	0	0	0	0	0	0	0	0	0	0	0	-87	0	0	0	-91	0	0	0	0	0	0	0	0	0	-91	0	0	0	0	0	0	0	0	0	0	0	0	0	0	0	0	0	0	0	0	0	0	0	0	0	0	0	0	0	0	0	0	0	0	0	0	0	0	0	0	0	0	0	0	0	0	0	0	0	0	0	0	0	0	0	0	0	0	0	3379	-2005	271	25616	-7705	-225	-36	971	222	0	0	-1	-39	954	219	1606974751
-52	-58	-52	0	0	-68	-71	-70	-76	0	-76	-75	-78	-71	0	0	-85	-89	-90	-89	0	-87	-90	-90	0	0	-89	-88	-90	0	-89	-89	-88	-71	-69	0	0	0	0	0	0	0	0	0	0	0	0	0	0	0	0	0	0	0	0	0	0	0	0	-92	0	0	0	0	0	0	-90	0	0	-90	0	0	0	0	0	0	0	0	0	0	0	0	0	0	0	0	0	0	0	0	0	0	0	0	0	0	0	0	0	0	0	0	0	0	0	0	0	0	0	0	0	0	0	0	0	0	0	0	0	0	0	0	0	0	0	0	0	0	0	3379	-2065	272	25614	-7700	-223	-41	969	221	0	0	-1	-39	954	220	1606974752
-57	-58	-51	-72	-68	-69	-69	-70	-75	-76	-77	-77	-78	-69	0	0	0	-88	-90	-90	0	-84	-91	-91	0	0	-89	-88	-88	0	0	-87	-89	-70	0	0	0	0	0	0	0	0	0	0	0	0	0	0	0	0	0	0	0	0	0	0	0	0	0	-93	0	0	0	0	0	0	0	0	0	-91	0	0	0	0	0	0	0	0	0	0	0	0	0	0	0	0	0	0	0	0	0	0	0	0	0	0	0	0	0	0	0	0	0	0	0	0	0	0	0	0	0	0	0	0	0	0	0	0	0	0	0	0	0	0	0	0	0	0	0	3424	-2035	272	25614	-7700	-221	-39	971	221	-1	-1	0	-38	954	220	1606974754
-58	-58	0	0	0	-70	-70	-71	-76	-77	-76	-75	-79	-70	0	0	0	-92	-90	-90	0	0	-92	-90	0	0	0	-89	-88	0	-89	-88	-88	-69	-67	0	0	0	0	0	0	0	0	0	0	0	0	0	0	0	0	0	0	0	0	0	0	0	0	-92	0	0	0	0	0	0	0	0	0	-90	0	0	0	0	0	0	0	0	0	0	0	0	0	0	0	0	0	0	0	0	0	0	0	0	0	0	0	0	0	0	0	0	0	0	0	0	0	0	0	0	0	0	0	0	0	0	0	0	0	0	0	0	0	0	0	0	0	0	0	3409	-2020	257	25618	-7708	-223	-38	968	224	0	0	-1	-39	955	219	1606974755
-52	-56	-50	-75	-64	0	-69	-70	-78	0	0	-76	-79	-70	0	0	0	-88	-86	-87	0	-87	-87	-87	0	0	0	-89	-88	0	-89	-90	0	-67	0	0	0	0	0	0	0	0	0	0	0	0	0	0	0	0	0	0	0	0	0	0	0	0	0	-90	0	0	0	0	0	0	0	0	0	0	0	0	0	0	0	0	0	0	0	0	0	0	0	0	0	0	0	0	0	0	0	0	0	0	0	0	0	0	0	0	0	0	0	0	0	0	0	0	0	0	0	0	0	0	0	0	0	0	0	0	0	0	0	0	0	0	0	0	0	3409	-2020	271	25616	-7703	-222	-35	969	228	-1	-1	0	-38	954	219	1606974757
-59	-55	-50	0	-65	-65	0	0	-76	0	-78	-77	-80	0	0	0	0	-87	-86	-88	0	0	-87	-88	0	0	0	-89	-88	0	-89	-89	-89	-71	0	0	0	0	0	0	0	0	0	-81	0	0	0	0	0	-88	0	0	0	0	0	0	0	0	0	-91	0	0	0	0	0	0	0	0	0	0	0	0	0	0	0	0	0	0	0	0	0	0	0	0	0	0	0	0	0	0	0	0	0	0	0	0	0	0	0	0	0	0	0	0	0	0	0	0	0	0	0	0	0	0	0	0	0	0	0	0	0	0	0	0	0	0	0	0	0	3409	-2036	316	25618	-7707	-223	-39	970	222	0	0	-1	-39	955	219	1606974758
-50	0	-50	-73	0	-68	-71	-71	-76	-76	-75	-76	-79	-70	0	0	0	-91	-91	-90	0	0	-90	-90	0	0	0	-88	-88	0	0	-88	-88	-71	0	0	0	0	0	0	0	0	0	0	0	0	0	0	0	-88	0	0	0	0	0	0	0	0	0	-93	0	0	0	0	0	0	0	0	0	0	0	0	0	0	0	0	0	0	0	0	0	0	0	0	0	0	0	0	0	0	0	0	0	0	0	0	0	0	0	0	0	0	0	0	0	0	0	0	0	0	0	0	0	0	0	0	0	0	0	0	0	0	0	0	0	0	0	0	0	3424	-2020	257	25618	-7707	-223	-38	970	224	0	0	-1	-39	955	219	1606974760
-52	0	0	-73	-63	-70	-71	-70	-74	0	-76	-76	-79	-70	0	0	-85	-91	-90	-91	-85	-86	0	-90	-84	-84	0	-88	-89	0	-89	-87	-89	-71	0	0	0	0	0	0	0	0	0	0	0	0	0	0	0	0	0	0	0	0	0	-87	0	0	0	-93	0	0	0	0	0	0	0	0	0	0	0	0	0	0	0	0	0	0	0	0	0	0	0	0	0	0	0	0	0	0	0	0	0	0	0	0	0	0	0	0	0	0	0	0	0	0	0	0	0	0	0	0	0	0	0	0	0	0	0	0	0	0	0	0	0	0	0	0	0	3394	-2005	287	25617	-7705	-221	-39	970	222	0	0	0	-38	954	219	1606974762
-53	0	-52	-71	-65	-69	-71	-72	-76	-77	-76	-77	-78	-69	0	0	0	-90	-91	0	0	0	-90	0	0	0	0	-87	-89	0	0	-88	-87	-71	0	0	0	0	0	0	0	0	0	0	0	0	0	0	0	-88	0	0	0	0	0	-86	0	0	0	-95	0	0	0	0	0	0	0	0	0	0	0	0	0	0	0	0	0	0	0	0	0	0	0	0	0	0	0	0	0	0	0	0	0	0	0	0	0	0	0	0	0	0	0	0	0	0	0	0	0	0	0	0	0	0	0	0	0	0	0	0	0	0	0	0	0	0	0	0	0	3409	-2020	331	25616	-7703	-222	-41	970	220	-1	0	0	-38	954	220	1606974763
0	-57	-51	-73	0	-68	-70	-71	-74	0	-75	-74	-78	-68	0	0	-83	-91	-91	-90	-82	-84	-92	-90	-87	-81	-88	-89	-89	0	-87	-89	-89	-72	0	0	0	0	-93	0	0	0	0	0	0	0	0	0	0	0	0	0	0	0	0	0	0	0	0	-92	0	0	0	0	0	0	0	0	0	-89	0	0	0	0	0	0	0	0	0	0	0	0	0	0	0	0	0	0	0	0	0	0	0	0	0	0	0	0	0	0	0	0	0	0	0	0	0	0	0	0	0	0	0	0	0	0	0	0	0	0	0	0	0	0	0	0	0	0	0	3439	-2013	287	25619	-7708	-221	-37	971	223	0	-1	-1	-38	955	219	1606974765
-53	-58	-50	-70	0	-68	-68	-69	-74	-77	-76	-74	-77	-70	0	0	-83	-89	-90	-90	-84	-86	0	-91	-85	-85	0	-89	-89	0	-89	-89	-89	-72	0	0	0	0	0	0	0	0	0	0	0	0	0	-81	0	0	0	0	0	0	0	0	0	0	0	-91	0	0	0	0	0	0	0	0	0	0	0	0	0	0	0	0	0	0	0	0	0	0	0	0	0	0	0	0	0	0	0	0	0	0	0	0	0	0	0	0	0	0	0	0	0	0	0	0	0	0	0	0	0	0	0	0	0	0	0	0	0	0	0	0	0	0	0	0	0	3424	-2065	264	25616	-7704	-221	-38	970	223	0	0	0	-38	954	219	1606974767
0	0	-50	-71	0	0	-69	-71	-75	-79	-75	-77	-78	-71	0	0	-84	-87	-88	-88	-84	-86	-88	-88	-85	-87	0	-88	-90	0	-88	-89	-87	-67	0	0	0	0	0	0	0	0	0	0	0	0	0	0	0	0	0	0	0	0	0	0	0	0	0	-93	0	0	0	0	0	0	0	0	0	0	0	0	0	0	0	0	0	0	0	0	0	0	0	0	0	0	0	0	0	0	0	0	0	0	0	0	0	0	0	0	0	0	0	0	0	0	0	0	0	0	0	0	0	0	0	0	0	0	0	0	0	0	0	0	0	0	0	0	0	3424	-2020	287	25617	-7706	-222	-39	969	222	0	0	-1	-38	955	219	1606974768
-58	-59	-51	-66	0	0	-71	0	-76	-81	-76	-75	-77	0	0	0	-85	-90	-90	-90	-86	-84	-92	-91	-84	-84	0	-87	-89	0	0	-89	-89	-68	0	0	0	0	0	0	0	0	0	0	0	0	0	0	0	0	0	0	0	0	0	0	0	0	0	-92	0	0	0	0	0	0	0	0	0	-91	0	0	0	0	0	0	0	0	0	0	0	0	0	0	0	0	0	0	0	0	0	0	0	0	0	0	0	0	0	0	0	0	0	0	0	0	0	0	0	0	0	0	0	0	0	0	0	0	0	0	0	0	0	0	0	0	0	0	0	3409	-2036	316	25618	-7707	-220	-39	969	222	0	0	0	-38	955	219	1606974770
-60	0	-50	0	-67	-69	-71	-69	-76	-82	-75	-75	-82	-71	0	0	-85	0	-93	0	-84	-85	0	0	-85	-84	-91	-89	-88	0	0	-90	-89	-68	0	0	0	0	0	0	0	0	0	0	0	0	0	0	0	0	0	0	0	0	0	-86	0	0	0	-92	0	0	0	0	0	0	0	0	0	-92	0	0	0	0	0	0	0	0	0	0	0	0	0	0	0	0	0	0	0	0	0	0	0	0	0	0	0	0	0	0	0	0	0	0	0	0	0	0	0	0	0	0	0	0	0	0	0	0	0	0	0	0	0	0	0	0	0	0	0	3424	-2020	287	25617	-7706	-221	-40	970	222	0	0	0	-38	955	219	1606974771
0	0	-50	-71	0	0	0	0	-77	0	-74	-74	-79	0	0	0	0	-93	-93	0	0	0	0	-93	0	0	-89	-89	-88	0	0	-89	-90	-75	0	0	0	0	0	0	0	0	0	0	0	0	0	0	0	0	0	0	0	0	0	0	0	0	0	-93	0	0	0	0	0	0	0	0	0	-91	0	0	0	0	0	0	0	0	0	0	0	0	0	0	0	0	0	0	0	0	0	0	0	0	0	0	0	0	0	0	0	0	0	0	0	0	0	0	0	0	0	0	0	0	0	0	0	0	0	0	0	0	0	0	0	0	0	0	0	3424	-1991	279	25617	-7705	-220	-39	970	222	0	0	0	-38	954	219	1606974773
0	-56	-50	-74	-68	-65	-71	-71	-74	0	-74	-75	-78	-71	0	0	0	-89	-90	0	0	0	-89	-89	0	0	-90	-90	-89	0	-89	-88	-88	-68	0	0	0	0	0	0	0	0	0	0	0	0	0	0	0	0	0	0	0	0	0	0	0	0	0	-92	0	0	0	0	0	0	0	0	0	-90	0	0	0	0	0	0	0	0	0	0	0	0	0	0	0	0	0	0	0	0	0	0	0	0	0	0	0	0	0	0	0	0	0	0	0	0	0	0	0	0	0	0	0	0	0	0	0	0	0	0	0	0	0	0	0	0	0	0	0	3424	-2020	271	25619	-7708	-220	-39	970	221	0	0	0	-38	955	219	1606974775
-55	-57	-52	-72	0	0	-71	-71	-74	-82	-74	-74	-78	-70	0	0	-85	-90	-88	-87	-82	-83	-88	-89	0	-86	0	-89	-89	0	-91	-89	-88	-71	-69	0	0	0	0	0	0	0	0	0	0	0	0	-89	0	0	0	0	0	0	0	0	0	0	0	-94	0	0	0	0	0	0	0	0	0	-91	0	0	0	0	0	0	0	0	0	0	0	0	0	0	0	0	0	0	0	0	0	0	0	0	0	0	0	0	0	0	0	0	0	0	0	0	0	0	0	0	0	0	0	0	0	0	0	0	0	0	0	0	0	0	0	0	0	0	0	3424	-2073	242	25618	-7707	-221	-39	969	222	-1	-1	0	-38	955	219	1606974776
0	-54	-50	-68	0	-67	0	-71	-75	0	-75	-74	-78	-68	0	0	0	-88	-87	-88	0	0	-87	-88	0	0	0	-87	-88	0	-88	-88	-87	-68	0	0	0	0	0	0	0	0	0	0	0	0	0	0	0	0	0	0	0	0	0	0	0	0	0	0	0	0	0	0	0	0	0	0	0	0	0	0	0	0	0	0	0	0	0	0	0	0	0	0	0	0	0	0	0	0	0	0	0	0	0	0	0	0	0	0	0	0	0	0	0	0	0	0	0	0	0	0	0	0	0	0	0	0	0	0	0	0	0	0	0	0	0	0	0	3440	-2081	302	25618	-7706	-221	-39	970	223	0	0	0	-38	955	219	1606974778
0	-52	-49	0	0	0	0	0	-75	-76	0	-75	-79	0	0	0	0	-91	-89	-90	0	-84	0	-90	0	0	0	-87	-88	0	-89	-88	-87	-67	0	0	0	0	0	0	0	-92	0	0	0	0	-92	0	0	0	-91	0	0	0	0	0	0	0	0	0	0	0	0	0	0	0	0	0	0	-88	0	0	0	0	0	0	0	0	0	0	0	0	0	0	0	0	0	0	0	0	0	0	0	0	0	0	0	0	0	0	0	0	0	0	0	0	0	0	0	0	0	0	0	0	0	0	0	0	0	0	0	0	0	0	0	0	0	0	0	3379	-2035	272	25618	-7706	-221	-39	970	220	0	0	0	-38	955	219	1606974779
-56	-55	-50	0	0	-68	0	0	-75	-84	-74	-75	-79	0	0	0	0	-89	-89	-86	0	-85	-89	-89	0	0	-89	-88	-89	0	-88	-88	-89	-67	0	0	0	0	0	0	0	0	0	0	0	0	0	0	0	0	0	0	0	0	0	0	0	0	0	0	0	0	0	0	0	0	0	0	0	0	0	0	0	0	0	0	0	0	0	0	0	0	0	0	0	0	0	0	0	0	0	0	0	0	0	0	0	0	0	0	0	0	0	0	0	0	0	0	0	0	0	0	0	0	0	0	0	0	0	0	0	0	0	0	0	0	0	0	0	3409	-2036	316	25617	-7706	-221	-39	970	221	0	0	0	-38	955	219	1606974781
-55	-57	-51	0	-62	0	-70	-70	-73	-75	-74	-73	-79	-70	0	0	0	-88	-87	-88	0	0	-87	-86	0	0	0	-88	-88	0	-88	-88	-88	-69	0	0	0	0	0	0	0	0	0	0	0	0	0	0	0	0	0	0	0	0	0	-87	0	0	0	0	0	0	0	0	0	0	0	0	0	-90	0	0	0	0	0	0	0	0	0	0	0	0	0	0	0	0	0	0	0	0	0	0	0	0	0	0	0	0	0	0	0	0	0	0	0	0	0	0	0	0	0	0	0	0	0	0	0	0	0	0	0	0	0	0	0	0	0	0	0	3424	-2006	287	25618	-7706	-222	-38	970	222	0	0	-1	-38	955	219	1606974783
-57	-55	-49	0	-66	0	-71	-71	-75	-76	-77	-75	-77	-73	0	0	0	-91	-91	-91	0	0	-91	-89	0	0	-91	-89	-89	0	-90	-88	0	-69	0	0	0	0	-94	0	0	0	0	0	0	0	0	0	0	0	0	0	0	0	0	-88	0	0	0	-92	0	0	0	0	0	0	0	0	0	0	0	0	0	0	0	0	0	0	0	0	0	0	0	0	0	0	0	0	0	0	0	0	0	0	0	0	0	0	0	0	0	0	0	0	0	0	0	0	0	0	0	0	0	0	0	0	0	0	0	0	0	0	0	0	0	0	0	0	0	3425	-2081	369	25617	-7705	-220	-38	970	222	0	0	0	-38	954	219	1606974784
-55	-57	-50	-72	0	0	-71	-71	-77	-76	-77	-75	-78	-71	0	0	-83	-92	-91	-90	-87	-84	-90	-91	-83	-84	-89	-89	-89	0	-89	-89	-88	-70	0	0	0	0	0	0	0	0	0	0	0	0	0	0	0	0	0	0	0	0	0	0	0	0	0	-94	0	0	0	0	0	0	0	0	0	0	0	0	0	0	0	0	0	0	0	0	0	0	0	0	0	0	0	0	0	0	0	0	0	0	0	0	0	0	0	0	0	0	0	0	0	0	0	0	0	0	0	0	0	0	0	0	0	0	0	0	0	0	0	0	0	0	0	0	0	3440	-2088	287	25621	-7711	-221	-38	970	222	0	0	0	-38	955	218	1606974786
-53	0	0	0	-66	-66	0	0	-77	-76	-77	-77	-75	0	0	0	0	-86	-86	-86	0	0	-87	-86	0	0	-88	-89	-89	0	-88	-88	-90	-67	0	0	0	0	0	0	0	0	0	0	0	0	0	0	0	0	0	0	0	0	0	-87	0	0	0	0	0	0	0	0	0	0	0	0	0	-89	0	0	0	0	0	0	0	0	0	0	0	0	0	0	0	0	0	0	0	0	0	0	0	0	0	0	0	0	0	0	0	0	0	0	0	0	0	0	0	0	0	0	0	0	0	0	0	0	0	0	0	0	0	0	0	0	0	0	0	3364	-1945	346	25618	-7707	-220	-39	970	223	0	0	0	-38	955	219	1606974787
-56	0	-51	-69	-68	0	-70	-70	-76	0	-75	-77	-79	-69	0	0	0	-86	-87	-87	0	0	-85	-87	0	0	0	-89	-88	0	-88	-89	-89	-67	0	0	0	0	0	0	0	0	0	-76	0	0	0	0	0	0	0	0	0	0	0	0	0	0	0	0	0	0	0	0	0	0	0	0	0	0	0	0	0	0	0	0	0	0	0	0	0	0	0	0	0	0	0	0	0	0	0	0	0	0	0	0	0	0	0	0	0	0	0	0	0	0	0	0	0	0	0	0	0	0	0	0	0	0	0	0	0	0	0	0	0	0	0	0	0	3394	-2058	279	25620	-7709	-221	-38	971	222	0	0	0	-38	955	218	1606974789
0	-57	-56	0	0	0	0	0	-75	-77	-75	-75	-77	0	0	0	0	-91	-91	-92	0	-82	-90	-89	0	0	-89	-89	-89	0	-89	-89	-88	-69	0	0	0	0	-94	0	0	0	0	0	0	0	0	0	0	0	0	0	0	0	0	-86	0	0	0	-91	0	0	0	0	0	0	0	0	0	-90	0	0	0	0	0	0	0	0	0	0	0	0	0	0	0	0	0	0	0	0	0	0	0	0	0	0	0	0	0	0	0	0	0	0	0	0	0	0	0	0	0	0	0	0	0	0	0	0	0	0	0	0	0	0	0	0	0	0	0	3409	-1998	279	25619	-7708	-220	-39	970	223	0	0	0	-38	955	219	1606974791
0	-55	-48	-70	0	0	0	0	-74	0	-75	-76	-77	0	0	0	-85	-91	-90	-91	-81	-82	-90	-89	-82	-83	-91	-89	-89	0	0	-89	-89	-69	0	0	0	0	0	0	0	0	0	0	0	0	0	0	0	0	0	0	0	0	0	0	0	0	0	0	0	0	0	0	0	0	0	0	0	-93	0	0	0	0	0	0	0	0	0	0	0	0	0	0	0	0	0	0	0	0	0	0	0	0	0	0	0	0	0	0	0	0	0	0	0	0	0	0	0	0	0	0	0	0	0	0	0	0	0	0	0	0	0	0	0	0	0	0	0	3410	-2081	346	25618	-7706	-221	-38	969	222	-1	0	0	-38	955	219	1606974792
-57	-55	-55	0	-69	0	0	0	-75	-75	-76	-76	-76	0	0	0	0	-92	-91	-91	0	-82	0	-91	0	0	0	-89	-88	0	-88	-88	-89	-69	0	0	0	0	0	0	0	0	0	0	0	0	0	0	0	0	0	0	0	0	0	-90	0	0	0	-93	0	0	0	0	0	0	0	0	0	0	0	0	0	0	0	0	0	0	0	0	0	0	0	0	0	0	0	0	0	0	0	0	0	0	0	0	0	0	0	0	0	0	0	0	0	0	0	0	0	0	0	0	0	0	0	0	0	0	0	0	0	0	0	0	0	0	0	0	0	3424	-2081	272	25617	-7706	-221	-39	970	222	0	0	0	-38	955	219	1606974794
-55	-56	-52	-74	-69	0	-70	-70	-76	-76	-75	-75	-77	-70	0	0	0	-91	-91	-90	-85	-86	-90	-89	0	0	0	-91	-90	0	0	-87	-88	-68	0	0	0	0	0	0	0	0	0	0	0	0	0	0	0	0	0	0	0	0	0	0	0	0	0	-93	0	0	0	0	0	0	0	0	0	0	0	0	0	0	0	0	0	0	0	0	0	0	0	0	0	0	0	0	0	0	0	0	0	0	0	0	0	0	0	0	0	0	0	0	0	0	0	0	0	0	0	0	0	0	0	0	0	0	0	0	0	0	0	0	0	0	0	0	0	3424	-2035	272	25620	-7711	-221	-39	970	222	0	-1	0	-38	955	218	1606974795
-57	-55	0	0	-68	-67	0	0	-77	0	-76	-75	-78	0	0	0	0	-87	-87	-86	0	0	-87	-87	0	0	0	-87	-90	0	0	-88	-89	-67	0	0	0	0	0	0	0	0	0	0	0	0	0	0	0	0	0	0	-89	0	0	0	0	0	0	0	0	0	0	0	0	0	0	0	0	0	0	0	0	0	0	0	0	0	0	0	0	0	0	0	0	0	0	0	0	0	0	0	0	0	0	0	0	0	0	0	0	0	0	0	0	0	0	0	0	0	0	0	0	0	0	0	0	0	0	0	0	0	0	0	0	0	0	0	0	3409	-2005	294	25619	-7709	-221	-37	971	222	0	0	-1	-38	955	219	1606974797
0	0	0	-73	0	0	-69	-70	-76	-76	-75	-75	-78	-69	0	0	0	0	-86	0	0	-85	0	-88	0	0	-88	-89	-89	0	-88	-89	-87	-67	0	0	0	0	0	0	0	0	0	0	0	0	0	0	0	0	0	0	-87	0	0	0	0	0	0	0	0	0	0	0	0	0	0	0	0	-93	0	0	0	0	0	0	0	0	0	0	0	0	0	0	0	0	0	0	0	0	0	0	0	0	0	0	0	0	0	0	0	0	0	0	0	0	0	0	0	0	0	0	0	0	0	0	0	0	0	0	0	0	0	0	0	0	0	0	0	3394	-2036	331	25619	-7709	-221	-40	969	225	0	0	-1	-38	955	219	1606974799
-55	-56	-51	0	-69	0	0	0	-76	-76	-75	-75	-77	0	0	0	0	-89	-90	-89	0	0	-90	-90	0	0	-89	-90	-89	0	0	-89	-90	-71	0	0	0	0	0	0	0	0	0	0	0	0	0	0	0	0	0	0	0	0	0	-94	0	0	0	-93	0	0	0	0	0	0	0	0	0	-92	0	0	0	0	0	0	0	0	0	0	0	0	0	0	0	0	0	0	0	0	0	0	0	0	0	0	0	0	0	0	0	0	0	0	0	0	0	0	0	0	0	0	0	0	0	0	0	0	0	0	0	0	0	0	0	0	0	0	0	3484	-2006	257	25622	-7714	-222	-39	969	225	0	0	-1	-38	955	218	1606974800
-58	-58	-50	0	0	-69	0	0	-75	-75	-78	-76	-78	0	0	0	-84	-87	-86	-88	0	-83	-87	-88	0	-81	0	-88	-87	0	-87	-89	-88	-67	-68	0	0	0	0	0	0	0	0	0	0	0	0	0	0	0	0	0	0	0	0	0	0	0	0	-91	0	0	0	0	0	0	0	0	0	-91	0	0	0	0	0	0	0	0	0	0	0	0	0	0	0	0	0	0	0	0	0	0	0	0	0	0	0	0	0	0	0	0	0	0	0	0	0	0	0	0	0	0	0	0	0	0	0	0	0	0	0	0	0	0	0	0	0	0	0	3409	-2035	309	25619	-7709	-221	-37	970	225	-1	0	-1	-38	955	219	1606974802
-55	-57	-51	-68	0	-69	-71	-72	-77	0	-76	-77	-79	-70	0	0	0	-91	-90	-91	0	0	-90	-90	0	0	-91	-89	-89	0	-88	-88	-88	-72	-70	0	0	0	0	0	0	0	0	0	0	0	0	0	0	0	0	0	0	0	0	0	0	0	0	-92	0	0	0	0	0	0	0	0	0	0	0	0	0	0	0	0	0	0	0	0	0	0	0	0	0	0	0	0	0	0	0	0	0	0	0	0	0	0	0	0	0	0	0	0	0	0	0	0	0	0	0	0	0	0	0	0	0	0	0	0	0	0	0	0	0	0	0	0	0	3379	-2020	242	25621	-7712	-223	-37	969	226	0	0	-1	-39	955	218	1606974804
-54	0	-51	-72	-67	0	-72	-75	-74	-74	-74	-74	-79	0	0	0	0	-88	-88	-87	0	0	-87	-87	0	0	-89	-88	-87	0	0	-88	-89	-69	0	0	0	0	0	0	0	0	0	0	0	0	0	-91	0	0	0	0	0	0	0	0	0	0	0	-92	0	0	0	0	0	0	0	0	0	0	-89	0	0	0	0	0	0	0	0	0	0	0	0	0	0	0	0	0	0	0	0	0	0	0	0	0	0	0	0	0	0	0	0	0	0	0	0	0	0	0	0	0	0	0	0	0	0	0	0	0	0	0	0	0	0	0	0	0	0	3424	-2020	242	25623	-7717	-225	-39	969	221	0	0	-1	-39	955	217	1606974805
-57	-55	-50	-73	-65	-67	-70	-70	-74	0	-76	-75	-78	-70	-94	0	0	-86	-87	-88	0	0	-87	-87	0	0	0	-89	-88	0	-88	-87	-89	-65	0	0	0	0	0	0	0	0	0	-74	0	0	0	0	0	0	0	0	0	0	0	0	0	0	0	0	0	0	0	0	0	0	0	0	0	-90	0	0	0	0	0	0	0	0	0	0	0	0	0	0	0	0	0	0	0	0	0	0	0	0	0	0	0	0	0	0	0	0	0	0	0	0	0	0	0	0	0	0	0	0	0	0	0	0	0	0	0	0	0	0	0	0	0	0	0	3424	-2020	264	25621	-7713	-222	-38	971	217	0	0	0	-38	955	218	1606974807
0	-55	-50	-71	0	0	-68	-70	-75	-72	-75	-75	-79	-70	0	0	0	-86	-86	-86	0	0	-87	-87	0	0	0	-89	-88	0	-89	-88	-88	-65	0	0	0	0	0	0	0	0	0	0	0	0	0	0	0	0	0	0	0	0	0	0	0	0	0	0	0	0	0	0	0	0	0	0	0	-89	0	0	0	0	0	0	0	0	0	0	0	0	0	0	0	0	0	0	0	0	0	0	0	0	0	0	0	0	0	0	0	0	0	0	0	0	0	0	0	0	0	0	0	0	0	0	0	0	0	0	0	0	0	0	0	0	0	0	0	3364	-2020	271	25619	-7710	-222	-40	970	223	-1	-1	0	-38	955	218	1606974808
-57	-55	-50	-71	0	-66	-70	-70	-75	0	-76	-76	-79	-70	0	0	0	-87	-88	-87	0	-83	-87	-87	0	0	0	-90	-87	0	-88	-88	-88	-64	0	0	0	0	0	0	0	0	0	0	0	0	-91	0	0	0	0	0	0	0	0	0	0	0	0	0	0	0	0	0	0	0	0	0	0	-90	0	0	0	0	0	0	0	0	0	0	0	0	0	0	0	0	0	0	0	0	0	0	0	0	0	0	0	0	0	0	0	0	0	0	0	0	0	0	0	0	0	0	0	0	0	0	0	0	0	0	0	0	0	0	0	0	0	0	0	3379	-2065	272	25622	-7713	-222	-38	970	223	-1	-1	0	-38	955	218	1606974810
-53	-57	-50	0	-66	-69	-71	-70	-76	0	-76	-76	-78	-70	0	0	-84	-91	-89	-90	-86	-84	-90	-90	-83	-84	0	-88	-88	0	-88	-88	-89	-69	-69	0	0	0	-93	0	0	0	0	0	0	0	0	0	0	0	0	0	-91	0	0	0	0	0	0	-94	0	0	0	0	0	0	0	0	0	0	0	0	0	0	0	0	0	0	0	0	0	0	0	0	0	0	0	0	0	0	0	0	0	0	0	0	0	0	0	0	0	0	0	0	0	0	0	0	0	0	0	0	0	0	0	0	0	0	0	0	0	0	0	0	0	0	0	0	0	3417	-2036	316	25619	-7709	-222	-39	970	223	0	0	0	-38	955	218	1606974811
0	-57	-50	-71	0	0	-70	-71	-75	0	0	-74	-79	-70	0	0	0	-87	-87	-86	0	-86	-87	-87	0	0	0	-89	-89	0	-88	-88	-89	-64	0	0	0	0	0	0	0	0	0	0	0	0	0	0	0	-89	0	0	0	0	0	0	0	0	0	-94	0	0	0	0	0	0	0	0	0	-93	0	0	0	0	0	0	0	0	0	0	0	0	0	0	0	0	0	0	0	0	0	0	0	0	0	0	0	0	0	0	0	0	0	0	0	0	0	0	0	0	0	0	0	0	0	0	0	0	0	0	0	0	0	0	0	0	0	0	0	3439	-2006	316	25620	-7710	-222	-39	971	218	-1	0	0	-38	955	218	1606974813
-53	-55	-49	-73	-66	-67	-70	-70	-76	0	-75	-75	-79	-71	0	0	0	-87	-86	-87	0	-82	-85	-86	0	0	0	-89	-89	0	0	-88	-90	-65	0	0	0	0	0	0	0	0	0	0	0	0	0	0	0	0	0	0	0	0	0	0	0	0	0	-94	0	0	0	0	0	0	0	0	0	0	0	0	0	0	0	0	0	0	0	0	0	0	0	0	0	0	0	0	0	0	0	0	0	0	0	0	0	0	0	0	0	0	0	0	0	0	0	0	0	0	0	0	0	0	0	0	0	0	0	0	0	0	0	0	0	0	0	0	0	3402	-2005	287	25620	-7710	-222	-39	970	222	-1	0	0	-38	955	218	1606974814
-57	-55	-50	-72	0	-69	0	0	-76	-77	-76	-77	-80	0	0	0	0	-90	-91	-91	0	-82	-90	-90	0	0	0	-88	-88	0	-88	-89	-88	-70	0	0	0	0	-95	0	0	0	0	0	0	0	0	0	0	0	0	0	-90	0	0	0	0	0	0	-94	0	0	0	0	0	0	0	0	0	0	0	0	0	0	0	0	0	0	0	0	0	0	0	0	0	0	0	0	0	0	0	0	0	0	0	0	0	0	0	0	0	0	0	0	0	0	0	0	0	0	0	0	0	0	0	0	0	0	0	0	0	0	0	0	0	0	0	0	0	3424	-2066	287	25621	-7713	-222	-39	970	222	-1	0	0	-38	955	218	1606974816
-52	-55	0	-73	-66	-71	-70	-70	-75	0	-75	-75	-78	-71	0	0	-81	-90	-89	-92	-85	-83	-91	-89	-84	-86	0	-87	-89	0	-88	-89	-89	-70	-67	0	0	0	0	0	0	0	0	0	0	0	0	0	0	-89	0	0	0	0	0	0	0	0	0	-94	0	0	0	0	0	0	0	0	0	0	0	0	0	0	0	0	0	0	0	0	0	0	0	0	0	0	0	0	0	0	0	0	0	0	0	0	0	0	0	0	0	0	0	0	0	0	0	0	0	0	0	0	0	0	0	0	0	0	0	0	0	0	0	0	0	0	0	0	0	3379	-2035	272	25618	-7708	-223	-40	969	223	-1	-1	-1	-38	955	219	1606974818
-54	0	0	-71	-67	-68	0	0	-77	-77	-76	-76	-78	0	0	0	-85	-91	-90	-91	-83	-84	-90	-90	0	-86	0	-88	-90	0	-88	-87	-89	-70	0	0	0	0	0	0	0	0	0	0	0	0	0	-91	0	-92	0	0	0	0	0	0	0	0	0	-91	0	0	0	0	0	0	0	0	0	-89	0	0	0	0	0	0	0	0	0	0	0	0	0	0	0	0	0	0	0	0	0	0	0	0	0	0	0	0	0	0	0	0	0	0	0	0	0	0	0	0	0	0	0	0	0	0	0	0	0	0	0	0	0	0	0	0	0	0	0	3364	-2035	271	25619	-7709	-222	-38	970	223	-1	0	-1	-38	955	218	1606974819
-57	-57	-50	-72	-65	-68	-72	-70	-75	0	-76	-75	-77	-72	0	0	0	-92	-90	-91	0	0	-90	-89	0	0	0	-89	-89	0	0	-88	-89	-72	-69	0	0	0	0	0	0	0	0	0	0	0	0	0	0	0	0	0	0	0	0	0	0	0	0	-94	0	0	0	0	0	0	0	0	0	0	0	0	0	0	0	0	0	0	0	0	0	0	0	0	0	0	0	0	0	0	0	0	0	0	0	0	0	0	0	0	0	0	0	0	0	0	0	0	0	0	0	0	0	0	0	0	0	0	0	0	0	0	0	0	0	0	0	0	0	3394	-2035	287	25621	-7713	-222	-39	971	221	-1	-1	-1	-38	955	218	1606974821
-54	-57	0	-70	0	0	-70	-70	-75	-78	-75	-75	-77	0	0	0	0	-87	-87	-87	0	-85	0	-87	0	0	-91	-90	-89	0	-89	-89	-89	-67	0	0	0	0	0	0	0	0	0	0	0	0	0	0	0	0	0	0	0	0	0	0	0	0	0	0	0	0	0	0	0	0	0	0	0	0	0	0	0	0	0	0	0	0	0	0	0	0	0	0	0	0	0	0	0	0	0	0	0	0	0	0	0	0	0	0	0	0	0	0	0	0	0	0	0	0	0	0	0	0	0	0	0	0	0	0	0	0	0	0	0	0	0	0	0	3424	-2066	287	25620	-7710	-222	-40	970	219	0	0	-1	-38	955	218	1606974822
-53	-57	0	-69	-64	0	-70	-72	-75	-78	-75	-76	-78	-71	0	0	-83	-92	-91	0	-82	-84	0	-90	-83	-82	0	-89	-87	0	-88	-89	-88	-72	0	0	0	0	-95	0	0	0	0	0	0	0	0	0	0	0	0	0	0	0	0	0	0	0	0	-92	0	0	0	0	0	0	0	0	0	0	0	0	0	0	0	0	0	0	0	0	0	0	0	0	0	0	0	0	0	0	0	0	0	0	0	0	0	0	0	0	0	0	0	0	0	0	0	0	0	0	0	0	0	0	0	0	0	0	0	0	0	0	0	0	0	0	0	0	0	3417	-2065	287	25619	-7710	-222	-38	970	220	-1	0	0	-38	955	218	1606974824
-53	-55	-51	0	-65	-67	0	0	-74	0	-73	-74	-76	0	0	0	0	-87	-87	-87	0	-85	-87	-87	0	0	0	-89	-88	0	0	-88	-90	-66	-67	0	0	0	0	0	0	0	0	0	0	0	-91	0	0	0	0	0	0	0	0	0	0	0	0	0	0	0	0	0	0	0	0	0	0	-91	0	0	0	0	0	0	0	0	0	0	0	0	0	0	0	0	0	0	0	0	0	0	0	0	0	0	0	0	0	0	0	0	0	0	0	0	0	0	0	0	0	0	0	0	0	0	0	0	0	0	0	0	0	0	0	0	0	0	0	3439	-2028	279	25621	-7712	-222	-40	970	223	0	-1	-1	-38	955	218	1606974826
-54	-56	-50	-71	-66	-70	0	-71	-76	0	-76	-77	-78	-71	0	0	-83	-91	-91	-90	-83	-82	-90	-91	-83	-84	-91	-88	-88	0	-89	-89	-87	-68	0	0	0	0	0	0	0	0	0	0	0	0	0	0	0	-88	0	0	-89	0	0	0	0	0	0	-92	0	0	0	0	0	0	0	0	0	0	0	0	0	0	0	0	0	0	0	0	0	0	0	0	0	0	0	0	0	0	0	0	0	0	0	0	0	0	0	0	0	0	0	0	0	0	0	0	0	0	0	0	0	0	0	0	0	0	0	0	0	0	0	0	0	0	0	0	0	3424	-2020	257	25619	-7710	-222	-39	970	221	-1	0	0	-38	955	218	1606974827
0	-55	-51	-68	-66	0	0	-71	-76	0	-75	-76	-79	-71	0	0	0	-87	-87	-86	0	0	-88	-87	0	0	0	-90	-89	0	-88	-89	-89	-68	0	0	0	0	0	0	0	0	0	0	0	0	0	0	0	-91	0	0	0	0	0	0	0	0	0	-92	0	0	0	0	0	0	0	0	0	0	0	0	0	0	0	0	0	0	0	0	0	0	0	0	0	0	0	0	0	0	0	0	0	0	0	0	0	0	0	0	0	0	0	0	0	0	0	0	0	0	0	0	0	0	0	0	0	0	0	0	0	0	0	0	0	0	0	0	0	3364	-2035	271	25619	-7710	-222	-39	969	221	0	0	0	-38	955	218	1606974829
0	-55	-49	0	0	-67	0	0	-74	-79	-74	-74	-78	0	0	0	-84	-87	-87	-87	-82	-84	-87	-86	-83	-83	0	-88	-90	0	0	-88	-87	-65	0	0	0	0	0	0	0	0	0	0	0	0	0	0	0	0	0	0	0	0	0	0	0	0	0	-94	0	0	0	0	0	0	0	0	0	0	0	0	0	0	0	0	0	0	0	0	0	0	0	0	0	0	0	0	0	0	0	0	0	0	0	0	0	0	0	0	0	0	0	0	0	0	0	0	0	0	0	0	0	0	0	0	0	0	0	0	0	0	0	0	0	0	0	0	0	3379	-2028	271	25622	-7714	-222	-39	970	219	0	0	0	-38	955	217	1606974830
-54	0	-50	0	0	0	0	0	-75	-79	0	-74	-77	0	0	0	0	-87	-88	-87	0	-83	-87	-88	-83	-83	0	-88	-88	0	-89	-88	-89	-65	0	0	0	0	0	0	0	0	0	0	0	0	0	0	0	-89	0	0	-90	0	0	0	0	0	0	-92	0	0	0	0	0	0	0	0	0	0	0	0	0	0	0	0	0	0	0	0	0	0	0	0	0	0	0	0	0	0	0	0	0	0	0	0	0	0	0	0	0	0	0	0	0	0	0	0	0	0	0	0	0	0	0	0	0	0	0	0	0	0	0	0	0	0	0	0	0	3379	-2080	272	25620	-7711	-223	-36	970	224	0	0	-1	-39	955	218	1606974832
-54	-55	-50	-67	-68	-66	-70	-70	-73	0	-74	-74	-77	-70	0	0	0	-89	-87	-86	0	0	-87	-87	0	0	0	-88	-88	0	-89	-88	-88	-68	0	0	0	0	0	0	0	0	0	0	0	0	0	0	0	0	0	0	0	0	0	0	0	0	0	-94	0	0	0	0	0	0	0	0	0	0	0	0	0	0	0	0	0	0	0	0	0	0	0	0	0	0	0	0	0	0	0	0	0	0	0	0	0	0	0	0	0	0	0	0	0	0	0	0	0	0	0	0	0	0	0	0	0	0	0	0	0	0	0	0	0	0	0	0	0	3409	-2073	287	25620	-7710	-222	-40	969	224	-1	-1	0	-38	955	218	1606974834
0	-55	-49	-71	0	0	-71	-71	-73	-78	-73	-73	-77	-70	0	0	0	-87	-88	-87	0	-84	-88	-87	0	0	0	-89	-88	0	0	-88	-88	-70	0	0	0	0	0	0	0	0	0	0	0	0	0	0	0	0	0	0	0	0	0	0	0	0	0	0	0	0	0	0	0	0	0	0	0	-90	0	0	0	0	0	0	0	0	0	0	0	0	0	0	0	0	0	0	0	0	0	0	0	0	0	0	0	0	0	0	0	0	0	0	0	0	0	0	0	0	0	0	0	0	0	0	0	0	0	0	0	0	0	0	0	0	0	0	0	3424	-2066	287	25619	-7708	-221	-41	970	219	-1	-1	-1	-38	955	219	1606974835
-52	0	-50	-72	0	-67	-72	-71	-73	-77	-74	-74	-80	-71	0	0	0	-87	-88	-88	0	0	-87	-87	0	0	0	-89	-88	0	-89	-89	-89	-70	0	0	0	0	0	0	0	0	0	0	0	0	0	0	0	0	0	0	0	0	0	0	0	0	0	0	0	0	0	0	0	0	0	0	0	0	0	0	0	0	0	0	0	0	0	0	0	0	0	0	0	0	0	0	0	0	0	0	0	0	0	0	0	0	0	0	0	0	0	0	0	0	0	0	0	0	0	0	0	0	0	0	0	0	0	0	0	0	0	0	0	0	0	0	0	3402	-2066	331	25621	-7713	-222	-42	969	220	0	0	-1	-38	955	218	1606974837
-55	-53	-50	-71	-65	-68	0	-72	-74	-76	-75	-75	-79	-72	0	0	0	-91	-91	0	0	0	-92	-90	0	0	0	-88	-89	0	-89	-88	0	-70	0	0	0	0	-95	0	0	0	0	0	0	0	0	0	0	0	0	0	0	0	0	0	0	0	0	-94	0	0	0	0	0	0	0	0	0	0	0	0	0	0	0	0	0	0	0	0	0	0	0	0	0	0	0	0	0	0	0	0	0	0	0	0	0	0	0	0	0	0	0	0	0	0	0	0	0	0	0	0	0	0	0	0	0	0	0	0	0	0	0	0	0	0	0	0	0	3424	-2005	257	25620	-7711	-223	-38	970	222	0	0	-1	-39	955	218	1606974838
-56	-53	-50	-79	-64	-68	-71	-72	0	0	-76	-75	-79	-70	0	0	0	-91	-92	-90	0	-86	-91	-91	0	0	0	-90	-89	0	0	-90	-88	-69	-69	0	0	0	0	0	0	0	0	0	0	0	0	0	0	0	0	0	0	0	0	0	0	0	0	-92	0	0	0	0	0	0	0	0	0	-91	0	0	0	0	0	0	0	0	0	0	0	0	0	0	0	0	0	0	0	0	0	0	0	0	0	0	0	0	0	0	0	0	0	0	0	0	0	0	0	0	0	0	0	0	0	0	0	0	0	0	0	0	0	0	0	0	0	-89	0	3424	-2096	272	25619	-7709	-221	-40	971	218	-1	-1	0	-38	955	219	1606974840
-58	0	-50	-72	-65	-67	-71	-71	-76	-77	-76	-75	-79	-71	0	0	-84	-90	-89	-90	0	-87	-91	-90	0	-85	0	-89	-89	0	-88	-89	-88	-70	0	0	0	0	0	0	0	0	0	0	0	0	0	0	0	0	0	0	0	0	0	0	0	0	0	-95	0	0	0	0	0	0	0	0	0	0	0	0	0	0	0	0	0	0	0	0	0	0	0	0	0	0	0	0	0	0	0	0	0	0	0	0	0	0	0	0	0	0	0	0	0	0	0	0	0	0	0	0	0	0	0	0	0	0	0	0	0	0	0	0	0	0	0	0	0	3409	-1975	271	25621	-7712	-223	-40	970	220	-1	0	-1	-39	955	218	1606974842
0	-54	-50	-70	0	-67	-72	-70	-76	0	-76	-76	-78	-71	0	0	0	-91	-90	0	0	-88	-89	-90	0	0	0	-89	-89	0	0	-89	-90	-72	0	0	0	0	0	0	0	0	0	0	0	0	0	0	0	-91	0	0	0	0	0	0	0	0	0	-92	0	0	0	0	0	0	0	0	0	0	0	0	0	0	0	0	0	0	0	0	0	0	0	0	0	0	0	0	0	0	0	0	0	0	0	0	0	0	0	0	0	0	0	0	0	0	0	0	0	0	0	0	0	0	0	0	0	0	0	0	0	0	0	0	0	0	0	0	0	3424	-2035	272	25620	-7711	-223	-39	969	221	0	-1	0	-39	955	218	1606974843
-58	-56	0	-75	-67	0	-70	-71	-76	0	-74	-75	-79	-71	0	0	0	-87	-87	-86	0	-86	-88	-87	0	0	0	-89	-89	0	-91	-89	-89	-70	0	0	0	0	0	0	0	0	0	0	0	0	0	0	0	0	0	0	0	0	0	0	0	0	0	-93	0	0	0	0	0	0	0	0	0	0	0	0	0	0	0	0	0	0	0	0	0	0	0	0	0	0	0	0	0	0	0	0	0	0	0	0	0	0	0	0	0	0	0	0	0	0	0	0	0	0	0	0	0	0	0	0	0	0	0	0	0	0	0	0	0	0	0	0	0	3424	-1991	286	25621	-7712	-222	-39	970	220	-1	0	-1	-38	955	218	1606974845
-59	-54	-49	0	0	-67	0	0	-78	-75	-75	-77	-80	0	0	0	0	-88	-88	-88	0	0	-87	-87	0	0	-90	-89	-89	0	0	-89	-88	-68	0	0	0	0	0	0	0	0	0	0	0	0	0	0	0	0	0	0	0	0	0	0	0	0	0	-93	0	0	0	0	0	0	0	0	0	0	0	0	0	0	0	0	0	0	0	0	0	0	0	0	0	0	0	0	0	0	0	0	0	0	0	0	0	0	0	0	0	0	0	0	0	0	0	0	0	0	0	0	0	0	0	0	0	0	0	0	0	0	0	0	0	0	0	0	0	3409	-2065	287	25619	-7709	-222	-39	970	221	-1	-1	-1	-38	955	219	1606974846
0	0	-50	-70	0	0	0	-70	-74	-77	0	-75	-80	-70	0	0	0	-87	-88	-88	0	-85	-88	-87	0	0	0	-88	-89	0	-89	-89	0	-67	0	0	0	0	0	0	0	0	0	0	0	0	0	0	0	0	0	0	0	0	0	0	0	0	0	-94	0	0	0	0	0	0	0	0	0	0	0	0	0	0	0	0	0	0	0	0	0	0	0	0	0	0	0	0	0	0	0	0	0	0	0	0	0	0	0	0	0	0	0	0	0	0	0	0	0	0	0	0	0	0	0	0	0	0	0	0	0	0	0	0	0	0	0	0	0	3424	-2035	272	25619	-7708	-223	-37	969	226	-1	-1	0	-39	955	219	1606974848
0	-56	-49	-65	-67	-67	-70	-70	-72	0	-74	-74	-79	-67	0	0	0	-90	-88	-88	0	-86	-88	-89	0	0	0	-88	-89	0	-88	-88	-88	-68	0	0	0	0	0	0	0	0	0	0	0	0	0	0	0	0	0	0	0	0	0	0	0	0	0	-93	0	0	0	0	0	0	0	0	0	0	0	0	0	0	0	0	0	0	0	0	0	0	0	0	0	0	0	0	0	0	0	0	0	0	0	0	0	0	0	0	0	0	0	0	0	0	0	0	0	0	0	0	0	0	0	0	0	0	0	0	0	0	0	0	0	0	0	0	0	3424	-2035	257	25620	-7710	-223	-42	970	219	0	0	-1	-39	955	218	1606974850
-54	-57	-50	-72	-65	-69	-70	-70	-75	0	-75	-76	-78	-70	0	0	-87	-91	-90	-91	0	-82	-90	-90	-87	-85	-89	-88	-88	0	-87	-88	-90	-73	0	0	0	0	0	0	0	0	0	0	0	0	0	0	0	0	0	0	0	0	0	0	0	0	0	-93	0	0	0	0	0	0	0	0	0	0	0	0	0	0	0	0	0	0	0	0	0	0	0	0	0	0	0	0	0	0	0	0	0	0	0	0	0	0	0	0	0	0	0	0	0	0	0	0	0	0	0	0	0	0	0	0	0	0	0	0	0	0	0	0	0	0	0	0	0	3334	-2005	271	25620	-7711	-222	-40	970	220	0	-1	0	-38	955	218	1606974851
0	-55	-51	0	0	-68	0	-70	-75	0	-75	-76	-78	-70	0	0	-82	-90	-89	-92	0	-85	-92	-91	0	-83	0	-88	-88	0	-88	-90	-89	-72	0	0	0	0	0	0	0	0	0	0	0	0	0	0	0	-90	0	0	0	0	0	0	0	0	0	-94	0	0	0	0	0	0	0	0	0	0	0	0	0	0	0	0	0	0	0	0	0	0	0	0	0	0	0	0	0	0	0	0	0	0	0	0	0	0	0	0	0	0	0	0	0	0	0	0	0	0	0	0	0	0	0	0	0	0	0	0	0	0	0	0	0	0	0	0	0	3409	-2005	287	25617	-7707	-225	-39	970	224	0	0	-1	-39	955	219	1606974853
0	-57	-51	0	0	-69	-70	-70	-75	-78	-77	-75	-78	-71	0	0	-84	-90	-91	-90	-86	-82	-92	-90	-83	-82	0	-88	-89	0	-89	-89	-90	-73	-68	0	0	0	0	0	0	0	0	0	0	0	0	0	0	-90	0	0	0	0	0	0	0	0	0	-94	0	0	0	0	0	0	0	0	0	0	0	0	0	0	0	0	0	0	0	0	0	0	0	0	0	0	0	0	0	0	0	0	0	0	0	0	0	0	0	0	0	0	0	0	0	0	0	0	0	0	0	0	0	0	0	0	0	0	0	0	0	0	0	0	0	0	0	0	0	3424	-2013	316	25618	-7707	-221	-39	970	224	-1	-1	0	-38	955	219	1606974854
0	-57	-51	-70	-63	0	-71	-70	-75	-76	0	-75	-79	-70	-89	0	0	-86	-86	-86	0	0	-87	-87	0	0	0	-89	-89	0	-88	-89	-89	-65	0	0	0	0	0	0	0	0	0	0	0	0	0	0	0	0	0	0	0	0	0	0	0	0	0	-93	0	0	0	0	0	0	0	0	0	0	0	0	0	0	0	0	0	0	0	0	0	0	0	0	0	0	0	0	0	0	0	0	0	0	0	0	0	0	0	0	0	0	0	0	0	0	0	0	0	0	0	0	0	0	0	0	0	0	0	0	0	0	0	0	0	0	0	0	0	3424	-2006	287	25620	-7711	-221	-40	970	221	-1	0	0	-38	955	218	1606974856
-57	-56	-52	0	-64	-67	0	0	-75	0	-74	-74	-78	0	0	0	0	-86	-86	-88	0	-84	-86	-86	0	0	0	-90	-88	0	-88	-89	-89	-67	-69	0	0	0	0	0	0	0	0	0	0	0	0	0	0	0	0	0	0	0	0	0	0	0	0	0	0	0	0	0	0	0	0	0	0	0	0	0	0	0	0	0	0	0	0	0	0	0	0	0	0	0	0	0	0	0	0	0	0	0	0	0	0	0	0	0	0	0	0	0	0	0	0	0	0	0	0	0	0	0	0	0	0	0	0	0	0	0	0	0	0	0	0	0	0	3379	-2020	287	25620	-7711	-222	-39	971	222	0	0	-1	-38	955	218	1606974857
-57	-54	-51	0	0	0	0	0	-75	0	-76	-75	-79	0	0	0	-86	-89	-87	-88	-84	0	-86	-86	-85	-87	0	-88	-89	0	-88	-89	-89	-68	-68	0	0	0	0	0	0	0	0	0	0	0	0	0	0	0	0	0	0	0	0	0	0	0	0	0	0	0	0	0	0	0	0	0	0	0	0	0	0	0	0	0	0	0	0	0	0	0	0	0	0	0	0	0	0	0	0	0	0	0	0	0	0	0	0	0	0	0	0	0	0	0	0	0	0	0	0	0	0	0	0	0	0	0	0	0	0	0	0	0	0	0	0	0	0	3470	-2036	287	25618	-7708	-222	-37	970	223	0	0	-1	-38	955	219	1606974859
-57	-56	-51	0	0	0	-71	-70	-75	-76	-75	-75	-77	-70	0	0	-84	-93	-90	-91	0	-86	-91	-91	0	0	0	-88	-89	0	-88	-89	-90	-74	0	0	0	0	0	0	0	0	0	0	0	0	0	0	0	-89	0	0	0	0	0	-89	0	0	0	-91	0	0	0	0	0	0	0	0	0	0	0	0	0	0	0	0	0	0	0	0	0	0	0	0	0	0	0	0	0	0	0	0	0	0	0	0	0	0	0	0	0	0	0	0	0	0	0	0	0	0	0	0	0	0	0	0	0	0	0	0	0	0	0	0	0	0	0	0	0	3379	-2035	272	25619	-7709	-221	-40	970	221	-1	0	0	-38	955	219	1606974861
-49	0	-51	-77	-66	0	-70	-69	-74	0	-74	-74	-78	-71	0	0	0	-87	-87	-85	0	0	-86	-86	0	0	0	-87	-88	0	-88	-89	-89	-68	0	0	0	0	0	0	0	0	0	0	0	0	0	0	0	0	0	0	0	0	0	0	0	0	0	0	0	0	0	0	0	0	0	0	0	-92	0	0	0	0	0	0	0	0	0	0	0	0	0	0	0	0	0	0	0	0	0	0	0	0	0	0	0	0	0	0	0	0	0	0	0	0	0	0	0	0	0	0	0	0	0	0	0	0	0	0	0	0	0	0	0	0	0	0	0	3424	-2081	272	25616	-7703	-221	-39	969	220	-1	-1	0	-38	954	219	1606974862
-53	-54	-52	0	-67	-66	0	0	-74	0	-74	-75	-80	0	0	0	0	-87	-86	-87	0	-85	-87	-86	0	0	0	-88	-88	0	-88	-88	-87	-67	0	0	0	0	0	0	0	0	0	0	0	0	0	0	0	0	0	0	0	0	0	0	0	0	0	-94	0	0	0	0	0	0	0	0	0	0	0	0	0	0	0	0	0	0	0	0	0	0	0	0	0	0	0	0	0	0	0	0	0	0	0	0	0	0	0	0	0	0	0	0	0	0	0	0	0	0	0	0	0	0	0	0	0	0	0	0	0	0	0	0	0	0	0	0	0	3379	-1990	316	25618	-7707	-220	-38	971	224	0	0	0	-38	955	219	1606974864
-56	-55	-52	0	0	0	0	-66	-75	0	-74	-75	-78	-69	0	0	0	-87	-87	-86	0	0	-86	-85	0	0	-91	-88	-88	0	-89	-89	-89	-68	0	0	0	0	0	0	0	0	0	0	0	0	0	0	0	0	0	0	0	0	0	0	0	0	0	0	0	0	0	0	0	0	0	0	0	-90	0	0	0	0	0	0	0	0	0	0	0	0	0	0	0	0	0	0	0	0	0	0	0	0	0	0	0	0	0	0	0	0	0	0	0	0	0	0	0	0	0	0	0	0	0	0	0	0	0	0	0	0	0	0	0	0	0	0	0	3424	-2028	287	25619	-7709	-221	-39	971	218	-1	-1	-1	-38	955	218	1606974865
-53	-54	0	0	0	0	-70	-69	-76	-76	-76	-75	-79	-71	0	0	-84	-90	-90	-90	-85	-84	-91	-91	-86	-85	0	-89	-88	0	0	-90	-88	-72	0	0	0	0	-95	0	0	0	0	0	0	0	0	0	0	0	0	0	0	0	0	0	0	0	0	-93	0	0	0	0	0	0	0	0	0	-90	0	0	0	0	0	0	0	0	0	0	0	0	0	0	0	0	0	0	0	0	0	0	0	0	0	0	0	0	0	0	0	0	0	0	0	0	0	0	0	0	0	0	0	0	0	0	0	0	0	0	0	0	0	0	0	0	0	0	0	3379	-2020	324	25616	-7704	-223	-39	969	223	0	0	-1	-39	954	219	1606974867
-50	-56	-49	-72	-68	-66	-71	-71	-74	-77	-73	-75	-78	-71	0	0	-84	-88	-87	-88	-85	-85	-87	-87	-86	-85	0	0	0	0	0	0	0	-67	0	0	0	0	0	0	0	0	0	0	0	0	0	0	0	0	0	0	0	0	0	0	0	0	0	-90	0	0	0	0	0	0	0	0	0	0	0	0	0	0	0	0	0	0	0	0	0	0	0	0	0	0	0	0	0	0	0	0	0	0	0	0	0	0	0	0	0	0	0	0	0	0	0	0	0	0	0	0	0	0	0	0	0	0	0	0	0	0	0	0	0	0	0	0	0	3379	-2020	331	25616	-7704	-222	-40	970	222	0	0	0	-38	954	219	1606974868
-54	-57	-49	0	-65	0	-73	-74	-75	-76	-74	-75	-78	-70	0	0	-84	-90	-88	-91	-85	-85	-89	-89	-84	-84	0	-88	-89	0	-88	-88	-88	-65	0	0	0	0	0	0	0	0	0	0	0	0	0	0	0	0	0	0	0	0	0	-90	0	0	0	0	0	0	0	0	0	0	0	0	0	-90	0	0	0	0	0	0	0	0	0	0	0	0	0	0	0	0	0	0	0	0	0	0	0	0	0	0	0	0	0	0	0	0	0	0	0	0	0	0	0	0	0	0	0	0	0	0	0	0	0	0	0	0	0	0	0	0	0	0	0	3409	-2013	271	25619	-7710	-222	-37	970	223	-1	-1	0	-38	955	218	1606974870
0	-55	-48	0	0	-66	-70	-73	-75	0	-74	-74	-78	-73	0	0	-85	-87	-86	-87	0	0	-87	-87	-84	-85	0	-89	-89	0	-88	-87	-88	-66	0	0	0	0	0	0	0	0	0	0	0	0	0	0	0	0	0	0	0	0	0	0	0	0	0	0	0	0	0	0	0	0	0	0	0	0	0	0	0	0	0	0	0	0	0	0	0	0	0	0	0	0	0	0	0	0	0	0	0	0	0	0	0	0	0	0	0	0	0	0	0	0	0	0	0	0	0	0	0	0	0	0	0	0	0	0	0	0	0	0	0	0	0	0	0	3372	-2020	331	25617	-7705	-222	-40	970	221	-1	0	0	-38	954	219	1606974871
-53	-60	-48	-71	0	0	0	0	-74	-79	-74	-74	-77	-74	0	0	-84	-87	-87	-88	0	-83	-87	-88	-84	-84	0	-87	-88	0	0	-87	-88	-67	-65	0	0	0	0	0	0	0	0	0	0	0	0	0	0	0	0	0	0	0	0	0	0	0	0	0	0	0	0	0	0	0	0	0	0	0	0	0	0	0	0	0	0	0	0	0	0	0	0	0	0	0	0	0	0	0	0	0	0	0	0	0	0	0	0	0	0	0	0	0	0	0	0	0	0	0	0	0	0	0	0	0	0	0	0	0	0	0	0	0	0	0	0	0	0	3364	-2028	271	25615	-7701	-223	-42	971	222	0	0	-1	-39	954	220	1606974873
-57	0	-49	-75	-69	-69	-72	0	-76	0	-75	-76	-78	-74	0	0	0	-94	-92	-91	0	-84	0	-92	0	0	0	-88	-89	0	-90	-88	-88	-68	0	0	0	0	0	0	0	0	0	0	0	0	0	0	0	0	0	0	0	0	0	0	0	0	0	-93	0	0	0	0	0	0	0	0	0	0	0	0	0	0	0	0	0	0	0	0	0	0	0	0	0	0	0	0	0	0	0	0	0	0	0	0	0	0	0	0	0	0	0	0	0	0	0	0	0	0	0	0	0	0	0	0	0	0	0	0	0	0	0	0	0	0	0	0	0	3439	-2020	257	25617	-7706	-222	-39	970	223	0	0	-1	-38	955	219	1606974874
0	-54	-50	-71	-75	0	-75	-75	-75	0	-76	-75	-78	-75	0	0	0	-91	-90	0	0	0	-89	-90	0	0	-91	-90	-87	0	-89	-89	-89	-66	0	0	0	0	0	0	0	0	0	0	0	0	0	0	0	0	0	0	0	0	0	0	0	0	0	0	0	0	0	0	0	0	0	0	0	0	0	0	0	0	0	0	0	0	0	0	0	0	0	0	0	0	0	0	0	0	0	0	0	0	0	0	0	0	0	0	0	0	0	0	0	0	0	0	0	0	0	0	0	0	0	0	0	0	0	0	0	0	0	0	0	0	0	0	0	3424	-2066	279	25618	-7707	-221	-39	970	223	0	0	0	-38	955	219	1606974876
-63	0	0	0	-69	0	-71	-72	-75	0	-76	-76	-77	-71	0	0	0	-92	-90	-89	0	-83	-91	-90	0	0	-88	-88	-88	0	-87	-87	-89	-68	0	0	0	0	0	0	0	0	0	0	0	0	0	0	0	0	0	0	0	0	0	0	0	0	0	-94	0	0	0	0	0	0	0	0	0	-91	0	0	0	0	0	0	0	0	0	0	0	0	0	0	0	0	0	0	0	0	0	0	0	0	0	0	0	0	0	0	0	0	0	0	0	0	0	0	0	0	0	0	0	0	0	0	0	0	0	0	0	0	0	0	0	0	0	0	0	3379	-2065	257	25617	-7705	-221	-39	969	223	0	0	0	-38	954	219	1606974878
-60	-51	-49	-70	-72	0	-71	-71	-75	0	-76	-74	-77	-71	0	0	-83	-92	-92	-89	-84	-84	-90	-91	0	-86	0	-87	-89	0	-89	-88	-88	-70	0	0	0	0	0	0	0	0	0	0	0	0	0	0	0	0	0	0	0	0	0	0	0	0	0	-92	0	0	0	0	0	0	0	0	0	0	0	0	0	0	0	0	0	0	0	0	0	0	0	0	0	0	0	0	0	0	0	0	0	0	0	0	0	0	0	0	0	0	0	0	0	0	0	0	0	0	0	0	0	0	0	0	0	0	0	0	0	0	0	0	0	0	0	0	0	3371	-1990	271	25616	-7703	-222	-39	969	224	0	0	-1	-38	954	219	1606974879
-53	-57	-50	0	0	0	-71	-75	-75	0	-76	-75	-77	-71	0	0	-85	-91	-90	-91	-85	-85	-89	-91	-86	-84	-89	-88	-89	0	0	-88	-88	-68	0	0	0	0	0	0	0	0	0	0	0	0	0	0	0	0	0	0	0	0	0	-88	0	0	0	-93	0	0	0	0	0	0	0	0	0	-91	0	0	0	0	0	0	0	0	0	0	0	0	0	0	0	0	0	0	0	0	0	0	0	0	0	0	0	0	0	0	0	0	0	0	0	0	0	0	0	0	0	0	0	0	0	0	0	0	0	0	0	0	0	0	0	0	0	0	0	3424	-2020	271	25618	-7708	-222	-39	970	223	-1	0	-1	-38	955	219	1606974881
-64	-55	-51	0	-66	-65	-71	-70	-75	0	-74	-74	-78	-71	0	0	-85	-88	-89	-88	0	-84	0	-87	-85	0	0	-88	-88	0	0	-88	-88	-66	-68	0	0	0	0	0	0	0	0	0	0	0	0	0	0	0	0	0	0	0	0	0	0	0	0	0	0	0	0	0	0	0	0	0	0	-94	0	0	0	0	0	0	0	0	0	0	0	0	0	0	0	0	0	0	0	0	0	0	0	0	0	0	0	0	0	0	0	0	0	0	0	0	0	0	0	0	0	0	0	0	0	0	0	0	0	0	0	0	0	0	0	0	0	0	0	3379	-2035	287	25617	-7705	-222	-39	970	222	0	0	0	-38	955	219	1606974882
-62	-56	-51	-62	-68	-68	-70	-72	-76	0	-76	-76	-77	-71	0	0	0	-93	-93	0	0	-88	0	-92	0	0	-92	-88	-89	0	-88	-89	-87	-68	-67	0	0	0	0	0	0	0	0	0	0	0	0	0	0	0	0	0	0	0	0	0	0	0	0	-93	0	0	0	0	0	0	0	0	0	0	0	0	0	0	0	0	0	0	0	0	0	0	0	0	0	0	0	0	0	0	0	0	0	0	0	0	0	0	0	0	0	0	0	0	0	0	0	0	0	0	0	0	0	0	0	0	0	0	0	0	0	0	0	0	0	0	0	0	0	3469	-1998	264	25617	-7706	-223	-38	970	222	-1	0	0	-39	955	219	1606974884
-57	-53	-50	-67	-70	-68	-72	-72	-77	0	-76	-77	-78	-72	0	0	0	-89	-88	0	0	0	-87	-89	0	0	0	-88	-89	0	-87	-88	-89	-63	0	0	0	0	0	0	0	0	0	0	0	0	0	0	0	0	0	0	0	0	0	0	0	0	0	-94	0	0	0	0	0	0	0	0	0	0	0	0	0	0	0	0	0	0	0	0	0	0	0	0	0	0	0	0	0	0	0	0	0	0	0	0	0	0	0	0	0	0	0	0	0	0	0	0	0	0	0	0	0	0	0	0	0	0	0	0	0	0	0	0	0	0	0	0	0	3409	-2020	287	25619	-7709	-222	-38	970	223	0	0	0	-38	955	219	1606974886
-60	-53	-50	-68	-67	0	-72	-71	-74	-84	-74	-74	-79	-73	0	0	-85	-89	-91	-90	-86	-84	-89	-89	-86	-85	-91	-89	-89	0	-87	-89	-89	-67	0	0	0	0	0	0	0	0	0	0	0	0	0	0	0	0	0	0	0	0	0	0	0	0	0	0	0	0	0	0	0	0	0	0	0	-94	-90	0	0	0	0	0	0	0	0	0	0	0	0	0	0	0	0	0	0	0	0	0	0	0	0	0	0	0	0	0	0	0	0	0	0	0	0	0	0	0	0	0	0	0	0	0	0	0	0	0	0	0	0	0	0	0	0	0	0	3409	-2020	287	25618	-7706	-222	-39	970	222	0	-1	0	-38	955	219	1606974887
0	0	-51	0	-68	-69	0	0	-75	0	-75	-76	-79	0	0	0	0	-88	-87	0	0	0	-88	-89	0	0	0	-89	-88	0	-89	-88	-89	-64	0	0	0	0	0	0	0	0	0	0	0	0	0	0	0	0	0	0	0	0	0	0	0	0	0	0	0	0	0	0	0	0	0	0	0	-90	0	0	0	0	0	0	0	0	0	0	0	0	0	0	0	0	0	0	0	0	0	0	0	0	0	0	0	0	0	0	0	0	0	0	0	0	0	0	0	0	0	0	0	0	0	0	0	0	0	0	0	0	0	0	0	0	0	0	0	3409	-1998	316	25616	-7704	-221	-38	970	222	0	0	-1	-38	954	219	1606974889
0	-55	-50	-70	-68	0	-71	-72	-83	0	-81	-81	-78	-71	0	0	0	-87	-87	-87	0	-84	0	-88	0	0	-89	-88	-90	0	-90	-89	-88	-70	0	0	0	0	0	0	0	0	0	0	0	0	0	0	0	0	0	0	0	0	0	0	0	0	0	-94	0	0	0	0	0	0	0	0	0	0	0	0	0	0	0	0	0	0	0	0	0	0	0	0	0	0	0	0	0	0	0	0	0	0	0	0	0	0	0	0	0	0	0	0	0	0	0	0	0	0	0	0	0	0	0	0	0	0	0	0	0	0	0	0	0	0	0	0	0	3417	-2065	272	25617	-7706	-221	-39	970	221	0	0	0	-38	955	219	1606974890
-58	-54	0	-69	-68	-68	-74	-74	-76	-80	-76	-76	-77	-75	0	0	0	-86	-86	-87	0	-90	-87	-87	0	0	-88	-89	-89	0	-88	-88	-88	-70	0	0	0	0	0	0	0	0	0	0	0	0	0	0	0	0	0	0	0	0	0	0	0	0	0	-91	0	0	0	0	0	0	0	0	0	0	0	0	0	0	0	0	0	0	0	0	0	0	0	0	0	0	0	0	0	0	0	0	0	0	0	0	0	0	0	0	0	0	0	0	0	0	0	0	0	0	0	0	0	0	0	0	0	0	0	0	0	0	0	0	0	0	0	0	0	3379	-2080	257	25618	-7707	-223	-39	971	223	0	0	-1	-39	955	219	1606974892
-56	-56	0	-69	-70	0	0	0	-77	0	-77	-77	-76	-74	0	0	0	-87	-88	-88	0	0	-88	-87	0	0	0	-88	-88	0	0	-89	-88	-67	-68	0	0	0	0	0	0	0	0	-77	0	0	0	0	0	0	0	0	0	0	0	0	0	0	0	0	0	0	0	0	0	0	0	0	0	-93	0	0	0	0	0	0	0	0	0	0	0	0	0	0	0	0	0	0	0	0	0	0	0	0	0	0	0	0	0	0	0	0	0	0	0	0	0	0	0	0	0	0	0	0	0	0	0	0	0	0	0	0	0	0	0	0	0	0	0	3469	-1931	316	25617	-7705	-221	-38	970	223	0	0	0	-38	955	219	1606974893
-61	-58	-52	-69	-69	-67	-74	-73	-76	-83	-75	-76	-77	-72	0	0	-85	-87	-87	-87	0	0	-87	-86	0	0	-88	-88	-88	0	0	-90	-89	-67	0	0	0	0	0	0	0	0	0	0	0	0	0	0	0	0	0	0	0	0	0	0	0	0	0	-95	0	0	0	0	0	0	0	0	0	0	0	0	0	0	0	0	0	0	0	0	0	0	0	0	0	0	0	0	0	0	0	0	0	0	0	0	0	0	0	0	0	0	0	0	0	0	0	0	0	0	0	0	0	0	0	0	0	0	0	0	0	0	0	0	0	0	0	0	0	3432	-2051	317	25616	-7704	-221	-39	970	221	0	0	0	-38	954	219	1606974895
-56	-55	-58	-67	-70	-67	0	0	-77	-82	-77	-77	-77	0	0	0	0	-91	-91	0	0	0	-90	-91	0	0	-90	-88	-88	0	0	-88	-88	-69	0	0	0	0	0	0	0	0	0	0	0	0	0	0	0	0	0	0	0	0	0	0	0	0	0	-92	0	0	0	0	0	0	0	0	0	0	0	0	0	0	0	0	0	0	0	0	0	0	0	0	0	0	0	0	0	0	0	0	0	0	0	0	0	0	0	0	0	0	0	0	0	0	0	0	0	0	0	0	0	0	0	0	0	0	0	0	0	0	0	0	0	0	0	0	0	3424	-2013	316	25616	-7704	-221	-39	970	223	0	0	0	-38	954	219	1606974897
0	-58	-51	-65	-69	-68	0	-74	-77	0	-78	-78	-76	-74	0	0	-84	-93	-92	0	-83	0	0	-91	0	-83	-89	-90	-88	0	0	-88	-89	-71	0	0	0	0	0	0	0	0	0	0	0	0	0	0	0	0	0	0	0	0	0	0	0	0	0	-92	0	0	0	0	0	0	0	0	0	0	-89	0	0	0	0	0	0	0	0	0	0	0	0	0	0	0	0	0	0	0	0	0	0	0	0	0	0	0	0	0	0	0	0	0	0	0	0	0	0	0	0	0	0	0	0	0	0	0	0	0	0	0	0	0	0	0	0	0	0	3379	-2005	257	25616	-7703	-221	-38	971	224	0	0	-1	-38	954	220	1606974898
-57	-56	0	-71	-69	-69	-70	-71	-76	0	-76	-76	-78	-73	0	0	-87	-89	-90	-90	0	0	-91	-90	0	-86	-87	-88	-88	0	-88	-88	-89	-68	-69	0	0	0	0	0	0	0	0	0	0	0	0	0	0	0	0	0	0	0	0	0	0	0	0	-94	0	0	0	0	0	0	0	0	0	-90	0	0	0	0	0	0	0	0	0	0	0	0	0	0	0	0	0	0	0	0	0	0	0	0	0	0	0	0	0	0	0	0	0	0	0	0	0	0	0	0	0	0	0	0	0	0	0	0	0	0	0	0	0	0	0	0	0	0	0	3447	-2020	287	25618	-7708	-221	-39	971	222	0	0	-1	-38	955	219	1606974900
-56	-53	-52	0	-66	0	-71	-71	-75	0	-75	-75	-77	-72	0	0	0	-89	-87	-88	0	-84	-87	-89	0	0	-91	-89	-88	0	-89	-87	-89	-64	-71	0	0	0	0	0	0	0	-92	0	0	0	0	0	0	0	0	0	0	0	0	0	0	0	0	0	0	0	0	0	0	0	0	0	0	0	0	0	0	0	0	0	0	0	0	0	0	0	0	0	0	0	0	0	0	0	0	0	0	0	0	0	0	0	0	0	0	0	0	0	0	0	0	0	0	0	0	0	0	0	0	0	0	0	0	0	0	0	0	0	0	0	0	0	0	3364	-2020	286	25619	-7708	-222	-39	971	223	0	0	-1	-38	955	219	1606974902
-59	-56	-53	-72	-68	0	-69	0	-75	-80	-75	-75	-77	0	0	0	0	-91	-92	-91	-87	-87	-91	-90	-84	-82	-90	-90	-88	0	-89	-89	-90	-67	0	0	0	0	0	0	0	0	0	0	0	0	0	0	0	-88	0	0	0	0	0	0	0	0	0	-93	0	0	0	0	0	0	0	0	0	0	0	0	0	0	0	0	0	0	0	0	0	0	0	0	0	0	0	0	0	0	0	0	0	0	0	0	0	0	0	0	0	0	0	0	0	0	0	0	0	0	0	0	0	0	0	0	0	0	0	0	0	0	0	0	0	0	0	0	0	3424	-2021	287	25615	-7701	-221	-39	970	222	0	0	0	-38	954	220	1606974903
-54	-54	-51	-71	0	0	-70	-70	-75	-82	-74	-75	-77	-73	0	0	-84	-93	-90	-90	0	0	-89	-92	0	-85	-90	-89	-89	0	-88	-88	-88	-65	0	0	0	0	0	0	0	0	0	0	0	0	-90	0	0	0	0	0	0	0	0	0	0	0	0	-92	0	0	0	0	0	0	0	0	0	-95	0	0	0	0	0	0	0	0	0	0	0	0	0	0	0	0	0	0	0	0	0	0	0	0	0	0	0	0	0	0	0	0	0	0	0	0	0	0	0	0	0	0	0	0	0	0	0	0	0	0	0	0	0	0	0	0	0	0	0	3409	-1990	309	25616	-7704	-221	-39	970	223	0	0	0	-38	954	219	1606974905
-52	-57	-53	-67	-69	0	0	0	-75	-80	-75	-74	-77	0	0	0	-87	-91	-92	-90	0	0	-92	-91	0	-84	0	-88	-89	0	-88	-90	-88	-64	0	0	0	0	0	0	0	0	0	0	0	0	0	0	0	0	0	0	0	0	0	-89	0	0	0	-94	0	0	0	0	0	0	0	0	0	0	0	0	0	0	0	0	0	0	0	0	0	0	0	0	0	0	0	0	0	0	0	0	0	0	0	0	0	0	0	0	0	0	0	0	0	0	0	0	0	0	0	0	0	0	0	0	0	0	0	0	0	0	0	0	0	0	0	0	0	3379	-2005	257	25618	-7707	-222	-39	970	221	0	0	-1	-38	955	219	1606974906
-54	-57	-55	-67	-71	0	-74	-70	-75	-80	-73	-75	-77	-73	0	0	0	-90	-89	-88	0	-87	-89	-88	0	0	0	-88	-88	0	-88	-88	0	-64	0	0	0	0	0	0	0	0	0	0	0	0	0	0	0	0	0	0	0	0	0	-89	0	0	0	-94	0	0	0	0	0	0	0	0	0	0	0	0	0	0	0	0	0	0	0	0	0	0	0	0	0	0	0	0	0	0	0	0	0	0	0	0	0	0	0	0	0	0	0	0	0	0	0	0	0	0	0	0	0	0	0	0	0	0	0	0	0	0	0	0	0	0	0	0	0	3424	-2035	257	25616	-7704	-221	-39	970	222	0	0	-1	-38	954	219	1606974908
-59	-56	-53	-64	-73	0	0	0	-77	-81	-77	-76	-77	0	0	0	0	-90	-89	0	0	0	-91	-91	0	0	-88	-89	-89	0	-88	-90	-89	-65	0	0	0	0	0	0	0	0	0	-79	0	0	0	0	0	0	0	0	0	0	0	0	0	0	0	-93	0	0	0	0	0	0	0	0	0	0	0	0	0	0	0	0	0	0	0	0	0	0	0	0	0	0	0	0	0	0	0	0	0	0	0	0	0	0	0	0	0	0	0	0	0	0	0	0	0	0	0	0	0	0	0	0	0	0	0	0	0	0	0	0	0	0	0	0	0	3424	-2035	257	25615	-7701	-219	-41	971	218	0	0	-1	-38	954	220	1606974910
-59	-55	-53	-68	-71	0	-71	-70	-77	0	-75	-75	-79	-70	0	0	-83	-91	-90	-90	-82	-84	-91	-92	-87	-83	0	-88	-90	0	-87	-88	-87	-67	0	0	0	0	0	0	0	0	0	0	0	0	0	0	0	0	0	0	0	0	0	0	0	0	0	-93	0	0	0	0	0	0	0	0	0	0	0	0	0	0	0	0	0	0	0	0	0	0	0	0	0	0	0	0	0	0	0	0	0	0	0	0	0	0	0	0	0	0	0	0	0	0	0	0	0	0	0	0	0	0	0	0	0	0	0	0	0	0	0	0	0	0	0	0	0	3259	-2004	227	25615	-7702	-220	-43	970	221	-1	0	0	-38	954	220	1606974911
0	-54	0	0	0	-68	-74	-75	-74	0	0	-74	-80	-73	0	0	0	-87	-89	-89	0	0	-89	-88	0	0	0	-88	-88	0	-88	-87	0	-62	0	0	0	0	0	0	0	0	0	0	0	0	0	0	0	-90	0	0	0	0	0	-88	0	0	0	0	0	0	0	0	0	0	0	0	0	0	0	0	0	0	0	0	0	0	0	0	0	0	0	0	0	0	0	0	0	0	0	0	0	0	0	0	0	0	0	0	0	0	0	0	0	0	0	0	0	0	0	0	0	0	0	0	0	0	0	0	0	0	0	0	0	0	0	0	0	3379	-2020	279	25616	-7703	-221	-38	971	221	0	0	0	-38	954	219	1606974913
0	-52	-51	0	-69	0	0	-71	-74	0	-74	-75	-78	0	0	0	0	-88	-89	-88	0	0	0	-89	0	0	0	-90	-90	0	0	-89	-89	-64	0	0	0	0	0	0	0	0	0	-77	0	0	0	-86	0	0	0	0	0	0	0	0	0	0	0	-94	0	0	0	0	0	0	0	0	0	-92	0	0	0	0	0	0	0	0	0	0	0	0	0	0	0	0	0	0	0	0	0	0	0	0	0	0	0	0	0	0	0	0	0	0	0	0	0	0	0	0	0	0	0	0	0	0	0	0	0	0	0	0	0	0	0	0	0	0	0	3409	-2035	272	25617	-7706	-222	-40	970	223	0	0	-1	-38	955	219	1606974914
-55	0	-50	-67	0	0	-72	-72	-75	-83	-75	-76	-77	-72	0	0	0	-90	-90	0	-88	-86	0	-91	-82	-83	0	-88	-87	0	-89	-87	-89	-66	0	0	0	0	0	0	0	0	0	0	0	0	0	-87	0	0	0	0	0	0	0	0	0	0	0	-93	0	0	0	0	0	0	0	0	0	-93	0	0	0	0	0	0	0	0	0	0	0	0	0	0	0	0	0	0	0	0	0	0	0	0	0	0	0	0	0	0	0	0	0	0	0	0	0	0	0	0	0	0	0	0	0	0	0	0	0	0	0	0	0	0	0	0	0	0	0	3424	-2036	287	25619	-7709	-221	-39	970	223	0	0	0	-38	955	219	1606974916
-59	-53	-51	0	-71	0	-72	-73	-75	0	-75	-75	-76	-75	0	0	-83	-90	-92	-91	-87	-83	-90	-90	-84	-84	0	-88	-88	0	-88	-88	-87	-65	0	0	0	0	0	0	0	0	0	0	0	0	0	0	0	0	0	0	0	0	0	0	0	0	0	-93	0	0	0	0	0	0	0	0	0	0	0	0	0	0	0	0	0	0	0	0	0	0	0	0	0	0	0	0	0	0	0	0	0	0	0	0	0	0	0	0	0	0	0	0	0	0	0	0	0	0	0	0	0	0	0	0	0	0	0	0	0	0	0	0	0	0	0	0	-91	3409	-2020	279	25616	-7704	-222	-39	970	223	0	0	0	-38	954	219	1606974917
0	-57	-49	-74	0	-68	0	0	-76	0	-75	-77	-77	0	0	0	0	-88	-87	-87	0	-83	-87	-87	0	0	0	-88	-89	0	-88	-89	-89	-65	0	0	0	0	0	0	0	0	0	0	0	0	0	-89	0	0	0	0	0	0	0	0	0	0	0	0	0	0	0	0	0	0	0	0	0	0	0	0	0	0	0	0	0	0	0	0	0	0	0	0	0	0	0	0	0	0	0	0	0	0	0	0	0	0	0	0	0	0	0	0	0	0	0	0	0	0	0	0	0	0	0	0	0	0	0	0	0	0	0	0	0	0	0	0	0	3424	-2065	257	25618	-7706	-222	-38	970	222	0	0	0	-38	955	219	1606974919
-56	-53	-52	-69	-72	-67	-70	-71	-77	-82	-78	-76	-76	-70	0	0	0	-93	-91	0	-84	-85	0	-92	-85	-83	-86	-87	0	0	0	-88	-89	-68	0	0	0	0	0	0	0	0	0	0	0	0	0	0	0	0	0	0	0	0	0	0	0	0	0	-94	0	0	0	0	0	0	0	0	0	0	0	0	0	0	0	0	0	0	0	0	0	0	0	0	0	0	0	0	0	0	0	0	0	0	0	0	0	0	0	0	0	0	0	0	0	0	0	0	0	0	0	0	0	0	0	0	0	0	0	0	0	0	0	0	0	0	0	0	0	3379	-1990	331	25618	-7708	-222	-39	970	222	0	0	0	-38	955	219	1606974920
-57	0	0	-70	-68	0	-71	-72	-75	0	0	-74	-78	-71	0	0	-88	-89	-88	-89	-85	-83	-89	-89	-84	-85	-87	-88	-89	0	-88	-88	-88	-66	0	0	0	0	0	0	0	0	0	0	0	0	0	0	0	0	0	0	0	0	0	0	0	0	0	-92	0	0	0	0	0	0	0	0	0	0	0	0	0	0	0	0	0	0	0	0	0	0	0	0	0	0	0	0	0	0	0	0	0	0	0	0	0	0	0	0	0	0	0	0	0	0	0	0	0	0	0	0	0	0	0	0	0	0	0	0	0	0	0	0	0	0	0	0	0	3409	-2065	272	25618	-7707	-223	-39	971	223	0	0	0	-39	955	219	1606974922
-59	-53	-51	-67	-70	-67	-73	-72	-75	-81	-74	-74	-78	-73	0	0	0	-90	-89	-88	0	0	-89	-88	0	0	-87	-88	-89	0	-90	-88	-88	-66	0	0	0	0	0	0	0	0	0	0	0	0	0	0	0	0	0	0	0	0	0	0	0	0	0	0	0	0	0	0	0	0	0	0	0	0	0	0	0	0	0	0	0	0	0	0	0	0	0	0	0	0	0	0	0	0	0	0	0	0	0	0	0	0	0	0	0	0	0	0	0	0	0	0	0	0	0	0	0	0	0	0	0	0	0	0	0	0	0	0	0	0	0	0	0	3379	-2065	257	25616	-7703	-222	-40	970	222	-1	0	0	-38	954	219	1606974923
-56	-54	-51	-66	-72	-68	-73	-72	-76	-82	-76	-76	-76	-72	0	0	0	-91	-91	-91	0	0	-92	-90	0	0	-85	-88	-88	0	-89	-88	-89	-68	0	0	0	0	0	0	0	0	0	0	0	-87	-88	0	-88	0	-87	0	0	0	0	0	0	0	0	-91	0	0	0	0	0	0	0	0	0	0	0	0	0	0	0	0	0	0	0	0	0	0	0	0	0	0	0	0	0	0	0	0	0	0	0	0	0	0	0	0	0	0	0	0	0	0	0	0	0	0	0	0	0	0	0	0	0	0	0	0	0	0	0	0	0	0	0	0	0	3409	-2020	271	25619	-7708	-221	-40	970	222	0	0	-1	-38	955	219	1606974925
-56	-56	0	-69	-70	-67	-72	0	-75	-82	-76	-76	-77	0	0	0	-86	-91	-91	-90	-87	-85	-90	-92	-85	-84	-89	-88	-88	0	-88	-89	-88	-67	0	0	0	0	-93	0	0	0	0	0	0	0	0	0	0	-90	0	0	0	0	0	0	0	0	0	-90	0	0	0	0	0	0	0	0	0	-91	0	0	0	0	0	0	0	0	0	0	0	0	0	0	0	0	0	0	0	0	0	0	0	0	0	0	0	0	0	0	0	0	0	0	0	0	0	0	0	0	0	0	0	0	0	0	0	0	0	0	0	0	0	0	0	0	0	0	0	3409	-2013	339	25616	-7703	-221	-39	970	224	0	0	-1	-38	954	219	1606974927
-61	-54	-57	-65	-69	-68	-71	-71	-74	-83	-74	-75	-78	-71	0	0	-84	-87	-89	-88	-84	-87	-89	-90	-84	-86	-86	-88	-88	0	-87	-87	0	-67	0	0	0	0	0	0	0	0	0	0	0	0	-91	0	0	0	0	0	0	0	0	0	0	0	0	-91	0	0	0	0	0	0	0	0	0	0	0	0	0	0	0	0	0	0	0	0	0	0	0	0	0	0	0	0	0	0	0	0	0	0	0	0	0	0	0	0	0	0	0	0	0	0	0	0	0	0	0	0	0	0	0	0	0	0	0	0	0	0	0	0	0	0	0	0	0	3364	-2005	286	25615	-7703	-222	-39	970	223	0	-1	-1	-38	954	220	1606974928
0	-53	-49	-65	0	0	-71	-72	-76	0	-76	-76	-78	-73	0	0	0	-88	-89	-88	0	0	-89	-89	0	0	-87	-89	-89	0	-89	-89	0	-69	0	0	0	0	0	0	0	0	0	0	0	0	0	0	0	0	0	0	0	0	0	0	0	0	0	-93	0	0	0	0	0	0	0	0	0	0	0	0	0	0	0	0	0	0	0	0	0	0	0	0	0	0	0	0	0	0	0	0	0	0	0	0	0	0	0	0	0	0	0	0	0	0	0	0	0	0	0	0	0	0	0	0	0	0	0	0	0	0	0	0	0	0	0	0	0	3409	-2065	272	25618	-7707	-223	-39	969	221	0	-1	-1	-39	955	219	1606974930
-60	-54	-50	0	-70	-68	0	0	-77	-82	0	-76	-79	0	0	0	0	-88	-88	-89	0	-84	-89	-89	0	0	-88	-88	-89	0	0	-88	-89	-67	-68	0	0	0	0	0	0	0	0	0	0	0	0	0	0	0	0	0	0	0	0	0	0	0	0	0	0	0	0	0	0	0	0	0	0	0	0	0	0	0	0	0	0	0	0	0	0	0	0	0	0	0	0	0	0	0	0	0	0	0	0	0	0	0	0	0	0	0	0	0	0	0	0	0	0	0	0	0	0	0	0	0	0	0	0	0	0	0	0	0	0	0	0	0	0	3439	-2035	234	25616	-7703	-221	-40	970	224	0	-1	-1	-38	954	219	1606974931
-58	-56	-49	0	-67	-69	-72	-73	-77	-82	-75	-76	-78	-68	0	0	0	-90	-92	-92	0	-85	-92	-91	0	0	-87	-89	-89	0	-88	-89	-87	-68	0	0	0	0	0	0	0	0	0	0	0	0	0	0	0	0	0	0	0	0	0	-90	0	0	0	-92	0	0	0	0	0	0	0	0	0	0	0	0	0	0	0	0	0	0	0	0	0	0	0	0	0	0	0	0	0	0	0	0	0	0	0	0	0	0	0	0	0	0	0	0	0	0	0	0	0	0	0	0	0	0	0	0	0	0	0	0	0	0	0	0	0	0	0	0	0	3379	-2005	316	25617	-7705	-221	-39	970	222	0	0	-1	-38	954	219	1606974933
-56	-53	-50	-65	0	0	-72	-72	-76	-82	-75	-75	-78	-72	0	0	-83	-89	-87	-88	-84	-84	-89	-89	-84	-82	-88	-88	-89	0	-87	-89	-89	-67	0	0	0	0	0	0	0	0	0	0	0	0	0	0	0	0	0	0	0	0	0	0	0	0	0	-92	0	0	0	0	0	0	0	0	0	-90	0	0	0	0	0	0	0	0	0	0	0	0	0	0	0	0	0	0	0	0	0	0	0	0	0	0	0	0	0	0	0	0	0	0	0	0	0	0	0	0	0	0	0	0	0	0	0	0	0	0	0	0	0	0	0	0	0	0	0	3364	-2020	316	25616	-7704	-221	-39	971	222	0	0	-1	-38	954	219	1606974934
-55	-56	0	-66	-70	0	-74	0	-76	-81	-75	-75	-78	0	0	0	-86	-91	-91	-90	-83	-84	-89	-91	-83	-83	-91	-89	-88	0	-87	-89	-88	-67	0	0	0	0	0	0	0	0	0	0	0	0	0	0	0	0	0	0	0	0	0	0	0	0	0	-93	0	0	0	0	0	0	0	0	0	0	0	0	0	0	0	0	0	0	0	0	0	0	0	0	0	0	0	0	0	0	0	0	0	0	0	0	0	0	0	0	0	0	0	0	0	0	0	0	0	0	0	0	0	0	0	0	0	0	0	0	0	0	0	0	0	0	0	0	0	3379	-2020	316	25617	-7705	-221	-39	970	223	0	0	0	-38	954	219	1606974936
-55	-55	-47	-66	-70	0	-71	-73	-75	-80	-75	-74	-79	-72	0	0	0	-90	-90	0	0	-85	-89	-90	0	0	-88	-88	-87	0	-89	-88	0	-67	0	0	0	0	-93	0	0	0	0	0	0	0	0	0	0	0	0	0	0	0	0	0	0	0	0	-92	0	0	0	0	0	0	0	0	0	-91	0	0	0	0	0	0	0	0	0	0	0	0	0	0	0	0	0	0	0	0	0	0	0	0	0	0	0	0	0	0	0	0	0	0	0	0	0	0	0	0	0	0	0	0	0	0	0	0	0	0	0	0	0	0	0	0	0	0	0	3409	-2073	264	25614	-7700	-222	-39	970	222	-1	0	0	-38	954	220	1606974938
-56	-54	0	-66	0	0	-73	0	-75	0	-75	-74	-78	-72	0	0	-84	-91	-90	-92	0	-83	-91	-91	0	-81	-86	-89	-88	0	-89	-87	-90	-69	-67	0	0	0	0	0	0	0	0	0	0	0	0	0	0	0	0	0	0	0	0	0	0	0	0	-91	0	0	0	0	0	0	0	0	0	-94	0	0	0	0	0	0	0	0	0	0	0	0	0	0	0	0	0	0	0	0	0	0	0	0	0	0	0	0	0	0	0	0	0	0	0	0	0	0	0	0	0	0	0	0	0	0	0	0	0	0	0	0	0	0	0	0	0	0	0	3409	-2065	279	25618	-7708	-222	-40	970	222	-1	0	-1	-38	955	219	1606974939
-59	-54	-48	-67	-71	-68	-73	0	-74	0	0	-74	-78	-72	0	0	-83	-91	-89	-89	-84	-84	-89	-90	-86	-83	-92	-88	-89	0	-87	-89	-88	-67	-66	0	0	0	0	0	0	0	0	0	0	0	0	0	0	0	0	0	0	0	0	0	0	0	0	0	0	0	0	0	0	0	0	0	0	-93	0	0	0	0	0	0	0	0	0	0	0	0	0	0	0	0	0	0	0	0	0	0	0	0	0	0	0	0	0	0	0	0	0	0	0	0	0	0	0	0	0	0	0	0	0	0	0	0	0	0	0	0	0	0	0	0	0	0	0	3409	-2005	271	25615	-7701	-221	-39	971	223	-1	0	0	-38	954	220	1606974941
-56	-55	-50	-67	-70	0	-73	-73	-75	0	-74	-74	-77	-73	0	0	0	-89	-89	-90	0	0	-89	-88	0	0	-82	-89	-88	0	0	-89	-87	-67	0	0	0	0	0	0	0	0	0	0	0	0	0	0	0	0	0	0	0	0	0	0	0	0	0	-94	0	0	0	0	0	0	0	0	0	0	0	0	0	0	0	0	0	0	0	0	0	0	0	0	0	0	0	0	0	0	0	0	0	0	0	0	0	0	0	0	0	0	0	0	0	0	0	0	0	0	0	0	0	0	0	0	0	0	0	0	0	0	0	0	0	0	0	0	0	3409	-2005	271	25615	-7702	-222	-39	970	221	-1	0	-1	-38	954	220	1606974942
-56	-54	0	-66	0	0	-71	-72	-75	-80	-75	-75	-78	-72	0	0	-84	-93	-89	-91	-84	-83	0	-91	-82	-85	-91	-88	-88	0	0	-89	-87	-69	-67	0	0	0	0	0	0	0	0	0	0	0	0	0	0	0	0	0	0	0	0	0	0	0	0	0	0	0	0	0	0	0	0	0	0	-91	0	0	0	0	0	0	0	0	0	0	0	0	0	0	0	0	0	0	0	0	0	0	0	0	0	0	0	0	0	0	0	0	0	0	0	0	0	0	0	0	0	0	0	0	0	0	0	0	0	0	0	0	0	0	0	0	0	0	0	3379	-1998	316	25612	-7696	-220	-39	970	222	0	0	0	-38	954	221	1606974944
-59	-55	0	0	-71	0	-72	-73	-74	-80	-74	-75	-78	-73	0	0	0	-93	-91	-90	0	-85	-91	-90	0	0	-79	-88	-87	0	-88	-88	-89	-69	0	0	0	0	0	0	0	0	0	0	0	0	0	0	0	0	0	0	0	0	0	0	0	0	0	-91	0	0	0	0	0	0	0	0	0	0	0	0	0	0	0	0	0	0	0	0	0	0	0	0	0	0	0	0	0	0	0	0	0	0	0	0	0	0	0	0	0	0	0	0	0	0	0	0	0	0	0	0	0	0	0	0	0	0	0	0	0	0	0	0	0	0	0	0	0	3455	-2006	316	25614	-7699	-222	-39	971	218	0	0	0	-38	954	220	1606974945
-50	-53	-47	-72	-61	0	0	0	-75	-76	-75	-76	-77	-69	0	0	-84	-91	-90	-90	-84	-83	-91	-90	-84	-85	-88	-89	-89	0	-90	-89	0	-71	0	0	0	0	-94	0	0	0	0	0	0	0	0	0	0	0	0	0	0	0	0	0	0	0	0	0	0	0	0	0	0	0	0	0	0	0	0	0	0	0	0	0	0	0	0	0	0	0	0	0	0	0	0	0	0	0	0	0	0	0	0	0	0	0	0	0	0	0	0	0	0	0	0	0	0	0	0	0	0	0	0	0	0	0	0	0	0	0	0	0	0	0	0	0	0	3379	-2020	287	25616	-7703	-223	-41	969	224	0	0	-1	-39	954	220	1606974947
-49	-53	-54	0	0	-68	0	-71	-75	-77	-75	-76	-78	0	0	0	-87	-87	-88	-89	-83	-86	-87	-87	-88	-85	-84	-88	-87	0	-87	-87	-89	-63	0	0	0	0	0	0	0	0	0	0	0	0	-91	0	0	0	-92	0	0	0	0	-89	0	0	0	0	0	0	0	0	0	0	0	0	0	0	0	0	0	0	0	0	0	0	0	0	0	0	0	0	0	0	0	0	0	0	0	0	0	0	0	0	0	0	0	0	0	0	0	0	0	0	0	0	0	0	0	0	0	0	0	0	0	0	0	0	0	0	0	0	0	0	0	0	0	3409	-2020	287	25614	-7700	-221	-42	970	223	-1	-1	0	-38	954	220	1606974949
-51	-54	-56	-76	-64	-68	-71	0	-75	-76	-74	-75	-78	-70	0	0	-84	-91	-91	-90	-87	-85	-90	-90	0	-84	-88	-90	-88	0	0	-89	-90	-73	0	0	0	0	0	0	0	0	0	0	0	0	0	0	0	0	0	0	0	0	0	0	0	0	0	-93	0	0	0	0	0	0	0	0	0	-89	0	0	0	0	0	0	0	0	0	0	0	0	0	0	0	0	0	0	0	0	0	0	0	0	0	0	0	0	0	0	0	0	0	0	0	0	0	0	0	0	0	0	0	0	0	0	0	0	0	0	0	0	0	0	0	0	0	0	0	3424	-2020	287	25619	-7709	-223	-38	969	225	0	0	-1	-39	955	218	1606974950
-57	-54	-49	-71	-66	-68	-69	-70	-74	-75	-74	-74	-77	-70	0	0	-84	-91	-92	-91	-84	0	-90	-91	0	-83	-89	-89	-88	0	0	-88	-89	-72	0	0	0	0	-95	0	0	0	0	0	0	0	0	0	0	0	0	0	0	0	0	0	0	0	0	-93	0	0	0	0	0	0	0	0	0	0	0	0	0	0	0	0	0	0	0	0	0	0	0	0	0	0	0	0	0	0	0	0	0	0	0	0	0	0	0	0	0	0	0	0	0	0	0	0	0	0	0	0	0	0	0	0	0	0	0	0	0	0	0	0	0	0	0	0	0	3364	-2020	279	25615	-7702	-222	-39	971	224	0	-1	-1	-38	954	220	1606974952
-56	-53	-47	0	0	-67	-70	-69	-75	-76	-76	-75	-78	-70	0	0	0	-92	-91	-91	0	-84	-90	-91	0	0	-76	-89	-90	0	0	-89	0	-72	0	0	0	0	0	0	0	0	0	0	0	0	0	0	0	0	0	0	0	0	0	0	0	0	0	0	0	0	0	0	0	0	0	0	0	0	0	0	0	0	0	0	0	0	0	0	0	0	0	0	0	0	0	0	0	0	0	0	0	0	0	0	0	0	0	0	0	0	0	0	0	0	0	0	0	0	0	0	0	0	0	0	0	0	0	0	0	0	0	0	0	0	0	0	0	3409	-2065	257	25618	-7707	-222	-39	970	222	0	0	-1	-38	954	219	1606974953
-58	-55	-49	0	-67	-68	-71	-70	-76	-77	-75	-76	-78	-70	0	0	-83	-90	-90	-91	-84	-84	-91	-92	-82	-84	-87	-88	-88	0	-89	-89	-88	-73	0	0	0	0	-94	0	0	0	0	0	0	0	0	0	0	0	0	0	0	0	0	0	0	0	0	-91	0	0	0	0	0	0	0	0	0	0	0	0	0	0	0	0	0	0	0	0	0	0	0	0	0	0	0	0	0	0	0	0	0	0	0	0	0	0	0	0	0	0	0	0	0	0	0	0	0	0	0	0	0	0	0	0	0	0	0	0	0	0	0	0	0	0	0	0	0	3364	-2080	287	25616	-7704	-222	-39	970	224	0	0	-1	-38	954	219	1606974955
-53	-57	-53	-72	-65	0	-70	-70	-76	0	-77	-76	-78	-69	0	0	-83	-86	-87	-89	-84	-83	-88	-88	-84	-85	-83	-90	-89	0	0	-89	-89	-69	-72	0	0	0	0	0	0	0	0	0	0	0	0	0	0	-89	0	0	0	0	0	0	0	0	0	0	0	0	0	0	0	0	0	0	0	0	0	0	0	0	0	0	0	0	0	0	0	0	0	0	0	0	0	0	0	0	0	0	0	0	0	0	0	0	0	0	0	0	0	0	0	0	0	0	0	0	0	0	0	0	0	0	0	0	0	0	0	0	0	0	0	0	0	0	0	3417	-2035	287	25616	-7704	-223	-40	971	224	-1	0	-1	-39	954	219	1606974987
-51	-58	-51	-70	-69	0	-69	0	-78	0	-79	-77	-78	-70	0	0	-84	-91	-93	0	0	-84	-91	-91	-83	-86	-89	-90	-89	0	0	-88	-89	-71	0	0	0	0	-94	0	0	0	0	0	0	0	0	0	0	0	0	0	0	0	0	0	0	0	0	-93	0	0	0	0	0	0	0	0	0	0	0	0	0	0	0	0	0	0	0	0	0	0	0	0	0	0	0	0	0	0	0	0	0	0	0	0	0	0	0	0	0	0	0	0	0	0	0	0	0	0	0	0	0	0	0	0	0	0	0	0	0	0	0	0	0	0	0	0	0	3394	-2035	287	25615	-7702	-222	-39	970	222	0	0	0	-38	954	220	1606974988
-55	-57	-54	-69	-67	0	-71	-72	-79	0	-78	-78	-79	-71	0	0	0	-91	-92	-91	0	-83	-91	-90	0	0	-90	-88	-88	0	0	-88	-86	-71	-70	0	0	0	0	0	0	0	0	0	0	0	0	0	0	0	0	0	0	0	0	0	0	0	0	-93	0	0	0	0	0	0	0	0	0	0	0	0	0	0	0	0	0	0	0	0	0	0	0	0	0	0	0	0	0	0	0	0	0	0	0	0	0	0	0	0	0	0	0	0	0	0	0	0	0	0	0	0	0	0	0	0	0	0	0	0	0	0	0	0	0	0	0	0	0	3372	-2005	287	25617	-7705	-221	-39	970	221	-1	-1	0	-38	954	219	1606974990
0	-55	0	-66	0	0	-72	-70	-76	0	-75	-75	-77	-70	0	0	-85	-85	-85	-86	-83	-84	-87	-87	-85	-85	-89	-88	-88	0	0	-88	-88	-66	0	0	0	0	0	0	0	0	0	0	0	0	0	0	0	0	0	0	0	-90	0	0	0	0	0	-94	0	0	0	0	0	0	0	0	0	-90	0	0	0	0	0	0	0	0	0	0	0	0	0	0	0	0	0	0	0	0	0	0	0	0	0	0	0	0	0	0	0	0	0	0	0	0	0	0	0	0	0	0	0	0	0	0	0	0	0	0	0	0	0	0	0	0	0	0	0	3394	-2066	331	25615	-7702	-223	-40	971	220	-1	0	-1	-39	954	220	1606974991
-56	-56	-55	-69	-66	0	0	0	-75	0	-75	-75	-78	-69	0	0	0	-89	-90	-92	0	0	-90	-92	0	0	-87	-89	-90	0	0	-89	-90	-69	0	0	0	0	-94	0	0	0	0	0	0	0	0	0	0	-88	0	0	0	0	0	0	0	0	0	-95	0	0	0	0	0	0	0	0	0	0	0	0	0	0	0	0	0	0	0	0	0	0	0	0	0	0	0	0	0	0	0	0	0	0	0	0	0	0	0	0	0	0	0	0	0	0	0	0	0	0	0	0	0	0	0	0	0	0	0	0	0	0	0	0	0	0	0	0	0	3409	-2035	272	25617	-7705	-221	-41	970	223	-1	0	0	-38	954	219	1606974993
0	-57	-51	0	-64	-65	0	-70	-75	0	-75	-76	-78	-69	0	0	0	-89	-88	-89	0	-85	-88	-88	0	0	-87	-89	-88	0	0	-89	-88	-67	0	0	0	0	0	0	0	0	0	0	0	0	0	0	0	0	0	0	0	0	0	0	0	0	0	-94	0	0	0	0	0	0	0	0	0	0	0	0	0	0	0	0	0	0	0	0	0	0	0	0	0	0	0	0	0	0	0	0	0	0	0	0	0	0	0	0	0	0	0	0	0	0	0	0	0	0	0	0	0	0	0	0	0	0	0	0	0	0	0	0	0	0	0	0	0	3424	-2036	287	25617	-7706	-222	-38	970	222	0	0	0	-38	955	219	1606974995
-57	-56	-51	-70	-65	-66	-70	-70	-74	-77	-74	-75	-77	-70	0	0	0	-89	-90	-91	-85	-86	-92	-88	0	0	-87	-89	-89	0	-90	-89	-90	-70	0	0	0	0	0	0	0	0	0	0	0	0	0	0	0	0	0	0	0	0	0	-87	0	0	0	-92	0	0	0	0	0	0	0	0	0	0	0	0	0	0	0	0	0	0	0	0	0	0	0	0	0	0	0	0	0	0	0	0	0	0	0	0	0	0	0	0	0	0	0	0	0	0	0	0	0	0	0	0	0	0	0	0	0	0	0	0	0	0	0	0	0	0	0	0	0	3379	-2020	271	25616	-7703	-222	-38	969	225	0	0	0	-38	954	220	1606974996
-52	-53	-56	-71	-66	0	-70	-69	-74	0	-74	-74	-76	-70	0	0	0	-87	-87	-87	0	-85	-87	-88	0	0	-87	-90	-88	0	-88	-88	-90	-68	0	0	0	0	0	0	0	0	0	0	0	0	0	0	0	0	0	0	0	0	0	0	0	0	0	0	0	0	0	0	0	0	0	0	0	0	-89	0	0	0	0	0	0	0	0	0	0	0	0	0	0	0	0	0	0	0	0	0	0	0	0	0	0	0	0	0	0	0	0	0	0	0	0	0	0	0	0	0	0	0	0	0	0	0	0	0	0	0	0	0	0	0	0	0	0	3409	-2006	346	25616	-7704	-223	-38	971	224	0	0	-1	-39	954	219	1606974998
0	-53	-49	0	0	0	0	-69	-75	-77	-75	-74	-77	-69	0	0	-86	-90	-90	-90	-86	-84	-90	-91	-82	-86	-88	-87	-91	0	-88	-88	-88	-70	-68	0	0	0	0	0	0	0	0	0	0	0	0	0	0	0	0	0	0	0	0	0	0	0	0	-93	0	0	0	0	0	0	0	0	0	0	0	0	0	0	0	0	0	0	0	0	0	0	0	0	0	0	0	0	0	0	0	0	0	0	0	0	0	0	0	0	0	0	0	0	0	0	0	0	0	0	0	0	0	0	0	0	0	0	0	0	0	0	0	0	0	0	0	0	0	3409	-1991	316	25613	-7699	-221	-42	970	221	0	0	-1	-38	954	220	1606974999
-55	-53	-55	0	-66	0	0	0	-77	-76	-75	-76	-76	0	0	0	0	-92	-90	-91	0	-75	0	-90	0	0	0	-88	0	0	0	-87	0	-72	0	0	0	0	0	0	0	0	0	0	0	0	0	0	0	-91	0	0	0	0	0	0	0	0	0	-94	0	0	0	0	0	0	0	0	0	0	0	0	0	0	0	0	0	0	0	0	0	0	0	0	0	0	0	0	0	0	0	0	0	0	0	0	0	0	0	0	0	0	0	0	0	0	0	0	0	0	0	0	0	0	0	0	0	0	0	0	0	0	0	0	0	0	0	0	0	3409	-2035	257	25614	-7701	-223	-37	972	220	-1	0	-1	-39	954	220	1606975001
-56	-59	0	-72	-62	-65	-71	-69	-77	0	-75	-75	-78	-70	0	0	0	-86	-87	-85	0	-86	-87	-87	0	0	-88	-89	-88	0	-89	-89	-89	-66	0	0	0	0	0	0	0	0	0	0	0	0	0	0	0	0	0	0	0	0	0	0	0	0	0	-91	0	0	0	0	0	0	0	0	0	0	0	0	0	0	0	0	0	0	0	0	0	0	0	0	0	0	0	0	0	0	0	0	0	0	0	0	0	0	0	0	0	0	0	0	0	0	0	0	0	0	0	0	0	0	0	0	0	0	0	0	0	0	0	0	0	0	0	0	0	3409	-2020	271	25616	-7704	-222	-40	969	224	0	0	-1	-38	954	219	1606975002
-55	-54	-53	-74	-67	-66	-67	-68	-77	-76	-76	-77	-79	-70	0	0	0	-89	-89	-90	0	0	-90	-89	0	0	-90	-87	-88	0	0	-87	-89	-68	-67	0	0	0	0	0	0	0	0	0	0	0	0	0	0	0	0	0	0	0	0	0	0	0	0	-93	0	0	0	0	0	0	0	0	0	0	0	0	0	0	0	0	0	0	0	0	0	0	0	0	0	0	0	0	0	0	0	0	0	0	0	0	0	0	0	0	0	0	0	0	0	0	0	0	0	0	0	0	0	0	0	0	0	0	0	0	0	0	0	0	0	0	0	0	0	3424	-2035	227	25619	-7709	-221	-40	969	222	0	0	0	-38	955	219	1606975004
-55	-59	-52	-72	-67	0	-71	-70	-77	-75	-76	-77	-78	-71	0	0	-84	-87	-87	-88	-83	-83	-87	-88	-84	0	-88	-88	-89	0	-88	-88	-88	-67	0	0	0	0	0	0	0	0	0	0	0	0	0	0	0	0	0	0	0	0	0	0	0	0	0	-93	0	0	0	0	0	0	0	0	0	-91	0	0	0	0	0	0	0	0	0	0	0	0	0	0	0	0	0	0	0	0	0	0	0	0	0	0	0	0	0	0	0	0	0	0	0	0	0	0	0	0	0	0	0	0	0	0	0	0	0	0	0	0	0	0	0	0	0	0	0	3439	-2035	264	25615	-7701	-221	-41	970	219	0	-1	0	-38	954	220	1606975006
-55	-55	-53	0	-72	0	0	-70	-75	-76	-74	-74	-79	-70	0	0	0	-90	-89	-90	0	0	-90	-90	0	0	-88	-89	-89	0	-88	-89	-90	-67	0	0	0	0	0	0	0	0	0	0	0	0	0	0	0	0	0	0	0	0	0	-90	0	0	0	0	0	0	0	0	0	0	0	0	0	0	0	0	0	0	0	0	0	0	0	0	0	0	0	0	0	0	0	0	0	0	0	0	0	0	0	0	0	0	0	0	0	0	0	0	0	0	0	0	0	0	0	0	0	0	0	0	0	0	0	0	0	0	0	0	0	0	0	0	0	3409	-2050	257	25616	-7703	-223	-37	970	223	0	0	-1	-39	954	219	1606975007
-52	-61	-52	-70	-66	-65	-72	-70	-74	-74	-76	-76	-79	-71	0	0	0	-88	-88	-89	0	0	-88	-89	0	0	0	-88	-91	0	-90	-89	-89	-64	0	0	0	0	0	0	0	0	0	0	0	0	0	0	0	0	0	0	0	0	0	-88	0	0	0	0	0	0	0	0	0	0	0	0	0	-93	0	0	0	0	0	0	0	0	0	0	0	0	0	0	0	0	0	0	0	0	0	0	0	0	0	0	0	0	0	0	0	0	0	0	0	0	0	0	0	0	0	0	0	0	0	0	0	0	0	0	0	0	0	0	0	0	0	0	0	3364	-2005	271	25619	-7708	-222	-38	970	223	0	0	0	-38	955	219	1606975009
-58	-56	-54	-72	0	-68	-72	0	-75	-80	-76	-75	-77	-70	0	0	-82	-90	-90	-90	-83	-87	-90	-90	-83	-84	-89	-90	-88	0	0	-88	-89	-68	0	0	0	0	0	0	0	0	0	0	0	0	0	0	0	0	0	0	0	0	0	0	0	0	0	-95	0	0	0	0	0	0	0	0	0	-91	0	0	0	0	0	0	0	0	0	0	0	0	0	0	0	0	0	0	0	0	0	0	0	0	0	0	0	0	0	0	0	0	0	0	0	0	0	0	0	0	0	0	0	0	0	0	0	0	0	0	0	0	0	0	0	0	0	0	0	3349	-1990	271	25616	-7703	-222	-39	970	223	-1	-1	0	-38	954	219	1606975010
-61	-56	-49	-66	-67	-69	-73	-71	-74	-80	-75	-74	-77	-73	0	0	0	-89	-90	-88	0	0	-89	-89	0	0	0	-91	-88	-92	-91	-88	-88	-67	0	0	0	0	-93	0	0	0	0	0	0	0	0	-83	0	0	0	0	0	0	0	0	0	0	0	-92	0	0	0	0	0	0	0	0	0	0	0	0	0	0	0	0	0	0	0	0	0	0	0	0	0	0	0	0	0	0	0	0	0	0	0	0	0	0	0	0	0	0	0	0	0	0	0	0	0	0	0	0	0	0	0	0	0	0	0	0	0	0	0	0	0	0	0	0	0	3424	-2036	287	25616	-7704	-221	-39	969	225	0	0	0	-38	954	219	1606975012
0	-54	-48	-76	0	-71	-74	0	-76	0	0	-77	-79	-72	0	0	-85	0	0	0	-84	-85	0	0	-86	-84	-90	-87	-87	0	-87	-87	-87	-69	-67	0	0	0	0	0	0	0	0	0	0	0	0	0	0	0	0	0	0	0	0	0	0	0	0	-92	0	0	0	0	0	0	0	0	0	-91	0	0	0	0	0	0	0	0	0	0	0	0	0	0	0	0	0	0	0	0	0	0	0	0	0	0	0	0	0	0	0	0	0	0	0	0	0	0	0	0	0	0	0	0	0	0	0	0	0	0	0	0	0	0	0	0	0	0	0	3379	-1983	286	25617	-7706	-223	-38	970	225	-1	-1	-1	-38	955	219	1606975013
0	-56	-51	-67	0	0	-77	-77	-78	0	-76	-76	-81	-78	0	0	0	0	0	0	0	-81	0	0	0	0	0	-86	-88	0	-86	-86	-87	-74	0	0	0	0	0	0	0	0	0	0	0	0	0	0	0	0	0	0	0	0	0	0	0	0	0	-95	0	0	0	0	0	0	0	0	0	-90	0	0	0	0	0	0	0	0	0	0	0	0	0	0	0	0	0	0	0	0	0	0	0	0	0	0	0	0	0	0	0	0	0	0	0	0	0	0	0	0	0	0	0	0	0	0	0	0	0	0	0	0	0	0	0	0	0	0	0	3439	-2020	257	25702	-7670	-212	-46	974	216	-2	0	0	-37	953	225	1606975015
