0	-48	-43	-51	-66	0	-69	-69	-74	-71	-74	-74	-78	-70	0	0	0	-90	-89	0	0	0	-90	-89	0	-78	-84	-92	-92	0	-94	-93	0	-54	-62	0	0	0	-86	0	0	0	0	0	0	0	0	0	0	0	0	0	-89	-86	0	0	-87	0	0	0	0	-88	0	0	0	0	0	0	0	0	0	0	0	0	0	0	0	0	0	0	0	-56	0	0	0	0	0	0	0	0	0	0	0	0	0	0	0	0	0	0	0	0	0	0	0	0	0	0	0	0	3844	-3685	2936	22542	-7715	-194	-40	965	230	1	0	1	-34	955	218	1606974583
-52	-45	0	-54	-64	0	-69	-70	-73	-75	-73	-75	-78	-70	0	0	0	-92	-90	0	0	0	-90	-90	0	0	-82	-92	-91	0	0	-92	0	-55	-63	0	0	0	-87	0	0	0	0	0	0	0	0	0	0	0	0	0	0	0	0	0	0	0	0	0	0	0	0	0	0	0	0	0	0	0	0	0	0	0	0	0	0	0	0	0	0	-67	0	0	0	0	0	0	0	0	0	0	0	0	0	0	0	0	0	0	0	0	0	0	0	0	0	0	0	0	3754	-3685	2906	22517	-7709	-211	-36	968	223	0	0	0	-36	955	219	1606974585
-53	-47	-44	-53	-64	0	-70	-69	-73	0	-73	-73	-78	-70	0	0	0	-89	-90	0	0	0	-90	-89	0	0	-83	-93	-93	0	0	-91	0	-56	-65	0	0	0	-88	0	0	0	0	0	0	0	0	0	0	0	0	0	0	0	0	0	0	0	0	0	0	0	0	0	0	0	0	0	0	0	0	0	0	0	0	0	0	0	0	0	0	-57	0	0	0	0	0	0	0	0	0	0	0	0	0	0	0	0	0	0	0	0	0	0	0	0	0	0	0	0	3859	-3655	2906	22521	-7680	-221	-39	966	229	0	0	-1	-38	954	223	1606974586
-51	-47	-43	-54	-65	0	-70	-70	-73	0	-73	-74	-79	-70	0	0	0	-89	-90	-91	0	0	-89	-90	0	0	-82	-92	-91	0	0	-90	0	-55	0	0	0	0	-86	0	0	-90	0	0	0	0	0	0	0	0	0	0	0	0	0	0	0	0	0	0	0	0	0	0	0	0	0	0	0	0	0	0	0	0	0	0	0	0	0	0	0	-58	0	0	0	0	0	0	0	0	0	0	0	0	0	0	0	0	0	0	0	0	0	0	0	0	0	0	0	0	3709	-3685	2936	22527	-7682	-209	-37	966	229	0	0	0	-36	954	223	1606974588
-51	-45	0	-53	-65	0	-70	-71	-75	0	-74	-74	-78	-70	-60	0	0	-90	-91	0	0	0	-91	-91	0	0	-82	-90	-92	0	0	-92	0	-55	0	0	0	0	-86	0	0	0	0	0	0	0	0	0	0	0	0	0	0	0	0	0	0	0	0	0	0	0	0	0	0	0	0	0	0	0	0	0	0	0	0	0	0	0	0	0	0	-69	0	0	0	0	0	0	0	0	0	0	0	0	0	0	0	0	0	0	0	0	0	0	0	0	0	0	0	0	3844	-3648	2876	22521	-7677	-217	-37	967	228	0	0	0	-38	953	224	1606974589
0	-43	-42	-56	-66	0	0	0	-74	-72	-75	-74	-78	0	0	0	0	-90	-89	0	0	0	-90	-91	0	0	-86	-92	-92	0	0	-93	0	-54	0	0	0	0	-89	0	0	0	0	0	0	0	0	-92	0	0	0	0	0	0	0	0	0	0	0	0	0	0	0	0	0	0	0	0	0	0	0	0	0	0	0	0	0	0	0	0	0	-56	0	0	0	0	0	0	0	0	0	0	0	0	0	0	0	0	0	0	0	0	0	0	0	0	0	0	0	0	3844	-3670	2921	22519	-7672	-219	-38	967	229	0	0	-1	-38	953	225	1606974591
0	-45	-42	-53	-67	0	-69	-68	-74	0	-74	-73	-78	-70	0	0	0	-90	-92	0	0	0	-90	-91	0	0	0	-91	-92	0	0	-91	0	-55	0	0	0	0	-87	0	0	-88	0	0	0	0	0	0	0	0	0	0	0	0	0	0	0	0	0	0	0	0	0	0	0	0	0	0	0	0	0	0	0	0	0	0	0	0	0	0	0	-55	0	0	0	0	0	0	0	0	0	0	0	0	0	0	0	0	0	0	0	0	0	0	0	0	0	0	0	0	3799	-3670	2861	22518	-7670	-218	-38	967	229	0	0	0	-38	953	225	1606974592
0	-47	0	0	-67	0	-69	-69	-74	0	-75	-75	-77	-68	0	0	0	-91	-91	0	0	0	-90	-91	0	0	-84	-91	-92	0	0	-90	-90	-55	0	0	0	0	-89	0	0	0	0	0	0	0	0	0	0	0	0	0	0	0	0	0	0	0	0	0	0	0	0	0	0	0	0	0	0	0	0	0	0	0	0	0	0	0	0	0	0	-67	0	0	0	0	0	0	0	0	0	0	0	0	0	0	0	0	0	0	0	0	0	0	0	0	0	0	0	0	3859	-3655	2876	22520	-7672	-217	-37	967	229	0	0	0	-38	953	225	1606974594
-53	-48	-43	-53	-66	0	-71	-71	-73	-74	-74	-74	-78	-71	0	0	0	-91	-91	0	0	0	0	-91	0	0	-82	-92	-92	0	0	-93	0	-56	0	0	0	0	-86	0	0	0	0	0	0	0	0	0	0	0	0	0	0	0	0	0	0	0	0	0	0	0	0	0	0	0	0	0	0	0	0	0	0	0	0	0	0	0	0	0	0	-67	0	0	0	0	0	0	0	0	0	0	0	0	0	0	0	0	0	0	0	0	0	0	0	0	0	0	0	0	3859	-3640	2906	22518	-7670	-218	-38	967	229	0	0	0	-38	953	225	1606974596
0	-48	-43	-55	-66	0	-69	-72	-74	0	-75	-74	-78	-70	0	0	0	-92	-92	0	-81	-81	-90	-91	-79	-79	-84	-91	-91	0	0	-90	-91	-56	0	0	0	0	-87	0	0	0	0	0	0	0	0	-91	0	0	0	0	0	0	0	0	0	0	0	0	0	0	0	0	0	0	0	0	0	0	0	0	0	0	0	0	0	0	0	0	0	-67	0	0	0	0	0	0	0	0	0	0	0	0	0	0	0	0	0	0	0	0	0	0	0	0	0	0	0	0	3859	-3686	2951	22517	-7663	-216	-38	967	229	0	-1	0	-37	953	226	1606974597
0	-47	-43	-54	-67	0	-72	-69	-73	0	-74	-74	-79	-69	-72	0	0	0	-90	0	0	0	-90	-89	0	0	0	-92	-90	0	-91	-93	-92	-55	0	0	0	0	-87	0	0	-89	0	0	0	0	0	-91	0	0	0	0	0	0	0	0	0	0	0	0	0	0	0	0	0	0	0	0	0	0	0	0	0	0	0	0	0	0	0	0	0	-59	0	0	0	0	0	0	0	0	0	0	0	0	0	0	0	0	0	0	0	0	0	0	0	0	0	0	0	0	3799	-3685	2906	22518	-7666	-216	-38	967	229	0	0	0	-37	953	226	1606974599
0	-45	-43	0	0	0	-69	-70	-74	0	-73	-75	-77	-71	0	0	0	-90	-90	0	0	0	-91	-90	0	0	-84	-92	-91	0	-93	-91	-91	-55	0	0	0	0	-87	0	0	0	0	0	0	0	0	0	0	0	0	0	0	0	0	0	0	0	0	0	0	0	0	0	0	0	0	0	0	0	0	0	0	0	0	0	0	0	0	0	0	-65	0	0	0	0	0	0	0	0	0	0	0	0	0	0	0	0	0	0	0	0	0	0	0	0	0	0	0	0	3829	-3655	2921	22516	-7663	-216	-38	967	229	0	-1	-1	-37	953	226	1606974600
0	-48	-43	-54	-66	0	-68	-69	-74	-76	-74	-74	-78	-69	0	0	0	-92	-91	0	0	0	-91	-90	0	0	-83	-91	-91	0	0	-90	-90	-55	0	0	0	0	-89	0	0	0	0	0	0	0	0	0	0	0	0	0	0	0	0	0	0	0	0	0	0	0	0	0	0	0	0	0	0	0	0	0	0	0	0	0	0	0	0	0	0	-62	0	0	0	0	0	0	0	0	0	0	0	0	0	0	0	0	0	0	0	0	0	0	0	0	0	0	0	0	3814	-3670	2921	22517	-7662	-215	-38	967	228	0	-1	0	-37	953	226	1606974602
0	-48	-42	-55	-66	0	-72	-72	-74	0	-74	-74	-77	-72	0	0	0	-90	-90	0	0	0	-90	0	0	-78	-84	-91	-92	0	0	-92	0	-56	0	0	0	0	-87	0	0	0	-87	0	0	0	0	0	0	0	0	0	0	0	0	0	0	0	0	0	0	0	0	0	0	0	0	0	0	0	0	0	0	0	0	0	0	0	0	0	0	-58	0	0	0	0	0	0	0	0	0	0	0	0	0	0	0	0	0	0	0	0	0	0	0	0	0	0	0	0	3814	-3670	2921	22517	-7664	-216	-38	966	229	0	0	-1	-37	953	226	1606974603
0	-47	-43	-55	-66	0	0	-68	-74	0	-74	-74	-78	0	0	-87	-79	-90	-91	0	0	0	-92	-91	0	0	-82	-91	-91	0	0	-91	0	-54	-64	0	0	0	-87	0	0	0	0	0	0	0	0	0	0	0	0	0	0	0	0	0	0	0	0	0	0	0	0	0	0	0	0	0	0	0	0	0	0	0	0	0	0	0	0	0	0	-67	0	0	0	0	0	0	0	0	0	0	0	0	0	0	0	0	0	0	0	0	0	0	0	0	0	0	0	0	3844	-3663	2936	22517	-7664	-216	-38	967	229	0	0	0	-37	953	226	1606974605
-52	-48	0	-54	-65	-67	-68	-69	-68	0	-68	-67	-74	-71	0	0	0	-89	-88	-88	0	0	-87	-88	0	0	-85	-90	-93	0	0	-90	0	-54	0	0	0	0	-95	0	0	0	0	0	0	0	0	0	0	0	0	0	0	0	0	0	0	0	0	0	0	0	0	0	0	0	0	0	0	0	0	0	0	0	0	0	0	0	0	0	0	-67	0	0	0	0	0	0	0	0	0	0	0	0	0	0	0	0	0	0	0	0	0	0	0	0	0	0	0	0	3799	-3685	2921	22516	-7664	-217	-38	966	229	0	-1	0	-38	953	226	1606974606
0	-48	-43	-54	0	-69	-69	-73	-75	0	-74	-74	-78	-73	0	0	0	-92	-90	0	0	0	0	-92	0	0	-86	-92	-93	0	0	-91	-92	-56	0	0	0	0	-89	0	0	0	0	0	0	0	0	0	0	0	0	0	0	0	0	0	0	0	0	0	0	0	0	0	0	0	0	0	0	0	0	0	0	0	0	0	0	0	0	0	0	-68	0	0	0	0	0	0	0	0	0	0	0	0	0	0	0	0	0	0	0	0	0	0	0	0	0	0	-92	0	3814	-3670	2876	22518	-7667	-215	-38	967	229	-1	0	0	-37	953	226	1606974608
0	-48	-42	-54	-66	-66	-68	-71	-68	0	-68	-67	-74	-69	0	0	0	-88	-88	-87	0	0	-89	-88	0	0	-84	-92	-91	0	0	-94	-91	-53	0	0	0	0	-95	0	0	0	0	0	0	0	0	0	0	0	0	0	0	0	0	0	0	0	0	0	0	0	0	0	0	0	0	0	-94	0	0	0	0	0	0	0	0	0	0	0	0	-68	0	0	0	0	0	0	0	0	0	0	0	0	0	0	0	0	0	0	0	0	0	0	0	0	0	0	0	0	3799	-3685	2854	22516	-7662	-216	-38	966	229	0	0	0	-37	953	226	1606974610
0	-47	-43	-54	0	-69	0	-69	-73	-75	-73	-73	-78	-69	0	0	0	-92	-92	0	0	0	-93	-90	0	0	-84	-90	-90	0	0	-92	-91	-55	0	0	0	0	-89	0	0	0	0	0	0	0	0	0	0	-86	0	0	0	0	0	0	0	0	0	0	0	0	0	0	0	0	0	0	0	0	0	0	0	0	0	0	0	0	0	0	0	0	0	0	0	0	0	0	0	0	0	0	0	0	0	0	0	0	0	0	0	0	0	0	0	0	0	0	0	0	3829	-3685	2921	22517	-7663	-216	-38	966	229	-1	0	0	-37	953	226	1606974611
-53	-48	-44	-53	-65	-67	-73	-69	-68	-76	-68	-68	-74	-73	0	0	0	-91	-90	-88	0	-82	-89	-88	0	0	-85	-91	0	0	0	-91	-92	-52	0	0	0	0	0	0	0	0	0	0	0	0	0	0	0	0	0	0	0	-86	0	0	0	0	0	0	0	0	0	0	0	0	0	0	-94	0	0	0	0	0	0	0	0	0	0	0	0	-57	0	0	0	0	0	0	0	0	0	0	0	0	0	0	0	0	0	0	0	0	0	0	0	0	0	0	0	0	3844	-3648	2921	22517	-7665	-217	-38	966	229	-1	-1	-1	-38	953	226	1606974613
0	-45	-43	-54	-65	-69	-72	0	-74	0	-74	-74	-78	-68	-75	-87	0	-91	-91	0	0	0	0	-91	0	0	-84	-92	-93	0	-91	-91	-92	-56	0	0	0	0	-88	0	0	0	0	0	0	0	0	0	0	0	0	0	0	0	0	0	-86	0	0	0	0	-86	0	-88	-86	0	0	0	0	0	0	0	0	0	0	0	0	0	0	0	0	0	0	0	0	0	0	0	0	0	0	0	0	0	0	0	0	0	0	0	0	0	0	0	0	0	0	0	0	0	3829	-3670	2906	22516	-7662	-216	-38	966	229	-1	-1	0	-37	953	226	1606974614
0	-45	-43	-47	-66	-69	-73	-69	-74	0	-73	-74	-77	-72	0	-84	0	-93	-90	-89	0	0	-92	0	0	0	-84	-91	-94	0	-91	-90	0	-55	0	0	0	0	-88	0	0	0	0	0	0	0	0	0	0	0	0	0	0	0	0	0	0	0	0	0	0	0	0	0	0	0	0	0	0	0	0	0	0	0	0	0	0	0	0	0	0	-59	0	0	0	0	0	0	0	0	0	0	0	0	0	0	0	0	0	0	0	0	0	0	0	0	0	0	0	0	3791	-3685	2906	22517	-7664	-215	-38	966	229	0	-1	0	-37	953	226	1606974616
0	-45	-44	-54	-65	0	-70	-73	-68	0	-67	-68	-74	-70	0	0	0	-90	-88	-89	0	-80	-89	-89	0	0	-80	-91	-91	0	-91	-91	-92	-51	0	0	0	0	-93	0	0	-88	0	0	0	0	0	0	0	0	0	0	0	0	0	0	0	0	0	0	0	0	0	0	0	0	0	0	-94	0	0	0	0	0	0	0	0	0	0	0	0	-58	0	0	0	0	0	0	0	0	0	0	0	0	0	0	0	0	0	0	0	0	0	0	0	0	0	0	-91	0	3814	-3730	2906	22519	-7670	-216	-38	967	228	0	0	0	-37	953	225	1606974618
0	-47	0	-53	-66	0	0	-73	-74	0	-74	-74	-78	-72	0	-84	0	-92	-90	-90	0	0	-90	-90	0	0	-85	-90	-92	0	-92	-92	-92	-55	0	0	0	0	-85	0	0	0	0	0	0	0	0	0	0	0	0	0	0	0	0	0	0	0	0	0	0	0	0	0	0	0	0	0	0	0	0	0	0	0	0	0	0	0	0	0	0	-58	0	0	0	0	0	0	0	0	0	0	0	0	0	0	0	0	0	0	0	0	0	0	0	0	0	0	0	0	3799	-3730	2936	22517	-7664	-217	-38	967	229	-1	0	-1	-38	953	226	1606974619
0	-45	-43	-54	-66	0	-69	-72	-67	-76	-67	-66	-73	-71	0	0	-79	-89	-88	-88	0	0	-89	-88	0	0	-84	-90	-91	0	0	-92	-90	-52	-64	0	0	0	-92	0	0	0	0	0	0	0	0	0	0	-85	0	0	-85	-85	0	0	-87	0	0	0	0	-86	0	0	0	0	0	0	-94	0	0	0	0	0	0	0	0	0	0	0	0	-57	0	0	0	0	0	0	0	0	0	0	0	0	0	0	0	0	0	0	0	0	0	0	0	0	0	0	0	0	3814	-3640	2921	22517	-7664	-216	-38	967	229	-1	-1	0	-37	953	226	1606974621
0	-46	-43	-55	-66	0	-72	-72	-74	0	-74	-74	-79	-69	0	-86	0	-90	-89	-91	0	0	-90	-92	0	0	-84	-92	-91	0	-92	-92	0	-54	0	0	0	0	-87	0	0	0	0	0	0	0	0	0	0	0	0	0	0	0	0	0	0	0	0	0	0	0	0	0	0	0	0	0	0	0	0	0	0	0	0	0	0	0	0	0	0	0	0	0	0	0	0	0	0	0	0	0	0	0	0	0	0	0	0	0	0	0	0	0	0	0	0	0	0	0	3814	-3745	2921	22519	-7670	-217	-38	967	228	0	0	-1	-37	953	225	1606974623
0	-45	-43	-54	-65	0	-69	-68	-74	-75	-74	-74	-79	-69	0	-82	0	-95	-92	0	0	0	-91	-91	0	0	-84	-91	-93	0	0	-91	-90	-55	0	0	0	0	-87	0	0	0	0	0	0	0	0	0	0	0	0	0	0	0	0	0	0	0	0	0	0	0	0	0	0	0	0	0	0	0	0	0	0	0	0	0	0	0	0	0	0	-58	0	0	0	0	0	0	0	0	0	0	0	0	0	0	0	0	0	0	0	0	0	0	0	0	0	0	0	0	3814	-3693	2921	22517	-7664	-216	-38	967	229	-1	-1	0	-37	953	226	1606974624
0	-45	-43	-54	-66	0	0	-69	-74	0	-73	-74	-78	-72	0	0	0	-91	-90	-92	0	-79	-91	-92	0	0	-85	-93	-91	0	0	-91	-91	-55	0	0	0	0	-85	0	0	-89	0	0	0	0	0	0	0	0	0	-89	0	0	0	0	0	0	0	0	0	0	0	0	0	0	0	0	0	0	0	0	0	0	0	0	0	0	0	0	0	-68	0	0	0	0	0	0	0	0	0	0	0	0	0	0	0	0	0	0	0	0	0	0	0	0	0	0	0	0	3844	-3618	2921	22517	-7664	-216	-38	966	228	-1	-1	0	-37	953	226	1606974626
-54	-45	-43	-54	-66	0	-73	-69	-67	0	-67	-67	-74	-72	0	0	0	-90	-88	-88	0	0	-88	-88	0	0	-83	-92	-91	0	-92	0	0	-52	0	0	0	0	0	0	0	-88	0	0	0	0	0	0	0	0	0	0	0	-84	0	0	0	0	0	0	0	-90	0	0	0	0	0	0	-93	0	0	0	0	0	0	0	0	0	0	0	0	-62	0	0	0	0	0	0	0	0	0	0	0	0	0	0	0	0	0	0	0	0	0	0	0	0	0	0	0	0	3859	-3730	2862	22518	-7666	-216	-38	966	227	0	0	0	-37	953	226	1606974627
0	-45	0	-54	-65	0	-70	-72	-74	-76	-74	-74	-79	-73	0	0	0	-91	-91	0	0	0	0	-89	0	0	-84	-94	-91	0	0	-91	-90	-55	0	0	0	0	-86	0	0	0	0	0	0	0	0	0	0	0	0	-90	0	0	0	0	0	0	0	0	0	0	0	0	0	0	0	0	0	0	0	0	0	0	0	0	0	0	0	0	0	-57	0	0	0	0	0	0	0	0	0	0	0	0	0	0	0	0	0	0	0	0	0	0	0	0	0	0	-92	0	3814	-3670	2906	22517	-7665	-217	-38	966	229	-1	-1	0	-37	953	226	1606974629
-53	-48	-42	-54	-63	0	-70	-73	-74	0	-74	-74	-78	0	0	-88	0	-91	-91	0	0	0	-91	0	0	0	-81	-93	-93	0	0	-93	-93	-54	0	0	0	0	-88	0	0	0	0	0	0	0	0	0	0	0	0	0	0	0	0	0	0	0	0	0	0	0	0	0	0	0	0	0	0	0	0	0	0	0	0	0	0	0	0	0	0	-68	0	0	0	0	0	0	0	0	0	0	0	0	0	0	0	0	0	0	0	0	0	0	0	0	0	0	0	0	3844	-3670	2921	22517	-7664	-217	-38	967	229	-1	-1	-1	-37	953	226	1606974630
0	-48	-43	-54	-66	0	-72	-71	-74	0	-75	-74	-79	-69	0	0	0	-91	-90	-90	0	0	-90	0	0	0	-84	-92	-92	0	0	0	0	-55	0	0	0	0	-87	0	0	0	0	0	0	0	0	-89	0	0	0	0	0	0	0	0	0	0	0	0	0	0	0	0	0	0	0	0	0	0	0	0	0	0	0	0	0	0	0	0	0	-69	0	0	0	0	0	0	0	0	0	0	0	0	0	0	0	0	0	0	0	0	0	0	0	0	0	0	0	0	3829	-3700	2921	22518	-7667	-217	-38	967	228	-1	-1	0	-37	953	226	1606974632
-53	-45	0	-54	-65	0	0	-67	-68	0	-68	-67	-74	0	0	0	0	-89	-89	-90	0	0	-90	-89	0	0	-84	-90	-93	0	-90	0	-92	-52	0	0	0	0	0	0	0	0	0	0	0	0	0	0	0	0	0	0	0	0	0	0	0	0	0	0	0	0	0	0	0	0	0	0	0	0	0	0	0	0	0	0	0	0	0	0	0	-69	0	0	0	0	0	0	0	0	0	0	0	0	0	0	0	0	0	0	0	0	0	0	0	0	0	0	0	0	3844	-3655	2929	22517	-7664	-216	-38	967	229	-1	-1	0	-37	953	226	1606974633
0	-47	-43	-54	-65	0	-69	0	-74	-73	-75	-74	-78	-69	0	0	0	-90	-90	-90	0	0	-90	-89	0	0	-84	-94	-93	0	0	-92	0	-56	0	0	0	0	-85	0	0	0	0	0	0	0	0	0	0	0	0	0	0	0	0	0	0	0	0	0	0	0	0	0	0	0	0	0	0	0	0	0	0	0	0	0	0	0	0	0	0	-58	0	0	0	0	0	0	0	0	0	0	0	0	0	0	0	0	0	0	0	0	0	0	0	0	0	0	0	0	3723	-3669	2846	22517	-7664	-215	-38	966	229	-1	-1	-1	-37	953	226	1606974635
0	-48	-44	-53	0	0	-73	-69	-74	0	-74	-74	-78	0	0	0	0	-91	-90	-92	0	0	-89	-90	0	0	0	-93	-91	0	0	-91	0	-54	0	0	0	0	-87	0	0	0	0	0	0	0	0	0	0	0	0	0	0	0	0	0	0	0	0	0	0	0	0	0	0	0	0	0	0	0	0	0	0	0	0	0	0	0	0	0	0	-70	0	0	0	0	0	0	0	0	0	0	0	0	0	0	0	0	0	0	0	0	0	0	0	0	0	0	0	0	3919	-3670	2906	22519	-7668	-216	-38	966	227	-1	-1	0	-37	953	225	1606974637
-53	-47	-43	-53	-65	0	-70	-73	-66	-75	-68	-67	-73	-72	0	-87	0	-88	-89	-89	0	0	-87	-89	0	0	-85	-94	-93	0	0	-91	0	-52	0	0	0	0	0	0	0	0	0	0	0	0	0	0	0	0	0	0	0	0	0	0	-87	0	0	0	0	-88	0	-89	-87	0	0	0	-93	0	0	0	0	0	0	0	0	0	0	0	0	-62	0	0	0	0	0	0	0	0	0	0	0	0	0	0	0	0	0	0	0	0	0	0	0	0	0	0	0	0	3739	-3685	2936	22517	-7664	-216	-38	966	229	0	-1	0	-37	953	226	1606974638
0	-47	0	-54	-66	0	-70	-72	-73	0	-74	-74	-78	-73	-62	0	0	-90	-91	-92	0	0	-90	-89	0	0	-85	-90	-93	0	0	-91	-93	-56	0	0	0	0	-86	0	0	0	0	0	0	0	0	0	0	0	0	0	0	-86	0	0	0	0	0	0	0	0	0	0	0	0	0	0	0	0	0	0	0	0	0	0	0	0	0	0	0	-62	0	0	0	0	0	0	0	0	0	0	0	0	0	0	0	0	0	0	0	0	0	0	0	0	0	0	0	0	3814	-3655	2906	22517	-7663	-215	-38	966	229	-1	-1	0	-37	953	226	1606974640
0	-47	-43	-55	-64	0	-70	-70	-74	0	-74	-74	-79	-72	0	0	0	-90	-89	-90	0	0	-90	-89	0	0	-83	-91	-93	0	0	-92	0	-55	0	0	0	0	-87	0	0	0	0	0	0	0	0	0	0	0	0	0	0	-88	0	0	0	0	0	0	0	0	0	0	0	0	0	0	0	0	0	0	0	0	0	0	0	0	0	0	0	-62	0	0	0	0	0	0	0	0	0	0	0	0	0	0	0	0	0	0	0	0	0	0	0	0	0	0	0	-92	3814	-3655	2861	22519	-7669	-215	-38	967	228	-1	-1	0	-37	953	225	1606974641
0	-48	-44	-54	-66	0	-69	-73	-74	0	-74	-74	-79	-73	-71	0	0	-91	-91	0	0	0	-91	-89	0	0	-83	-94	-93	0	0	-90	0	-55	0	0	0	0	-87	0	0	-90	0	0	0	0	0	0	0	0	0	0	0	-84	0	0	0	0	0	0	0	0	0	0	0	0	0	0	0	0	0	0	0	0	0	0	0	0	0	0	0	-62	0	0	0	0	0	0	0	0	0	0	0	0	0	0	0	0	0	0	0	0	0	0	0	0	0	0	0	-90	3761	-3745	2861	22517	-7664	-217	-38	967	229	-1	-1	-1	-37	953	226	1606974643
-51	0	-43	-53	-66	0	0	-70	-74	0	-74	-74	-79	-70	0	-83	-86	-92	-91	-91	-85	-84	0	-92	-85	-84	-83	-93	-94	0	0	-92	0	-55	0	0	0	0	-87	0	0	0	0	0	0	0	0	-89	0	-71	0	0	-85	-87	0	0	0	0	0	0	0	0	0	0	0	0	0	0	0	0	0	0	0	0	0	0	0	0	0	0	0	0	0	0	0	0	0	0	0	0	0	0	0	0	0	0	0	0	0	0	0	0	0	0	0	0	0	0	0	0	3852	-3670	2906	22516	-7662	-216	-38	966	229	-1	-1	0	-37	953	226	1606974645
-54	-47	-44	-54	-65	-69	-70	-68	-74	0	-74	-74	-78	-71	0	0	0	-91	-90	-91	0	0	0	-91	0	0	0	-92	-93	0	0	-92	0	-55	0	0	0	0	-86	0	0	0	0	0	0	0	0	-91	0	-84	0	0	0	-87	0	0	0	0	0	0	0	0	0	0	0	0	0	0	0	0	0	0	0	0	0	0	0	0	0	0	0	-59	0	0	0	0	0	0	0	0	0	0	0	0	0	0	0	0	0	0	0	0	0	0	0	0	0	0	0	0	3904	-3685	2876	22517	-7663	-216	-38	966	228	-1	-1	0	-37	953	226	1606974646
-54	0	0	0	-63	-70	0	0	-74	-75	-74	-74	-77	0	0	0	0	-91	0	-91	0	0	-91	-90	0	0	-84	-93	-93	0	0	-94	0	-55	0	0	0	0	-86	0	0	0	0	0	0	0	0	0	0	0	0	0	0	0	0	0	0	0	0	0	0	0	0	0	0	0	0	0	0	0	0	0	0	0	0	0	0	0	0	0	0	-70	0	0	0	0	0	0	0	0	0	0	0	0	0	0	0	0	0	0	0	0	0	0	0	0	0	0	0	0	3807	-3730	2906	22517	-7665	-216	-38	967	229	-1	-1	0	-37	953	226	1606974648
0	-44	-44	-54	-66	-69	0	0	-73	0	-73	-74	-78	0	0	-87	0	-91	0	-91	0	0	-90	-90	0	0	-84	-93	-92	0	0	-92	0	-56	0	0	0	0	-87	0	0	0	0	0	0	0	0	0	0	0	0	0	0	0	0	0	0	0	0	0	0	0	0	0	0	0	0	0	0	0	0	0	0	0	0	0	0	0	0	0	0	-70	0	0	0	0	0	0	0	0	0	0	0	0	0	0	0	0	0	0	0	0	0	0	0	0	0	0	0	0	3799	-3678	2921	22518	-7667	-215	-38	966	228	-1	-1	0	-37	953	226	1606974649
0	0	-43	-55	-65	-70	0	-70	-73	0	-74	-74	-78	-71	0	0	0	-92	0	-90	0	0	0	-90	0	0	-83	-93	-91	0	0	-92	0	-55	0	0	0	0	-87	0	0	0	0	0	0	0	0	0	0	0	0	0	0	0	0	0	0	0	0	0	0	0	0	0	0	0	0	0	0	0	0	0	0	0	0	0	0	0	0	0	0	0	0	0	0	0	0	0	0	0	0	0	0	0	0	0	0	0	0	0	0	0	0	0	0	0	0	0	0	0	3844	-3730	2877	22517	-7664	-216	-38	966	228	-1	-1	0	-37	953	226	1606974651
-54	-48	-43	-53	-64	-66	-72	0	-68	-76	-67	-68	-74	-70	0	-83	0	-88	-89	-88	0	0	-88	-89	0	0	-85	-93	-91	0	0	-93	0	-53	0	0	0	0	-93	0	0	0	0	0	0	0	0	-91	0	0	0	0	0	0	0	0	0	0	0	0	0	0	0	0	0	0	0	0	-93	0	0	0	0	0	0	0	0	0	0	0	0	-63	0	0	0	0	0	0	0	0	0	0	0	0	0	0	0	0	0	0	0	0	0	0	0	0	0	0	0	0	3844	-3655	2921	22517	-7664	-216	-38	967	229	-1	-1	0	-37	953	226	1606974653
0	0	-44	-54	-65	0	-74	-73	-68	0	-68	-68	-74	-72	0	0	0	-90	-91	-89	0	0	-90	-91	0	0	-83	-93	-92	0	0	-93	0	-52	0	0	0	0	-94	0	0	0	0	0	0	0	0	-89	0	0	0	0	0	0	0	0	0	0	0	0	0	0	0	0	0	0	0	0	0	0	0	0	0	0	0	0	0	0	0	0	0	-59	0	0	0	0	0	0	0	0	0	0	0	0	0	0	0	0	0	0	0	0	0	0	0	0	0	0	0	0	3829	-3648	2936	22517	-7664	-216	-38	966	229	-1	-1	0	-37	953	226	1606974654
0	-47	-43	-51	-65	0	0	0	-74	0	-74	-74	-77	-72	0	-90	0	-92	-89	-89	0	0	-91	-90	0	0	-82	-93	-92	0	-93	-92	0	-55	0	0	0	0	-87	0	0	0	0	0	0	0	0	0	0	0	0	0	0	0	0	0	-87	0	0	0	0	-88	0	-87	-85	0	0	0	0	0	0	0	0	0	0	0	0	0	0	0	0	-70	0	0	0	0	0	0	0	0	0	0	0	0	0	0	0	0	0	0	0	0	0	0	0	0	0	0	0	0	3822	-3670	2951	22519	-7667	-215	-38	967	228	-1	-1	-1	-37	953	225	1606974656
0	-47	-44	-53	-65	0	-69	0	-67	0	-68	-68	-74	-68	0	0	0	-89	-89	-89	0	0	-89	-89	0	0	-82	-92	-93	0	0	-91	0	-53	0	0	0	0	0	0	0	-89	0	0	0	0	0	0	0	0	0	0	0	-86	0	0	0	0	0	0	0	0	0	0	0	0	0	0	-95	0	0	0	0	0	0	0	0	0	0	0	0	-73	0	0	0	0	0	0	0	0	0	0	0	0	0	0	0	0	0	0	0	0	0	0	0	0	0	0	0	0	3814	-3678	2928	22516	-7662	-216	-38	967	229	0	-1	0	-37	953	226	1606974658
0	-44	0	-54	-66	0	0	0	-74	-75	-73	-74	-79	0	0	0	0	-91	-90	-91	0	0	0	-89	0	0	-84	-93	-92	0	-91	-92	0	-55	0	0	0	0	-86	0	0	0	0	0	0	0	0	0	0	0	0	0	0	0	0	0	0	0	0	0	0	0	0	0	0	0	0	0	0	0	0	0	0	0	0	0	0	0	0	0	0	-57	0	0	0	0	0	0	0	0	0	0	0	0	0	0	0	0	0	0	0	0	0	0	0	0	0	0	0	0	3844	-3685	2906	22517	-7664	-216	-38	966	229	-1	-1	0	-37	953	226	1606974659
-54	-47	-44	-53	-65	0	0	-72	-74	0	-74	-74	-78	-71	0	-87	0	-91	-89	-90	0	0	0	-90	0	0	-83	-93	-92	0	0	-91	0	-55	-63	0	0	0	-87	0	0	0	0	0	0	0	0	0	0	0	0	0	0	0	0	0	0	0	0	0	0	0	0	0	0	0	0	0	0	0	0	0	0	0	0	0	0	0	0	0	0	-62	0	0	0	0	0	0	0	0	0	0	0	0	0	0	0	0	0	0	0	0	0	0	0	0	0	0	0	0	3806	-3648	2906	22518	-7666	-216	-38	967	228	-1	0	0	-37	953	226	1606974661
0	-47	-44	-54	-61	0	-72	-71	-74	0	-75	-74	-78	-72	0	0	0	-90	-91	-90	0	0	-91	-89	0	0	-85	-92	-93	0	0	-92	0	-55	0	0	0	0	-87	0	0	0	0	0	0	0	0	0	0	0	0	0	0	0	0	0	0	0	0	0	0	0	0	0	0	0	0	0	0	0	0	0	0	0	0	0	0	0	0	0	0	-59	0	0	0	0	0	0	0	0	0	0	0	0	0	0	0	0	0	0	0	0	0	0	0	0	0	0	0	0	3731	-3655	2936	22517	-7665	-216	-38	967	229	-1	0	0	-37	953	226	1606974663
0	-47	0	0	-65	0	-72	-72	-73	0	-74	-74	-78	-72	0	0	0	-89	-89	-91	0	0	0	-90	0	0	-85	-93	-91	0	0	0	0	-55	0	0	0	0	-85	0	0	0	0	0	0	0	0	0	0	0	0	0	0	0	0	0	0	0	0	0	0	0	0	0	0	0	0	0	0	0	0	0	0	0	0	0	0	0	0	0	0	0	0	0	0	0	0	0	0	0	0	0	0	0	0	0	0	0	0	0	0	0	0	0	0	0	0	0	0	0	3859	-3685	2899	22517	-7664	-216	-38	967	229	0	0	0	-37	953	226	1606974664
0	-46	-43	-53	-60	0	-73	0	-68	0	-67	-68	-74	-69	-74	0	0	-89	-88	-89	0	0	-88	-90	0	0	-85	-92	-92	0	0	-92	0	-53	0	0	0	0	-92	0	0	-89	0	0	0	0	0	0	0	0	0	0	0	-87	0	0	0	0	0	0	0	0	0	0	0	0	0	0	0	0	0	0	0	0	0	0	0	0	0	0	0	-64	0	0	0	0	0	0	0	0	0	0	0	0	0	0	0	0	0	0	0	0	0	0	0	0	0	0	0	0	3859	-3685	2876	22518	-7667	-217	-38	966	228	0	0	-1	-38	953	225	1606974666
0	0	-43	0	-66	0	0	0	-74	-76	-74	-74	-77	0	0	0	0	-91	-90	0	0	0	0	-90	0	0	-84	0	-91	0	0	-92	0	-56	0	0	0	0	-87	0	0	0	0	0	0	0	0	0	0	0	0	0	0	0	0	0	0	0	0	0	0	0	0	0	0	0	0	0	0	0	0	0	0	0	0	0	0	0	0	0	0	-71	0	0	0	0	0	0	0	0	0	0	0	0	0	0	0	0	0	0	0	0	0	0	0	0	0	0	0	0	3844	-3700	2936	22517	-7666	-217	-38	966	229	-1	0	0	-38	953	226	1606974667
0	0	0	-53	-66	-68	-70	-72	-67	0	-68	-68	-74	-69	0	0	0	-89	-89	-88	0	0	-88	-89	0	0	-84	-93	-93	0	0	-92	0	-53	0	0	0	0	-91	0	0	0	0	0	0	0	0	0	0	0	0	0	0	0	0	0	0	0	0	0	0	0	0	0	0	0	0	0	0	0	0	0	0	0	0	0	0	0	0	0	0	0	0	0	0	0	0	0	0	0	0	0	0	0	0	0	0	0	0	0	0	0	0	0	0	0	0	0	0	-95	3829	-3685	2906	22517	-7665	-216	-37	966	229	0	0	0	-37	953	226	1606974669
0	-46	-44	0	-65	-66	-69	-71	-68	0	-68	-69	-74	-71	0	0	0	-91	-89	-90	0	0	-89	-90	0	0	-84	-92	-92	0	0	-91	0	-52	0	0	0	0	-93	0	0	-89	0	0	0	0	0	-90	0	0	0	0	0	0	0	0	0	0	0	0	0	0	0	0	0	0	0	0	-93	0	0	0	0	0	0	0	0	0	0	0	0	-65	0	0	0	0	0	0	0	0	0	0	0	0	0	0	0	0	0	0	0	0	0	0	0	0	0	0	0	0	3769	-3685	2876	22516	-7664	-217	-38	967	229	0	-1	-1	-38	953	226	1606974671
-55	-45	-41	0	-66	-70	0	0	-74	-75	-73	-74	-78	0	0	0	0	-90	-90	-90	0	0	0	-89	0	0	-85	-92	-92	0	0	-90	0	-56	0	0	0	0	-87	0	0	0	0	0	0	0	0	0	0	0	0	0	0	0	0	0	0	0	0	0	0	0	0	0	0	0	0	0	0	0	0	0	0	0	0	0	0	0	0	0	0	-60	0	0	0	0	0	0	0	0	0	0	0	0	0	0	0	0	0	0	0	0	0	0	0	0	0	0	0	0	3829	-3663	2921	22517	-7666	-217	-38	966	229	0	0	0	-37	953	226	1606974672
-54	-45	-42	-53	-65	-71	0	-73	-73	-76	-73	-74	-78	0	0	0	0	-91	-91	-91	0	0	0	-90	0	0	-85	-94	-92	0	0	-91	0	-56	0	0	0	0	-88	0	0	0	0	0	0	0	0	0	0	0	0	0	0	0	0	-89	0	0	0	0	0	0	0	0	0	0	0	0	0	0	0	0	0	0	0	0	0	0	0	0	0	-59	0	0	0	0	0	0	0	0	0	0	0	0	0	0	0	0	0	0	0	0	0	0	0	0	0	0	0	0	3822	-3670	2876	22518	-7666	-217	-38	967	229	0	0	0	-37	953	226	1606974674
0	0	-42	-53	-64	-68	-69	-69	-67	-74	-68	-68	-73	-72	0	0	0	-90	-88	-88	0	0	-88	-89	0	0	-85	-91	0	0	0	-91	0	-53	0	0	0	0	0	0	0	-89	0	0	0	0	0	0	0	0	0	0	0	0	0	0	0	0	0	0	0	0	0	0	0	0	0	0	-92	0	0	0	0	0	0	0	0	0	0	0	0	-63	0	0	0	0	0	0	0	0	0	0	0	0	0	0	0	0	0	0	0	0	0	0	0	0	0	0	0	0	3859	-3670	2906	22517	-7664	-217	-38	966	229	0	0	0	-37	953	226	1606974676
0	-47	-42	-54	-65	-68	-72	-71	-68	0	-68	-68	-73	-71	0	0	0	-90	-89	-88	0	0	-88	-89	0	0	-84	-93	-91	0	0	-92	0	-54	0	0	0	0	0	0	0	0	0	0	0	0	0	0	0	0	0	0	0	0	0	0	0	0	0	0	0	0	0	0	0	0	0	0	-96	0	0	0	0	0	0	0	0	0	0	0	0	-64	0	0	0	0	0	0	0	0	0	0	0	0	0	0	0	0	0	0	0	0	0	0	0	0	0	0	0	0	3716	-3685	2906	22516	-7665	-218	-38	967	229	-1	0	-1	-38	953	226	1606974677
0	-47	-44	-54	-66	-70	-69	-68	-74	0	-73	-74	-78	-70	-67	-87	0	-91	-89	-89	0	0	-90	-89	0	0	-83	-92	-92	0	0	-92	0	-55	0	0	0	0	-88	0	0	-92	0	0	0	0	0	0	0	0	0	-89	0	0	0	0	0	0	0	0	0	0	0	0	0	0	0	0	0	0	0	0	0	0	0	0	0	0	0	0	0	-59	0	0	0	0	0	0	0	0	0	0	0	0	0	0	0	0	0	0	0	0	0	0	0	0	0	0	0	0	3859	-3670	2906	22518	-7667	-217	-38	967	229	-1	0	0	-38	953	226	1606974679
0	-45	-44	-53	-65	-69	0	-69	-73	0	-73	-73	-78	-70	-75	0	-80	-91	-89	-90	0	0	0	-90	-78	0	-83	0	-92	0	0	-92	0	-55	0	0	0	0	-88	0	0	0	0	0	0	0	0	0	0	0	0	0	0	0	0	0	0	0	0	0	0	0	0	0	0	0	0	0	0	0	0	0	0	0	0	0	0	0	0	0	0	-57	0	0	0	0	0	0	0	0	0	0	0	0	0	0	0	0	0	0	0	0	0	0	0	0	0	0	0	0	3777	-3730	2966	22517	-7666	-216	-38	967	228	0	0	-1	-37	953	226	1606974680
-54	-45	-44	-54	-65	-67	0	0	-68	0	-68	-68	-74	0	0	-85	0	-90	-90	-90	0	0	-89	-89	0	0	-85	-91	-91	0	0	-94	0	-52	0	0	0	0	-93	0	0	-88	0	0	0	0	0	0	0	0	0	0	0	0	0	0	0	0	0	0	0	0	0	0	0	0	0	0	-94	0	0	0	0	0	0	0	0	0	0	0	0	-69	0	0	0	0	0	0	0	0	0	0	0	0	0	0	0	0	0	0	0	0	0	0	0	0	0	0	0	0	3874	-3655	2943	22517	-7666	-217	-38	966	229	0	0	0	-37	953	226	1606974682
-52	-47	-43	-54	-65	-71	-72	-69	-74	0	-74	-74	-78	-72	0	-86	0	-90	-90	-90	0	0	0	-91	0	-77	-85	-92	-91	0	0	-92	0	-56	0	0	0	0	-89	0	0	-89	0	0	0	0	0	0	0	0	0	-93	0	0	0	0	0	0	0	0	0	0	0	0	0	0	0	0	0	0	0	0	0	0	0	0	0	0	0	0	0	-70	0	0	0	0	0	0	0	0	0	0	0	0	0	0	0	0	0	0	0	0	0	0	0	0	0	0	0	0	3799	-3685	2906	22517	-7666	-217	-38	966	229	0	-1	-1	-38	953	226	1606974683
0	-48	-44	-53	-63	-70	-68	0	-73	0	-73	-73	-78	0	0	-87	0	-92	-89	-90	0	0	0	-89	0	0	-83	-90	-92	0	0	-91	-91	-56	0	0	0	0	-89	0	0	-92	0	0	0	0	0	0	0	0	0	0	0	0	0	0	0	0	0	0	0	0	0	0	0	0	0	0	0	0	0	0	0	0	0	0	0	0	0	0	0	-59	0	0	0	0	0	0	0	0	0	0	0	0	0	0	0	0	0	0	0	0	0	0	0	0	0	0	0	0	3814	-3640	2921	22517	-7665	-217	-38	966	229	0	0	-1	-38	953	226	1606974685
0	0	-44	-53	0	-72	-70	-69	-73	0	-74	-73	-79	-72	0	0	0	-91	-91	-90	0	0	0	-91	0	0	-85	-91	-92	0	0	-92	0	-55	0	0	0	0	-87	0	0	-89	-89	0	0	0	0	0	0	0	0	0	0	0	0	0	0	0	0	0	0	0	0	0	0	0	0	0	0	0	0	0	0	0	0	0	0	0	0	0	0	-58	0	0	0	0	0	0	0	0	0	0	0	0	0	0	0	0	0	0	0	0	0	0	0	0	0	0	0	0	3807	-3730	2921	22518	-7667	-216	-38	967	229	-1	0	0	-37	953	226	1606974687
0	-45	-45	-53	-64	-71	0	-69	-73	-77	-73	-73	-79	-70	0	-87	0	-88	-90	-90	0	0	-90	-90	0	0	-84	-90	-91	0	-91	-91	-92	-54	-64	0	0	0	-88	0	0	-88	0	0	0	0	0	0	0	0	0	0	0	0	0	0	0	0	0	0	0	0	0	0	0	0	0	0	0	0	0	0	0	0	0	0	0	0	0	0	0	-57	0	0	0	0	0	0	0	0	0	0	0	0	0	0	0	0	0	0	0	0	0	0	0	0	0	0	0	0	3814	-3685	2936	22517	-7665	-216	-38	966	229	0	0	0	-37	953	226	1606974688
-53	-47	0	-54	-61	0	0	-69	-74	0	-74	-74	-79	-71	-73	0	0	-89	-91	-90	0	0	-89	-91	0	0	-85	0	0	0	0	0	0	-56	0	0	0	0	-87	0	0	-88	0	0	0	0	0	0	0	-87	0	0	0	0	0	0	0	0	0	0	0	0	0	0	0	0	0	0	0	0	0	0	0	0	0	0	0	0	0	0	0	-73	0	0	0	0	0	0	0	0	0	0	0	0	0	0	0	0	0	0	0	0	0	0	0	0	0	0	0	0	3859	-3700	2876	22517	-7664	-216	-38	966	229	0	0	0	-37	953	226	1606974690
-52	-47	-43	-53	-65	0	0	0	-74	0	-73	-74	-78	-71	0	0	0	-88	-90	-89	0	0	-89	-89	0	0	-84	-93	-92	0	0	-92	0	-56	0	0	0	0	-88	0	0	0	0	0	0	0	0	0	0	0	0	0	0	0	0	0	0	0	0	0	0	0	0	0	0	0	0	0	0	0	0	0	0	0	0	0	0	0	0	0	0	-60	0	0	0	0	0	0	0	0	0	0	0	0	0	0	0	0	0	0	0	0	0	0	0	0	0	0	0	0	3844	-3655	2906	22519	-7670	-216	-38	966	228	0	0	-1	-37	953	225	1606974691
-54	0	-44	-54	-66	0	-69	-68	-74	-76	-73	-74	-78	-71	0	-87	0	-89	-89	-90	0	0	-90	-90	0	0	-81	-92	-92	0	0	-94	0	-55	0	0	0	0	-89	0	0	-90	0	0	0	0	0	-93	0	0	0	0	0	0	0	0	-86	0	0	0	0	-86	0	0	-87	0	0	0	0	0	0	0	0	0	0	0	0	0	0	0	0	-69	0	0	0	0	0	0	0	0	0	0	0	0	0	0	0	0	0	0	0	0	0	0	0	0	0	0	0	0	3919	-3701	2906	22517	-7664	-216	-38	966	229	0	0	0	-37	953	226	1606974693
0	-48	0	-54	-64	0	-69	-70	-73	-76	-74	-75	-78	-68	-72	0	0	-89	-89	-90	0	-79	-91	-90	0	0	-85	-90	-93	0	-91	-91	-92	-54	0	0	0	0	-87	0	0	0	0	0	0	0	0	0	0	0	0	0	0	0	0	0	0	0	0	-93	0	0	0	0	0	0	0	0	0	0	0	0	0	0	0	0	0	0	0	0	0	-64	0	0	0	0	0	0	0	0	0	0	0	0	0	0	0	0	0	0	0	0	0	0	0	0	0	0	0	0	3844	-3670	2876	22517	-7664	-216	-38	966	229	0	0	-1	-37	953	226	1606974695
0	-44	-44	-55	-66	0	-70	-67	-74	0	-74	-74	-78	-71	0	0	0	-91	-90	-89	0	0	-92	-90	0	0	-86	-91	-92	0	-92	-91	-91	-54	-65	0	0	0	-88	0	0	0	0	0	0	0	0	-89	0	0	0	0	0	0	0	0	0	0	0	0	0	0	0	0	0	0	0	0	0	0	0	0	0	0	0	0	0	0	0	0	0	-57	0	0	0	0	0	0	0	0	0	0	0	0	0	0	0	0	0	0	0	0	0	0	0	0	0	0	0	0	3814	-3670	2943	22519	-7670	-215	-38	967	228	0	0	0	-37	953	225	1606974696
0	-47	0	-54	-67	0	-68	-70	-74	0	-74	-74	-78	-68	0	0	0	-89	-92	-91	0	0	-91	-90	0	0	-82	-93	-91	0	-90	-91	-91	-54	0	0	0	0	-87	0	0	0	0	0	0	0	0	0	0	0	0	0	0	0	0	0	0	0	0	0	0	0	0	0	0	0	0	0	0	0	0	0	0	0	0	0	0	0	0	0	0	-58	0	0	0	0	0	0	0	0	0	0	0	0	0	0	0	0	0	0	0	0	0	0	0	0	0	0	0	0	3799	-3662	2876	22517	-7664	-216	-38	966	229	0	0	0	-37	953	226	1606974698
-52	-49	-45	-54	-67	0	-68	-71	-73	0	-74	-74	-78	-70	0	0	0	-89	-90	-90	0	0	-90	-90	0	0	-84	-91	-90	0	-91	-91	-91	-54	0	0	0	0	-87	0	0	0	0	0	0	0	0	0	0	0	0	0	0	0	0	0	0	0	0	0	0	0	0	0	0	0	0	0	0	0	0	0	0	0	0	0	0	0	0	0	0	-57	0	0	0	0	0	0	0	0	0	0	0	0	0	0	0	0	0	0	0	0	0	0	0	0	0	0	0	0	3859	-3701	2921	22517	-7664	-216	-38	966	229	0	0	0	-37	953	226	1606974699
0	-48	0	-54	-67	0	-68	0	-68	0	-67	-69	-74	0	0	-87	0	-88	-89	-89	0	0	-88	-89	0	0	-84	-93	-93	0	0	-90	0	-51	0	0	0	0	0	0	0	0	0	0	0	0	0	0	0	0	0	0	0	0	0	0	-87	0	-77	0	0	-86	0	-85	-87	0	0	0	0	0	0	0	0	0	0	0	0	0	0	0	0	-61	0	0	0	0	0	0	0	0	0	0	0	0	0	0	0	0	0	0	0	0	0	0	0	0	0	0	0	0	3814	-3640	2876	22518	-7667	-216	-38	966	229	0	0	0	-37	953	225	1606974701
-54	-44	0	-53	-66	0	-68	-66	-74	-75	-73	-74	-78	-68	0	0	0	0	-91	-91	0	0	-92	-92	0	0	-83	-90	-91	0	0	-90	-91	-55	0	0	0	0	-88	0	0	0	0	0	0	0	0	0	0	0	0	0	0	-85	0	0	0	0	0	0	0	0	0	0	0	0	0	0	0	0	0	0	0	0	0	0	0	0	0	0	0	-61	0	0	0	0	0	0	0	0	0	0	0	0	0	0	0	0	0	0	0	0	0	0	0	0	0	0	0	0	3844	-3648	2921	22517	-7665	-216	-38	966	229	0	0	0	-37	953	226	1606974703
0	-44	-44	-54	-66	0	-68	0	-74	-74	-74	-73	-77	0	0	0	0	-90	-91	-90	0	0	-90	-89	0	0	0	-93	-90	0	-91	-91	-90	-54	0	0	0	0	0	0	0	0	0	0	0	0	0	0	0	0	0	0	0	0	0	0	0	0	0	0	0	0	0	0	0	0	0	0	0	0	0	0	0	0	0	0	0	0	0	0	0	-68	0	0	0	0	0	0	0	0	0	0	0	0	0	0	0	0	0	0	0	0	0	0	0	0	0	0	0	0	3859	-3670	2891	22517	-7666	-216	-38	966	229	0	0	0	-37	953	226	1606974704
0	-47	-44	-55	-68	0	-70	-71	-74	0	-74	-74	-77	-68	0	-87	0	-88	-89	-92	0	0	-89	-92	0	0	-83	-90	-93	0	0	-90	-89	-55	0	0	0	0	-87	0	0	0	0	0	0	0	0	0	0	-85	0	0	0	0	0	0	0	0	0	0	0	0	0	0	0	0	0	0	0	0	0	0	0	0	0	0	0	0	0	0	0	-56	0	0	0	0	0	0	0	0	0	0	0	0	0	0	0	0	0	0	0	0	0	0	0	0	0	0	0	0	3829	-3677	2787	22520	-7673	-217	-38	967	228	0	0	0	-38	953	225	1606974706
-53	-45	-44	-55	-65	0	-69	-70	-74	0	-74	-74	-77	-72	0	0	0	-91	-89	-90	0	0	-91	-90	0	0	-84	-91	-91	0	-92	-90	-91	-54	-65	0	0	0	-89	0	0	0	0	0	0	0	0	0	0	0	0	0	0	0	0	0	0	0	0	0	0	0	0	0	0	0	0	0	0	0	0	0	0	0	0	0	0	0	0	0	0	-67	0	0	0	0	0	0	0	0	0	0	0	0	0	0	0	0	0	0	0	0	0	0	0	0	0	0	0	0	3814	-3670	2891	22521	-7675	-215	-37	966	228	0	0	0	-37	953	224	1606974707
-53	-48	-43	-54	-61	0	0	-68	-74	0	-74	-74	-77	0	0	0	0	-89	-90	-91	0	0	-91	-89	0	0	-83	-93	-92	0	0	-91	-90	-54	0	0	0	0	-89	0	0	0	0	0	0	0	0	0	0	0	0	0	0	0	0	0	0	0	0	0	0	0	0	0	0	0	0	0	0	0	0	0	0	0	0	0	0	0	0	0	0	-58	0	0	0	0	0	0	0	0	0	0	0	0	0	0	0	0	0	0	0	0	0	0	0	0	0	0	0	0	3829	-3670	2906	22520	-7672	-217	-38	966	228	0	0	0	-37	953	225	1606974709
0	-46	-43	-53	-66	-69	-69	-72	-75	-75	-75	-75	-77	-70	0	-84	0	0	0	-90	0	-78	-92	-92	0	0	-85	-91	-92	0	-92	-91	0	-54	0	0	0	0	-87	0	0	0	0	0	0	0	0	0	0	0	0	0	0	0	0	0	0	0	0	0	0	0	0	0	0	0	0	0	0	0	0	0	0	0	0	0	0	0	0	0	0	-63	0	0	0	0	0	0	0	0	0	0	0	0	0	0	0	0	0	0	0	0	0	0	0	0	0	0	0	0	3904	-3655	2876	22522	-7677	-217	-38	967	226	0	0	-1	-38	953	224	1606974711
0	0	-43	-53	-68	-71	-71	-72	-73	0	-74	-74	-78	-67	0	-86	0	-91	-90	-93	0	0	-91	-89	0	0	-83	-91	-90	0	0	-91	0	-54	0	0	0	0	-89	0	0	0	0	0	0	0	0	0	0	0	0	0	0	0	0	0	0	0	0	0	0	0	0	0	0	0	0	0	0	0	0	0	0	0	0	0	0	0	0	0	0	-67	0	0	0	0	0	0	0	0	0	0	0	0	0	0	0	0	0	0	0	0	0	0	0	0	0	0	0	0	3769	-3700	2876	22520	-7674	-217	-38	967	227	0	0	0	-38	953	224	1606974712
-53	-45	-43	-54	0	-70	-71	0	-73	0	-74	-74	-80	-68	0	0	-81	-90	-91	-91	0	0	0	-91	0	0	-85	-92	-90	0	0	-89	0	-54	0	0	0	0	-89	0	0	0	0	0	0	0	0	0	0	-87	0	0	0	0	0	0	0	0	0	0	0	0	0	0	0	0	0	0	0	0	0	0	0	0	0	0	0	0	0	0	0	-60	0	0	0	0	0	0	0	0	0	0	0	0	0	0	0	0	0	0	0	0	0	0	0	0	0	0	0	0	3769	-3700	2921	22521	-7675	-216	-37	967	227	-1	0	0	-37	953	224	1606974714
0	-45	-43	-54	-66	-69	0	-70	-74	0	-74	-73	-79	-68	0	0	0	-91	-90	-90	0	0	-91	-90	0	0	-85	-92	-91	0	-92	-91	-91	-54	0	0	0	0	-87	0	0	0	0	0	0	0	0	0	0	0	0	0	0	0	0	0	0	0	0	0	0	0	0	0	0	0	0	0	0	0	0	0	0	0	0	0	0	0	0	0	0	-59	0	0	0	0	0	0	0	0	0	0	0	0	0	0	0	0	0	0	0	0	0	0	0	0	0	0	0	0	3859	-3663	2936	22522	-7677	-216	-38	967	226	-1	0	0	-37	953	224	1606974716
0	-46	-43	-54	-66	-69	-71	-70	-73	0	-73	-74	-78	-69	0	0	-79	-91	-92	-90	0	0	-90	-89	0	0	0	-92	-90	0	0	-92	-88	-55	0	0	0	0	-87	0	0	0	0	0	0	0	0	0	0	0	0	0	0	0	0	0	0	0	0	0	0	0	0	0	0	0	0	0	0	0	0	0	0	0	0	0	0	0	0	0	0	-58	0	0	0	0	0	0	0	0	0	0	0	0	0	0	0	0	0	0	0	0	0	0	0	0	0	0	0	0	3904	-3655	2876	22520	-7674	-218	-38	967	227	0	0	-1	-38	953	224	1606974717
-54	-47	-43	-54	-66	-70	-71	-68	-74	0	-74	-74	-79	-71	0	0	0	-91	-90	-90	0	0	0	-91	0	0	-85	-91	-90	0	-92	-91	0	-55	0	0	0	0	-87	0	0	0	-88	0	0	0	0	0	0	0	0	0	0	0	0	0	0	0	0	0	0	0	0	0	0	0	0	0	0	0	0	0	0	0	0	0	0	0	0	0	0	0	0	0	0	0	0	0	0	0	0	0	0	0	0	0	0	0	0	0	0	0	0	0	0	0	0	0	0	0	3784	-3685	2906	22520	-7674	-217	-38	967	227	-1	0	0	-38	953	224	1606974719
0	-45	-43	-54	-65	-70	-71	-68	-74	0	-74	-73	-78	-71	0	0	0	0	0	-90	0	0	0	-91	0	0	-84	-92	-92	0	-89	-90	-91	-56	0	0	0	0	-87	0	0	0	0	0	0	0	0	0	0	-86	0	0	0	0	0	0	0	0	0	0	0	0	0	0	0	0	0	0	0	0	0	0	0	0	0	0	0	0	0	0	0	-57	0	0	0	0	0	0	0	0	0	0	0	0	0	0	0	0	0	0	0	0	0	0	0	0	0	0	-92	0	3874	-3700	2906	22522	-7677	-215	-37	967	227	-1	-1	0	-37	953	224	1606974720
0	-45	-43	-55	-63	-69	-69	0	-75	0	-74	-74	-78	0	0	-88	0	-90	-89	-91	0	0	-90	-91	0	0	-84	-90	-91	0	0	-91	0	-54	0	0	0	0	-88	0	0	0	0	0	0	0	0	0	0	-84	0	0	0	0	0	0	0	0	0	0	0	0	0	0	0	0	0	0	0	0	0	0	0	0	0	0	0	0	0	0	0	-68	0	0	0	0	0	0	0	0	0	0	0	0	0	0	0	0	0	0	0	0	0	0	0	0	0	0	-91	0	3844	-3640	2869	22520	-7671	-215	-38	967	228	-1	-1	0	-37	953	225	1606974722
0	-44	-43	-54	-64	-69	0	0	-74	-76	-74	-74	-78	-68	0	-86	0	-91	-90	-90	0	0	-90	-89	0	0	-84	-91	-94	0	0	-91	-91	-55	0	0	0	0	-88	0	0	0	-87	0	0	0	0	0	0	0	0	-91	0	0	0	0	0	0	0	0	0	0	0	0	0	0	0	0	0	0	0	0	0	0	0	0	0	0	0	0	0	-58	0	0	0	0	0	0	0	0	0	0	0	0	0	0	0	0	0	0	0	0	0	0	0	0	0	0	0	0	3754	-3685	2876	22521	-7673	-214	-38	967	227	-1	-1	0	-37	953	224	1606974724
0	-47	-43	-54	-66	-70	-68	-68	-74	0	-74	-75	-78	-67	-74	0	0	-91	-91	-89	0	0	-91	-91	0	0	-84	-91	-91	0	0	-90	-91	-55	0	0	0	0	-88	0	0	-90	0	0	0	0	0	0	0	0	0	0	0	-84	0	0	0	0	0	0	0	0	0	0	0	0	0	0	0	0	0	0	0	0	0	0	0	0	0	0	0	-65	0	0	0	0	0	0	0	0	0	0	0	0	0	0	0	0	0	0	0	0	0	0	0	0	0	0	0	0	3784	-3662	2906	22522	-7675	-214	-38	967	226	-1	-1	0	-37	953	224	1606974725
0	-45	-43	-54	0	-70	0	0	-73	-74	-74	-74	-78	-73	0	-90	0	-89	-90	-90	0	0	-90	-91	0	0	-85	-93	-90	0	-91	-92	0	-55	0	0	0	0	-85	0	0	-89	0	0	0	0	0	0	0	0	0	0	0	0	0	0	0	0	0	0	0	0	0	0	0	0	0	0	0	0	0	0	0	0	0	0	0	0	0	0	0	-69	0	0	0	0	0	0	0	0	0	0	0	0	0	0	0	0	0	0	0	0	0	0	0	0	0	0	0	0	3814	-3685	2906	22521	-7673	-215	-38	967	227	-1	-1	0	-37	953	225	1606974727
0	-45	0	-53	0	-70	-70	-71	-74	0	-74	-74	-78	-71	0	0	0	-92	-91	-91	0	0	-91	-91	0	0	-84	0	-91	0	-93	-92	0	-55	0	0	0	0	-87	0	0	0	0	0	0	0	0	0	0	0	0	0	0	0	0	0	0	0	0	0	0	0	0	0	0	0	0	0	0	0	0	0	0	0	0	0	0	0	0	0	0	-58	0	0	0	0	0	0	0	0	0	0	0	0	0	0	0	0	0	0	0	0	0	0	0	0	0	0	0	0	3912	-3670	2906	22520	-7672	-215	-38	967	227	-1	-1	0	-37	953	225	1606974728
-53	-45	-42	-54	-66	-70	-72	-70	-74	-75	-75	-74	-79	-68	0	0	0	-91	-90	-90	0	-81	-90	-89	0	0	-85	-91	-93	0	0	-92	-92	-56	0	0	0	0	-88	0	0	0	0	0	0	0	0	0	0	0	0	0	0	0	0	0	0	0	0	0	0	0	0	0	0	0	0	0	0	0	0	0	0	0	0	0	0	0	0	0	0	-59	0	0	0	0	0	0	0	0	0	0	0	0	0	0	0	0	0	0	0	0	0	0	0	0	0	0	0	0	3859	-3670	2869	22522	-7677	-215	-38	966	226	-1	-1	0	-37	953	224	1606974730
-54	-47	0	-53	-67	-69	-69	-70	-75	-75	-74	-75	-78	0	0	-82	0	-92	-91	-90	0	-80	-90	-92	0	0	-85	-91	-93	0	0	-89	-92	-55	0	0	0	0	-87	0	0	0	0	0	0	0	0	0	0	0	0	0	0	0	0	0	0	0	0	0	0	0	0	0	0	0	0	0	0	0	0	0	0	0	0	0	0	0	0	0	0	-59	0	0	0	0	0	0	0	0	0	0	0	0	0	0	0	0	0	0	0	0	0	0	0	0	0	0	0	0	3814	-3670	2936	22520	-7671	-214	-39	967	227	-1	-1	0	-37	953	225	1606974732
-52	-47	-43	-54	-66	-68	-70	-70	-67	-74	-68	-68	-73	-68	0	-87	0	-88	-87	-88	0	-80	-88	-88	0	0	-84	-91	-91	0	0	-92	0	-53	-64	0	0	0	-95	0	0	0	-88	0	0	0	0	-89	0	-86	0	0	0	-86	0	0	0	0	0	0	0	0	0	0	0	0	0	0	0	0	0	0	0	0	0	0	0	0	0	0	0	-59	0	0	0	0	0	0	0	0	0	0	0	0	0	0	0	0	0	0	0	0	0	0	0	0	0	0	0	0	3799	-3685	2921	22520	-7669	-214	-38	967	227	-1	-1	0	-37	953	225	1606974733
-53	-48	-43	-53	-67	-70	-69	-68	-75	0	-74	-74	-78	-71	0	-87	0	-90	-89	-90	0	-82	-91	-90	0	0	-81	-91	-90	0	0	-91	-93	-56	0	0	0	0	-87	0	0	-89	0	0	0	0	0	-90	0	0	0	0	0	0	0	0	-86	0	0	0	0	-85	0	-88	-86	0	0	0	0	0	0	0	0	0	0	0	0	0	0	0	0	-72	0	0	0	0	0	0	0	0	0	0	0	0	0	0	0	0	0	0	0	0	0	0	0	0	0	0	0	0	3844	-3730	2832	22522	-7677	-215	-38	966	226	-1	-1	0	-37	953	224	1606974735
-54	-46	-43	0	-67	0	-68	-72	-68	0	-68	-69	-73	-70	0	0	0	-88	-88	-87	0	-80	-90	-87	0	0	-84	-91	-92	0	-93	-92	-91	-55	-64	0	0	0	-94	0	0	0	-87	0	0	0	0	0	0	0	0	0	0	0	0	0	0	0	0	0	0	0	0	0	0	0	0	0	-95	0	0	0	0	0	0	0	0	0	0	0	0	-59	0	0	0	0	0	0	0	0	0	0	0	0	0	0	0	0	0	0	0	0	0	0	0	0	0	0	0	0	3904	-3685	2891	22520	-7672	-215	-38	966	227	-1	-1	0	-37	953	225	1606974736
0	-48	-43	-53	0	0	-69	0	-75	0	-74	-74	-78	0	0	-86	0	-89	-91	-92	-82	-81	-91	-90	0	-80	-82	-91	-92	0	0	-90	-91	-57	0	0	0	0	-87	0	0	0	0	0	0	0	0	0	0	0	0	0	0	0	0	0	0	0	0	0	0	0	0	0	0	0	0	0	0	0	0	0	0	0	0	0	0	0	0	0	0	-71	0	0	0	0	0	0	0	0	0	0	0	0	0	0	0	0	0	0	0	0	0	0	0	0	0	0	0	0	3859	-3678	2913	22520	-7671	-214	-38	967	227	-1	-1	0	-37	953	225	1606974738
0	-47	-44	-53	-67	0	-70	-69	-68	0	-68	-68	-73	-69	0	0	0	-88	-87	-87	0	0	-88	-88	0	0	-85	0	-92	0	0	-92	0	-54	0	0	0	0	0	0	0	0	0	0	0	0	0	0	0	0	0	0	0	-87	0	0	0	0	0	0	0	0	0	0	0	0	0	0	-92	0	0	0	0	0	0	0	0	0	0	0	0	-72	0	0	0	0	0	0	0	0	0	0	0	0	0	0	0	0	0	0	0	0	0	0	0	0	0	0	0	0	3859	-3655	2906	22520	-7670	-215	-38	966	227	-1	-1	0	-37	953	225	1606974740
-53	-45	-43	-53	-69	0	-71	-68	-74	0	-75	-75	-79	-69	0	0	-83	-90	-92	-91	-80	-80	-89	-90	-81	-80	-85	-92	-92	0	0	-92	-92	-56	-63	0	0	0	-88	0	0	0	0	0	0	0	0	0	0	0	0	0	0	0	0	0	0	0	0	0	0	0	0	0	0	0	0	0	0	0	0	0	0	0	0	0	0	0	0	0	0	-58	0	0	0	0	0	0	0	0	0	0	0	0	0	0	0	0	0	0	0	0	0	0	0	0	0	0	0	0	3754	-3685	2891	22521	-7673	-214	-38	967	226	-1	-1	0	-37	953	225	1606974741
0	-45	-44	-54	-67	-67	-69	-69	-68	0	-68	-68	-74	-71	0	0	0	-91	-88	-88	-80	-80	-90	-89	0	-79	-83	-91	-92	0	0	-91	0	-56	0	0	0	0	0	0	0	0	0	0	0	0	0	0	0	0	0	0	0	0	0	0	0	0	0	0	0	0	0	0	0	0	0	0	-93	0	0	0	0	0	0	0	0	0	0	0	0	-71	0	0	0	0	0	0	0	0	0	0	0	0	0	0	0	0	0	0	0	0	0	0	0	0	0	0	0	0	3844	-3700	2929	22520	-7671	-215	-37	966	226	-1	-1	0	-37	953	225	1606974743
-55	-47	-44	-53	-63	-70	0	-71	-74	0	-74	-74	-79	-70	0	0	-82	-91	-90	-91	-80	-80	-91	-90	-82	-83	-85	-94	-93	0	0	-91	0	-55	-65	0	0	0	-88	0	0	0	0	0	0	0	0	0	0	-84	0	0	-85	0	0	0	0	0	0	0	0	0	0	0	0	0	0	0	0	0	0	0	0	0	0	0	0	0	0	0	0	-58	0	0	0	0	0	0	0	0	0	0	0	0	0	0	0	0	0	0	0	0	0	0	0	0	0	0	0	0	3844	-3685	2876	22520	-7672	-215	-38	967	226	-1	-1	0	-37	953	225	1606974745
0	-46	-44	-54	-67	-66	-69	-71	-67	0	-67	-68	-73	-71	0	0	0	-89	-89	-88	0	0	-88	-89	0	0	-85	-93	-90	0	0	-92	0	-54	0	0	0	0	-94	0	0	-90	-88	0	0	0	0	0	0	0	0	0	0	-84	0	0	0	0	0	0	0	0	0	0	0	0	0	0	-94	0	0	0	0	0	0	0	0	0	0	0	0	-62	0	0	0	0	0	0	0	0	0	0	0	0	0	0	0	0	0	0	0	0	0	0	0	0	0	0	-94	0	3814	-3662	2906	22520	-7670	-215	-38	966	227	-1	-1	0	-37	953	225	1606974746
0	0	-43	-53	0	-69	-69	-68	-73	-75	-74	-73	-79	-69	0	0	0	-91	-90	-90	0	-81	-90	-90	0	0	-84	-91	-91	0	0	-92	0	-56	0	0	0	0	-89	0	0	0	-87	0	0	0	0	0	0	0	0	0	0	0	0	0	0	0	0	0	0	0	0	0	0	0	0	0	0	0	0	0	0	0	0	0	0	0	0	0	0	-56	0	0	0	0	0	0	0	0	0	0	0	0	0	0	0	0	0	0	0	0	0	0	0	0	0	0	0	0	3852	-3685	2921	22520	-7670	-214	-38	966	227	-1	-1	0	-37	953	225	1606974748
0	-46	-43	-54	-67	-69	-71	-68	-74	-76	-73	-73	-79	-71	0	0	0	-92	-92	-90	0	-79	0	-91	0	0	-85	-93	-90	0	0	-91	0	-56	0	0	0	0	-87	0	0	-91	0	0	0	0	0	0	0	0	0	0	0	0	0	0	0	0	0	0	0	0	0	0	0	0	0	0	0	0	0	0	0	0	0	0	0	0	0	0	0	-59	0	0	0	0	0	0	0	0	0	0	0	0	0	0	0	0	0	0	0	0	0	0	0	0	0	0	0	0	3844	-3678	2921	22521	-7672	-214	-38	967	226	-1	-1	0	-37	953	225	1606974749
0	-47	-43	-54	-67	-69	-68	-69	-74	0	-75	-74	-78	0	0	0	0	-90	-91	-89	0	0	-88	-88	0	0	0	-93	-91	0	-92	-91	0	-56	0	0	0	0	-89	0	0	0	0	0	0	0	0	0	0	0	0	0	0	0	0	0	0	0	0	0	0	0	0	0	0	0	0	0	0	0	0	0	0	0	0	0	0	0	0	0	0	-62	0	0	0	0	0	0	0	0	0	0	0	0	0	0	0	0	0	0	0	0	0	0	0	0	0	0	0	0	3814	-3670	2869	22520	-7670	-214	-38	966	227	-1	-1	0	-37	953	225	1606974751
-55	-46	-42	-54	-67	-70	-73	-69	-73	0	-74	-75	-78	-68	0	0	0	-91	-89	-90	-87	-83	-91	-89	-84	-83	-86	-92	-92	0	0	-91	0	-56	0	0	0	0	-86	0	0	-89	-88	0	0	0	0	0	0	0	0	0	0	0	0	0	0	0	0	0	0	0	0	0	0	0	0	0	0	0	0	0	0	0	0	0	0	0	0	0	0	-71	0	0	0	0	0	0	0	0	0	0	0	0	0	0	0	0	0	0	0	0	0	0	0	0	0	0	0	0	3814	-3655	2891	22520	-7670	-214	-38	967	227	-1	-1	0	-37	953	225	1606974752
-53	-47	0	-54	-67	-71	0	-73	-74	-78	-73	-73	-77	-69	0	-86	0	-89	-87	-88	0	0	0	-90	0	0	-85	-94	-91	0	0	-92	0	-56	-65	0	0	0	-88	0	0	0	0	0	0	0	0	0	0	0	0	0	0	0	0	0	-87	0	0	0	0	-85	0	-86	-86	0	0	0	0	0	0	0	0	0	0	0	0	0	0	0	0	0	0	0	0	0	0	0	0	0	0	0	0	0	0	0	0	0	0	0	0	0	0	0	0	0	0	0	0	0	3919	-3633	2936	22521	-7672	-214	-38	966	225	-1	-1	0	-37	953	225	1606974754
0	-47	0	-55	-69	-71	-73	-70	-74	0	-75	-74	-78	-73	0	-85	0	-90	-89	-89	0	0	-89	-89	0	0	-86	-92	-91	0	0	-92	0	-55	0	0	0	0	-87	0	0	0	0	0	0	0	0	0	0	0	0	0	0	0	0	0	0	0	0	0	0	0	0	0	0	0	0	0	0	0	0	0	0	0	0	0	0	0	0	0	0	0	0	0	0	0	0	0	0	0	0	0	0	0	0	0	0	0	0	0	0	0	0	0	0	0	0	0	0	0	3799	-3655	2846	22520	-7670	-214	-38	967	227	-1	-1	0	-37	953	225	1606974755
-58	-48	-41	0	0	0	0	0	-68	0	-67	-68	-75	0	0	-87	0	-88	-88	-88	0	0	-88	-87	0	0	-83	-92	-92	0	0	-91	0	-60	0	0	0	0	0	0	0	0	0	0	0	0	0	0	0	0	0	0	0	0	0	0	0	0	0	0	0	0	0	0	0	0	0	0	-95	0	0	0	0	0	0	0	0	0	0	0	0	0	0	0	0	0	0	0	0	0	0	0	0	0	0	0	0	0	0	0	0	0	0	0	0	0	0	0	0	0	3807	-3761	3003	22520	-7669	-214	-38	965	227	-1	-1	0	-37	953	225	1606974757
-53	-47	-42	-55	-66	0	-70	-71	-75	-75	-74	-74	-78	-70	0	-87	0	-88	-88	-89	0	0	-88	-89	0	0	-84	0	-92	0	0	-91	-92	-62	-66	0	0	0	-87	0	0	0	0	0	0	0	0	-91	0	0	0	0	0	-85	0	0	-86	0	0	0	0	-85	0	-86	-86	0	0	0	0	0	0	0	0	0	0	0	0	0	0	0	0	-60	0	0	0	0	0	0	0	0	0	0	0	0	0	0	0	0	0	0	0	0	0	0	0	0	0	0	0	0	3814	-3670	2846	22520	-7670	-214	-38	967	227	-1	-1	0	-37	953	225	1606974758
-57	-46	0	-55	-67	0	0	-74	-74	0	-74	-74	-78	-71	0	0	0	-90	-87	-88	0	0	-88	-89	0	0	-84	0	0	0	0	0	0	-62	0	0	0	0	-86	0	0	0	0	0	0	0	0	0	0	0	0	0	0	0	0	-86	0	0	0	0	0	0	0	0	0	0	0	0	0	0	0	0	0	0	0	0	0	0	0	0	0	0	0	0	0	0	0	0	0	0	0	0	0	0	0	0	0	0	0	0	0	0	0	0	0	0	0	0	0	0	3806	-3670	2951	22520	-7672	-215	-38	966	227	-1	-1	0	-37	953	225	1606974760
-53	-46	0	-55	0	0	-71	-68	-73	0	-73	-74	-78	-69	-64	-85	0	-89	-89	-89	0	-83	-89	-90	0	0	-83	-92	-92	0	-93	0	0	-62	0	0	0	0	0	0	0	0	0	0	0	0	0	0	0	0	0	0	0	0	0	0	0	0	0	0	0	0	0	0	0	0	0	0	0	0	0	0	0	0	0	0	0	0	0	0	0	-69	0	0	0	0	0	0	0	0	0	0	0	0	0	0	0	0	0	0	0	0	0	0	0	0	0	0	0	0	3814	-3670	2891	22521	-7671	-214	-38	966	226	-1	-1	0	-37	953	225	1606974762
0	-47	-42	-55	-69	0	-71	-72	-74	-75	-73	-73	-77	-73	0	-82	0	-90	-89	-89	0	-83	-90	-88	0	0	-86	-91	-90	0	0	0	0	-62	0	0	0	0	-87	0	0	0	-79	0	0	0	0	0	0	0	0	0	0	0	0	0	0	0	0	0	0	0	0	0	0	0	0	0	0	0	0	0	0	0	0	0	0	0	0	0	0	-67	0	0	0	0	0	0	0	0	0	0	0	0	0	0	0	0	0	0	0	0	0	0	0	0	0	0	0	0	3874	-3663	2921	22520	-7670	-214	-38	966	227	-1	-1	0	-37	953	225	1606974763
-55	-47	-43	-55	0	0	-73	-72	-74	0	-73	-73	-82	-70	0	0	0	-89	-88	-90	0	-84	-90	-89	0	0	0	-93	-92	0	0	-91	-91	-62	0	0	0	0	-87	0	0	0	0	0	0	0	0	0	0	0	0	0	0	0	0	0	0	0	0	0	0	0	0	0	0	0	0	0	0	0	0	0	0	0	0	0	0	0	0	0	0	-67	0	0	0	0	0	0	0	0	0	0	0	0	0	0	0	0	0	0	0	0	0	0	0	0	0	0	0	0	3829	-3670	2861	22521	-7671	-213	-37	966	227	-1	-1	0	-37	953	225	1606974765
-53	-47	-42	0	-65	0	-68	-68	-68	0	-68	-68	-73	0	0	-86	0	-89	-90	-90	0	0	-88	-90	0	0	-83	-91	-92	0	0	-92	-93	-62	0	0	0	0	0	0	0	0	0	0	0	0	0	0	0	0	0	0	0	0	0	0	0	0	0	0	0	0	0	0	0	0	0	0	0	0	0	0	0	0	0	0	0	0	0	0	0	-67	0	0	0	0	0	0	0	0	0	0	0	0	0	0	0	0	0	0	0	0	0	0	0	0	0	0	0	0	3814	-3670	2921	22520	-7673	-217	-38	966	227	-1	-1	0	-38	953	224	1606974767
-57	-46	-43	-57	-61	0	-70	0	-75	0	-75	-74	-78	0	-74	0	0	-90	-89	-89	0	0	-89	-89	0	0	-84	-91	-92	0	0	-91	0	-65	0	0	0	0	-86	0	0	0	0	0	0	0	0	0	0	0	0	0	0	0	0	0	0	0	0	0	0	0	0	0	0	0	0	0	0	0	0	0	0	0	0	0	0	0	0	0	0	-58	0	0	0	0	0	0	0	0	0	0	0	0	0	0	0	0	0	0	0	0	0	0	0	0	0	0	0	0	3829	-3685	2913	22521	-7676	-218	-38	966	227	0	-1	0	-37	953	224	1606974768
-54	-48	-43	-57	-65	0	0	-73	-73	-76	-73	-74	-77	-73	0	0	-85	-91	-89	-91	0	0	-89	-89	-86	-85	-85	-91	-92	0	0	-92	0	-61	0	0	0	0	-86	0	0	0	0	0	0	0	0	-90	0	0	0	0	0	0	0	0	0	0	0	0	0	0	0	0	0	0	0	0	0	0	0	0	0	0	0	0	0	0	0	0	0	-65	0	0	0	0	0	0	0	0	0	0	0	0	0	0	0	0	0	0	0	0	0	0	0	0	0	0	0	0	3844	-3685	2906	22520	-7674	-217	-38	966	227	-1	-1	0	-37	953	224	1606974770
0	-47	-43	-55	0	0	0	-70	-74	-76	-74	-74	-77	-75	0	0	-82	-89	-89	-88	0	-82	-91	-90	0	0	-85	-91	-91	0	0	-92	0	-61	0	0	0	0	-88	0	0	0	0	0	0	0	0	0	0	0	0	0	0	0	0	0	0	0	0	0	0	0	0	0	0	0	0	0	0	0	0	0	0	0	0	0	0	0	0	0	0	-70	0	0	0	0	0	0	0	0	0	0	0	0	0	0	0	0	0	0	0	0	0	0	0	0	0	0	0	0	3799	-3640	2906	22519	-7670	-216	-38	966	228	-1	-1	0	-37	953	225	1606974771
-53	0	-45	-53	-64	0	-71	-72	-75	-75	-74	-74	-77	-71	0	0	0	-90	-89	-88	0	0	-89	-90	0	0	-78	0	0	0	0	-91	0	-62	0	0	0	0	-85	0	0	0	0	0	0	0	0	0	0	-86	0	0	0	0	0	0	0	0	0	0	0	0	0	0	0	0	0	0	0	0	0	0	0	0	0	0	0	0	0	0	0	-60	0	0	0	0	0	0	0	0	0	0	0	0	0	0	0	0	0	0	0	0	0	0	0	0	0	0	0	0	3889	-3670	2861	22521	-7673	-215	-38	966	227	-1	-1	0	-37	953	224	1606974773
0	-46	-43	-55	-65	0	-72	-70	-73	-75	-74	-74	-78	-73	0	0	0	-90	-91	-89	0	-80	-90	-89	0	0	-84	-93	-93	0	0	-92	0	-56	0	0	0	0	-89	0	0	0	0	0	0	0	0	0	0	0	0	0	0	0	0	0	0	0	0	0	0	0	0	0	0	0	0	0	0	0	0	0	0	0	0	0	0	0	0	0	0	-60	0	0	0	0	0	0	0	0	0	0	0	0	0	0	0	0	0	0	0	0	0	0	0	0	0	0	0	0	3859	-3700	2906	22521	-7674	-216	-38	966	227	-1	-1	0	-37	953	224	1606974775
0	-45	0	-54	0	0	-71	-71	-74	-76	-74	-74	-78	-73	0	0	0	-90	-89	-91	0	0	-91	-89	0	0	-83	-92	-94	0	0	-90	0	-56	0	0	0	0	-88	0	0	-90	0	0	0	0	0	0	0	0	0	0	0	0	0	0	0	0	0	0	0	0	0	0	0	0	0	0	0	0	0	0	0	0	0	0	0	0	0	0	0	-60	0	0	0	0	0	0	0	0	0	0	0	0	0	0	0	0	0	0	0	0	0	0	0	0	0	0	0	0	3859	-3670	2906	22519	-7671	-216	-38	967	228	-1	-1	-1	-37	953	225	1606974776
-54	-45	-43	-54	-65	0	-69	-71	-75	-76	-74	-74	-77	-71	0	0	-81	-90	-91	-90	-82	0	-90	-89	-80	-80	-85	0	0	0	0	-92	0	-55	0	0	0	0	-87	0	0	-91	0	0	0	0	0	0	0	0	0	0	0	0	0	0	0	0	0	0	0	0	0	0	0	0	0	0	0	0	0	0	0	0	0	0	0	0	0	0	0	-58	0	0	0	0	0	0	0	0	0	0	0	0	0	0	0	0	0	0	0	0	0	0	0	0	0	0	0	0	3859	-3700	2906	22520	-7671	-215	-38	966	227	-1	-1	0	-37	953	225	1606974778
-54	0	-42	-54	-66	0	-68	-70	-75	-75	-74	-74	-78	0	0	0	0	-89	-90	-90	-79	-79	-90	-90	0	0	-79	0	-92	0	0	-93	0	-56	0	0	0	0	-87	0	0	0	0	0	0	0	0	0	0	0	0	0	0	0	0	0	0	0	0	0	0	0	0	0	0	0	0	0	0	0	0	0	0	0	0	0	0	0	0	0	0	-60	0	0	0	0	0	0	0	0	0	0	0	0	0	0	0	0	0	0	0	0	0	0	0	0	0	0	0	0	3844	-3685	2906	22522	-7676	-215	-38	967	226	-1	-1	0	-37	953	224	1606974779
0	0	-43	-54	0	-66	-72	-71	-67	-77	-68	-67	-74	-69	0	0	0	-90	-90	-89	0	0	-89	-88	0	0	-85	-91	-93	0	0	-91	0	-52	0	0	0	0	-94	0	0	0	0	0	0	0	0	0	0	0	0	0	0	0	0	0	0	0	0	0	0	0	0	0	0	0	0	0	0	0	0	0	0	0	0	0	0	0	0	0	0	-59	0	0	0	0	0	0	0	0	0	0	0	0	0	0	0	0	0	0	0	0	0	0	0	0	0	0	0	0	3844	-3685	2951	22519	-7670	-216	-38	967	228	0	-1	0	-37	953	225	1606974781
-54	-48	-42	-54	-68	-70	-70	-70	-74	0	-75	-74	-77	-72	0	0	0	-91	-90	-90	0	-80	-90	-90	0	0	0	-93	-93	0	0	-92	-93	-55	-64	0	0	0	-87	0	0	0	0	0	0	0	0	0	0	0	0	0	0	0	0	0	0	0	0	0	0	0	0	0	0	0	0	0	0	0	0	0	0	0	0	0	0	0	0	0	0	-70	0	0	0	0	0	0	0	0	0	0	0	0	0	0	0	0	0	0	0	0	0	0	0	0	0	0	0	0	3844	-3700	2839	22520	-7672	-216	-38	966	227	0	-1	0	-37	953	225	1606974783
-54	-45	-42	-54	-67	-70	-69	-68	-75	0	-74	-75	-79	-74	0	-86	0	0	-91	-91	0	-79	-89	-89	0	0	0	-93	0	0	0	-93	-93	-55	0	0	0	0	-87	0	0	0	0	0	0	0	0	0	0	-85	0	0	-83	0	0	0	0	0	0	0	0	0	0	0	0	0	0	0	0	0	0	0	0	0	0	0	0	0	0	0	0	-64	0	0	0	0	0	0	0	0	0	0	0	0	0	0	0	0	0	0	0	0	0	0	0	0	0	0	0	0	3814	-3685	2921	22521	-7677	-217	-38	966	226	-1	0	0	-38	953	224	1606974784
0	-48	0	0	0	0	0	0	-66	0	-67	-66	-74	-69	0	0	0	-89	-89	-88	0	-81	-88	-88	0	0	-85	-91	-93	0	0	-90	0	-52	0	0	0	0	-93	0	0	0	0	0	0	0	0	0	0	0	0	0	0	0	0	0	0	0	0	0	0	0	0	0	0	0	0	0	0	0	0	0	0	0	0	0	0	0	0	0	0	-69	0	0	0	0	0	0	0	0	0	0	0	0	0	0	0	0	0	0	0	0	0	0	0	0	0	0	0	0	3814	-3663	2921	22519	-7670	-216	-38	966	228	-1	0	0	-37	953	225	1606974786
-53	0	-44	0	-61	-67	0	0	-67	-75	-67	-67	-74	0	0	0	-83	-90	-88	-89	0	-80	-91	-90	0	0	-83	-92	-92	0	0	-91	0	-53	0	0	0	0	-93	0	0	0	0	0	0	0	0	0	0	0	0	0	0	0	0	0	0	0	0	0	0	0	0	0	0	0	0	0	0	0	0	0	0	0	0	0	0	0	0	0	0	-58	0	0	0	0	0	0	0	0	0	0	0	0	0	0	0	0	0	0	0	0	0	0	0	0	0	0	0	0	3814	-3662	2861	22519	-7671	-218	-38	966	228	-1	-1	-1	-38	953	225	1606974787
-54	-45	-43	-55	-66	-69	0	-71	-73	-75	-74	-74	-78	-71	0	0	-83	-93	-90	-91	-80	-81	-91	-92	-81	0	-83	-91	-92	0	0	-91	-91	-55	0	0	0	0	-88	0	0	0	0	0	0	0	0	0	0	0	0	0	0	0	0	0	0	0	0	0	0	0	0	0	0	0	0	0	0	0	0	0	0	0	0	0	0	0	0	0	0	-69	0	0	0	0	0	0	0	0	0	0	0	0	0	0	0	0	0	0	0	0	0	0	0	0	0	0	0	0	3814	-3716	2951	22521	-7675	-217	-38	967	227	-1	0	0	-38	953	224	1606974789
-54	-45	0	-54	-66	-69	-68	0	-74	0	-74	-74	-78	-68	0	0	0	-92	-91	-90	0	0	-90	-90	0	0	-88	-92	-92	0	-90	-92	-91	-56	0	0	0	0	-87	0	0	0	0	0	0	0	0	0	0	0	0	0	0	0	0	0	0	0	0	0	0	0	0	0	0	0	0	0	0	0	0	0	0	0	0	0	0	0	0	0	0	-58	0	0	0	0	0	0	0	0	0	0	0	0	0	0	0	0	0	0	0	0	0	0	0	0	0	0	0	0	3874	-3670	2921	22519	-7670	-217	-38	966	228	0	0	0	-38	953	225	1606974791
-51	-45	-43	-55	0	0	0	0	-73	0	-74	-73	-77	0	-63	-86	0	-91	-90	-91	0	-81	-91	-91	0	0	-84	-92	-91	0	0	-91	0	-55	0	0	0	0	-86	0	0	0	0	0	0	0	0	-91	0	0	0	0	0	0	0	0	-86	0	-78	0	0	-85	0	-87	-86	0	0	0	0	0	0	0	0	0	0	0	0	0	0	0	0	-63	0	0	0	0	0	0	0	0	0	0	0	0	0	0	0	0	0	0	0	0	0	0	0	0	0	0	0	0	3814	-3670	2861	22519	-7671	-217	-38	967	228	-1	-1	-1	-38	953	225	1606974792
-55	-48	0	-55	-66	0	0	-70	-74	-75	-74	-74	-77	0	0	0	0	-89	-90	-91	0	0	-89	-90	0	0	-85	-92	-91	0	0	-91	-91	-55	0	0	0	0	-86	0	0	0	0	0	0	0	0	0	0	0	0	0	0	0	0	0	0	0	0	0	0	0	0	0	0	0	0	0	0	0	0	0	0	0	0	0	0	0	0	0	0	0	0	0	0	0	0	0	0	0	0	0	0	0	0	0	0	0	0	0	0	0	0	0	0	0	0	0	0	0	3822	-3685	2906	22521	-7675	-216	-38	967	227	-1	0	-1	-37	953	224	1606974794
0	0	-43	-53	0	0	-72	-72	-74	0	-74	-74	-78	-72	0	-87	0	-90	-90	-90	0	0	-91	-91	0	0	-84	-93	-92	0	0	-92	0	-56	0	0	0	0	-86	0	0	0	0	0	0	0	0	0	0	0	0	0	0	0	0	0	0	0	0	0	0	0	0	0	0	0	0	0	0	0	0	0	0	0	0	0	0	0	0	0	0	-69	0	0	0	0	0	0	0	0	0	0	0	0	0	0	0	0	0	0	0	0	0	0	0	0	0	0	0	0	3814	-3670	2906	22519	-7670	-217	-38	967	228	-1	-1	0	-38	953	225	1606974795
0	-45	-43	-54	0	0	-69	-71	-75	0	-75	-75	-79	-68	0	0	0	-90	-91	-90	0	0	-89	-91	0	0	-85	-90	-93	0	0	-90	0	-56	-63	0	0	0	0	0	0	0	0	0	0	0	0	0	0	0	0	0	0	0	0	0	0	0	0	0	0	0	0	0	0	0	0	0	0	0	0	0	0	0	0	0	0	0	0	0	0	-58	0	0	0	0	0	0	0	0	0	0	0	0	0	0	0	0	0	0	0	0	0	0	0	0	0	0	0	0	3844	-3655	2891	22519	-7671	-217	-38	967	228	-1	0	-1	-38	953	225	1606974797
0	-44	-43	0	-67	-67	0	0	-68	-76	-68	-68	-74	0	-74	0	0	-88	-89	-89	0	0	-89	-89	0	0	-85	-92	-91	0	-93	-91	0	-54	0	0	0	0	-94	0	0	0	0	0	0	0	0	0	0	0	0	0	0	0	0	0	0	0	0	0	0	0	0	0	0	0	0	0	0	0	0	0	0	0	0	0	0	0	0	0	0	-61	0	0	0	0	0	0	0	0	0	0	0	0	0	0	0	0	0	0	0	0	0	0	0	0	0	0	0	0	3859	-3626	2936	22521	-7675	-218	-38	967	227	-1	0	-1	-38	953	224	1606974799
-53	-45	-43	0	-65	0	0	0	-68	-76	-68	-68	-73	0	0	0	0	-89	-89	-88	0	-79	-88	-89	0	0	-84	-93	-92	0	0	-91	-90	-54	0	0	0	0	0	0	0	0	0	0	0	0	0	0	0	-85	0	0	0	0	0	0	0	0	0	0	0	0	0	0	0	0	0	0	0	0	0	0	0	0	0	0	0	0	0	0	0	-60	0	0	0	0	0	0	0	0	0	0	0	0	0	0	0	0	0	0	0	0	0	0	0	0	0	0	0	0	3844	-3685	2914	22520	-7672	-217	-38	966	228	0	0	0	-37	953	225	1606974800
0	-49	-43	-54	0	-67	-71	-71	-68	0	-68	-68	-74	-68	0	0	0	-89	-88	-90	0	-81	-89	-88	0	0	-84	-91	-92	0	0	-92	-90	-53	-65	0	0	0	-94	0	0	-91	-88	0	0	0	0	0	0	0	0	0	0	0	0	0	0	0	0	-95	0	0	0	0	0	0	0	0	-92	0	0	0	0	0	0	0	0	0	0	0	0	-72	0	0	0	0	0	0	0	0	0	0	0	0	0	0	0	0	0	0	0	0	0	0	0	0	0	0	0	0	3882	-3670	2876	22518	-7668	-218	-38	967	228	-1	0	0	-38	953	225	1606974802
-53	-47	-43	-54	-66	-69	-69	-68	-75	0	-73	-75	-78	-70	0	0	0	-90	-91	-89	0	0	-90	-91	0	0	-86	-91	-93	0	0	-92	0	-55	0	0	0	0	-89	0	0	0	-88	0	0	0	0	0	0	0	0	0	0	0	0	0	0	0	0	0	0	0	0	0	0	0	0	0	0	0	0	0	0	0	0	0	0	0	0	0	0	-72	0	0	0	0	0	0	0	0	0	0	0	0	0	0	0	0	0	0	0	0	0	0	0	0	0	0	0	0	3859	-3693	2921	22520	-7672	-217	-38	966	227	0	0	0	-38	953	225	1606974804
0	-51	-43	0	0	-69	-70	-71	-75	0	-73	-75	-78	0	0	-85	0	-90	-90	-90	0	0	-89	-90	0	-81	-85	-91	-92	0	0	-91	0	-55	0	0	0	0	-86	0	0	0	0	0	0	0	0	0	0	0	0	0	0	0	0	0	0	0	0	0	0	0	0	0	0	0	0	0	0	0	0	0	0	0	0	0	0	0	0	0	0	-76	0	0	0	0	0	0	0	0	0	0	0	0	0	0	0	0	0	0	0	0	0	0	0	0	0	0	0	0	3799	-3700	2906	22518	-7668	-217	-38	966	228	0	0	0	-38	953	225	1606974805
0	-45	-43	-54	-68	-69	-70	-70	-74	-76	-74	-74	-78	-71	0	-85	0	-90	-91	-90	0	0	-93	-91	0	0	-84	-93	-93	0	0	-92	0	-56	0	0	0	0	-86	0	0	0	0	0	0	0	0	0	0	0	0	0	0	0	0	0	0	0	0	0	0	0	0	0	0	0	0	0	0	0	0	0	0	0	0	0	0	0	0	0	0	-57	0	0	0	0	0	0	0	0	0	0	0	0	0	0	0	0	0	0	0	0	0	0	0	0	0	0	0	0	3874	-3670	2936	22518	-7669	-217	-38	967	228	-1	0	0	-38	953	225	1606974807
-53	-45	-43	-55	0	-70	-70	-70	-74	0	-74	-74	-77	-70	0	-83	0	-89	0	-90	0	0	-90	-90	0	0	-83	-94	0	0	0	-90	0	-57	-64	0	0	0	-86	0	0	0	0	0	0	0	0	0	0	-84	0	0	0	0	0	0	0	0	0	0	0	0	0	0	0	0	0	0	0	0	0	0	0	0	0	0	0	0	0	0	0	-72	0	0	0	0	0	0	0	0	0	0	0	0	0	0	0	0	0	0	0	0	0	0	0	0	0	0	0	0	3799	-3730	2876	22519	-7670	-217	-38	966	228	0	0	0	-38	953	225	1606974808
0	0	-43	-55	-68	0	0	0	-67	0	-68	-68	-74	0	-63	0	0	-90	-90	-87	0	0	-89	-88	0	0	0	-91	-93	0	0	-92	0	-52	0	0	0	0	-95	0	0	0	0	0	0	0	0	-92	0	0	0	0	0	0	0	0	0	0	0	0	0	0	0	0	0	0	0	0	-93	0	0	0	0	0	0	0	0	0	0	0	0	-58	0	0	0	0	0	0	0	0	0	0	0	0	0	0	0	0	0	0	0	0	0	0	0	0	0	0	0	0	3844	-3685	2936	22520	-7674	-217	-38	966	227	0	0	0	-38	953	224	1606974810
-55	-48	-42	-54	-70	0	-69	-72	-74	-76	-74	-73	-78	-69	0	0	-82	-93	-89	-90	0	-79	-91	-90	0	0	-85	-92	-91	0	0	-91	0	-56	0	0	0	0	-87	0	0	0	0	0	0	0	0	0	0	0	0	-91	0	0	0	0	0	0	0	0	0	0	0	0	0	0	0	0	0	0	0	0	0	0	0	0	0	0	0	0	0	-71	0	0	0	0	0	0	0	0	0	0	0	0	0	0	0	0	0	0	0	0	0	0	0	0	0	0	0	0	3814	-3700	2921	22518	-7669	-217	-38	966	228	0	0	-1	-38	953	225	1606974811
0	-45	-42	-55	-70	0	-71	0	-69	-75	-68	-69	-74	-71	0	0	0	-89	0	-88	0	0	-89	-89	0	0	-84	-93	-92	0	0	-92	-93	-52	0	0	0	0	-93	0	0	0	0	0	0	0	0	-91	0	0	0	0	0	0	0	0	0	0	0	0	0	0	0	0	0	0	0	0	0	0	0	0	0	0	0	0	0	0	0	0	0	-68	0	0	0	0	0	0	0	0	0	0	0	0	0	0	0	0	0	0	0	0	0	0	0	0	0	0	0	0	3799	-3730	2861	22518	-7667	-217	-38	967	228	0	0	-1	-38	953	225	1606974813
0	-48	-42	-56	-69	0	-71	-69	-74	0	-75	-74	-78	-71	0	-85	0	-89	-90	0	0	0	-90	-91	0	0	-85	-91	-91	0	0	-93	-90	-56	0	0	0	0	0	0	0	0	0	0	0	0	0	0	0	0	0	0	0	-85	0	0	0	0	0	0	0	0	0	0	0	0	0	0	0	0	0	0	0	0	0	0	0	0	0	0	0	-60	0	0	0	0	0	0	0	0	0	0	0	0	0	0	0	0	0	0	0	0	0	0	0	0	0	0	0	0	3799	-3640	2906	22519	-7671	-216	-38	966	228	0	0	0	-37	953	225	1606974814
0	-46	-42	-55	0	0	0	-72	-74	0	-74	-74	-79	0	0	-81	-80	-89	-90	-90	-80	-82	-90	-90	-80	-78	-82	-93	-90	0	0	0	0	-56	0	0	0	0	-87	0	0	-89	0	0	0	0	0	0	0	0	0	0	0	0	0	0	0	0	0	0	0	0	0	0	0	0	0	0	0	0	0	0	0	0	0	0	0	0	0	0	0	-75	0	0	0	0	0	0	0	0	0	0	0	0	0	0	0	0	0	0	0	0	0	0	0	0	0	0	0	0	3859	-3670	2936	22518	-7667	-216	-38	966	228	0	0	-1	-37	953	225	1606974816
-55	-48	-41	-54	-69	-67	-69	-70	-69	0	-68	-68	-74	-71	0	-87	-81	-91	-91	-89	-79	-81	-90	-90	-80	-80	-86	-91	-91	0	0	-90	0	-53	0	0	0	0	-96	0	0	0	0	0	0	0	0	0	0	0	0	0	0	0	0	0	0	0	0	0	0	0	0	0	0	0	0	0	-93	0	0	0	0	0	0	0	0	0	0	0	0	-60	0	0	0	0	0	0	0	0	0	0	0	0	0	0	0	0	0	0	0	0	0	0	0	0	0	0	0	0	3889	-3731	2906	22518	-7668	-216	-38	966	228	0	0	0	-37	953	225	1606974818
-54	-47	-42	-55	-69	-69	-66	-71	-74	-75	-74	-74	-78	-71	0	0	0	-90	-89	-90	0	0	-91	-91	0	0	-85	-91	-93	0	0	-91	-90	-56	0	0	0	0	-86	0	0	0	0	0	0	0	0	0	0	0	0	0	0	0	0	0	0	0	0	0	0	0	0	0	0	0	0	0	0	0	0	0	0	0	0	0	0	0	0	0	0	-61	0	0	0	0	0	0	0	0	0	0	0	0	0	0	0	0	0	0	0	0	0	0	0	0	0	0	0	0	3769	-3685	2936	22520	-7672	-216	-38	966	228	-1	0	0	-37	953	225	1606974819
0	-49	-42	0	-68	0	0	0	-74	-75	-75	-75	-78	0	0	0	0	-89	-89	-90	0	0	-90	-90	0	0	0	0	0	0	0	0	0	-55	0	0	0	0	-86	0	0	0	0	0	0	0	0	0	0	0	0	0	0	0	0	0	0	0	0	0	0	0	0	0	0	0	0	0	0	0	0	0	0	0	0	0	0	0	0	0	0	-59	0	0	0	0	0	0	0	0	0	0	0	0	0	0	0	0	0	0	0	0	0	0	0	0	0	0	0	0	3859	-3610	2846	22518	-7667	-217	-38	966	229	0	0	0	-37	953	225	1606974821
0	-49	-42	-53	-69	-67	-69	0	-67	-75	-67	-67	-75	0	0	0	0	-89	-89	-88	0	-81	-88	-88	0	0	-81	-91	-93	0	-92	-94	0	-53	0	0	0	0	-96	0	0	0	0	0	0	0	0	0	0	0	0	0	0	0	0	0	0	0	0	0	0	0	0	0	0	0	0	0	0	0	0	0	0	0	0	0	0	0	0	0	0	-59	0	0	0	0	0	0	0	0	0	0	0	0	0	0	0	0	0	0	0	0	0	0	0	0	0	0	0	0	3806	-3700	2921	22519	-7669	-217	-38	967	228	-1	0	-1	-38	953	225	1606974822
0	-49	-42	-55	-69	-70	-70	-71	-74	-75	-75	-74	-78	-69	0	0	0	-90	-90	-89	0	0	-91	-90	0	0	-83	-91	-92	0	0	-91	-90	-56	0	0	0	0	-87	0	0	0	0	0	0	0	0	0	0	0	0	0	0	0	0	0	0	0	0	0	0	0	0	0	0	0	0	0	0	0	0	0	0	0	0	0	0	0	0	0	0	-61	0	0	0	0	0	0	0	0	0	0	0	0	0	0	0	0	0	0	0	0	0	0	0	0	0	0	0	0	3859	-3731	2906	22521	-7673	-216	-38	967	228	0	0	0	-37	953	225	1606974824
0	-49	-43	-54	0	-69	0	-71	-75	0	-74	-74	-78	-70	0	-86	0	-89	-90	-90	-80	-80	-89	-90	-83	-81	-84	-93	-92	0	0	-93	0	-57	0	0	0	0	-87	0	0	0	0	0	0	0	0	-92	0	0	0	0	0	0	0	0	-87	0	0	0	0	-88	0	-86	-89	0	0	0	0	0	0	0	0	0	0	0	0	0	0	0	0	-71	0	0	0	0	0	0	0	0	0	0	0	0	0	0	0	0	0	0	0	0	0	0	0	0	0	0	0	0	3874	-3700	2906	22518	-7667	-216	-38	966	228	0	0	0	-37	953	225	1606974826
0	-49	-43	0	-68	-69	0	-70	-75	-74	-75	-74	-79	0	0	-87	0	-88	-90	-89	0	0	-89	-89	0	0	-86	-92	0	0	0	0	0	-57	0	0	0	0	-88	0	0	-91	0	0	0	0	0	0	0	0	0	0	0	0	0	0	-86	0	0	0	0	0	0	-85	-87	0	0	0	0	0	-83	0	0	0	0	0	0	0	0	0	0	-59	0	0	0	0	0	0	0	0	0	0	0	0	0	0	0	0	0	0	0	0	0	0	0	0	0	0	0	0	3829	-3670	2861	22518	-7668	-218	-38	966	228	0	0	-1	-38	953	225	1606974827
0	-44	-43	-54	-69	0	-70	0	-74	-74	-74	-75	-78	-69	0	0	0	-89	-90	-90	0	-81	-90	-91	0	0	-85	-92	-92	0	0	-91	0	-56	0	0	0	0	-88	0	0	0	0	0	0	0	0	-91	0	0	0	0	0	0	0	0	0	0	0	0	0	0	0	0	0	0	0	0	0	0	0	0	0	0	0	0	0	0	0	0	0	-60	0	0	0	0	0	0	0	0	0	0	0	0	0	0	0	0	0	0	0	0	0	0	0	0	0	0	0	0	3814	-3685	2876	22519	-7671	-217	-38	967	228	0	0	0	-37	953	225	1606974829
0	-45	0	-55	-68	-67	-70	-69	-68	-69	-69	-68	-74	-69	0	-86	0	-88	-88	-90	0	0	-88	-88	-80	0	-83	0	-91	0	0	-92	0	-53	0	0	0	0	0	0	0	0	0	0	0	0	0	0	0	0	0	0	0	0	0	0	0	0	0	0	0	0	0	0	0	0	0	0	-94	0	0	0	0	0	0	0	0	0	0	0	0	-70	0	0	0	0	0	0	0	0	0	0	0	0	0	0	0	0	0	0	0	0	0	0	0	0	0	0	0	0	3814	-3670	2906	22518	-7668	-216	-38	966	228	0	-1	0	-37	953	225	1606974830
-55	-49	-43	-54	-69	-69	-69	-69	-74	0	-74	-74	0	-71	0	-89	-73	-93	-91	-91	-81	-81	-90	-90	-80	-80	0	-91	-92	0	0	-93	0	-57	-64	0	0	0	-88	0	0	0	0	0	0	0	0	-89	0	0	0	0	0	0	0	0	0	0	0	0	0	0	0	0	0	0	0	0	0	0	0	0	0	0	0	0	0	0	0	0	0	-60	0	0	0	0	0	0	0	0	0	0	0	0	0	0	0	0	0	0	0	0	0	0	0	0	0	0	0	0	3844	-3670	2906	22519	-7669	-216	-38	967	229	0	0	0	-37	953	225	1606974832
0	-45	0	-54	-70	-69	0	0	-74	-74	-75	-74	-79	0	0	-82	0	-90	-90	-90	0	0	-90	-90	0	0	-85	-92	-91	0	0	0	0	-56	0	0	0	0	-89	0	0	0	0	0	0	0	0	0	0	0	0	0	0	0	0	0	0	0	0	0	0	0	0	0	0	0	0	0	0	0	0	0	0	0	0	0	0	0	0	0	0	-70	0	0	0	0	0	0	0	0	0	0	0	0	0	0	0	0	0	0	0	0	0	0	0	0	0	0	0	0	3844	-3700	2876	22520	-7672	-216	-38	967	227	0	0	0	-37	953	225	1606974834
-53	-48	-43	-54	-68	-70	0	-69	-75	0	-75	-75	-78	0	0	0	0	0	-89	-91	0	0	-90	-90	0	0	-83	-91	-91	0	0	-92	0	-56	0	0	0	0	-87	0	0	0	0	0	0	0	0	0	0	0	0	0	0	0	0	0	0	0	0	0	0	0	0	0	0	0	0	0	0	0	0	0	0	0	0	0	0	0	0	0	0	-71	0	0	0	0	0	0	0	0	0	0	0	0	0	0	0	0	0	0	0	0	0	0	0	0	0	0	0	0	3769	-3670	2876	22518	-7668	-216	-38	966	228	0	0	0	-37	953	225	1606974835
0	-49	-43	-54	-66	-70	-71	-71	-74	0	-75	-75	-78	-73	0	-83	0	-90	-89	-91	-80	-79	-91	-90	-82	-80	-86	-92	-92	0	-91	-91	0	-56	0	0	0	0	-89	0	0	0	-88	0	0	0	0	-90	0	0	0	0	0	0	0	0	0	0	0	0	0	0	0	0	0	0	0	0	0	0	0	0	0	0	0	0	0	0	0	0	0	-60	0	0	0	0	0	0	0	0	0	0	0	0	0	0	0	0	0	0	0	0	0	0	0	0	0	0	0	0	3799	-3662	2876	22518	-7669	-217	-38	967	229	0	0	-1	-37	953	225	1606974837
0	-49	-42	-55	0	0	-69	-71	-67	-74	-67	-68	-73	-69	0	-83	0	-87	-87	-86	-80	0	-87	-87	0	0	-84	-93	-93	0	0	-92	0	-56	0	0	0	0	0	0	0	0	-89	0	0	0	0	0	0	0	0	0	0	0	0	0	0	0	0	0	0	0	0	0	0	0	0	0	-93	0	0	0	0	0	0	0	0	0	0	0	0	-62	0	0	0	0	0	0	0	0	0	0	0	0	0	0	0	0	0	0	0	0	0	0	0	0	0	0	0	0	3859	-3640	2891	22519	-7670	-217	-38	967	227	0	0	0	-38	953	225	1606974838
0	-50	0	-53	0	-65	-71	-70	-68	0	-69	-69	-74	-71	0	-86	0	-86	-87	-87	-83	-80	-87	-87	-80	-78	-84	-91	-92	0	0	-90	0	-53	0	0	0	0	0	0	0	-92	0	0	0	0	0	-91	0	0	0	0	0	0	0	0	0	0	0	0	0	0	0	0	0	0	0	0	0	0	0	0	0	0	0	0	0	0	0	0	0	-71	0	0	0	0	0	0	0	0	0	0	0	0	0	0	0	0	0	0	0	0	0	0	0	0	0	0	0	0	3859	-3693	2921	22519	-7670	-216	-38	966	229	0	0	0	-37	953	225	1606974840
0	-49	-43	-52	-66	-69	-69	-71	-75	0	-76	-75	-78	-71	0	-83	0	-91	-90	-91	-78	-80	-89	-91	-79	-78	-84	-90	-93	0	0	-91	0	-55	0	0	0	0	-88	0	0	-89	0	0	0	0	0	-93	0	0	0	0	0	0	0	0	0	0	0	0	0	0	0	0	0	0	0	0	0	0	0	0	0	0	0	0	0	0	0	0	0	-60	0	0	0	0	0	0	0	0	0	0	0	0	0	0	0	0	0	0	0	0	0	0	0	0	0	0	0	0	3799	-3685	2876	22518	-7668	-217	-38	966	229	0	0	0	-37	953	225	1606974842
0	-46	-43	-52	-66	-69	-70	-69	-75	-74	-75	-75	-76	0	0	-87	0	-91	-89	-91	0	-81	-90	-90	0	0	-85	-92	-90	0	0	-90	0	-56	0	0	0	0	-87	0	0	-91	0	0	0	0	0	0	0	0	0	0	-84	0	0	0	-88	0	0	0	0	-85	0	-87	-87	0	0	0	0	0	0	0	0	0	0	0	0	0	0	0	0	-61	0	0	0	0	0	0	0	0	0	0	0	0	0	0	0	0	0	0	0	0	0	0	0	0	0	0	0	0	3859	-3671	2951	22520	-7674	-216	-38	966	228	0	0	0	-37	953	224	1606974843
0	-46	-43	-53	-67	-69	0	-70	-75	-74	-74	-76	-78	-72	0	0	-80	-90	-90	-90	-79	-81	-89	-90	-82	-81	-79	-92	-92	0	0	-90	0	-56	0	0	0	0	-86	0	0	0	0	0	0	0	0	0	0	0	0	-92	0	0	0	0	0	0	0	0	0	0	0	0	0	0	0	0	0	0	0	0	0	0	0	0	0	0	0	0	0	-59	0	0	0	0	0	0	0	0	0	0	0	0	0	0	0	0	0	0	0	0	0	0	0	0	0	0	0	0	3769	-3685	2906	22518	-7666	-216	-38	967	228	0	-1	0	-37	953	226	1606974845
-54	-44	-43	-53	-66	-69	-69	-70	-75	-75	-75	-75	-78	-70	0	0	0	-90	-88	-91	0	0	-90	-89	0	0	-83	-91	-93	0	0	-92	0	-55	0	0	0	0	-87	0	0	0	0	0	0	0	0	0	0	0	0	0	0	-85	0	0	0	0	0	0	0	0	0	0	0	0	0	0	0	0	0	0	0	0	0	0	0	0	0	0	0	0	0	0	0	0	0	0	0	0	0	0	0	0	0	0	0	0	0	0	0	0	0	0	0	0	0	0	0	0	3867	-3670	2921	22517	-7666	-218	-38	967	228	0	-1	-1	-38	953	226	1606974846
0	-50	-43	0	-68	0	0	0	-69	0	-69	-68	-74	0	0	-86	0	-88	-88	-88	0	0	-88	-87	0	0	-85	-92	-92	0	0	-90	0	-52	0	0	0	0	-95	0	0	0	0	0	0	0	0	0	0	0	0	0	0	0	0	0	0	0	0	0	0	0	0	0	0	0	0	0	-93	0	0	0	0	0	0	0	0	0	0	0	0	-69	0	0	0	0	0	0	0	0	0	0	0	0	0	0	0	0	0	0	0	0	0	0	0	0	0	0	0	0	3769	-3670	2861	22518	-7667	-217	-38	966	228	0	-1	0	-38	953	225	1606974848
0	-45	-44	-53	-68	0	0	-70	-75	0	-75	-75	-77	0	0	-84	0	-89	-91	-89	0	0	-91	-89	0	0	-84	0	-92	0	0	-91	0	-54	0	0	0	0	-87	0	0	0	0	0	0	0	0	0	0	0	0	0	0	0	0	0	0	0	0	0	0	0	0	0	0	0	0	0	0	0	0	0	0	0	0	0	0	0	0	0	0	-59	0	0	0	0	0	0	0	0	0	0	0	0	0	0	0	0	0	0	0	0	0	0	0	0	0	0	0	0	3806	-3685	2861	22518	-7669	-217	-38	967	228	0	0	0	-38	953	225	1606974850
0	-48	-43	-54	0	-67	-70	-73	-67	-75	-68	-67	-74	-72	0	-88	0	-88	-89	-87	0	-80	-87	-88	0	0	-84	-91	-93	0	0	-91	0	-51	0	0	0	0	0	0	0	0	0	0	0	0	0	0	0	0	0	0	0	0	0	0	0	0	0	0	0	0	0	0	0	0	0	0	-95	0	0	0	0	0	0	0	0	0	0	0	0	-71	0	0	0	0	0	0	0	0	0	0	0	0	0	0	0	0	0	0	0	0	0	0	0	0	0	0	0	0	3844	-3655	2921	22519	-7670	-217	-38	967	228	0	-1	0	-38	953	225	1606974851
-54	-46	-43	-54	0	-69	0	-72	-76	0	-76	-75	-78	-69	0	-87	0	-91	-89	-89	-80	-79	-91	-90	-83	-82	-84	-93	-92	0	0	-91	0	-55	-66	0	0	0	-87	0	0	0	0	0	0	0	0	0	0	0	0	0	0	0	0	0	0	0	0	0	0	0	0	0	0	0	0	0	0	0	0	0	0	0	0	0	0	0	0	0	0	-60	0	0	0	0	0	0	0	0	0	0	0	0	0	0	0	0	0	0	0	0	0	0	0	0	0	0	0	0	3844	-3700	2876	22520	-7672	-217	-38	967	227	0	-1	0	-37	953	225	1606974853
-53	-45	-42	-53	-69	-69	-70	0	-75	0	-75	-75	-78	-72	0	0	0	-89	-89	-90	0	-81	-89	-92	0	0	-83	-93	-91	0	0	-91	0	-55	0	0	0	0	-86	0	0	0	0	0	0	0	0	0	0	0	0	0	0	0	0	0	0	0	0	0	0	0	0	0	0	0	0	0	0	0	0	0	0	0	0	0	0	0	0	0	0	-55	0	0	0	0	0	0	0	0	0	0	0	0	0	0	0	0	0	0	0	0	0	0	0	0	0	0	0	0	3814	-3692	2861	22518	-7667	-217	-38	967	228	0	0	0	-37	953	225	1606974854
-53	-47	-43	-53	-69	-69	0	0	-75	0	-76	-76	-78	0	-75	-86	0	-90	-90	-90	0	0	-90	0	0	0	-86	-91	-91	0	0	-92	0	-54	0	0	0	0	-87	0	0	0	0	0	0	0	0	0	0	0	0	0	0	0	0	0	0	0	0	0	0	0	0	0	0	0	0	0	0	0	0	0	0	0	0	0	0	0	0	0	0	0	0	0	0	0	0	0	0	0	0	0	0	0	0	0	0	0	0	0	0	0	0	0	0	0	0	0	0	0	3844	-3670	2936	22518	-7667	-217	-38	967	229	0	-1	0	-37	953	226	1606974856
-55	-48	-43	-55	-69	-70	-69	0	-75	-74	-75	-75	-78	-71	0	0	0	-90	-90	-88	0	-83	-89	-90	0	0	-84	-91	-92	0	0	-92	0	-55	0	0	0	0	-87	0	0	0	0	0	0	0	0	0	0	0	0	0	0	0	0	0	0	0	0	0	0	0	0	0	0	0	0	0	0	0	0	0	0	0	0	0	0	0	0	0	0	-58	0	0	0	0	0	0	0	0	0	0	0	0	0	0	0	0	0	0	0	0	0	0	0	0	0	0	0	0	3769	-3678	2921	22519	-7670	-216	-38	967	227	0	-1	0	-37	953	225	1606974857
-53	-46	0	-54	-70	-69	-69	-69	-75	-75	-75	-75	-77	-71	0	0	0	-91	-92	-90	0	0	-89	-89	0	0	-84	-91	-93	0	0	-93	0	-56	0	0	0	0	-86	0	0	0	0	0	0	0	0	0	0	-84	0	0	-86	-87	0	0	0	0	0	0	0	0	0	0	0	0	0	0	0	0	-83	0	0	0	0	0	0	0	0	0	0	-71	0	0	0	0	0	0	0	0	0	0	0	0	0	0	0	0	0	0	0	0	0	0	0	0	0	0	0	0	3814	-3655	2906	22518	-7668	-217	-38	967	228	0	0	0	-37	953	225	1606974859
0	-48	-43	-54	0	0	-71	-70	-68	-77	-69	-68	-74	-71	0	-85	0	-87	-89	-87	0	-79	-87	-88	0	0	-85	-92	-91	0	0	-91	0	-53	0	0	0	0	-95	0	0	0	0	0	0	0	0	0	0	0	0	0	0	0	0	0	0	0	0	0	0	0	0	0	0	0	0	0	0	0	0	0	0	-92	0	0	0	0	0	0	0	-73	0	0	0	0	0	0	0	0	0	0	0	0	0	0	0	0	0	0	0	0	0	0	0	0	0	0	0	0	3799	-3678	2876	22518	-7668	-217	-38	967	228	0	-1	0	-38	953	225	1606974861
0	-48	-43	-53	-66	0	-69	-72	-75	0	-75	-75	-77	-71	-74	0	0	-91	-90	-91	0	0	-89	-90	0	0	-83	-92	0	0	0	-91	0	-56	0	0	0	0	-86	0	0	-89	0	0	0	0	0	0	0	0	0	0	0	0	0	0	0	0	0	0	0	0	0	0	0	0	0	0	0	0	0	0	0	0	0	0	0	0	0	0	0	-58	0	0	0	0	0	0	0	0	0	0	0	0	0	0	0	0	0	0	0	0	0	0	0	0	0	0	0	0	3859	-3685	2861	22518	-7669	-217	-38	967	228	0	0	0	-38	953	225	1606974862
0	-49	0	-53	-66	0	-72	-71	-75	-76	-76	-75	0	-69	0	-86	0	-92	-90	0	0	-79	-91	-90	0	0	-85	-92	-93	0	0	-93	-92	-56	0	0	0	0	-86	0	0	0	0	0	0	0	0	0	0	0	0	0	0	0	0	0	0	0	0	0	0	0	0	0	0	0	0	0	0	0	0	0	0	0	0	0	0	0	0	0	0	-59	0	0	0	0	0	0	0	0	0	0	0	0	0	0	0	0	0	0	0	0	0	0	0	0	0	0	0	0	3799	-3685	2876	22518	-7668	-218	-38	966	228	0	0	0	-38	953	225	1606974864
0	-46	-43	-53	-66	0	-68	-68	-75	-76	-75	-76	-77	-71	0	-85	0	-89	-91	-91	0	0	-89	-89	0	0	-85	-91	-90	0	0	-91	0	-57	0	0	0	0	-86	0	0	0	0	0	0	0	0	0	0	0	0	0	0	0	0	0	0	0	0	0	0	0	0	0	0	0	0	0	0	0	0	0	0	0	0	0	0	0	0	0	0	-73	0	0	0	0	0	0	0	0	0	0	0	0	0	0	0	0	0	0	0	0	0	0	0	0	0	0	0	0	3769	-3700	2876	22518	-7668	-218	-38	966	228	0	-1	0	-38	953	225	1606974865
0	-44	0	-52	-67	-66	-70	-71	-68	-75	-69	-68	-73	-68	0	0	0	-89	-87	-88	0	-83	-87	-88	0	0	0	-92	-91	0	0	-92	0	-54	0	0	0	0	-93	0	0	0	0	0	0	0	0	0	0	0	0	0	0	0	0	0	0	0	0	0	0	0	0	0	0	0	0	0	-95	0	0	0	0	0	0	0	0	0	0	0	0	-72	0	0	0	0	0	0	0	0	0	0	0	0	0	0	0	0	0	0	0	0	0	0	0	0	0	0	0	0	3814	-3655	2876	22518	-7668	-218	-38	967	228	0	0	-1	-38	953	225	1606974867
-52	-45	-43	-53	-65	-69	-72	-71	-76	-75	-76	-76	0	0	-70	-89	-79	-90	-90	-91	0	-79	-90	-92	0	0	-86	-92	-92	0	0	-93	-92	-56	0	0	0	0	-86	0	0	0	0	0	0	0	0	0	0	-85	0	0	0	0	0	0	0	0	0	0	0	0	0	0	0	0	0	0	0	0	0	0	0	0	0	0	0	0	0	0	0	-74	0	0	0	0	0	0	0	0	0	0	0	0	0	0	0	0	0	0	0	0	0	0	0	0	0	0	0	0	3799	-3730	2906	22518	-7671	-219	-38	966	228	0	0	-1	-38	953	225	1606974868
-52	-49	-43	-52	-67	-66	-71	-71	-67	-74	-68	-67	-75	-71	0	-86	-87	-86	-87	-87	0	-84	-87	-88	-85	-84	-85	-93	0	0	0	-91	0	-52	-64	0	0	0	-93	0	0	-90	0	0	0	0	0	0	0	-86	0	0	-85	-86	0	0	-85	0	0	0	0	-86	0	-85	-87	0	0	0	-95	0	0	0	0	0	0	0	0	0	0	0	0	-60	0	0	0	0	0	0	0	0	0	0	0	0	0	0	0	0	0	0	0	0	0	0	0	0	0	0	0	0	3814	-3693	2876	22517	-7667	-217	-38	966	229	0	0	-1	-38	953	226	1606974870
-52	-49	-43	-52	-66	-69	-71	-71	-76	0	-75	-75	-77	-70	0	0	0	-90	-91	-90	-84	-83	-91	-90	-84	-85	-83	0	-92	0	0	-93	0	-56	0	0	0	0	-86	0	0	-90	-89	0	0	0	0	0	0	0	0	0	0	0	0	0	0	0	0	0	0	0	0	0	0	0	0	0	0	0	0	0	0	0	0	0	0	0	0	0	0	-75	0	0	0	0	0	0	0	0	0	0	0	0	0	0	0	0	0	0	0	0	0	0	0	0	0	0	0	0	3814	-3602	2876	22517	-7667	-218	-38	967	228	0	0	0	-38	953	226	1606974871
-52	-48	-43	-53	-68	-69	-72	-69	-75	-75	-75	-75	-77	-72	0	0	0	-89	-91	-90	0	0	-90	-91	0	0	-84	0	-92	0	0	-92	0	-56	0	0	0	0	-86	0	0	0	0	0	0	0	0	0	0	0	0	0	0	0	0	0	0	0	0	0	0	0	0	0	0	0	0	0	0	0	0	0	0	0	0	0	0	0	0	0	0	-65	0	0	0	0	0	0	0	0	0	0	0	0	0	0	0	0	0	0	0	0	0	0	0	0	0	0	0	0	3844	-3655	2876	22520	-7674	-218	-38	966	227	0	-1	0	-38	953	224	1606974873
-55	-46	-43	-53	-67	-69	-70	-70	-75	0	-75	-74	-77	-74	0	0	0	-92	-89	-91	0	-88	-92	-90	0	0	-83	-92	-92	0	0	-92	0	-56	-65	0	0	0	-86	0	0	0	-86	0	0	0	0	0	0	0	0	0	0	0	0	0	0	0	0	0	0	0	0	0	0	0	0	0	0	0	0	0	0	0	0	0	0	0	0	0	0	-73	0	0	0	0	0	0	0	0	0	0	0	0	0	0	0	0	0	0	0	0	0	0	0	0	0	0	0	0	3874	-3670	2876	22517	-7667	-217	-38	966	229	0	0	0	-38	953	226	1606974874
0	-45	-43	-53	0	-70	-71	-71	-75	0	-75	-76	-77	-71	-74	-85	0	-91	-90	-91	0	0	-91	-91	0	0	-86	-92	-92	0	0	-90	0	-55	-64	0	0	0	-86	0	0	0	0	0	0	0	0	0	0	0	0	0	0	0	0	0	0	0	0	0	0	0	0	0	0	0	0	0	0	0	0	0	0	0	0	0	0	0	0	0	0	-58	0	0	0	0	0	0	0	0	0	0	0	0	0	0	0	0	0	0	0	0	0	0	0	0	0	0	0	0	3814	-3655	2906	22518	-7668	-218	-38	966	228	0	0	-1	-38	953	225	1606974876
-52	-48	-43	-53	-65	0	-70	-70	-68	0	-68	-69	-74	-69	0	0	0	-88	-87	-88	0	-88	-90	-88	0	0	-84	-91	-91	0	0	-90	0	-52	-65	0	0	0	-93	0	0	0	0	0	0	0	0	0	0	0	0	0	0	0	0	0	0	0	0	0	0	0	0	0	0	0	0	0	-94	0	-83	0	0	0	0	0	0	0	0	0	0	-72	0	0	0	0	0	0	0	0	0	0	0	0	0	0	0	0	0	0	0	0	0	0	0	0	0	0	0	0	3844	-3685	2869	22520	-7673	-217	-38	967	228	0	0	0	-38	953	225	1606974878
0	0	-43	-53	0	-67	-70	-68	-68	-75	-69	-69	-74	-70	0	-86	0	-89	-88	-88	0	0	-88	-88	0	0	-84	-92	-93	0	0	-91	0	-53	0	0	0	0	0	0	0	0	0	0	0	0	0	-90	0	0	0	0	0	0	0	0	0	0	0	0	0	0	0	0	0	0	0	0	0	0	0	0	0	0	0	0	0	0	0	0	0	0	0	0	0	0	0	0	0	0	0	0	0	0	0	0	0	0	0	0	0	0	0	0	0	0	0	0	0	0	3859	-3670	2846	22517	-7668	-219	-38	966	228	0	0	-1	-38	953	225	1606974879
-54	-45	-43	-53	-68	0	-71	-71	-69	-76	-69	-69	-74	-73	0	-85	0	-87	-88	-88	0	0	-89	-89	0	0	-85	-92	-92	0	0	-91	0	-52	0	0	0	0	0	0	0	-89	0	0	0	0	0	0	0	0	0	0	0	0	0	0	0	0	0	0	0	0	0	0	0	0	0	0	-93	0	0	0	0	0	0	0	0	0	0	0	0	-57	0	0	0	0	0	0	0	0	0	0	0	0	0	0	0	0	0	0	0	0	0	0	0	0	0	0	0	0	3799	-3655	2906	22518	-7668	-218	-38	966	228	0	0	0	-38	953	225	1606974881
0	-45	-43	-52	-66	0	-71	-71	-74	0	-75	-74	-78	-71	0	0	-83	-90	-90	-90	-86	0	-90	-89	-86	-84	-86	-95	-91	0	0	-91	-91	-56	0	0	0	0	-87	0	0	0	0	0	0	0	0	0	0	0	0	0	0	0	0	0	0	0	0	0	0	0	0	0	0	0	0	0	0	0	0	0	0	0	0	0	0	0	0	0	0	-57	0	0	0	0	0	0	0	0	0	0	0	0	0	0	0	0	0	0	0	0	0	0	0	0	0	0	0	0	3844	-3685	2787	22519	-7671	-217	-38	967	228	0	0	0	-38	953	225	1606974882
0	-46	-43	-53	-66	0	-69	-70	-75	0	-75	-75	-77	-68	0	0	-86	-92	-89	-90	0	-87	-91	-90	-84	-85	-84	-92	-92	0	0	-92	0	-56	0	0	0	0	-88	0	0	0	0	0	0	0	0	0	0	0	0	0	0	0	0	0	0	0	0	0	0	0	0	0	0	0	0	0	0	0	0	0	0	0	0	0	0	0	0	0	0	-60	0	0	0	0	0	0	0	0	0	0	0	0	0	0	0	0	0	0	0	0	0	0	0	0	0	0	0	0	3874	-3670	2906	22517	-7666	-218	-38	966	229	0	0	0	-38	953	226	1606974884
0	-49	-43	-53	0	0	-70	-69	-75	0	-75	-75	-77	-70	0	-85	0	-90	-88	-90	0	0	-90	-90	0	0	-71	0	0	0	0	0	0	-56	0	0	0	0	-88	0	0	0	0	0	0	0	0	0	0	0	0	0	0	0	0	0	0	0	0	0	0	-85	0	-85	-88	0	0	0	0	0	0	0	0	0	0	0	0	0	0	0	0	-72	0	0	0	0	0	0	0	0	0	0	0	0	0	0	0	0	0	0	0	0	0	0	0	0	0	0	0	0	3814	-3685	2906	22518	-7667	-217	-38	966	228	0	0	-1	-38	953	225	1606974886
-56	0	-43	-53	0	-66	-70	-71	-67	0	0	-69	-73	-69	0	0	0	-90	-88	-89	-83	-83	-90	-90	0	-82	-84	-91	-92	0	0	-92	0	-55	0	0	0	0	0	0	0	0	0	0	0	0	0	0	0	-85	0	0	-84	-84	0	0	0	0	0	0	0	0	0	0	0	0	0	0	-93	0	0	0	0	0	0	0	0	0	0	0	0	-72	0	0	0	0	0	0	0	0	0	0	0	0	0	0	0	0	0	0	0	0	0	0	0	0	0	0	0	0	3829	-3685	2876	22520	-7672	-216	-38	967	227	0	0	0	-37	953	225	1606974887
0	-49	-44	-53	0	0	-68	-68	-68	-76	-67	-67	-74	-67	0	-88	0	-89	-87	-88	0	-85	-88	-88	0	0	-84	-92	-91	0	0	-91	-91	-54	0	0	0	0	0	0	0	0	0	0	0	0	0	0	0	0	0	0	0	0	0	0	0	0	0	0	0	0	0	0	0	0	0	0	0	0	0	0	0	0	0	0	0	0	0	0	0	-78	0	0	0	0	0	0	0	0	0	0	0	0	0	0	0	0	0	0	0	0	0	0	0	0	0	0	0	0	3844	-3670	2906	22518	-7668	-216	-38	967	228	-1	0	-1	-37	953	225	1606974889
-52	-49	-43	-55	-69	0	-70	-69	-68	-70	-69	-68	-74	-69	0	0	0	-87	-88	-88	0	-84	-88	-88	0	0	0	-90	-91	0	0	-92	-91	-53	0	0	0	0	0	0	0	0	0	0	0	0	0	0	0	0	0	0	0	0	0	0	0	0	0	0	0	0	0	0	0	0	0	0	0	0	0	0	0	0	0	0	0	0	0	0	0	-56	0	0	0	0	0	0	0	0	0	0	0	0	0	0	0	0	0	0	0	0	0	0	0	0	0	0	0	0	3889	-3670	2817	22518	-7667	-217	-38	966	229	0	0	0	-37	953	226	1606974890
0	-49	-42	-53	0	-67	-70	-70	-68	0	-67	-68	-74	-71	0	0	0	-88	-90	-88	0	-84	-88	-88	0	0	-82	-91	-92	0	-92	-90	0	-53	0	0	0	0	0	0	0	0	0	0	0	0	0	0	0	0	0	0	0	0	0	0	0	0	0	0	0	0	0	0	0	0	0	0	-92	0	0	0	0	0	0	0	0	0	0	0	0	0	0	0	0	0	0	0	0	0	0	0	0	0	0	0	0	0	0	0	0	0	0	0	0	0	0	0	0	0	3859	-3670	2921	22518	-7668	-217	-38	967	228	0	0	-1	-38	953	225	1606974892
0	0	-44	-54	0	-69	-69	-69	-76	0	-75	-76	-77	-68	0	0	0	-91	-90	-89	0	-80	-89	-90	0	0	-84	-91	-91	0	-91	-91	-92	-56	0	0	0	0	-87	0	0	0	0	0	0	0	0	0	0	0	0	0	0	-86	0	0	0	0	0	0	0	0	0	0	0	0	0	0	0	0	0	0	0	0	0	0	0	0	0	0	0	-59	0	0	0	0	0	0	0	0	0	0	0	0	0	0	0	0	0	0	0	0	0	0	0	0	0	0	0	0	3844	-3670	2876	22519	-7670	-217	-38	966	228	0	0	-1	-38	953	225	1606974893
-53	-48	-41	-53	-69	-70	-70	0	-75	-75	-75	-75	-77	0	0	-86	0	-90	-91	-90	0	0	-89	-90	0	0	-84	-92	-91	0	-91	-91	-91	-56	0	0	0	0	-89	0	0	0	0	0	0	0	0	0	0	0	0	0	0	0	0	0	0	0	0	0	0	0	0	0	0	0	0	0	0	0	0	0	0	0	0	0	0	0	0	0	0	-57	0	0	0	0	0	0	0	0	0	0	0	0	0	0	0	0	0	0	0	0	0	0	0	0	0	0	0	0	3799	-3640	2913	22517	-7667	-218	-38	966	228	0	0	0	-38	953	225	1606974895
-53	-48	-42	0	-69	-69	0	0	-75	0	-75	-75	-76	0	0	0	0	-90	-91	-89	0	0	-90	-90	0	0	-84	-91	-92	0	-90	-91	-90	-56	0	0	0	0	-86	0	0	0	0	0	0	0	0	0	0	0	0	0	0	0	0	0	0	0	0	0	0	0	0	0	0	0	0	0	0	0	0	0	0	0	0	0	0	0	0	0	0	-62	0	0	0	0	0	0	0	0	0	0	0	0	0	0	0	0	0	0	0	0	0	0	0	0	0	0	0	0	3844	-3662	2846	22519	-7670	-216	-38	967	227	0	0	0	-37	953	225	1606974897
0	-45	0	-53	-67	-68	-69	-69	-75	0	-75	-75	-76	-70	0	0	0	-90	-90	-89	0	0	-90	-91	0	0	-83	-90	-91	0	0	-90	-90	-58	0	0	0	0	-86	0	0	0	0	0	0	0	0	0	0	0	0	0	0	0	0	0	0	0	0	0	0	0	0	0	0	0	0	0	0	0	0	0	0	0	0	0	0	0	0	0	0	-63	0	0	0	0	0	0	0	0	0	0	0	0	0	0	0	0	0	0	0	0	0	0	0	0	0	0	0	0	3814	-3640	2876	22518	-7668	-217	-38	967	228	0	0	0	-37	953	225	1606974898
0	-48	-43	-53	0	-68	-69	-69	-69	0	-68	-68	-74	-69	0	-88	0	-89	-89	-88	0	0	-88	-89	0	0	-84	-92	0	0	0	-91	-91	-56	0	0	0	0	-92	0	0	0	0	0	0	0	0	0	0	0	0	0	0	0	0	0	-86	0	0	0	0	0	0	0	-85	0	0	0	-92	0	0	0	0	0	0	0	0	0	0	0	0	-59	0	0	0	0	0	0	0	0	0	0	0	0	0	0	0	0	0	0	0	0	0	0	0	0	0	0	0	0	3829	-3655	2921	22518	-7667	-217	-38	967	228	0	0	0	-38	953	226	1606974900
0	-46	-43	-53	-68	0	-70	-69	-69	0	-69	-68	-75	-70	0	0	0	-89	-89	-88	0	-82	-88	-89	0	0	-85	-91	-91	0	-91	-90	-91	0	0	0	0	0	-93	0	0	0	0	0	0	0	0	-91	0	0	0	0	0	0	0	0	0	0	0	0	0	0	0	0	0	0	0	0	0	0	0	0	0	0	0	0	0	0	0	0	0	-57	0	0	0	0	0	0	0	0	0	0	0	0	0	0	0	0	0	0	0	0	0	0	0	0	0	0	0	0	3874	-3730	2802	22519	-7669	-217	-38	967	228	0	0	0	-38	953	225	1606974902
-53	0	-44	-54	-68	-69	-70	-70	-74	0	-75	-75	-77	-71	0	0	0	-90	-89	-90	-83	-82	-91	-91	0	-82	-85	-95	-92	0	0	-90	-91	-57	0	0	0	0	-86	0	0	0	0	0	0	0	0	0	0	0	0	0	0	0	0	0	0	0	0	0	0	0	0	0	0	0	0	0	0	0	0	0	0	0	0	0	0	0	0	0	0	-71	0	0	0	0	0	0	0	0	0	0	0	0	0	0	0	0	0	0	0	0	0	0	0	0	0	0	0	0	3844	-3700	2906	22518	-7668	-218	-38	966	229	0	0	-1	-38	953	225	1606974903
-57	-48	-42	-54	-69	0	0	-69	-75	0	-75	-75	-76	-68	0	-87	0	-90	-90	-91	0	-84	-89	-91	0	0	-86	-92	-92	0	0	-91	0	-57	0	0	0	0	-85	0	0	0	0	0	0	0	0	0	0	-84	0	0	0	0	0	0	0	0	0	0	0	0	0	0	0	0	0	0	0	0	0	0	0	0	0	0	0	0	0	0	0	-57	0	0	0	0	0	0	0	0	0	0	0	0	0	0	0	0	0	0	0	0	0	0	0	0	0	0	0	0	3844	-3655	2951	22518	-7667	-218	-38	967	228	0	0	0	-38	953	225	1606974905
0	-48	0	0	-67	-68	-68	-69	-67	0	-68	-68	-74	-70	0	0	0	-87	-89	-89	0	-82	-89	-88	0	0	0	-92	-91	0	-91	-91	0	-54	0	0	0	0	-93	0	0	0	0	0	0	0	0	0	0	0	0	0	0	0	0	0	0	0	0	0	0	0	0	0	0	0	0	0	-93	0	0	0	0	0	0	0	0	0	0	0	0	-63	0	0	0	0	0	0	0	0	0	0	0	0	0	0	0	0	0	0	0	0	0	0	0	0	0	0	0	0	3874	-3670	2831	22518	-7668	-217	-38	967	229	0	0	-1	-38	953	225	1606974906
0	-49	-42	-53	-67	-68	-69	-69	-76	0	-76	-75	-77	0	0	0	0	-90	-89	-89	0	-87	-91	-88	0	0	-86	-93	-91	0	0	-92	-91	-57	0	0	0	0	-87	0	0	0	0	0	0	0	0	0	0	-83	0	0	0	0	0	0	0	0	0	0	0	0	0	0	0	0	0	0	0	0	0	0	0	0	0	0	0	0	0	0	0	-73	0	0	0	0	0	0	0	0	0	0	0	0	0	0	0	0	0	0	0	0	0	0	0	0	0	0	0	0	3844	-3685	2906	22519	-7670	-216	-37	967	228	0	-1	-1	-37	953	225	1606974908
0	-48	-42	-54	0	0	0	0	-68	0	-68	-67	-74	0	0	0	0	-87	-87	-88	0	0	-88	-87	0	0	-85	-90	-90	0	0	-92	-92	-53	-65	0	0	0	0	0	0	-88	0	0	0	0	0	0	0	0	0	0	0	0	0	0	0	0	0	0	0	0	0	0	0	0	0	0	0	0	0	0	0	0	0	0	0	0	0	0	0	-59	0	0	0	0	0	0	0	0	0	0	0	0	0	0	0	0	0	0	0	0	0	0	0	0	0	0	0	0	3799	-3655	2876	22518	-7667	-215	-38	967	229	0	-1	0	-37	953	225	1606974910
-48	-46	-42	-55	0	0	-69	-70	-69	0	-69	-69	-74	-70	-75	-86	0	-89	-86	-86	0	0	-88	-88	0	0	-84	-94	-91	0	-91	-91	0	-53	0	0	0	0	0	0	0	0	0	0	0	0	0	0	0	0	0	0	0	0	0	0	0	0	0	0	0	0	0	0	0	0	0	0	0	0	0	0	0	0	0	0	0	0	0	0	0	-62	0	0	0	0	0	0	0	0	0	0	0	0	0	0	0	0	0	0	0	0	0	0	0	0	0	0	0	0	3799	-3700	2921	22518	-7666	-215	-38	966	229	0	-1	0	-37	953	226	1606974911
0	-47	0	-55	-71	0	-71	-71	-74	0	-75	-75	-76	-69	0	0	0	-89	-89	0	0	0	-89	-89	0	0	-83	-91	-92	0	0	-93	0	-60	0	0	0	0	-86	0	0	0	0	0	0	0	0	0	0	0	0	0	0	0	0	0	0	0	0	0	0	0	0	0	0	0	0	0	0	0	0	0	0	0	0	0	0	0	0	0	0	-62	0	0	0	0	0	0	0	0	0	0	0	0	0	0	0	0	0	0	0	0	0	0	0	0	0	0	0	0	3844	-3678	2891	22519	-7670	-216	-38	967	228	0	-1	0	-37	953	225	1606974913
0	-45	-43	-55	0	0	-70	-71	-75	0	-76	-75	-78	-71	0	0	0	-89	-88	-90	0	0	-90	-90	0	0	-84	-90	-91	0	0	-93	0	-57	0	0	0	0	-84	0	0	0	0	0	0	0	0	0	0	0	0	0	0	0	0	0	-85	0	0	0	0	-86	0	-84	0	0	0	0	0	0	0	0	0	0	0	0	0	0	0	0	0	-69	0	0	0	0	0	0	0	0	0	0	0	0	0	0	0	0	0	0	0	0	0	0	0	0	0	0	0	0	3829	-3670	2906	22518	-7666	-216	-38	967	229	0	-1	0	-37	953	226	1606974914
-55	-46	-43	-55	-69	-69	-70	-71	-76	0	-76	-76	-76	-71	0	-83	0	-92	-89	-90	0	0	-89	-89	0	0	-84	-91	-91	0	0	-90	0	-57	0	0	0	0	-87	0	0	0	0	0	0	0	0	0	0	0	0	0	0	0	0	0	0	0	0	0	0	0	0	0	0	0	0	0	0	0	0	0	0	0	0	0	0	0	0	0	0	-59	0	0	0	0	0	0	0	0	0	0	0	0	0	0	0	0	0	0	0	0	0	0	0	0	0	0	0	0	3844	-3670	2861	22518	-7667	-216	-38	967	229	0	0	0	-37	953	226	1606974916
-57	-49	-42	-55	-69	0	-71	-71	-74	0	-74	-75	-77	-71	0	0	0	-91	-91	-89	0	0	-89	-90	0	0	-81	-92	-91	0	-90	-90	0	0	-66	0	0	0	-89	0	0	-92	0	0	0	0	0	-90	0	0	0	-89	0	0	0	0	-86	0	0	0	0	-86	0	0	-87	0	0	0	0	0	0	0	0	0	0	0	0	0	0	0	0	-58	0	0	0	0	0	0	0	0	0	0	0	0	0	0	0	0	0	0	0	0	0	0	0	0	0	0	0	0	3829	-3655	2936	22519	-7671	-217	-38	967	228	0	0	-1	-38	953	225	1606974917
0	-48	0	-56	0	0	-70	-69	-75	0	-74	-74	-77	0	0	-86	0	-90	-88	-89	0	0	-89	-88	0	0	-84	-94	-91	0	-91	-90	0	-55	0	0	0	0	-88	0	0	0	0	0	0	0	0	0	0	0	0	0	0	0	0	0	0	0	0	0	0	0	0	0	0	0	0	0	0	0	0	0	0	0	0	0	0	0	0	0	0	-56	0	0	0	0	0	0	0	0	0	0	0	0	0	0	0	0	0	0	0	0	0	0	0	0	0	0	0	0	3806	-3633	2913	22518	-7667	-216	-38	966	228	0	0	-1	-37	953	226	1606974919
0	-45	-42	-53	0	0	-70	-71	-74	0	-75	-74	-78	-71	0	0	0	-91	-90	-89	0	0	-90	-89	-82	0	-85	0	-90	0	-91	-90	0	-55	0	0	0	0	-86	0	0	0	0	0	0	0	0	0	0	0	0	0	0	0	0	0	0	0	0	0	0	0	0	0	0	0	0	0	0	0	0	0	0	0	0	0	0	0	0	0	0	-58	0	0	0	0	0	0	0	0	0	0	0	0	0	0	0	0	0	0	0	0	0	0	0	0	0	0	0	0	3904	-3685	2869	22517	-7666	-217	-38	967	229	0	0	-1	-38	953	226	1606974920
0	-49	-42	-54	-67	0	-70	-70	-76	-76	-74	-75	-78	-70	0	0	-82	-89	-90	-90	-82	-81	-91	-90	-83	-82	-87	-90	-92	0	0	-89	-92	-54	0	0	0	0	-86	0	0	0	0	0	0	0	0	0	0	-85	0	0	0	0	0	0	0	0	0	0	0	0	0	0	0	0	0	0	0	0	0	0	0	0	0	0	0	0	0	0	0	-68	0	0	0	0	0	0	0	0	0	0	0	0	0	0	0	0	0	0	0	0	0	0	0	0	0	0	0	0	3814	-3685	2958	22520	-7672	-216	-38	966	228	0	0	-1	-37	953	225	1606974922
-53	-49	0	-54	-67	0	-69	-70	-74	-76	-75	-74	-78	-69	0	0	0	-90	-90	-90	0	0	-90	-89	0	0	0	-91	-91	0	0	-91	-92	-54	0	0	0	0	-87	0	0	0	0	0	0	0	0	0	0	0	0	0	0	0	0	0	0	0	0	0	0	0	0	0	0	0	0	0	0	0	0	0	0	0	0	0	0	0	0	0	0	-71	0	0	0	0	0	0	0	0	0	0	0	0	0	0	0	0	0	0	0	0	0	0	0	0	0	0	0	0	3874	-3685	2876	22518	-7667	-216	-38	967	229	0	0	0	-37	953	226	1606974923
-53	-49	-42	0	-67	0	-70	-71	-75	-75	-74	-75	-78	-71	0	0	0	-90	-90	-90	0	-83	-90	-90	0	0	-85	-92	-92	0	0	-91	0	-56	-65	0	0	0	-88	0	0	-89	0	0	0	0	0	0	0	0	0	0	0	0	0	0	0	0	0	0	0	0	0	0	0	0	0	0	0	0	0	0	0	0	0	0	0	0	0	0	0	-67	0	0	0	0	0	0	0	0	0	0	0	0	0	0	0	0	0	0	0	0	0	0	0	0	0	0	0	0	3829	-3640	2876	22518	-7667	-215	-38	967	228	0	-1	0	-37	953	226	1606974925
0	-45	0	-55	-67	0	-69	-69	-75	0	-75	-75	-78	-70	-62	0	0	-93	-91	-91	0	-83	-91	-90	0	0	0	-92	0	0	0	0	0	-55	0	0	0	0	-90	0	0	-86	0	0	0	0	0	0	0	0	0	0	0	0	0	0	0	0	0	0	0	0	0	0	0	0	0	0	0	0	0	0	0	0	0	0	0	0	0	0	0	-57	0	0	0	0	0	0	0	0	0	0	0	0	0	0	0	0	0	0	0	0	0	0	0	0	0	0	0	0	3904	-3640	2906	22519	-7671	-217	-38	967	228	0	0	-1	-37	953	225	1606974927
0	-49	-42	-54	-67	0	-68	-70	-75	-75	-74	-74	-79	-70	0	0	0	-91	-90	-88	0	0	-91	-91	0	0	0	-90	-90	0	0	-91	0	-54	0	0	0	0	-88	0	0	0	0	0	0	0	0	0	0	0	0	0	0	0	0	0	0	0	0	0	0	0	0	0	0	0	0	0	0	0	0	0	0	0	0	0	0	0	0	0	0	-61	0	0	0	0	0	0	0	0	0	0	0	0	0	0	0	0	0	0	0	0	0	0	0	0	0	0	0	0	3844	-3685	2906	22518	-7667	-216	-38	967	228	0	0	0	-37	953	225	1606974928
0	-45	0	-54	-68	0	0	-70	-74	-75	-75	-76	-78	-70	0	0	0	-91	-91	-90	0	-83	-90	-90	0	0	-86	-92	-92	0	0	-92	0	-54	0	0	0	0	-88	0	0	0	0	0	0	0	0	0	0	0	0	0	0	0	0	0	0	0	0	0	0	0	0	0	0	0	0	0	0	0	0	0	0	0	0	0	0	0	0	0	0	-61	0	0	0	0	0	0	0	0	0	0	0	0	0	0	0	0	0	0	0	0	0	0	0	0	0	0	0	0	3874	-3655	2869	22517	-7665	-216	-38	966	229	0	0	0	-37	953	226	1606974930
0	-49	-42	-54	-63	-66	-70	-68	-68	0	-69	-69	-75	-71	0	-83	0	-89	-88	-87	0	0	-88	-88	0	0	-84	-91	-93	0	0	-91	0	-52	0	0	0	0	0	0	0	-88	0	0	0	0	0	0	0	0	0	0	0	0	0	0	-83	0	0	0	0	-83	0	0	-83	0	0	0	0	0	0	0	0	0	0	0	0	0	0	0	0	-62	0	0	0	0	0	0	0	0	0	0	0	0	0	0	0	0	0	0	0	0	0	0	0	0	0	0	0	0	3844	-3648	2876	22521	-7673	-216	-38	967	227	0	0	-1	-37	953	224	1606974931
-55	-44	-42	-54	-66	-72	-69	-69	-76	0	-75	-75	-78	-71	0	0	-81	-92	-91	-90	-81	-81	-91	-91	-84	-82	-84	-91	-90	0	0	-91	0	-56	-65	0	0	0	-90	0	0	0	0	0	0	0	0	0	0	0	0	0	0	0	0	0	0	0	0	0	0	0	0	0	0	0	0	0	0	0	0	0	0	0	0	0	0	0	0	0	0	-57	0	0	0	0	0	0	0	0	0	0	0	0	0	0	0	0	0	0	0	0	0	0	0	0	0	0	0	0	3844	-3730	2862	22518	-7666	-216	-38	967	229	0	0	-1	-37	953	226	1606974933
-53	-45	-42	-56	-67	-71	-69	-69	-74	0	-75	-74	-78	-69	0	-86	0	-91	-89	-89	-80	-80	-90	-90	0	0	-84	-90	-93	0	0	-91	0	-54	0	0	0	0	-90	0	0	-90	0	0	0	0	0	0	0	0	0	0	0	0	0	0	0	0	0	0	0	0	0	0	0	0	0	0	0	0	0	0	0	0	0	0	0	0	0	0	0	-58	0	0	0	0	0	0	0	0	0	0	0	0	0	0	0	0	0	0	0	0	0	0	0	0	0	0	0	0	3844	-3685	2876	22518	-7667	-217	-38	967	228	0	0	-1	-37	953	225	1606974934
0	-47	-41	-54	0	-71	-71	-69	-74	0	-75	-75	-78	-70	0	-85	0	-91	-90	-89	0	0	-90	0	0	0	-85	-92	-91	0	0	-91	0	-55	-65	0	0	0	-89	0	0	-88	-88	0	0	0	0	0	0	0	0	0	0	0	0	0	0	0	0	0	0	0	0	0	0	0	0	0	0	0	0	0	0	0	0	0	0	0	0	0	0	-71	0	0	0	0	0	0	0	0	0	0	0	0	0	0	0	0	0	0	0	0	0	0	0	0	0	0	0	0	3844	-3700	2876	22520	-7671	-215	-38	967	227	0	0	-1	-37	953	225	1606974936
0	0	-42	-55	-66	-71	-70	-70	-75	0	-76	-75	-78	-69	0	0	0	-90	-90	-89	0	0	-90	-89	0	0	-84	-92	-92	0	0	-90	-92	-55	0	0	0	0	-88	0	0	0	0	0	0	0	0	-91	0	0	0	0	0	0	0	0	0	0	0	0	0	0	0	0	0	0	0	0	0	0	0	0	0	0	0	0	0	0	0	0	0	-59	0	0	0	0	0	0	0	0	0	0	0	0	0	0	0	0	0	0	0	0	0	0	0	0	0	0	0	0	3754	-3685	2906	22519	-7668	-216	-38	967	228	0	0	-1	-37	953	225	1606974938
0	-45	-41	-54	0	-67	0	-70	-67	0	-67	-68	-75	-70	0	-84	0	-90	-87	-89	-81	0	-88	-89	0	-84	-84	-90	-95	0	-93	-91	0	-52	0	0	0	0	0	0	0	0	0	0	0	0	0	-91	0	0	0	0	0	0	0	0	-87	0	0	0	0	-85	0	-86	-85	0	0	0	0	0	0	0	0	0	0	0	0	0	0	0	0	-58	0	0	0	0	0	0	0	0	0	0	0	0	0	0	0	0	0	0	0	0	0	0	0	0	0	0	0	0	3851	-3662	2861	22518	-7666	-216	-38	967	229	0	0	-1	-37	953	226	1606974939
-54	-44	-42	0	-66	0	0	-68	-68	-77	-68	-67	-74	0	0	-87	0	-91	-89	-90	-82	-83	-89	-89	0	-84	-84	-90	-91	0	0	-92	-90	-52	0	0	0	0	-95	0	0	0	0	0	0	0	0	0	0	0	0	0	0	0	0	0	0	0	0	0	0	0	0	0	0	0	0	0	-94	0	0	0	0	0	0	0	0	0	0	0	0	-58	0	0	0	0	0	0	0	0	0	0	0	0	0	0	0	0	0	0	0	0	0	0	0	0	0	0	0	0	3829	-3655	2906	22518	-7667	-215	-38	967	228	0	0	0	-37	953	226	1606974941
0	-48	-42	-54	-68	0	-69	0	-75	-75	-75	-74	-77	-69	0	0	0	-93	-90	-91	0	0	-92	-90	0	0	-85	-92	-92	0	0	-91	0	-54	0	0	0	0	-87	0	0	0	0	0	0	0	0	0	0	0	0	0	0	0	0	0	0	0	0	0	0	0	0	0	0	0	0	0	0	0	0	0	0	0	0	0	0	0	0	0	0	-59	0	0	0	0	0	0	0	0	0	0	0	0	0	0	0	0	0	0	0	0	0	0	0	0	0	0	0	0	3799	-3655	2906	22518	-7668	-216	-38	967	228	0	0	0	-37	953	225	1606974942
0	-45	0	-55	0	0	-69	-71	-75	0	-75	-75	-78	-69	0	0	0	-90	-90	-90	-82	-82	-91	-91	0	0	-84	-91	-91	0	-92	-92	0	-56	0	0	0	0	-89	0	0	-88	0	0	0	0	0	0	0	0	0	0	0	0	0	0	0	0	0	0	0	0	0	0	0	0	0	0	0	0	0	0	0	0	0	0	0	0	0	0	0	-59	0	0	0	0	0	0	0	0	0	0	0	0	0	0	0	0	0	0	0	0	0	0	0	0	0	0	0	0	3897	-3685	2861	22517	-7665	-216	-38	966	229	0	-1	0	-37	953	226	1606974944
0	-45	-42	-54	0	0	0	-69	-68	-76	-69	-69	-75	0	0	-86	0	-90	-89	-89	0	-80	-89	-90	0	0	-86	-90	-90	0	0	-91	-91	-52	0	0	0	0	0	0	0	0	-89	0	0	0	0	-90	0	0	0	0	-87	-86	0	0	-85	0	0	0	0	-84	0	-86	-85	0	0	0	0	0	0	0	0	0	0	0	0	0	0	0	0	-57	0	0	0	0	0	0	0	0	0	0	0	0	0	0	0	0	0	0	0	0	0	0	0	0	0	0	0	0	3769	-3670	2913	22518	-7668	-218	-38	967	227	0	0	-1	-38	953	225	1606974945
-52	-45	-41	-54	-67	0	0	-70	-76	-75	-75	-75	-76	-70	0	-86	0	-91	-91	-91	0	0	-91	-91	0	0	-84	-92	-90	0	0	-90	-90	-55	0	0	0	0	-87	0	0	-87	0	0	0	0	0	0	0	0	0	0	0	0	0	0	0	0	0	0	0	0	0	0	0	0	0	0	0	0	0	0	0	0	0	0	0	0	0	0	0	-56	0	0	0	0	0	0	0	0	0	0	0	0	0	0	0	0	0	0	0	0	0	0	0	0	0	0	0	0	3769	-3640	2906	22518	-7667	-217	-38	967	229	0	0	0	-37	953	226	1606974947
-54	0	-42	-54	-63	-67	0	-70	-68	-76	-68	-68	-75	-70	0	0	0	-89	-90	-90	0	0	-89	-89	0	0	-85	-91	-91	0	0	-90	0	-51	0	0	0	0	0	0	0	-90	0	0	0	0	0	0	0	0	0	0	0	0	0	0	0	0	0	0	0	0	0	0	0	0	0	0	0	0	0	0	0	0	0	0	0	0	0	0	0	-71	0	0	0	0	0	0	0	0	0	0	0	0	0	0	0	0	0	0	0	0	0	0	0	0	0	0	0	0	3874	-3700	2861	22518	-7666	-216	-38	967	228	0	0	0	-37	953	226	1606974949
-54	-48	-42	-55	-66	-72	0	0	-75	-77	-74	-75	-77	-69	0	-85	0	-92	-89	-92	0	0	-91	-91	0	0	-85	-91	-90	0	0	-91	-91	-56	0	0	0	0	-89	0	0	0	0	0	0	0	0	0	0	-83	0	0	-83	-85	0	0	0	0	0	0	0	0	0	0	0	0	0	0	0	0	-81	0	0	0	0	0	0	0	0	0	0	-59	0	0	0	0	0	0	0	0	0	0	0	0	0	0	0	0	0	0	0	0	0	0	0	0	0	0	0	0	3844	-3648	2869	22520	-7672	-216	-38	967	227	0	-1	0	-37	953	225	1606974950
-53	-48	-43	-55	-66	-71	-69	-70	-74	0	-74	-74	-76	-70	-77	0	0	-90	-91	-90	-84	-87	-91	-90	0	0	-86	-91	-92	0	0	-93	0	-54	0	0	0	0	-89	0	0	0	0	0	0	0	0	0	0	0	0	0	0	0	0	0	0	0	0	0	0	0	0	0	0	0	0	0	0	0	0	0	0	0	0	0	0	0	0	0	0	0	0	0	0	0	0	0	0	0	0	0	0	0	0	0	0	0	0	0	0	0	0	0	0	0	0	0	0	0	3844	-3738	2966	22517	-7667	-217	-38	966	228	0	-1	-1	-38	953	226	1606974952
-52	-48	-42	-55	-65	-67	-70	-69	-69	-76	-69	-69	-75	-69	0	-87	0	-89	-88	-88	0	-87	-88	-89	0	0	-86	-90	-90	0	-91	-92	0	-53	0	0	0	0	-93	0	0	0	0	0	0	0	0	0	0	0	0	0	0	0	0	0	0	0	0	0	0	0	0	0	0	0	0	0	-95	0	0	0	0	0	0	0	0	0	0	0	0	-58	0	0	0	0	0	0	0	0	0	0	0	0	0	0	0	0	0	0	0	0	0	0	0	0	0	0	0	0	3844	-3655	2876	22517	-7665	-218	-38	967	229	0	0	-1	-38	953	226	1606974953
-52	-48	0	-55	-68	-69	-70	-69	-76	-76	-75	-76	-78	0	0	-83	0	0	-91	-91	0	0	-91	-90	0	0	-85	-89	-91	0	0	-91	-91	-55	-66	0	0	0	-87	0	0	0	0	0	0	0	0	0	0	0	0	0	0	0	0	0	0	0	0	0	0	0	0	0	0	0	0	0	0	0	0	0	0	0	0	0	0	0	0	0	0	-59	0	0	0	0	0	0	0	0	0	0	0	0	0	0	0	0	0	0	0	0	0	0	0	0	0	0	0	0	3814	-3685	2929	22518	-7668	-217	-38	966	228	0	-1	-1	-38	953	225	1606974955
-53	0	-42	-54	-68	-70	-70	-71	-75	-76	-75	-75	-77	-70	0	0	0	-92	-92	-90	0	0	-90	-90	0	0	-83	-91	-91	0	-90	-91	-91	-55	0	0	0	0	-87	0	0	0	0	0	0	0	0	-88	0	0	0	0	0	0	0	0	0	0	0	0	0	0	0	0	0	0	0	0	0	0	0	0	0	0	0	0	0	0	0	0	0	-58	0	0	0	0	0	0	0	0	0	0	0	0	0	0	0	0	0	0	0	0	0	0	0	0	0	0	0	0	3859	-3670	2906	22517	-7666	-218	-38	966	229	0	0	-1	-38	953	226	1606974987
0	-48	-42	-54	0	0	-70	-70	-69	0	-69	-69	-74	-69	0	0	0	-89	-91	-89	0	-86	-90	-89	0	0	-84	-92	-91	0	-91	-90	-90	-52	-66	0	0	0	-92	0	0	-89	-88	0	0	0	0	0	0	0	0	0	0	0	0	0	0	0	0	0	0	0	0	0	0	0	0	0	0	0	0	0	0	0	0	0	0	0	0	0	0	-68	0	0	0	0	0	0	0	0	0	0	0	0	0	0	0	0	0	0	0	0	0	0	0	0	0	0	0	0	3754	-3730	2876	22517	-7666	-218	-38	966	229	0	0	0	-38	953	226	1606974988
0	-46	-43	-54	-67	-70	-70	-65	-75	-75	-75	-75	-78	-69	0	-85	0	-90	-89	-90	0	-83	-89	-89	0	0	-85	-91	-90	0	0	-90	-91	-55	-64	0	0	0	-88	0	0	0	0	0	0	0	0	0	0	0	0	0	0	0	0	0	-83	0	-79	0	0	-84	0	-85	-84	0	0	0	0	0	0	0	0	0	0	0	0	0	0	0	0	-55	0	0	0	0	0	0	0	0	0	0	0	0	0	0	0	0	0	0	0	0	0	0	0	0	0	0	0	0	3799	-3700	2891	22518	-7666	-217	-38	967	229	0	0	0	-37	953	226	1606974990
0	-49	-42	-55	-66	-69	-70	-68	-75	0	-75	-75	-78	-70	0	-84	0	-90	-90	-89	-82	-80	-91	-90	-81	-82	-85	0	0	0	0	0	0	-55	0	0	0	0	-87	0	0	0	0	0	0	0	0	0	0	0	0	0	0	0	0	0	0	0	0	0	0	0	0	0	0	0	0	0	0	0	0	0	0	0	0	0	0	0	0	0	0	-58	0	0	0	0	0	0	0	0	0	0	0	0	0	0	0	0	0	0	0	0	0	0	0	0	0	0	0	0	3874	-3685	2921	22518	-7667	-218	-38	967	228	0	0	-1	-38	953	225	1606974991
-53	-46	-43	-54	-66	-71	-69	-71	-75	0	-75	-75	-77	-70	0	0	-81	-90	-91	-90	-83	0	-91	-91	-81	-81	-84	-90	-91	0	0	-91	0	-55	0	0	0	0	-88	0	0	0	0	0	0	0	0	0	0	0	0	0	0	0	0	0	0	0	0	0	0	0	0	0	0	0	0	0	0	0	0	0	0	0	0	0	0	0	0	0	0	-57	0	0	0	0	0	0	0	0	0	0	0	0	0	0	0	0	0	0	0	0	0	0	0	0	0	0	0	0	3859	-3685	2854	22518	-7667	-217	-38	967	229	0	0	0	-38	953	226	1606974993
0	-49	-42	-55	-64	-69	-70	-70	-68	0	-68	-69	-75	-69	0	0	0	-88	-88	-89	0	0	-89	-88	0	0	-82	0	0	0	0	0	0	-52	0	0	0	0	-93	0	0	-89	0	0	0	0	0	0	0	0	0	0	0	0	0	0	0	0	0	0	0	0	0	0	0	0	0	0	-94	0	0	0	0	0	0	0	0	0	0	0	0	-68	0	0	0	0	0	0	0	0	0	0	0	0	0	0	0	0	0	0	0	0	0	0	0	0	0	0	0	0	3814	-3655	2861	22518	-7667	-217	-38	967	228	0	-1	0	-38	953	226	1606974995
0	-46	-42	0	0	-70	0	0	-69	0	-69	-69	-75	0	0	-85	0	-90	-89	-88	0	0	-88	-88	0	0	-84	-92	-91	0	0	-91	-90	-52	0	0	0	0	-92	0	0	0	0	0	0	0	0	0	0	0	0	-89	0	0	0	0	0	0	0	0	0	0	0	0	0	0	0	0	-93	0	0	0	0	0	0	0	0	0	0	0	0	-62	0	0	0	0	0	0	0	0	0	0	0	0	0	0	0	0	0	0	0	0	0	0	0	0	0	0	0	0	3806	-3670	2846	22519	-7671	-217	-38	967	228	0	0	-1	-37	953	225	1606974996
0	-48	-43	-56	0	-70	0	0	-75	-77	-75	-75	-78	0	0	0	0	-91	-90	-90	0	0	-89	-91	-87	-86	-83	-90	-90	0	-90	-91	0	-55	0	0	0	0	-89	0	0	0	0	0	0	0	0	0	0	-84	0	-90	0	0	0	0	0	0	0	0	0	0	0	0	0	0	0	0	0	0	0	0	0	0	0	0	0	0	0	0	0	-69	0	0	0	0	0	0	0	0	0	0	0	0	0	0	0	0	0	0	0	0	0	0	0	0	0	0	0	0	3829	-3655	2846	22518	-7667	-217	-38	966	228	-1	-1	0	-38	953	225	1606974998
-54	-45	0	-55	-67	-71	-69	-69	-75	-76	-75	-75	-78	-69	-75	0	0	-89	-91	-90	0	0	-89	-92	0	0	-83	-90	-89	0	0	-90	-92	-56	0	0	0	0	-90	0	0	0	0	0	0	0	0	0	0	0	0	0	0	0	0	0	-84	0	0	0	0	-84	0	0	-86	0	0	0	0	0	-84	0	0	0	0	0	0	0	0	0	0	-63	0	0	0	0	0	0	0	0	0	0	0	0	0	0	0	0	0	0	0	0	0	0	0	0	0	0	0	0	3799	-3662	2861	22517	-7666	-217	-38	967	229	-1	-1	-1	-38	953	226	1606974999
0	-45	-42	-55	-64	-70	-69	-69	-75	0	-74	-75	-78	-69	0	0	0	-89	-89	-89	0	0	-90	-92	0	0	-83	-90	-91	0	-90	-91	0	-56	0	0	0	0	-88	0	0	0	0	0	0	0	0	0	0	0	0	0	0	-86	0	0	0	0	0	0	0	0	0	0	0	0	0	0	0	0	0	0	0	0	0	0	0	0	0	0	0	-58	0	0	0	0	0	0	0	0	0	0	0	0	0	0	0	0	0	0	0	0	0	0	0	0	0	0	0	0	3859	-3655	2876	22518	-7670	-217	-38	966	228	-1	-1	0	-38	953	225	1606975001
0	-48	-42	-55	0	-70	-68	-69	-75	-76	-75	-75	-78	-69	-75	-86	0	-92	-91	-89	0	0	-92	-90	0	0	-83	-89	-90	0	0	-90	-90	-55	0	0	0	0	-88	0	0	0	0	0	0	0	0	0	0	0	0	0	0	-84	0	0	0	0	0	0	0	0	0	0	0	0	0	0	0	0	0	0	0	0	0	0	0	0	0	0	0	-63	0	0	0	0	0	0	0	0	0	0	0	0	0	0	0	0	0	0	0	0	0	0	0	0	0	0	0	0	3874	-3745	2877	22517	-7666	-217	-38	967	229	-1	-1	0	-37	953	226	1606975002
0	0	-43	-54	0	-69	-69	0	-75	0	-76	-74	-78	0	0	-85	0	-88	-90	-89	0	0	-90	-90	0	0	-84	-89	-92	0	-91	-91	0	-55	0	0	0	0	-89	0	0	0	0	0	0	0	0	0	0	0	0	0	0	0	0	0	0	0	0	0	0	-85	0	-85	-85	0	0	0	0	0	0	0	0	0	0	0	0	0	0	0	0	-66	0	0	0	0	0	0	0	0	0	0	0	0	0	0	0	0	0	0	0	0	0	0	0	0	0	0	0	0	3852	-3685	2914	22518	-7667	-216	-38	967	228	-1	-1	0	-37	953	226	1606975004
-55	-48	-42	0	-65	-71	0	0	-75	0	-75	-75	-79	-69	0	0	0	-91	-89	-90	0	0	-90	-89	0	0	-83	-89	-89	0	-91	-92	-92	-55	0	0	0	0	-90	0	0	0	0	0	0	0	0	0	0	0	0	0	0	0	0	0	0	0	0	0	0	0	0	0	-84	0	0	0	0	0	0	0	0	0	0	0	0	0	0	0	0	-58	0	0	0	0	0	0	0	0	0	0	0	0	0	0	0	0	0	0	0	0	0	0	0	0	0	0	0	0	3874	-3655	2906	22519	-7669	-216	-38	967	228	-1	-1	-1	-37	953	225	1606975006
0	-49	-42	-54	0	0	0	-69	-69	0	-69	-69	-75	0	0	-84	0	-87	-88	-88	0	0	-88	-88	0	0	-84	-91	-91	0	-90	-91	0	-51	0	0	0	0	-93	0	0	0	0	0	0	0	0	-94	0	0	0	0	0	0	0	0	-84	0	0	0	0	-85	0	-86	-85	0	0	0	-93	0	0	0	0	0	0	0	0	0	0	0	0	-58	0	0	0	0	0	0	0	0	0	0	0	0	0	0	0	0	0	0	0	0	0	0	0	0	0	0	0	0	3814	-3685	2921	22518	-7667	-216	-38	966	228	-1	-1	0	-37	953	225	1606975007
0	-45	-43	-54	0	-67	-67	-69	-68	0	-68	-68	-75	-69	0	0	0	-88	-88	-88	-82	-83	-88	-87	0	0	-82	-92	-92	0	-91	-91	0	-52	0	0	0	0	-93	0	0	-88	0	0	0	0	0	0	0	0	0	0	0	0	0	0	0	0	0	0	0	0	0	0	0	0	0	0	0	0	0	0	0	0	0	0	0	0	0	0	0	0	0	0	0	0	0	0	0	0	0	0	0	0	0	0	0	0	0	0	0	0	0	0	0	0	0	0	0	0	3844	-3678	2861	22518	-7668	-217	-38	967	228	-1	-1	0	-38	953	225	1606975009
0	-45	-41	-53	-63	0	-69	-69	-68	0	-68	-68	-75	-69	0	0	0	-89	-89	-87	0	0	-88	-88	0	0	-85	-90	-92	0	0	-90	-91	-52	0	0	0	0	-94	0	0	-91	-91	0	0	0	0	0	0	0	0	0	0	0	0	0	0	0	0	0	0	0	0	0	0	0	0	0	-95	0	0	0	0	0	0	0	0	0	0	0	0	-58	0	0	0	0	0	0	0	0	0	0	0	0	0	0	0	0	0	0	0	0	0	0	0	0	0	0	0	0	3859	-3700	2906	22519	-7671	-217	-38	967	228	-1	-1	0	-37	953	225	1606975010
-55	-46	-42	-54	-67	0	-69	-69	-74	0	-74	-74	-79	-69	0	-86	0	-92	-89	-89	0	0	-91	-90	0	0	-85	-93	-92	0	0	0	0	-54	0	0	0	0	-89	0	0	0	0	0	0	0	0	0	0	0	0	0	0	0	0	-92	0	0	0	0	0	-86	0	-88	0	0	0	0	0	0	0	0	0	0	0	0	0	0	0	0	0	-69	0	0	0	0	0	0	0	0	0	0	0	0	0	0	0	0	0	0	0	0	0	0	0	0	0	0	0	0	3814	-3678	2906	22518	-7666	-217	-38	967	229	-1	-1	0	-37	953	226	1606975012
0	-45	-42	-53	-65	0	-69	-69	-74	-76	-74	-74	-78	-68	0	0	-81	-91	-91	-91	-81	-81	-90	-92	-83	-82	-85	-90	-94	0	-92	-92	0	-54	0	0	0	0	-90	0	0	0	0	0	0	0	0	-91	0	0	0	0	0	0	0	0	0	0	0	0	0	0	0	0	0	0	0	0	0	0	0	0	0	0	0	0	0	0	0	0	0	-72	0	0	0	0	0	0	0	0	0	0	0	0	0	0	0	0	0	0	0	0	0	0	0	0	0	0	0	0	3844	-3655	2832	22518	-7667	-217	-38	966	228	-1	-1	-1	-38	953	225	1606975013
0	-47	0	-53	-65	-66	-69	0	-68	0	-68	-67	-75	0	0	0	0	-88	-89	-89	0	0	-88	-87	0	0	-85	-93	-91	0	0	-92	0	-52	0	0	0	0	0	0	0	0	0	0	0	0	0	0	0	0	0	0	0	0	0	0	0	0	0	0	0	0	0	0	0	0	0	0	-94	0	0	0	0	0	0	0	0	0	0	0	0	0	0	0	0	0	0	0	0	0	0	0	0	0	0	0	0	0	0	0	0	0	0	0	0	0	0	0	0	0	3844	-3640	2861	22520	-7671	-216	-38	967	228	-1	-1	0	-38	953	225	1606975015
0	-47	-42	-54	0	0	-69	-68	-67	0	-68	-66	-75	-69	0	0	0	-88	-89	-88	0	0	-87	-88	0	0	-86	-92	-92	0	-92	-90	0	-52	-62	0	0	0	0	0	0	0	0	0	0	0	0	0	0	0	0	0	0	0	0	0	0	0	0	0	0	0	0	0	0	0	0	0	-95	0	0	0	0	0	0	0	0	0	0	0	0	-58	0	0	0	0	0	0	0	0	0	0	0	0	0	0	0	0	0	0	0	0	0	0	0	0	0	0	0	0	3799	-3685	2929	22518	-7668	-216	-38	967	229	-1	-1	0	-37	953	225	1606975017
0	-47	-42	-55	0	0	-68	0	-68	-75	-67	-67	-75	-69	0	0	0	-90	-88	-87	0	0	-89	-87	0	0	-85	-91	-92	0	0	-89	-90	-52	0	0	0	0	-94	0	0	0	-89	0	0	0	0	0	0	0	0	0	0	0	0	0	0	0	0	0	0	0	0	0	0	0	0	0	0	0	0	0	0	0	0	0	0	0	0	0	0	-72	0	0	0	0	0	0	0	0	0	0	0	0	0	0	0	0	0	0	0	0	0	0	0	0	0	0	0	0	3769	-3730	2876	22518	-7667	-215	-38	967	229	-1	-1	0	-37	953	226	1606975018
-52	-46	-42	-53	-67	0	0	-69	-75	0	-74	-75	0	-68	0	-84	0	-90	-89	-90	0	0	-90	-92	0	0	-88	-91	-92	0	0	-94	-92	-54	0	0	0	0	-90	0	0	0	0	0	0	0	0	0	0	0	0	0	0	0	0	0	0	0	0	0	0	0	0	0	0	0	0	0	0	0	0	0	0	0	0	0	0	0	0	0	0	-59	0	0	0	0	0	0	0	0	0	0	0	0	0	0	0	0	0	0	0	0	0	0	0	0	0	0	0	0	3814	-3655	2876	22520	-7672	-216	-38	966	228	-1	-1	-1	-37	953	225	1606975020
0	0	-41	-54	0	-69	-69	-69	-67	0	-68	-68	-74	-69	0	-85	0	-89	-87	-90	0	0	-88	-90	0	0	-85	-91	-91	0	0	-91	0	-52	0	0	0	0	-95	0	0	0	-89	0	0	0	0	0	0	0	0	0	0	0	0	0	0	0	0	0	0	0	0	0	0	0	0	0	0	0	0	0	0	0	0	0	0	0	0	0	0	-58	0	0	0	0	0	0	0	0	0	0	0	0	0	0	0	0	0	0	0	0	0	0	0	0	0	0	0	0	3799	-3655	2876	22518	-7668	-216	-38	966	228	-1	-1	-1	-37	953	225	1606975021
0	-47	0	-54	-67	-69	-69	-67	-74	0	-75	-75	-78	-69	0	0	0	-92	-91	0	-84	-82	-91	-91	0	-82	-85	-91	-92	0	0	-89	0	-54	0	0	0	0	-88	0	0	0	0	0	0	0	0	0	0	0	0	0	0	0	0	0	0	0	0	0	0	0	0	0	0	0	0	0	0	0	0	0	0	0	0	0	0	0	0	0	0	-56	0	0	0	0	0	0	0	0	0	0	0	0	0	0	0	0	0	0	0	0	0	0	0	0	0	0	0	0	3799	-3685	2846	22519	-7669	-217	-38	966	228	-1	0	0	-37	953	225	1606975023
0	-47	-41	-54	-64	-70	-68	-70	-75	0	0	-75	-78	-70	0	0	0	-92	-90	-91	0	0	-89	-90	0	0	-84	-91	-92	0	0	-91	-91	-54	0	0	0	0	-88	0	0	0	0	0	0	0	0	0	0	0	0	0	0	0	0	0	0	0	0	0	0	0	0	0	0	0	0	0	0	0	0	0	0	0	0	0	0	0	0	0	0	-63	0	0	0	0	0	0	0	0	0	0	0	0	0	0	0	0	0	0	0	0	0	0	0	0	0	0	0	0	3844	-3670	2876	22519	-7672	-217	-38	967	227	-1	0	0	-38	953	225	1606975024
-51	-47	-42	-54	-67	-70	0	0	-75	-76	-75	-75	-77	0	0	-85	0	-91	-90	-88	0	0	-89	-89	0	0	-85	-90	-91	0	0	-92	0	-54	0	0	0	0	-89	0	0	-89	-89	0	0	0	0	0	0	0	0	0	0	0	0	0	0	0	0	0	0	0	0	0	0	0	0	0	0	0	0	0	0	0	0	0	0	0	0	0	0	-70	0	0	0	0	0	0	0	0	0	0	0	0	0	0	0	0	0	0	0	0	0	0	0	0	0	0	0	0	3799	-3640	2876	22518	-7668	-217	-38	966	228	-1	-1	0	-37	953	225	1606975026
-52	-45	-42	-54	-67	-70	-70	0	-75	0	-74	-75	-78	-70	0	0	0	-90	-89	-90	-80	-83	-91	-91	0	-83	0	-90	-91	0	0	-89	0	-56	0	0	0	0	-86	0	0	0	0	0	0	0	0	0	0	0	0	0	0	0	0	0	0	0	0	0	0	0	0	0	0	0	0	0	0	0	0	0	0	0	0	0	0	0	0	0	0	-59	0	0	0	0	0	0	0	0	0	0	0	0	0	0	0	0	0	0	0	0	0	0	0	0	0	0	0	0	3799	-3730	2906	22518	-7668	-217	-38	966	229	-1	-1	-1	-37	953	225	1606975028
0	-47	-43	-53	0	0	-70	-70	-68	-76	-68	-67	-74	-70	0	0	0	-88	-89	-89	-76	-77	-89	-89	0	-76	-84	-91	-91	0	-91	-90	0	-52	0	0	0	0	0	0	0	0	0	0	0	0	0	0	0	0	0	0	0	0	0	0	0	0	0	0	0	0	0	0	0	0	0	0	0	0	0	0	0	0	0	0	0	0	0	0	0	-58	0	0	0	0	0	0	0	0	0	0	0	0	0	0	0	0	0	0	0	0	0	0	0	0	0	0	0	0	3859	-3655	2846	22519	-7670	-216	-38	967	228	-1	-1	0	-37	953	225	1606975029
-52	-45	-44	-54	0	0	0	-67	-75	-76	-74	-75	-78	-70	0	0	0	-89	-90	-90	0	-82	-90	-90	0	0	-85	-91	-93	0	0	-90	-92	-55	0	0	0	0	-88	0	0	0	0	0	0	0	0	0	0	0	0	0	0	0	0	0	0	0	-80	0	0	0	0	0	0	0	0	0	0	0	0	0	0	0	0	0	0	0	0	0	0	-63	0	0	0	0	0	0	0	0	0	0	0	0	0	0	0	0	0	0	0	0	0	0	0	0	0	0	0	0	3844	-3685	2929	22519	-7669	-217	-38	967	228	-1	-1	-1	-38	953	225	1606975031
-52	-47	-43	-54	-66	0	-70	-71	-74	0	-74	-75	-77	-71	0	0	0	-90	-90	-90	0	0	-90	-90	0	0	-85	-91	-93	0	0	-92	-91	-55	0	0	0	0	-89	0	0	0	0	0	0	0	0	-90	0	0	0	0	0	0	0	0	0	0	0	0	0	0	0	0	0	0	0	0	0	0	0	0	0	0	0	0	0	0	0	0	0	-63	0	0	0	0	0	0	0	0	0	0	0	0	0	0	0	0	0	0	0	0	0	0	0	0	0	0	0	0	3860	-3731	2974	22518	-7666	-217	-38	966	228	-1	-1	-1	-37	953	226	1606975032
-47	-47	-42	-54	-65	0	-69	-69	-76	-77	-75	-75	-78	-70	0	0	0	-91	-90	-91	0	0	-91	-90	0	0	-82	-90	-90	0	-89	-91	-90	-54	-65	0	0	0	-87	0	0	0	0	0	0	0	0	0	0	-85	0	0	-83	-86	0	0	0	0	0	0	0	0	0	0	0	0	0	0	0	0	0	0	0	0	0	0	0	0	0	0	0	-58	0	0	0	0	0	0	0	0	0	0	0	0	0	0	0	0	0	0	0	0	0	0	0	0	0	0	0	0	3799	-3685	2861	22519	-7669	-216	-38	966	228	-1	0	0	-37	953	225	1606975034
-55	0	-43	0	-66	0	0	0	-68	0	-68	-68	-75	0	0	0	0	-89	-89	-89	0	0	-88	-90	0	0	0	-90	-91	0	0	-90	0	-51	0	0	0	0	-92	0	0	0	0	0	0	0	0	0	0	0	0	0	0	0	0	0	0	0	0	0	0	0	0	0	0	0	0	0	-95	0	0	0	0	0	0	0	0	0	0	0	0	-73	0	0	0	0	0	0	0	0	0	0	0	0	0	0	0	0	0	0	0	0	0	0	0	0	0	0	0	0	3844	-3670	2876	22519	-7669	-216	-38	967	228	0	-1	-1	-37	953	225	1606975036
-53	-47	-42	-54	-64	0	-69	-70	-75	0	-75	-75	-77	-71	0	-86	0	-93	-90	-91	0	0	-90	-90	0	0	-85	0	-90	0	0	-90	0	-55	0	0	0	0	-89	0	0	-90	0	0	0	0	0	0	0	0	0	0	0	0	0	0	0	0	0	0	0	0	0	0	0	0	0	0	0	0	0	0	0	0	0	0	0	0	0	0	0	-73	0	0	0	0	0	0	0	0	0	0	0	0	0	0	0	0	0	0	0	0	0	0	0	0	0	0	0	0	3844	-3670	2876	22518	-7668	-216	-38	966	228	-1	-1	0	-37	953	225	1606975037
0	0	-43	-54	0	0	-70	-63	-75	-75	-75	-74	-78	-69	0	0	0	-92	-92	-90	0	0	-91	-91	0	0	-85	-92	-91	0	0	-92	-92	-54	0	0	0	0	-87	0	0	0	0	0	0	0	0	0	0	0	0	0	0	-84	0	0	0	0	0	0	0	0	0	0	0	0	0	0	0	0	0	0	0	0	0	0	0	0	0	0	0	-57	0	0	0	0	0	0	0	0	0	0	0	0	0	0	0	0	0	0	0	0	0	0	0	0	0	0	0	0	3859	-3670	2876	22518	-7668	-217	-38	967	228	-1	-1	-1	-37	953	225	1606975039
-46	-45	-42	-53	0	0	-64	-70	-66	-76	-66	-66	-75	-69	0	0	0	-88	-86	-88	0	0	-87	-89	0	0	-84	-91	-91	0	-92	-91	0	-52	0	0	0	0	0	0	0	0	0	0	0	0	0	0	0	0	0	0	0	0	0	0	0	0	0	0	0	0	0	0	0	0	0	0	0	0	-81	0	0	0	0	0	0	0	0	0	0	-63	0	0	0	0	0	0	0	0	0	0	0	0	0	0	0	0	0	0	0	0	0	0	0	0	0	0	0	0	3829	-3670	2906	22518	-7667	-216	-38	967	229	-1	-1	0	-37	953	226	1606975040
-52	-47	0	-55	-68	0	0	0	-75	0	-75	-75	-77	0	0	0	0	-90	-90	-90	0	0	-90	-89	0	0	-84	-90	-91	0	0	-91	0	-55	0	0	0	0	-89	0	0	0	0	0	0	0	0	0	0	0	0	0	0	0	0	0	0	0	0	0	0	0	0	0	0	0	0	0	0	0	0	0	0	0	0	0	0	0	0	0	0	-60	0	0	0	0	0	0	0	0	0	0	0	0	0	0	0	0	0	0	0	0	0	0	0	0	0	0	0	0	3874	-3678	2906	22518	-7667	-217	-38	966	228	-1	0	0	-37	953	226	1606975042
0	-47	-42	-54	0	0	-70	-69	-75	0	-74	-75	-77	-70	0	0	-76	-92	-90	-90	-82	-83	-93	-91	-81	-81	-85	-93	-91	0	0	-92	-92	-55	0	0	0	0	-88	0	0	0	0	0	0	0	0	0	0	0	0	0	0	0	0	0	0	0	0	0	0	0	0	0	0	0	0	0	0	0	0	0	0	0	0	0	0	0	0	0	0	-58	0	0	0	0	0	0	0	0	0	0	0	0	0	0	0	0	0	0	0	0	0	0	0	0	0	0	0	0	3859	-3626	2921	22518	-7668	-217	-38	967	228	-1	0	0	-37	953	225	1606975043
0	-47	-43	-54	-68	0	0	-69	-75	0	-75	-74	-78	-69	0	0	0	-91	-90	-90	0	0	-90	-91	0	0	-83	-89	-91	0	-91	-91	0	-55	0	0	0	0	-89	0	0	0	0	0	0	0	0	0	0	0	0	0	0	0	0	0	0	0	0	0	0	0	0	0	0	0	0	0	0	0	0	0	0	-92	0	0	0	0	0	0	0	-73	0	0	0	0	0	0	0	0	0	0	0	0	0	0	0	0	0	0	0	0	0	0	0	0	0	0	0	0	3912	-3685	2847	22519	-7669	-216	-38	967	228	0	0	0	-37	953	225	1606975045
0	-48	-42	-54	-65	0	-70	-70	-75	0	-75	-75	-77	-67	0	-86	0	-93	-92	-91	0	0	-91	-91	0	0	-85	-92	-91	0	0	-90	0	-55	0	0	0	0	-89	0	0	0	0	0	0	0	0	0	0	0	0	0	0	0	0	0	0	0	0	0	0	0	0	0	0	0	0	0	0	0	0	0	0	0	0	0	0	0	0	0	0	-60	0	0	0	0	0	0	0	0	0	0	0	0	0	0	0	0	0	0	0	0	0	0	0	0	0	0	0	0	3866	-3670	2861	22517	-7666	-217	-38	967	228	-1	-1	0	-37	953	225	1606975047
0	-48	-44	-54	-68	0	-70	-70	-75	0	-75	-75	-77	-69	0	-87	0	-91	-90	-92	-84	0	-91	-90	0	-82	-86	-91	-93	0	0	-89	0	-55	0	0	0	0	-87	0	0	0	-90	0	0	0	0	-92	0	0	0	0	0	0	0	0	0	0	0	0	0	0	0	0	0	0	0	0	0	0	0	0	0	0	0	0	0	0	0	0	0	-60	0	0	0	0	0	0	0	0	0	0	0	0	0	0	0	0	0	0	0	0	0	0	0	0	0	0	0	0	3769	-3700	2876	22518	-7667	-216	-38	966	228	-1	-1	0	-37	953	226	1606975048
-51	-45	-43	-56	-66	0	-70	-69	-75	0	-76	-75	-77	-69	0	-83	0	-92	-90	-91	0	0	-90	-92	0	0	-85	-91	0	0	0	-91	-91	-55	0	0	0	0	-87	0	0	0	0	0	0	0	0	0	0	0	0	0	0	0	0	0	-82	0	0	0	0	-82	0	-82	-82	0	0	0	0	0	0	0	0	0	0	0	0	0	0	0	0	0	0	0	0	0	0	0	0	0	0	0	0	0	0	0	0	0	0	0	0	0	0	0	0	0	0	0	0	0	3844	-3685	2847	22519	-7670	-216	-38	967	228	-1	-1	0	-37	953	225	1606975050
-54	-49	-42	-54	-66	0	-69	-69	-75	0	-74	-74	-77	-69	0	0	0	-90	-90	-90	0	0	-91	-91	0	0	-86	-92	-92	0	-89	-92	-90	-55	0	0	0	0	-89	0	0	0	0	0	0	0	0	0	0	-86	0	0	0	0	0	0	0	0	0	0	0	0	0	0	0	0	0	0	0	0	0	0	0	-91	0	0	0	0	0	0	0	-58	0	0	0	0	0	0	0	0	0	0	0	0	0	0	0	0	0	0	0	0	0	0	0	0	0	0	0	0	3799	-3738	2921	22519	-7668	-216	-38	966	228	0	-1	0	-37	953	225	1606975051
-53	-48	-42	-55	-65	0	-68	-68	-74	0	-75	-74	-78	-68	0	0	0	-90	-91	-90	0	0	-92	-91	0	0	-83	-91	-91	0	-91	-92	-90	-54	0	0	0	0	-86	0	0	0	0	0	0	0	0	0	0	0	0	0	0	0	0	0	0	0	0	0	0	0	0	0	0	0	0	0	0	0	-78	0	0	0	0	0	0	0	0	0	0	-63	0	0	0	0	0	0	0	0	0	0	0	0	0	0	0	0	0	0	0	0	0	0	0	0	0	0	0	0	3799	-3662	2876	22518	-7667	-216	-38	967	228	-1	-1	0	-37	953	225	1606975053
-53	-46	-43	0	0	0	0	0	-74	-76	-74	-75	-78	0	0	0	0	0	-91	-92	0	-83	-89	-91	0	0	-84	-91	-91	0	0	-91	-91	-56	0	0	0	0	-87	0	0	0	0	0	0	0	0	0	0	-87	0	0	-89	-82	0	0	0	0	0	0	0	0	0	0	0	0	0	0	0	0	0	0	0	0	0	0	0	0	0	0	0	-74	0	0	0	0	0	0	0	0	0	0	0	0	0	0	0	0	0	0	0	0	0	0	0	0	0	0	0	0	3814	-3670	2876	22518	-7669	-217	-38	966	229	-1	0	0	-38	953	225	1606975054
-52	-47	-42	-55	-64	0	-70	-69	-75	-76	-75	-74	-76	-70	0	-82	0	-92	-89	-90	0	0	-92	-90	0	0	-85	-90	-92	0	0	-91	-92	-54	0	0	0	0	-88	0	0	0	0	0	0	0	0	0	0	0	0	0	0	0	0	-89	0	0	0	0	0	0	0	0	0	0	0	0	0	0	0	0	0	0	0	0	0	0	0	0	0	-71	0	0	0	0	0	0	0	0	0	0	0	0	0	0	0	0	0	0	0	0	0	0	0	0	0	0	0	0	3799	-3693	2906	22518	-7667	-217	-38	966	228	-1	0	-1	-38	953	226	1606975056
-52	0	-42	-54	0	0	-70	-71	-74	-76	-74	-74	-78	-69	0	-85	0	0	-92	0	0	-82	-89	-90	0	0	-83	-91	-90	0	0	-90	-92	-54	0	0	0	0	-86	0	0	0	0	0	0	0	0	0	0	0	0	0	0	0	0	0	0	0	0	0	0	0	0	0	0	0	0	0	0	0	0	0	0	0	0	0	0	0	0	0	0	-69	0	0	0	0	0	0	0	0	0	0	0	0	0	0	0	0	0	0	0	0	0	0	0	0	0	0	0	0	3844	-3640	2854	22518	-7667	-216	-38	967	228	-1	0	0	-37	953	226	1606975058
-52	-45	-42	-55	-67	0	0	0	-68	-76	-68	-68	-73	0	0	-86	0	-87	0	-88	0	0	-88	-89	0	0	-82	-91	-90	0	0	-90	-92	-51	0	0	0	0	0	0	0	-89	0	0	0	0	0	0	0	0	0	0	0	0	0	0	-86	0	0	0	0	0	0	0	0	0	0	0	0	0	0	0	0	0	0	0	0	0	0	0	0	-57	0	0	0	0	0	0	0	0	0	0	0	0	0	0	0	0	0	0	0	0	0	0	0	0	0	0	0	0	3859	-3670	2936	22519	-7669	-217	-38	967	228	0	-1	0	-37	953	225	1606975059
0	-49	-42	-56	0	0	-69	-70	-75	0	-76	-76	-77	-70	0	-86	0	-89	-90	-90	-83	-81	-90	-89	0	-82	-84	-91	-91	0	0	-91	-90	-55	0	0	0	0	-88	0	0	0	0	0	0	0	0	-87	0	-84	0	0	-84	-86	0	0	-85	0	0	0	0	0	0	0	-84	0	0	0	0	0	0	0	0	0	0	0	0	0	0	0	0	-59	0	0	0	0	0	0	0	0	0	0	0	0	0	0	0	0	0	0	0	0	0	0	0	0	0	0	0	0	3859	-3670	2846	22518	-7667	-217	-38	967	228	-1	-1	0	-38	953	225	1606975061
0	-45	-41	-55	-66	0	-71	-71	-76	0	-76	-76	-78	-70	0	-82	0	-90	-89	-92	0	0	-90	-89	0	0	-84	-89	-91	0	0	-92	0	-55	0	0	0	0	-88	0	0	0	0	0	0	0	0	0	0	0	0	0	0	0	0	0	-83	0	0	0	0	-82	0	-82	-82	0	0	0	0	0	0	0	0	0	0	0	0	0	0	0	0	-56	0	0	0	0	0	0	0	0	0	0	0	0	0	0	0	0	0	0	0	0	0	0	0	0	0	0	0	0	3814	-3655	2861	22518	-7667	-217	-38	967	228	-1	0	0	-38	953	226	1606975062
0	-49	-43	-57	-67	0	0	-70	-74	0	-75	-75	-77	-70	0	-85	-81	-90	-90	-89	-84	-82	-90	-90	-83	-81	-85	-92	-91	0	0	-90	0	-56	-66	0	0	0	-88	0	0	0	0	0	0	0	0	0	0	0	0	0	0	0	0	0	0	0	0	0	0	0	0	0	0	0	0	0	0	0	0	0	0	0	0	0	0	0	0	0	0	-56	0	0	0	0	0	0	0	0	0	0	0	0	0	0	0	0	0	0	0	0	0	0	0	0	0	0	0	0	3859	-3701	2996	22519	-7670	-216	-38	967	228	-1	-1	0	-37	953	225	1606975064
0	-48	0	-57	0	0	-70	-69	-74	0	-74	-73	-79	-69	0	0	0	-92	-91	-91	0	0	0	-90	0	0	0	-91	-91	0	0	-90	0	-55	0	0	0	0	-87	0	0	0	0	0	0	0	0	0	0	0	0	0	0	0	0	0	0	0	0	0	0	0	0	0	0	0	0	0	0	0	0	0	0	0	0	0	0	0	0	0	0	-59	0	0	0	0	0	0	0	0	0	0	0	0	0	0	0	0	0	0	0	0	0	0	0	0	0	0	0	0	3859	-3655	2846	22518	-7666	-216	-38	966	229	-1	-1	0	-37	953	226	1606975066
0	-50	-42	-55	0	0	-70	-71	-75	0	-75	-75	-77	-69	0	-82	0	-92	-91	-91	-79	-79	-91	-92	0	-80	-86	-91	-93	0	0	-91	0	-55	0	0	0	0	-89	0	0	0	0	0	0	0	0	0	0	0	0	0	0	0	0	0	0	0	0	0	0	0	0	0	0	0	0	0	0	0	0	0	0	0	0	0	0	0	0	0	0	-60	0	0	0	0	0	0	0	0	0	0	0	0	0	0	0	0	0	0	0	0	0	0	0	0	0	0	0	0	3859	-3655	2906	22518	-7667	-216	-38	967	228	-1	-1	0	-37	953	226	1606975067
-50	-47	-45	-55	-65	0	-69	0	-75	0	-74	-75	-78	0	0	0	0	-92	-91	0	0	0	-90	-91	0	0	0	-94	-93	0	0	-92	0	-55	-64	0	0	0	-87	0	0	-88	0	0	0	0	0	0	0	0	0	0	0	0	0	0	0	0	0	0	0	0	0	0	0	0	0	0	0	0	0	0	0	0	0	0	0	0	0	0	0	-58	0	0	0	0	0	0	0	0	0	0	0	0	0	0	0	0	0	0	0	0	0	0	0	0	0	0	0	0	3859	-3685	2861	22521	-7674	-216	-38	967	227	0	0	0	-37	953	224	1606975069
