1.143476645034872741e+07 2.232134702734858170e+07 -8.976880283641377464e+06 4.655291928963762522e+07
1.058748047266007401e+06 2.313213188735153526e+07 1.296907183391265571e+07 4.265216312422719598e+07
-4.868523028616576456e+06 2.555870262844348699e+07 -4.523262270809393376e+06 4.306024451061996073e+07
1.045193887354507297e+07 1.397041900876914524e+07 1.995499307072783262e+07 4.518830090230298787e+07
-2.111470412314308807e+07 -6.585504166725981981e+06 1.474015054792641476e+07 4.605207762375408411e+07
-5.459749001271201298e+06 1.594705524212668277e+07 -1.969682879190372676e+07 4.612406258141531795e+07
5.519067595253234729e+06 2.086013663989502192e+07 -1.539293268154757470e+07 4.685022227891382575e+07
-1.634053821743938513e+07 4.359930671679337509e+06 2.049659505520405620e+07 4.378823414265196025e+07
-1.241722112981277891e+07 2.215016167376775295e+07 6.993807000484874472e+06 4.137447795242460072e+07
-2.583412692298593745e+07 6.566337390465931967e+06 2.862599710842229426e+06 4.427856240135169774e+07
