1.143385138104988262e+07 2.232065439626653120e+07 -8.979784634833153337e+06 4.655324306097757071e+07
1.057953430100231431e+06 2.313359474394420907e+07 1.296652234888934530e+07 4.265199794046606869e+07
-4.868961829315291718e+06 2.555917147698685154e+07 -4.520121190657909960e+06 4.305971568177136034e+07
1.045105063618448377e+07 1.397281391887168773e+07 1.995378351992817968e+07 4.518780294288956374e+07
-2.111289699550396949e+07 -6.586020386891476810e+06 1.474250159148109518e+07 4.605217684569215029e+07
-5.462368592463112436e+06 1.594762862798532657e+07 -1.969564336259297654e+07 4.612352265422823280e+07
5.517445254343071952e+06 2.085895465043690801e+07 -1.539507285529871285e+07 4.685045101636795700e+07
-1.634227627289093658e+07 4.357979930794062093e+06 2.049565109017224237e+07 4.378851833689807355e+07
-1.241716674472740665e+07 2.214921477776370943e+07 6.996871829446222633e+06 4.137432566437438875e+07
-2.583453173171169311e+07 6.566151813072820194e+06 2.859490558922567405e+06 4.427890056912127882e+07
