1.142101086088757403e+07 2.231093463739041239e+07 -9.020425636162735522e+06 4.655776963000902534e+07
1.046849400494962931e+06 2.315404800855647027e+07 1.293080055058440194e+07 4.264967784676649421e+07
-4.875089535064481199e+06 2.556569824537441880e+07 -4.476135824949898757e+06 4.305230961741025001e+07
1.043863434048267454e+07 1.400633263726408780e+07 1.993680497892398760e+07 4.518092450331202894e+07
-2.108756987028719112e+07 -6.593264157273732126e+06 1.477538331644015387e+07 4.605338471486365795e+07
-5.499023991520164534e+06 1.595566673061655462e+07 -1.967900005246911570e+07 4.611588633424404263e+07
5.494705066723023541e+06 2.084239643654290587e+07 -1.542500066071715020e+07 4.685366899357111007e+07
-1.636661157196811587e+07 4.330688909422808327e+06 2.048238987688267604e+07 4.379328444506844133e+07
-1.241639837058486603e+07 2.213591903296527639e+07 7.039763370926531032e+06 4.137245165059088916e+07
-2.584016019917143136e+07 6.563549304365153424e+06 2.815956249047529418e+06 4.428367446008875966e+07
