1.142009156946451403e+07 2.231023873357463628e+07 -9.023327139894396067e+06 4.655808891664300859e+07
1.046057726749635302e+06 2.315550704480255768e+07 1.292824692377188429e+07 4.264951566444282234e+07
-4.875526122673570178e+06 2.556616179113867879e+07 -4.472993284167213365e+06 4.305178227183015645e+07
1.043774882126953639e+07 1.400872611306677386e+07 1.993558902482608333e+07 4.518041994771630317e+07
-2.108575883928816020e+07 -6.593782762625286356e+06 1.477772966012050956e+07 4.605346385160110891e+07
-5.501640883420124650e+06 1.595624164367449284e+07 -1.967780786716947705e+07 4.611534192235100269e+07
5.493078809833835810e+06 2.084121296908929199e+07 -1.542713588590583950e+07 4.685389532289519906e+07
-1.636834998599200137e+07 4.328740933989780955e+06 2.048143938353975862e+07 4.379362441021044552e+07
-1.241634299013253115e+07 2.213496653694317490e+07 7.042825902789321728e+06 4.137229365631947666e+07
-2.584055945725984871e+07 6.563363092761349864e+06 2.812846216385577340e+06 4.428401501853816211e+07
