1.228723063092067279e+07 2.294762809566147625e+07 -5.622803563943162560e+06 2.485657095424803346e+07
2.075973847049147822e+06 2.134852449329286814e+07 1.563636029066784680e+07 2.158019794109251350e+07
-4.274959175449924543e+06 2.482034841999302804e+07 -7.961046906741877086e+06 2.237002664263775572e+07
1.155850828307627700e+07 1.124614764436108619e+07 2.103539077267405763e+07 2.445550710311840475e+07
-5.743835241821362637e+06 1.626149556986066885e+07 1.983707311104330793e+07 2.091852958915172145e+07
-2.296205401976362988e+07 -6.099770094610759988e+06 1.192535119932927564e+07 2.468457401736104116e+07
7.168981600525603630e+06 2.210775527302791178e+07 -1.280294256889301911e+07 2.523733315225844830e+07
-1.442308973933230340e+07 6.649306164022663608e+06 2.127573538501673937e+07 2.207598989786698297e+07
-1.242342256948472932e+07 2.297543403872077167e+07 3.484494425403173082e+06 2.027957744205834717e+07
-2.514995360626606643e+07 6.759653087214781903e+06 6.289642501889534295e+06 2.260026905589799210e+07
