1.228661684620276280e+07 2.294721124133852124e+07 -5.625880689875983633e+06 2.485688933347069472e+07
2.074946783582522534e+06 2.135023760358358175e+07 1.563415275988658518e+07 2.157991072795873880e+07
-4.275589459522604011e+06 2.482119138297010958e+07 -7.958057293473696336e+06 2.236940337321075052e+07
1.155742044127671421e+07 1.124860821557415836e+07 2.103467318852514029e+07 2.445493210099366680e+07
-5.745293180477339774e+06 1.625936527384001017e+07 1.983842676945004612e+07 2.091871667293611169e+07
-2.296056877407012880e+07 -6.100129490048017353e+06 1.192801965394048393e+07 2.468455543287914991e+07
7.167655652386126108e+06 2.210671877402072772e+07 -1.280542072873054445e+07 2.523760596896259114e+07
-1.442476833693107404e+07 6.647173708048615605e+06 2.127528964052500203e+07 2.207635654439191148e+07
-1.242347710339585692e+07 2.297490498732506484e+07 3.487687442673278507e+06 2.027922967666901648e+07
-2.515076990339108184e+07 6.759482535012673587e+06 6.286639612117223442e+06 2.260054845133422315e+07
