1.228600280669617280e+07 2.294679411424050853e+07 -5.628957696926640347e+06 2.485721909023532271e+07
2.073919936730993912e+06 2.135195052220408246e+07 1.563194489578386210e+07 2.157961543537414819e+07
-4.276219550895922817e+06 2.482203403291650489e+07 -7.955067508199700154e+06 2.236879600093210116e+07
1.155633277246770263e+07 1.125106876448472589e+07 2.103395515414514020e+07 2.445436099026748165e+07
-5.746751334483031183e+06 1.625723491987740993e+07 1.983977999261758476e+07 2.091886716361389682e+07
-2.295908321571361646e+07 -6.100489005128456280e+06 1.193068785542180389e+07 2.468453623763963580e+07
7.166329438214979135e+06 2.210568211426188797e+07 -1.280789861538014933e+07 2.523786918804697692e+07
-1.442644701532071084e+07 6.645041390364216641e+06 2.127484344284318760e+07 2.207667762839832157e+07
-1.242353150986333564e+07 2.297437556560721248e+07 3.490880383155237883e+06 2.027895565589984879e+07
-2.515158583772758022e+07 6.759311997664000839e+06 6.283636592164309695e+06 2.260084376136903092e+07
