1.228538851234671660e+07 2.294637671439497918e+07 -5.632034585152590647e+06 2.485754827114276215e+07
2.072893306526964530e+06 2.135366324902164936e+07 1.562973669850147888e+07 2.157932494159943238e+07
-4.276849449650526978e+06 2.482287636985067651e+07 -7.952077550768991001e+06 2.236818292243225500e+07
1.155524527665695921e+07 1.125352929104268923e+07 2.103323666954519600e+07 2.445379199101764336e+07
-5.748209703397050500e+06 1.625510450866271183e+07 1.984113278012220562e+07 2.091906862637770176e+07
-2.295759734473670647e+07 -6.100848639891378582e+06 1.193335580371356197e+07 2.468451676319663972e+07
7.165002958160702139e+06 2.210464529392369837e+07 -1.281037622850562446e+07 2.523815697703794017e+07
-1.442812577420153469e+07 6.642909211337503977e+06 2.127439679204910994e+07 2.207699839830081165e+07
-1.242358578894869983e+07 2.297384577347109839e+07 3.494073247296440881e+06 2.027870683324509859e+07
-2.515240140936807171e+07 6.759141475096618757e+06 6.280633441702486947e+06 2.260111596731555089e+07
