1.228477396311819181e+07 2.294595904184192419e+07 -5.635111354520332068e+06 2.485787383985513076e+07
2.071866893016430549e+06 2.135537578388132155e+07 1.562752816820994020e+07 2.157905601629384607e+07
-4.277479155796578154e+06 2.482371839369660988e+07 -7.949087421365854330e+06 2.236757614346101135e+07
1.155415795388480276e+07 1.125598979512429237e+07 2.103251773475790024e+07 2.445323227528364211e+07
-5.749668287511492148e+06 1.625297403981427476e+07 1.984248513222081959e+07 2.091925778673800081e+07
-2.295611116118307412e+07 -6.101208394376000389e+06 1.193602349875409342e+07 2.468449756795712560e+07
7.163676212013969198e+06 2.210360831289855391e+07 -1.281285356843954697e+07 2.523842260425237194e+07
-1.442980461324003339e+07 6.640777171379232779e+06 2.127394968822984397e+07 2.207737014028932154e+07
-1.242363994070922583e+07 2.297331561086218059e+07 3.497266035292413086e+06 2.027845830724405125e+07
-2.515321661821068451e+07 6.758970967279043049e+06 6.277630161118893884e+06 2.260139747422812879e+07
