1.228415915898457170e+07 2.294554109662802890e+07 -5.638188004946165718e+06 2.485819762864528969e+07
2.070840696022556163e+06 2.135708812699959800e+07 1.562531930460073985e+07 2.157876042705555633e+07
-4.278108669380626641e+06 2.482456010442731157e+07 -7.946097120000899769e+06 2.236697025445086882e+07
1.155307080403278209e+07 1.125845027696492895e+07 2.103179834971088916e+07 2.445264528485931456e+07
-5.751127086921681650e+06 1.625084351323794574e+07 1.984383704898746684e+07 2.091941188961086050e+07
-2.295462466514738277e+07 -6.101568268609212711e+06 1.193869094039027393e+07 2.468448947105609253e+07
7.162349199855514802e+06 2.210257117130566388e+07 -1.281533063497246616e+07 2.523868491592543572e+07
-1.443148353282129019e+07 6.638645269987657666e+06 2.127350213128114119e+07 2.207771581165252626e+07
-1.242369396521180496e+07 2.297278507763127610e+07 3.500458747906944714e+06 2.027813183112035692e+07
-2.515403146421583369e+07 6.758800474166534841e+06 6.274626750572032295e+06 2.260169786227630079e+07
