1.228354409992139786e+07 2.294512287880123034e+07 -5.641264536338080652e+06 2.485852228994634002e+07
2.069814715378941968e+06 2.135880027857568115e+07 1.562311010738728940e+07 2.157839289056952298e+07
-4.278737990462007001e+06 2.482540150203236938e+07 -7.943106646625356749e+06 2.236635389531008899e+07
1.155198382724890485e+07 1.126091073619704694e+07 2.103107851450805739e+07 2.445206787460452691e+07
-5.752586101320414804e+06 1.624871292942732945e+07 1.984518853012337908e+07 2.091959085904399678e+07
-2.295313785656488314e+07 -6.101928262656275183e+06 1.194135812875515968e+07 2.468447118322790042e+07
7.161021921757197939e+06 2.210153386925720051e+07 -1.281780742791188881e+07 2.523896071661681309e+07
-1.443316253291929513e+07 6.636513507183127105e+06 2.127305412120803818e+07 2.207803178274513781e+07
-1.242374786249106750e+07 2.297225417394452915e+07 3.503651384006774519e+06 2.027782723756971210e+07
-2.515484594739671797e+07 6.758629995703644119e+06 6.271623210025529377e+06 2.260200725463682413e+07
