1.228292878589966521e+07 2.294470438840617239e+07 -5.644340948627616279e+06 2.485884817276262492e+07
2.068788951783780940e+06 2.136051223736593500e+07 1.562090057814513706e+07 2.157816083757402003e+07
-4.279367119043911807e+06 2.482624258642677963e+07 -7.940116001455919817e+06 2.236574231752896309e+07
1.155089702353973873e+07 1.126337117277303338e+07 2.103035822915981337e+07 2.445149796794336662e+07
-5.754045330670132302e+06 1.624658228848227486e+07 1.984653957557976618e+07 2.091979921464380994e+07
-2.295165073552866653e+07 -6.102288376544572413e+06 1.194402506369843520e+07 2.468445320950362831e+07
7.159694377599571832e+06 2.210049640671602637e+07 -1.282028394742203318e+07 2.523922363904749602e+07
-1.443484161288470030e+07 6.634381883777286857e+06 2.127260565818214789e+07 2.207842572141060978e+07
-1.242380163259714097e+07 2.297172289981800690e+07 3.506843943362598773e+06 2.027755953377936780e+07
-2.515566006794988737e+07 6.758459531796276569e+06 6.268619538766683079e+06 2.260224827704424411e+07
