1.228231321689122915e+07 2.294428562548834458e+07 -5.647417241741002537e+06 2.485917614960504323e+07
2.067763404522862285e+06 2.136222400448375568e+07 1.561869071540809795e+07 2.157785894880712405e+07
-4.279996055176806636e+06 2.482708335758846998e+07 -7.937125184485426173e+06 2.236512833161779493e+07
1.154981039288465679e+07 1.126583158670686372e+07 2.102963749365854636e+07 2.445092596725607663e+07
-5.755504775420824997e+06 1.624445158979073726e+07 1.984789018575907126e+07 2.091994131176686287e+07
-2.295016330207664520e+07 -6.102648610314410180e+06 1.194669174516901188e+07 2.468443492167543992e+07
7.158366567421220243e+06 2.209945878376828879e+07 -1.282276019337252527e+07 2.523948296673332527e+07
-1.443652077352093346e+07 6.632250398737411946e+06 2.127215674198712036e+07 2.207874589800569788e+07
-1.242385527559156716e+07 2.297119125515506044e+07 3.510036426422285382e+06 2.027728012089291960e+07
-2.515647382551639155e+07 6.758289082466803491e+06 6.265615738131895661e+06 2.260254807178501040e+07
