1.228169739285340905e+07 2.294386659008311853e+07 -5.650493415678171441e+06 2.485949992094498500e+07
2.066738073856361210e+06 2.136393557941642404e+07 1.561648051980860718e+07 2.157756665765998513e+07
-4.280624798882740550e+06 2.482792381545754150e+07 -7.934134195841468871e+06 2.236451825455539674e+07
1.154872393529245257e+07 1.126829197794599086e+07 2.102891630801606178e+07 2.445035037182393670e+07
-5.756964434957097284e+06 1.624232083429615758e+07 1.984924036007764563e+07 2.092014038385083899e+07
-2.294867555625278503e+07 -6.103008964005026035e+06 1.194935817310478538e+07 2.468441693050095066e+07
7.157038491333802231e+06 2.209842100055722892e+07 -1.282523616549688019e+07 2.523976447364589944e+07
-1.443820001422902942e+07 6.630119052811085247e+06 2.127170737278118357e+07 2.207909095861128345e+07
-1.242390879152263701e+07 2.297065923998786137e+07 3.513228832860453054e+06 2.027701301040997729e+07
-2.515728722025610507e+07 6.758118647628879175e+06 6.262611807543809526e+06 2.260284277106219903e+07
