1.228108131378484145e+07 2.294344728225405514e+07 -5.653569470232345164e+06 2.485983328990468383e+07
2.065712959762238897e+06 2.136564696212206036e+07 1.561426999137141928e+07 2.157728094524493068e+07
-4.281253350201710127e+06 2.482876395999774337e+07 -7.931143035567386076e+06 2.236390997486542910e+07
1.154763765091405623e+07 1.127075234611574560e+07 2.102819467233871669e+07 2.444980894391812757e+07
-5.758424309753774665e+06 1.624019002135035023e+07 1.985059009896064177e+07 2.092029567333850265e+07
-2.294718749811448157e+07 -6.103369437652152032e+06 1.195202434741973318e+07 2.468440253407131508e+07
7.155710149212516844e+06 2.209738305704145879e+07 -1.282771186396934278e+07 2.524004057099097967e+07
-1.443987933496276662e+07 6.627987846044147387e+06 2.127125755057504773e+07 2.207946090322736278e+07
-1.242396218044779822e+07 2.297012685426158085e+07 3.516421162872588728e+06 2.027673330086982995e+07
-2.515810025219610333e+07 6.757948227223940194e+06 6.259607746914747171e+06 2.260311738513876870e+07
