1.228046497961749136e+07 2.294302770201941207e+07 -5.656645405529530719e+06 2.486015767200224847e+07
2.064688062183945440e+06 2.136735815261664987e+07 1.561205913004652783e+07 2.157698865409779176e+07
-4.281881709184543230e+06 2.482960379118779302e+07 -7.928151703653402627e+06 2.236329600640447438e+07
1.154655153949746676e+07 1.127321269175411388e+07 2.102747258646515012e+07 2.444922823557218537e+07
-5.759884399456465617e+06 1.623805915151544102e+07 1.985193940206637233e+07 2.092047675424798578e+07
-2.294569912767751142e+07 -6.103730031301680021e+06 1.195469026810240559e+07 2.468438665437317267e+07
7.154381541048362851e+06 2.209634495326992124e+07 -1.283018728874835558e+07 2.524030979295026511e+07
-1.444155873599986359e+07 6.625856778071328998e+06 2.127080727529253811e+07 2.207979786693191901e+07
-1.242401544241213240e+07 2.296959409803989530e+07 3.519613415945288725e+06 2.027648268084265292e+07
-2.515891292120409384e+07 6.757777821226930246e+06 6.256603556745820679e+06 2.260341567916081101e+07
