1.227984839034623094e+07 2.294260784944014996e+07 -5.659721221382088959e+06 2.486048503808704391e+07
2.063663381107594818e+06 2.136906915084466338e+07 1.560984793587628752e+07 2.157668915601072460e+07
-4.282509875850371085e+06 2.483044330896373466e+07 -7.925160200241575018e+06 2.236268413196964934e+07
1.154546560124596767e+07 1.127567301436788216e+07 2.102675005053647608e+07 2.444866044038737193e+07
-5.761344704233724624e+06 1.623592822459046543e+07 1.985328826953651384e+07 2.092064582940766588e+07
-2.294421044499019533e+07 -6.104090744991630316e+06 1.195735593508306146e+07 2.468437075722480938e+07
7.153052666877152398e+06 2.209530668932675570e+07 -1.283266243970869854e+07 2.524058079483176395e+07
-1.444323821726026945e+07 6.623725848981494084e+06 2.127035654695315287e+07 2.208010785259984434e+07
-1.242406857748396695e+07 2.296906097115824372e+07 3.522805592931236140e+06 2.027617449254715070e+07
-2.515972522744772583e+07 6.757607429549790919e+06 6.253599236429645680e+06 2.260367080134416372e+07
