1.227923154593703523e+07 2.294218772455762699e+07 -5.662796917746474966e+06 2.486081331158316135e+07
2.062638916569809429e+06 2.137077995666642115e+07 1.560763640901181474e+07 2.157639656820988655e+07
-4.283137850243479013e+06 2.483128251329517365e+07 -7.922168525354522280e+06 2.236207014605848119e+07
1.154437983609538525e+07 1.127813331406966597e+07 2.102602706451607123e+07 2.444808393754390627e+07
-5.762805223955844529e+06 1.623379724080947042e+07 1.985463670123729855e+07 2.092082629955952987e+07
-2.294272145032747462e+07 -6.104451578705090098e+06 1.196002134788635559e+07 2.468440194076390937e+07
7.151723526650004089e+06 2.209426826522962749e+07 -1.283513731688335352e+07 2.524084312395504490e+07
-1.444491777850112505e+07 6.621595059069953859e+06 2.126990536562027037e+07 2.208042593516880274e+07
-1.242412158569563739e+07 2.296852747381085902e+07 3.525997692535162903e+06 2.027592385506975651e+07
-2.516053717078419402e+07 6.757437052169635892e+06 6.250594786506506614e+06 2.260393042568369582e+07
