1.227861444634962827e+07 2.294176732740893215e+07 -5.665872494610317051e+06 2.486113737957680598e+07
2.061614668445099145e+06 2.137249057021288946e+07 1.560542454925439134e+07 2.157607757822960243e+07
-4.283765632387290709e+06 2.483212140412394702e+07 -7.919176679113949649e+06 2.236145977234238014e+07
1.154329424410110712e+07 1.128059359070104547e+07 2.102530362844692543e+07 2.444751013948418945e+07
-5.764265958633386530e+06 1.623166620020186715e+07 1.985598469716455415e+07 2.092101277258629724e+07
-2.294123214315252006e+07 -6.104812532621868886e+06 1.196268650748997182e+07 2.468436386438880116e+07
7.150394120530465618e+06 2.209322968116237596e+07 -1.283761191990954988e+07 2.524113421103715897e+07
-1.444659741936197318e+07 6.619464408781114966e+06 2.126945373138906434e+07 2.208080816473817453e+07
-1.242417446711672843e+07 2.296799360581829771e+07 3.529189715698918793e+06 2.027563576942509413e+07
-2.516134875114728883e+07 6.757266689047478139e+06 6.247590207234150730e+06 2.260421402662239969e+07
