1.227799709157024883e+07 2.294134665804933384e+07 -5.668947951828776859e+06 2.486146505976552144e+07
2.060590636908262968e+06 2.137420099111343920e+07 1.560321235705387406e+07 2.157578678780119121e+07
-4.284393222324630246e+06 2.483295998141800985e+07 -7.916184661548398435e+06 2.236084939862628281e+07
1.154220882522836141e+07 1.128305384430800006e+07 2.102457974231191352e+07 2.444692553973969072e+07
-5.765726908256684430e+06 1.622953510282676481e+07 1.985733225729528815e+07 2.092120404442294315e+07
-2.293974252395765856e+07 -6.105173606672219001e+06 1.196535141302957200e+07 2.468434737393303961e+07
7.149064448258139193e+06 2.209219093697771803e+07 -1.284008624921353534e+07 2.524139592940282077e+07
-1.444827714043625072e+07 6.617333897349325940e+06 2.126900164409818500e+07 2.208114032963284850e+07
-1.242422722179516964e+07 2.296745936721749976e+07 3.532381662069285754e+06 2.027533686464542896e+07
-2.516215996851871908e+07 6.757096340134321712e+06 6.244585498693178408e+06 2.260452340153270960e+07
