1.227737948156196252e+07 2.294092571651800349e+07 -5.672023289373752661e+06 2.486179273995423689e+07
2.059566821850231849e+06 2.137591121947166696e+07 1.560099983224696293e+07 2.157549568326885626e+07
-4.285020620091656223e+06 2.483379824513607100e+07 -7.913192472719507292e+06 2.236023872825648263e+07
1.154112357964638621e+07 1.128551407447400689e+07 2.102385540623008087e+07 2.444637301349540055e+07
-5.767188072888940573e+06 1.622740394863666967e+07 1.985867938167390227e+07 2.092138392126740143e+07
-2.293825259267813712e+07 -6.105534800921671093e+06 1.196801606463781931e+07 2.468433118013097718e+07
7.147734509987617843e+06 2.209115203285222501e+07 -1.284256030444970168e+07 2.524166365064338222e+07
-1.444995694124584645e+07 6.615203525368131697e+06 2.126854910387446731e+07 2.208149949001436681e+07
-1.242427984977346472e+07 2.296692475810386613e+07 3.535573530944334809e+06 2.027508654127195477e+07
-2.516297082303173095e+07 6.756926005349352024e+06 6.241580660402555019e+06 2.260480431513788179e+07
