1.227676161629299074e+07 2.294050450285803154e+07 -5.675098507189870812e+06 2.486211951273163036e+07
2.058543223260303028e+06 2.137762125522659719e+07 1.559878697488313913e+07 2.157520459618674219e+07
-4.285647825711910613e+06 2.483463619522014633e+07 -7.910200112748478539e+06 2.235963343255374581e+07
1.154003850717305578e+07 1.128797428157900646e+07 2.102313062008598074e+07 2.444579832547457889e+07
-5.768649452444195747e+06 1.622527273780183867e+07 1.986002607020709664e+07 2.092156679954931512e+07
-2.293676234933571145e+07 -6.105896115414567292e+06 1.197068046229263209e+07 2.468431139158406109e+07
7.146404305704331957e+06 2.209011296883064508e+07 -1.284503408558681421e+07 2.524193466997509450e+07
-1.445163682211729325e+07 6.613073292410613038e+06 2.126809611062809080e+07 2.208181907330205292e+07
-1.242433235112013482e+07 2.296638977830718458e+07 3.538765323208625894e+06 2.027479514008592069e+07
-2.516378131458691880e+07 6.756755684660550207e+06 6.238575692743002437e+06 2.260508850938399136e+07
