1.214935734968862310e+07 2.285180169266227633e+07 -6.281547413954474032e+06 2.492697331676201895e+07
1.860119132906317711e+06 2.171233658820378408e+07 1.515415174659940973e+07 2.151947107865712419e+07
-4.406096694102928974e+06 2.499431707508445159e+07 -7.314424883035792969e+06 2.224004052910185605e+07
1.132862389543127641e+07 1.177455155079789460e+07 2.087077880590687692e+07 2.433418948994599655e+07
-6.062215929596658796e+06 1.580226523712767474e+07 2.011804764980568364e+07 2.095821672405838221e+07
-2.263560123900002986e+07 -6.179856771255901083e+06 1.249315328061567247e+07 2.468298992149506882e+07
6.877780413899579085e+06 2.188129914344616607e+07 -1.332937321233565360e+07 2.529499643701724336e+07
-1.478576431422279216e+07 6.194091966744365171e+06 2.116949445825866610e+07 2.214928376146043092e+07
-1.243230259910311922e+07 2.285314946951111406e+07 4.169131282701303717e+06 2.022212970238907635e+07
-2.531709121581376344e+07 6.723244105664147995e+06 5.641125205359904096e+06 2.266220137937483937e+07
