1.214868811061587185e+07 2.285132721813516691e+07 -6.284597517446593381e+06 2.492730218356554210e+07
1.859138362349244766e+06 2.171400712628933042e+07 1.515187365637454763e+07 2.151921534571615234e+07
-4.406686382110583596e+06 2.499509179080929607e+07 -7.311399745650434867e+06 2.223944634918782115e+07
1.132757355137556233e+07 1.177700584042578749e+07 2.086996478968623281e+07 2.433363007086569816e+07
-6.063719751639540307e+06 1.580012409540537558e+07 2.011930705533190444e+07 2.095840349373884872e+07
-2.263404973013224825e+07 -6.180242793355220929e+06 1.249576601550300047e+07 2.468298960739114881e+07
6.876397237445916049e+06 2.188022933769967780e+07 -1.333179139428036474e+07 2.529526113937013596e+07
-1.478745914876514673e+07 6.191990358742739074e+06 2.116895155085293949e+07 2.214959404378206283e+07
-1.243233095461930335e+07 2.285254055035161227e+07 4.172306357789370697e+06 2.022187517351312563e+07
-2.531782922896895558e+07 6.723075591553096659e+06 5.638095734736343846e+06 2.266246580252424628e+07
