1.214801861054847017e+07 2.285085248050398007e+07 -6.287647488312325440e+06 2.492762895634293556e+07
1.858157805604407564e+06 2.171567746017229930e+07 1.514959524298202619e+07 2.151893834095975012e+07
-4.407275885258068331e+06 2.499586618471074849e+07 -7.308374450034387410e+06 2.223884915038611740e+07
1.132652338305824250e+07 1.177946009386132471e+07 2.086915032673842460e+07 2.433306525966811925e+07
-6.065223785217028111e+06 1.579798291052655503e+07 2.012056601954222843e+07 2.095859026341931522e+07
-2.263249791769660637e+07 -6.180628943464925513e+06 1.249837848510414176e+07 2.468299890835720673e+07
6.875013794733549468e+06 2.187915938292935863e+07 -1.333420929152641632e+07 2.529552856395699456e+07
-1.478915405326492153e+07 6.189888899608829990e+06 2.116840819295782223e+07 2.214998257288003340e+07
-1.243235919412482530e+07 2.285193125878495350e+07 4.175481341931196861e+06 2.022162034798347205e+07
-2.531856687665821239e+07 6.722907081506450661e+06 5.635066147571883164e+06 2.266276018769751489e+07
