1.214734884946613200e+07 2.285037747981991246e+07 -6.290697326454036869e+06 2.492795693318535015e+07
1.857177462805666029e+06 2.171734758954253420e+07 1.514731650681417808e+07 2.151868531280252710e+07
-4.407865203593853861e+06 2.499664025676340237e+07 -7.305348996195922606e+06 2.223824327882619575e+07
1.132547339054761082e+07 1.178191431090687960e+07 2.086833541712490097e+07 2.433251125015531853e+07
-6.066728030444676057e+06 1.579584168236801028e+07 2.012182454252222553e+07 2.095875035171686113e+07
-2.263094580165089667e+07 -6.181015221644237638e+06 1.250099068950740620e+07 2.468300129903703555e+07
6.873630085716808215e+06 2.187808927915446833e+07 -1.333662690410128236e+07 2.529578878160392866e+07
-1.479084902838428505e+07 6.187787588506284170e+06 2.116786438435835019e+07 2.215032374208706245e+07
-1.243238731767736189e+07 2.285132159470919520e+07 4.178656235549013130e+06 2.022131877332049608e+07
-2.531930415880719945e+07 6.722738575488489121e+06 5.632036444190404378e+06 2.266311034376668185e+07
