1.214667882733797096e+07 2.284990221612646803e+07 -6.293747031822902150e+06 2.492828459592384845e+07
1.856197333713299595e+06 2.171901751472603902e+07 1.514503744739537314e+07 2.151838731543418393e+07
-4.408454337127447128e+06 2.499741400689097866e+07 -7.302323384342336096e+06 2.223764279938355461e+07
1.132442357380274311e+07 1.178436849162014201e+07 2.086752006082234159e+07 2.433195303514004499e+07
-6.068232487027357332e+06 1.579370041139107570e+07 2.012308262401394919e+07 2.095893891876975447e+07
-2.262939338222938031e+07 -6.181401627883827314e+06 1.250360262833573110e+07 2.468303368664116040e+07
6.872246110403966159e+06 2.187701902643597499e+07 -1.333904423193817958e+07 2.529604360713358223e+07
-1.479254407375834882e+07 6.185686425872181542e+06 2.116732012516874075e+07 2.215067360150252655e+07
-1.243241532531967200e+07 2.285071155835200846e+07 4.181831037348629441e+06 2.022108612701759115e+07
-2.532004107576547191e+07 6.722570073366288096e+06 5.629006623173365369e+06 2.266336967145251110e+07
