1.214600854413108155e+07 2.284942668946588784e+07 -6.296796604378807358e+06 2.492860957132881507e+07
1.855217418603495695e+06 2.172068723517036438e+07 1.514275806544880196e+07 2.151813310066215321e+07
-4.409043285899058916e+06 2.499818743505740911e+07 -7.299297614523839206e+06 2.223704621133947000e+07
1.132337393283616379e+07 1.178682263593371958e+07 2.086670425784900784e+07 2.433139092872621492e+07
-6.069737155088097788e+06 1.579155909746184573e+07 2.012434026410933957e+07 2.095912778247635067e+07
-2.262784065916782618e+07 -6.181788162298154086e+06 1.250621430205095746e+07 2.468303668807861209e+07
6.870861868887790479e+06 2.187594862490034476e+07 -1.334146127482256852e+07 2.529631312574657053e+07
-1.479423918932222202e+07 6.183585411771500483e+06 2.116677541540711373e+07 2.215103515256387368e+07
-1.243244321711253934e+07 2.285010114954860136e+07 4.185005748079574667e+06 2.022084508715995029e+07
-2.532077762721257657e+07 6.722401575160245411e+06 5.625976685856002383e+06 2.266366405662577599e+07
