1.214533799982665479e+07 2.284895089989029616e+07 -6.299846044017889537e+06 2.492893575079880655e+07
1.854237717182581313e+06 2.172235675129351020e+07 1.514047836037308164e+07 2.151783719731994346e+07
-4.409632049966058694e+06 2.499896054124901071e+07 -7.296271686702931300e+06 2.223644332376678288e+07
1.132232446769849770e+07 1.178927674369136989e+07 2.086588800825264677e+07 2.433083601180209219e+07
-6.071242034611545503e+06 1.578941774064342305e+07 2.012559746278451383e+07 2.095931636697946489e+07
-2.262628763242235780e+07 -6.182174824947097339e+06 1.250882571074370667e+07 2.468299351623992249e+07
6.869477361059112474e+06 2.187487807451754808e+07 -1.334387803289308026e+07 2.529657364004720747e+07
-1.479593437511607260e+07 6.181484546139149927e+06 2.116623025505780429e+07 2.215139279477645084e+07
-1.243247099310727417e+07 2.284949036833733320e+07 4.188180367434337735e+06 2.022061814707824588e+07
-2.532151381328855827e+07 6.722233080785315484e+06 5.622946631680523045e+06 2.266393207452004030e+07
