1.214466719441172481e+07 2.284847484745621309e+07 -6.302895350609016605e+06 2.492926971306590736e+07
1.853258229675581679e+06 2.172402606262983754e+07 1.513819833277321234e+07 2.151757279162074998e+07
-4.410220629332729615e+06 2.499973332538257912e+07 -7.293245601114420220e+06 2.223585094122517109e+07
1.132127517834135145e+07 1.179173081496806815e+07 2.086507131200415641e+07 2.433027120060451329e+07
-6.072747125487468205e+06 1.578727634113381803e+07 2.012685421993645281e+07 2.095952292520685121e+07
-2.262473430252701044e+07 -6.182561615746447816e+06 1.251143685353324376e+07 2.468299890835720673e+07
6.868092586964915507e+06 2.187380737537877262e+07 -1.334629450601498224e+07 2.529683535841286927e+07
-1.479762963132908195e+07 6.179383828725281172e+06 2.116568464405709133e+07 2.215170459526702017e+07
-1.243249865336652286e+07 2.284887921450950950e+07 4.191354896388336085e+06 2.022030666069159284e+07
-2.532224963378820941e+07 6.722064590235555544e+06 5.619916461510006338e+06 2.266425286187275127e+07
