1.214399612782810256e+07 2.284799853218766302e+07 -6.305944524228134193e+06 2.492959768990832567e+07
1.852278955929071642e+06 2.172569516935860366e+07 1.513591798237363063e+07 2.151729727013285831e+07
-4.410809024069886655e+06 2.500050578746221960e+07 -7.290219357651226223e+06 2.223525194505104050e+07
1.132022606485388801e+07 1.179418484951717407e+07 2.086425416918147355e+07 2.432971867436021939e+07
-6.074252427878116257e+06 1.578513489874336123e+07 2.012811053568962961e+07 2.095971149225974455e+07
-2.262318066932167858e+07 -6.182948534784847870e+06 1.251404773070613109e+07 2.468301360144054145e+07
6.866707546602644958e+06 2.187273652753643692e+07 -1.334871069414077885e+07 2.529709767008592933e+07
-1.479932495757271349e+07 6.177283259996037930e+06 2.116513858252718300e+07 2.215203075728679448e+07
-1.243252619792710245e+07 2.284826768842510507e+07 4.194529332963828929e+06 2.022009081894837320e+07
-2.532298508887371421e+07 6.721896103421054780e+06 5.616886174694903195e+06 2.266455595470467210e+07
