1.214332480006562546e+07 2.284752195414314047e+07 -6.308993564731468447e+06 2.492992746412316710e+07
1.851299896021082997e+06 2.172736407126468047e+07 1.513363730943746120e+07 2.151703884985835105e+07
-4.411397234192496166e+06 2.500127792741860822e+07 -7.287192956493919715e+06 2.223465776513700560e+07
1.131917712723201886e+07 1.179663884731022082e+07 2.086343657978992909e+07 2.432917394836325943e+07
-6.075757941831327975e+06 1.578299341344518028e+07 2.012936641007287800e+07 2.095986887577353790e+07
-2.262162673266461864e+07 -6.183335582146600820e+06 1.251665834251761809e+07 2.468300190979465470e+07
6.865322240007125773e+06 2.187166553107207641e+07 -1.335112659715747461e+07 2.529736809611024335e+07
-1.480102035363614187e+07 6.175182840197121724e+06 2.116459207053332403e+07 2.215240010859547183e+07
-1.243255362685275450e+07 2.284765578985163197e+07 4.197703678260244429e+06 2.021986026667159423e+07
-2.532372017854885012e+07 6.721727620287850499e+06 5.613855771237724461e+06 2.266483535014089942e+07
