1.227614349574428238e+07 2.294008301712078974e+07 -5.678173605160056613e+06 2.486245047356128320e+07
2.057519841127699241e+06 2.137933109831765667e+07 1.559657378501137905e+07 2.157491378830811009e+07
-4.286274839234519750e+06 2.483547383164641261e+07 -7.907207581634602509e+06 2.235902696768642217e+07
1.153895360785580426e+07 1.129043446548250690e+07 2.102240538391740620e+07 2.444521072429263219e+07
-5.770111046941880137e+06 1.622314147033867054e+07 1.986137232289891317e+07 2.092174547232875228e+07
-2.293527179401632771e+07 -6.106257550179712474e+06 1.197334460585722327e+07 2.468429701260464266e+07
7.145073835381804034e+06 2.208907374494831264e+07 -1.284750759261592664e+07 2.524220357783046365e+07
-1.445331678274724633e+07 6.610943198848547414e+06 2.126764266443898529e+07 2.208214493866812065e+07
-1.242438472587410733e+07 2.296585442795725912e+07 3.541957037956264801e+06 2.027454122196758911e+07
-2.516459144318695366e+07 6.756585378014523536e+06 6.235570595717245713e+06 2.260537001629656553e+07
