1.214265321107132360e+07 2.284704511335043982e+07 -6.312042472170868888e+06 2.493024764071825519e+07
1.850321049868738279e+06 2.172903276840690523e+07 1.513135631385355629e+07 2.151677653818528727e+07
-4.411985259757854976e+06 2.500204974523817375e+07 -7.284166397604641505e+06 2.223405817565546930e+07
1.131812836538230255e+07 1.179909280852757394e+07 2.086261854376524314e+07 2.432860704313955083e+07
-6.077263667006548494e+06 1.578085188576494344e+07 2.013062184279109165e+07 2.096005924019886181e+07
-2.262007249267372116e+07 -6.183722757850948721e+06 1.251926868878678419e+07 2.468297822984918207e+07
6.863936667124250904e+06 2.187059438599848002e+07 -1.335354221510714293e+07 2.529763490993948281e+07
-1.480271582009363547e+07 6.173082568601689301e+06 2.116404510788754001e+07 2.215270259066977352e+07
-1.243258094020327926e+07 2.284704351863895729e+07 4.200877932947479188e+06 2.021954518554008752e+07
-2.532445490271449834e+07 6.721559140805734321e+06 5.610825251565379091e+06 2.266512704798063636e+07
