1.214198136086058617e+07 2.284656800988619775e+07 -6.315091246286851354e+06 2.493057741493310034e+07
1.849342417384444736e+06 2.173070126085241511e+07 1.512907499549922161e+07 2.151648784178300202e+07
-4.412573100783967413e+06 2.500282124085550010e+07 -7.281139681148828007e+06 2.223346308833011240e+07
1.131707977945579588e+07 1.180154673277768493e+07 2.086180006123372912e+07 2.432805783243662864e+07
-6.078769603579503484e+06 1.577871031549378112e+07 2.013187683397991955e+07 2.096024391585319862e+07
-2.261851794962070882e+07 -6.184110061879070476e+06 1.252187876907451265e+07 2.468298662340391800e+07
6.862550827956926078e+06 2.186952309237249941e+07 -1.335595754793245345e+07 2.529789872233127058e+07
-1.480441135626626015e+07 6.170982446035411209e+06 2.116349769480603188e+07 2.215304976275170222e+07
-1.243260813801819086e+07 2.284643087509127706e+07 4.204052095340623520e+06 2.021929816025776416e+07
-2.532518926137230545e+07 6.721390664921509102e+06 5.607794615689409897e+06 2.266542595276030153e+07
