1.214130924936697632e+07 2.284609064376871660e+07 -6.318139887192120776e+06 2.493089938890061527e+07
1.848363998798541725e+06 2.173236954812609404e+07 1.512679335499335453e+07 2.151624770933668688e+07
-4.413160757314011455e+06 2.500359241423841566e+07 -7.278112807161563076e+06 2.223286950172347948e+07
1.131603136940196157e+07 1.180400062014051527e+07 2.086098113216461614e+07 2.432750860428348929e+07
-6.080275751483614556e+06 1.577656870276740193e+07 2.013313138357301429e+07 2.096043248290609568e+07
-2.261696310345405713e+07 -6.184497494292711839e+06 1.252448858348462544e+07 2.468300880263066292e+07
6.861164722483226098e+06 2.186845165023168549e+07 -1.335837259561952017e+07 2.529815475192594528e+07
-1.480610696239450015e+07 6.168882472184868529e+06 2.116294983120843768e+07 2.215339061785481125e+07
-1.243263522035494074e+07 2.284581785911788791e+07 4.207226165802177042e+06 2.021907840966577083e+07
-2.532592325453723595e+07 6.721222192578775808e+06 5.604763863566482440e+06 2.266572154199859127e+07
