1.214063687661218457e+07 2.284561301507891715e+07 -6.321188394599732012e+06 2.493123546264406294e+07
1.847385793781711720e+06 2.173403763070720434e+07 1.512451139164964668e+07 2.151595960624180734e+07
-4.413748229393567890e+06 2.500436326535787806e+07 -7.275085775665765628e+06 2.223227321033309400e+07
1.131498313519793563e+07 1.180645447063153051e+07 2.086016175654849410e+07 2.432694949930711091e+07
-6.081782110697324388e+06 1.577442704765769467e+07 2.013438549154138938e+07 2.096062555211516470e+07
-2.261540795407885313e+07 -6.184885055164118297e+06 1.252709813219373114e+07 2.468301810359671712e+07
6.859778350758786313e+06 2.186738005967352539e+07 -1.336078735801937804e+07 2.529841496957287937e+07
-1.480780263837928325e+07 6.166782647157302126e+06 2.116240151712395251e+07 2.215373417774166912e+07
-1.243266218727248907e+07 2.284520447058457881e+07 4.210400144919825718e+06 2.021882389824003726e+07
-2.532665688230256364e+07 6.721053723703250289e+06 5.601732994829476811e+06 2.266597127206466347e+07
