1.213996424251283519e+07 2.284513512382313982e+07 -6.324236768698844127e+06 2.493156073470273241e+07
1.846407802569281310e+06 2.173570550811216235e+07 1.512222910609877855e+07 2.151569998190227523e+07
-4.414335517053972930e+06 2.500513379416633397e+07 -7.272058586757117882e+06 2.223167721559641510e+07
1.131393507687387615e+07 1.180890828414174914e+07 2.085934193441756815e+07 2.432638589217455313e+07
-6.083288681090635248e+06 1.577228535039038956e+07 2.013563915776610747e+07 2.096084530270716175e+07
-2.261385250157245621e+07 -6.185272744522951543e+06 1.252970741508909687e+07 2.468302108758395165e+07
6.858391712825138122e+06 2.186630832078481838e+07 -1.336320183500740863e+07 2.529868837958442792e+07
-1.480949838426918723e+07 6.164682970877131447e+06 2.116185275253403559e+07 2.215406335864911228e+07
-1.243268903882123530e+07 2.284459070955500379e+07 4.213574032256023027e+06 2.021856936936408654e+07
-2.532739014431941137e+07 6.720885258321996778e+06 5.598702010938564315e+06 2.266631333123279735e+07
