1.213929134707185626e+07 2.284465697006902099e+07 -6.327285009287523106e+06 2.493188871154515073e+07
1.845430025003170595e+06 2.173737318052817136e+07 1.511994649805376306e+07 2.151542477451830357e+07
-4.414922620331580751e+06 2.500590400062231719e+07 -7.269031240507188253e+06 2.223108212827105448e+07
1.131288719447270595e+07 1.181136206053245068e+07 2.085852166581398621e+07 2.432582676974795759e+07
-6.084795463042903692e+06 1.577014361046734080e+07 2.013689238255183399e+07 2.096101258049441501e+07
-2.261229674602487683e+07 -6.185660562395596877e+06 1.253231643203687295e+07 2.468302679380515218e+07
6.857004808549406007e+06 2.186523643351734802e+07 -1.336561602676298283e+07 2.529894618910131231e+07
-1.481119419966188818e+07 6.162583443826990202e+06 2.116130353756612912e+07 2.215444078940860182e+07
-1.243271577505543083e+07 2.284397657600457966e+07 4.216747827830323018e+06 2.021830644693339989e+07
-2.532812304096126184e+07 6.720716796296431683e+06 5.595670910368557088e+06 2.266659063264289871e+07
