1.213861819025223143e+07 2.284417855385593697e+07 -6.330333116344504058e+06 2.493221518766884133e+07
1.844452461183437146e+06 2.173904064770215377e+07 1.511766356783019379e+07 2.151516905902754515e+07
-4.415509539274245501e+06 2.500667388469985127e+07 -7.266003736926912330e+06 2.223048255623973906e+07
1.131183948801538348e+07 1.181381579971634224e+07 2.085770095076275244e+07 2.432527485426128656e+07
-6.086302456167917699e+06 1.576800182847859524e+07 2.013814516556635872e+07 2.096120055423990637e+07
-2.261074068742180243e+07 -6.186048508834263310e+06 1.253492518307833374e+07 2.468302408902140334e+07
6.855617638040139340e+06 2.186416439800950885e+07 -1.336802993304513954e+07 2.529921181631574407e+07
-1.481289008496027812e+07 6.160484065492507070e+06 2.116075387208699435e+07 2.215478675742550939e+07
-1.243274239602901042e+07 2.284336206991729140e+07 4.219921531617734581e+06 2.021803094289572537e+07
-2.532885557199594006e+07 6.720548337626842782e+06 5.592639694098018110e+06 2.266689372547481954e+07
