1.213794477202455513e+07 2.284369987522847205e+07 -6.333381089814757928e+06 2.493253925566248596e+07
1.843475110980466008e+06 2.174070790977293625e+07 1.511538031520715728e+07 2.151489744638842717e+07
-4.416096273903556168e+06 2.500744344633840024e+07 -7.262976076163101941e+06 2.222988656150305644e+07
1.131079195745254681e+07 1.181626950177054480e+07 2.085687978923390433e+07 2.432471274784745649e+07
-6.087809660549710505e+06 1.576586000434576347e+07 2.013939750686870888e+07 2.096138882463910058e+07
-2.260918432576619834e+07 -6.186436583887122571e+06 1.253753366822553985e+07 2.468300520788580924e+07
6.854230201239083894e+06 2.186309221427079290e+07 -1.337044355390323512e+07 2.529947262727008387e+07
-1.481458604023856670e+07 6.158384835766460747e+06 2.116020375606953725e+07 2.215507964188005403e+07
-1.243276890179125592e+07 2.284274719138288870e+07 4.223095143047790043e+06 2.021779019969179109e+07
-2.532958773748593405e+07 6.720379882246037945e+06 5.589608361886871979e+06 2.266719263025448471e+07
