1.213727109237890504e+07 2.284322093424522877e+07 -6.336428929554606788e+06 2.493286873322362825e+07
1.842497974445373751e+06 2.174237496657080948e+07 1.511309674038615637e+07 2.151463002180156484e+07
-4.416682824256801978e+06 2.500821268549805880e+07 -7.259948258281514049e+06 2.222929417896144837e+07
1.130974460282809660e+07 1.181872316655400023e+07 2.085605818127039447e+07 2.432414973402230442e+07
-6.089317076172674075e+06 1.576371813813195750e+07 2.014064940643509850e+07 2.096157679838459194e+07
-2.260762766141417623e+07 -6.186824787514103577e+06 1.254014188689897023e+07 2.468303038855000585e+07
6.852842498229831457e+06 2.186201988242037594e+07 -1.337285688913979381e+07 2.529974664803924784e+07
-1.481628206468355283e+07 6.156285755639841780e+06 2.115965318977479264e+07 2.215545468195971474e+07
-1.243279529239754006e+07 2.284213194035172090e+07 4.226268662270098925e+06 2.021756355626378581e+07
-2.533031953743446246e+07 6.720211430100355297e+06 5.586576913740273565e+06 2.266748162331046909e+07
