1.213659715126640350e+07 2.284274173093685880e+07 -6.339476635597558692e+06 2.493319400528229401e+07
1.841521051568769850e+06 2.174404181802936271e+07 1.511081284342733584e+07 2.151436830343590677e+07
-4.417269190399663523e+06 2.500898160217598826e+07 -7.256920283201964572e+06 2.222869099473505840e+07
1.130869742416912131e+07 1.182117679396482371e+07 2.085523612690217420e+07 2.432359031494200602e+07
-6.090824702869203873e+06 1.576157623011632822e+07 2.014190086411554366e+07 2.096179414084653929e+07
-2.260607069408539683e+07 -6.187213119833908975e+06 1.254274983958566934e+07 2.468303728138601407e+07
6.851454528919589706e+06 2.186094740244095400e+07 -1.337526993886442855e+07 2.530001375852219015e+07
-1.481797815893939510e+07 6.154186824299816042e+06 2.115910217299090698e+07 2.215578955163813755e+07
-1.243282156790486164e+07 2.284151631673587114e+07 4.229442089630804025e+06 2.021731173217158765e+07
-2.533105097180293873e+07 6.720042981145711616e+06 5.583545349836672656e+06 2.266777211708518118e+07
