1.227552511986382306e+07 2.293966125933550298e+07 -5.681248583329952322e+06 2.486277485565884411e+07
2.056496675438751467e+06 2.138104074868904054e+07 1.559436026267450117e+07 2.157462268377577513e+07
-4.286901660708854906e+06 2.483631115439132974e+07 -7.904214879376113415e+06 2.235841268512155116e+07
1.153786888185965456e+07 1.129289462577735260e+07 2.102167969784078375e+07 2.444465191596995294e+07
-5.771572856353200972e+06 1.622101014633403532e+07 1.986271813970877603e+07 2.092192264438946173e+07
-2.293378092670852691e+07 -6.106619105269636959e+06 1.197600849536882155e+07 2.468427752071142569e+07
7.143743099065680988e+06 2.208803436129679903e+07 -1.284998082539419085e+07 2.524248119334448501e+07
-1.445499682284030505e+07 6.608813245043551549e+06 2.126718876538516209e+07 2.208252147946650907e+07
-1.242443697409553826e+07 2.296531870696932077e+07 3.545148675561429933e+06 2.027428309834678471e+07
-2.516540120876409113e+07 6.756415085372678936e+06 6.232565369589194655e+06 2.260566892107623070e+07
