1.227490648864668049e+07 2.293923922956331074e+07 -5.684323441511956975e+06 2.486310462987368926e+07
2.055473726306450553e+06 2.138275020607304946e+07 1.559214640818981268e+07 2.157436787569634244e+07
-4.287528290140149184e+06 2.483714816337256134e+07 -7.901222006181504577e+06 2.235780499873898178e+07
1.153678432901200280e+07 1.129535476282201707e+07 2.102095356174681336e+07 2.444407031766290963e+07
-5.773034880581928417e+06 1.621887876597291976e+07 1.986406352053429186e+07 2.092211480618721247e+07
-2.293228974749990180e+07 -6.106980780712725595e+06 1.197867213068780117e+07 2.468426223432068527e+07
7.142412096665611491e+06 2.208699481786153466e+07 -1.285245378403143398e+07 2.524274771052002162e+07
-1.445667694287454337e+07 6.606683430376566015e+06 2.126673441333566234e+07 2.208285514507991076e+07
-1.242448909584335424e+07 2.296478261526970193e+07 3.548340236331010237e+06 2.027398539763214439e+07
-2.516621061139163002e+07 6.756244806666706689e+06 6.229560014099558815e+06 2.260595311532233655e+07
