1.210393996945822053e+07 2.281943239124822244e+07 -6.485607988976353779e+06 2.494889473399226367e+07
1.794879709497832693e+06 2.182380811261596903e+07 1.500080785582130030e+07 2.150153419179490581e+07
-4.445198843357827514e+06 2.504550955317267030e+07 -7.111394029316799715e+06 2.220009858611576259e+07
1.125863999050584808e+07 1.193890571591736376e+07 2.081525288169531152e+07 2.429693906854407117e+07
-6.163438820458400063e+06 1.565871654951423407e+07 2.020145081270846352e+07 2.097088505863085762e+07
-2.253098092515770346e+07 -6.206005128117170185e+06 1.266761749665091932e+07 2.468326003341546282e+07
6.784518876035754569e+06 2.180929526440943778e+07 -1.349075947530432604e+07 2.531260744106317312e+07
-1.489947156785709225e+07 6.053614285092504695e+06 2.113212393207491189e+07 2.217210845431153476e+07
-1.243394848318231665e+07 2.281152814442527667e+07 4.381656901428341866e+06 2.020533083147674799e+07
-2.536572969597778469e+07 6.711960193810695782e+06 5.437895372642400675e+06 2.268191902605695650e+07
