1.210325318359185569e+07 2.281894039098072797e+07 -6.488649063083527610e+06 2.494922839960566536e+07
1.793913237213959917e+06 2.182546483303431422e+07 1.499850823168497346e+07 2.150128086698397622e+07
-4.445776228103533387e+06 2.504626261829513311e+07 -7.108358437294300646e+06 2.219951698780871928e+07
1.125760144721325673e+07 1.194135743384745531e+07 2.081440897473591566e+07 2.429636467717695236e+07
-6.164956774139258079e+06 1.565657266518962197e+07 2.020268059215186164e+07 2.097107601636357978e+07
-2.252940916994424537e+07 -6.206399811550708488e+06 1.267021234039875865e+07 2.468326572218644619e+07
6.783117860005765222e+06 2.180821559430693835e+07 -1.349315846832143143e+07 2.531285985846278071e+07
-1.490117101263067685e+07 6.051522711779553443e+06 2.113155086079116911e+07 2.217244782614613697e+07
-1.243396918436880223e+07 2.281089425798032060e+07 4.384825729796469212e+06 2.020506611167363822e+07
-2.536644320421627536e+07 6.711791839336662553e+06 5.434858213193874806e+06 2.268221131720409542e+07
