1.210256613488849811e+07 2.281844813069329038e+07 -6.491690000344171189e+06 2.494955217094560713e+07
1.792946977791541256e+06 2.182712134533381462e+07 1.499620828769190609e+07 2.150101284908971563e+07
-4.446353430524653755e+06 2.504701535896552354e+07 -7.105322691321028396e+06 2.219892190048335865e+07
1.125656308047833666e+07 1.194380911105984077e+07 2.081356462229483947e+07 2.429580466478925198e+07
-6.166474937975988723e+06 1.565442874238925800e+07 2.020390992843413725e+07 2.097129096814569831e+07
-2.252783711400340870e+07 -6.206794625547226518e+06 1.267280691527979821e+07 2.468326631549384817e+07
6.781716577907687053e+06 2.180713577897140384e+07 -1.349555717286306992e+07 2.531314946227638796e+07
-1.490287052469693497e+07 6.049431289570189081e+06 2.113097733970149234e+07 2.217276561206139624e+07
-1.243398977313310467e+07 2.281025999869083241e+07 4.387994462389945053e+06 2.020481878973761201e+07
-2.536715634636367485e+07 6.711623485526713543e+06 5.431820941103844903e+06 2.268250121767140552e+07
