1.210187882335067540e+07 2.281795561045367643e+07 -6.494730800563415512e+06 2.494987894372300059e+07
1.791980931282309815e+06 2.182877764934237301e+07 1.499390802404978126e+07 2.150075083407035470e+07
-4.446930450628408231e+06 2.504776777510469779e+07 -7.102286791623360477e+06 2.219832920383783057e+07
1.125552489026209153e+07 1.194626074760692380e+07 2.081271982434970886e+07 2.429524465240154788e+07
-6.167993312344243750e+06 1.565228478062288836e+07 2.020513882184914127e+07 2.097145196385456622e+07
-2.252626475743412971e+07 -6.207189570130556822e+06 1.267540122114795260e+07 2.468327231836875156e+07
6.780315029359573498e+06 2.180605581816284359e+07 -1.349795558953214251e+07 2.531339439353258163e+07
-1.490457010376107320e+07 6.047340018811089918e+06 2.113040336890229583e+07 2.217310526309948042e+07
-1.243401024952946976e+07 2.280962536653812230e+07 4.391163099199894816e+06 2.020458315944747254e+07
-2.536786912235144526e+07 6.711455132344078273e+06 5.428783556684579700e+06 2.268281331481568143e+07
