1.210119124896347150e+07 2.281746283031664416e+07 -6.497771463625502773e+06 2.495021381340142339e+07
1.791015097658670507e+06 2.183043374502391741e+07 1.499160744077755325e+07 2.150049091307711974e+07
-4.447507288458341733e+06 2.504851986668093130e+07 -7.099250738236656412e+06 2.219773591388490051e+07
1.125448687661990896e+07 1.194871234331818111e+07 2.081187458095494285e+07 2.429469751827453822e+07
-6.169511896852922626e+06 1.565014078048286960e+07 2.020636727207006887e+07 2.097163243400643021e+07
-2.252469210025352240e+07 -6.207584645344870165e+06 1.267799525799232908e+07 2.468327861789735407e+07
6.778913214624458924e+06 2.180497571213798970e+07 -1.350035371782799624e+07 2.531365071978095919e+07
-1.490626974966391176e+07 6.045248899681861512e+06 2.112982894844434783e+07 2.217348630605404451e+07
-1.243403061361166276e+07 2.280899036151302233e+07 4.394331640170218423e+06 2.020435799928797781e+07
-2.536858153230362386e+07 6.711286779706487432e+06 5.425746059427822940e+06 2.268309120953318477e+07
