1.210050341162903234e+07 2.281696979027799517e+07 -6.500811989779635333e+06 2.495052591054569930e+07
1.790049476916343905e+06 2.183208963230252266e+07 1.498930653794946335e+07 2.150023638420116901e+07
-4.448083944050042890e+06 2.504927163365194574e+07 -7.096214531238704920e+06 2.219714323468958959e+07
1.125344903948778659e+07 1.195116389830492251e+07 2.081102889206785336e+07 2.429414171138931438e+07
-6.171030691529823467e+06 1.564799674196994677e+07 2.020759527910939977e+07 2.097182309508545324e+07
-2.252311914250226691e+07 -6.207979851228475571e+06 1.268058902576306835e+07 2.468328460332204029e+07
6.777511133739664219e+06 2.180389546097972989e+07 -1.350275155763636716e+07 2.531392622381863371e+07
-1.490796946286026388e+07 6.043157931606790982e+06 2.112925407817083970e+07 2.217381997166744620e+07
-1.243405086543461308e+07 2.280835498356975615e+07 4.397500085427397862e+06 2.020412475967767090e+07
-2.536929357607245073e+07 6.711118427596140653e+06 5.422708449983360246e+06 2.268339280164638162e+07
