1.209981531142299809e+07 2.281647649045772478e+07 -6.503852378508701921e+06 2.495085987281280011e+07
1.789084069008538499e+06 2.183374531117506325e+07 1.498700531553865410e+07 2.149997737061925977e+07
-4.448660417427496053e+06 2.505002307596059516e+07 -7.093178170767744072e+06 2.219655833829139173e+07
1.125241137890456989e+07 1.195361541243571043e+07 2.081018275772937760e+07 2.429358529374646395e+07
-6.172549696284063160e+06 1.564585266525240801e+07 2.020882284288360551e+07 2.097203804686756805e+07
-2.252154588407498598e+07 -6.208375187856526114e+06 1.268318252465108223e+07 2.468326183078788966e+07
6.776108786495758221e+06 2.180281506458090991e+07 -1.350514910926474445e+07 2.531417595388470590e+07
-1.490966924299049377e+07 6.041067115012174472e+06 2.112867875820019469e+07 2.217416114087447152e+07
-1.243407100505396910e+07 2.280771923263749853e+07 4.400668435222376138e+06 2.020385316448877007e+07
-2.537000525376123562e+07 6.710950075935401022e+06 5.419670727931270376e+06 2.268367041716039926e+07
