1.209912694826094806e+07 2.281598293086088449e+07 -6.506892630003995262e+06 2.495119053698875010e+07
1.788118873967537656e+06 2.183540078150279075e+07 1.498470377370674349e+07 2.149972854796450958e+07
-4.449236708678290248e+06 2.505077419363221154e+07 -7.090141656628314406e+06 2.219595545071870461e+07
1.125137389493184909e+07 1.195606688552521914e+07 2.080933617799915746e+07 2.429304297587954998e+07
-6.174068911448967643e+06 1.564370854989990219e+07 2.021004996365184337e+07 2.097220773278487101e+07
-2.251997232540404052e+07 -6.208770655168713070e+06 1.268577575396103226e+07 2.468328430666833743e+07
6.774706173237325624e+06 2.180173452326095849e+07 -1.350754637207388505e+07 2.531447334049542621e+07
-1.491136908987022191e+07 6.038976450108522549e+06 2.112810298859182000e+07 2.217453379027430341e+07
-1.243409103251754120e+07 2.280708310889965668e+07 4.403836688539136201e+06 2.020363280313915387e+07
-2.537071656528443471e+07 6.710781724691834301e+06 5.416632893656562082e+06 2.268395581547153369e+07
