1.209843832212968357e+07 2.281548911154396087e+07 -6.509932744140606374e+06 2.495152390594844893e+07
1.787153891617187299e+06 2.183705604350455478e+07 1.498240191211813502e+07 2.149943983411200717e+07
-4.449812817782557569e+06 2.505152498655245081e+07 -7.087104989189845510e+06 2.219536456889582053e+07
1.125033658745676279e+07 1.195851831780027226e+07 2.080848915279448777e+07 2.429247905464307591e+07
-6.175588336554091424e+06 1.564156439661636576e+07 2.021127664102400839e+07 2.097242118384826183e+07
-2.251839846628335118e+07 -6.209166253265495412e+06 1.268836871404992789e+07 2.468330439186895639e+07
6.773303293401300907e+06 2.180065383664042875e+07 -1.350994334697524272e+07 2.531469788989729807e+07
-1.491306900388279185e+07 6.036885936408210546e+06 2.112752676921268180e+07 2.217486174966650456e+07
-1.243411094788490422e+07 2.280644661215968803e+07 4.407004846255285665e+06 2.020337408621094376e+07
-2.537142751064983755e+07 6.710613373810604215e+06 5.413594947146493010e+06 2.268424151043636724e+07
