1.209774943297214434e+07 2.281499503253174573e+07 -6.512972720988266170e+06 2.495184678732728586e+07
1.786189122170367278e+06 2.183871109673177823e+07 1.498009973136537708e+07 2.149918202459511906e+07
-4.450388744829560630e+06 2.505227545474902540e+07 -7.084068168247316964e+06 2.219475897653938085e+07
1.124929945658870973e+07 1.196096970896251313e+07 2.080764168221405149e+07 2.429192204369282722e+07
-6.177107971804882400e+06 1.563942020515180379e+07 2.021250287515603751e+07 2.097263404160425067e+07
-2.251682430685443804e+07 -6.209561982159789652e+06 1.269096140470193140e+07 2.468334067087163776e+07
6.771900147502134554e+06 2.179957300516954064e+07 -1.351234003303954005e+07 2.531495931160925701e+07
-1.491476898451370932e+07 6.034795574527727440e+06 2.112695010023407638e+07 2.217522720957662538e+07
-1.243413075120746903e+07 2.280580974248601496e+07 4.410172907927991822e+06 2.020311236784528568e+07
-2.537213808984597400e+07 6.710445023241514340e+06 5.410556888470455073e+06 2.268452811281252280e+07
