1.209706028080501035e+07 2.281450069390185177e+07 -6.516012560291443951e+06 2.495217806226085499e+07
1.785224565594412386e+06 2.184036594115691260e+07 1.497779723145570606e+07 2.149894967494591698e+07
-4.450964489778726362e+06 2.505302559808063135e+07 -7.081031194279812276e+06 2.219417948970868438e+07
1.124826250234763324e+07 1.196342105892485380e+07 2.080679376628363878e+07 2.429137463036233187e+07
-6.178627817436038516e+06 1.563727597521517612e+07 2.021372866622699425e+07 2.097279622392792255e+07
-2.251524984706364572e+07 -6.209957841913566925e+06 1.269355382602280192e+07 2.468337454174426943e+07
6.770496735328905284e+06 2.179849202873998135e+07 -1.351473643057671003e+07 2.531521233976648375e+07
-1.491646903216854855e+07 6.032705363952166401e+06 2.112637298151526228e+07 2.217555007350524515e+07
-1.243415044253719598e+07 2.280517249992695078e+07 4.413340873215708882e+06 2.020287343946399540e+07
-2.537284830287287384e+07 6.710276672931557521e+06 5.407518717648970895e+06 2.268481141709752753e+07
