1.209637086556346714e+07 2.281400609567369893e+07 -6.519052262153477408e+06 2.495250124029339477e+07
1.784260221673837863e+06 2.184202057706634700e+07 1.497549441195934080e+07 2.149868047043684497e+07
-4.451540052774705924e+06 2.505377541664699838e+07 -7.077994066790425219e+06 2.219357059926109016e+07
1.124722572468614951e+07 1.196587236775947735e+07 2.080594540497389808e+07 2.429082001009191200e+07
-6.180147873066348024e+06 1.563513170738420449e+07 2.021495401391936094e+07 2.097297910220983624e+07
-2.251367508662110940e+07 -6.210353832648288459e+06 1.269614597850677185e+07 2.468334246824406460e+07
6.769093057334588841e+06 2.179741090775470063e+07 -1.351713253876319341e+07 2.531555349152329564e+07
-1.491816914639924280e+07 6.030615305216168985e+06 2.112579541320520267e+07 2.217590084033203125e+07
-1.243417002193101123e+07 2.280453488437027112e+07 4.416508742574959993e+06 2.020260751559585705e+07
-2.537355814959271997e+07 6.710108322860551067e+06 5.404480435292209499e+06 2.268514539681484550e+07
