1.209568118726018257e+07 2.281351123792202771e+07 -6.522091826336771250e+06 2.495283340518806875e+07
1.783296090464098379e+06 2.184367500428158790e+07 1.497319127309329063e+07 2.149839625874052197e+07
-4.452115433736585081e+06 2.505452491025438905e+07 -7.074956786471133120e+06 2.219299409641762450e+07
1.124618912367199361e+07 1.196832363526625931e+07 2.080509659834973887e+07 2.429027469078754634e+07
-6.181668138738989830e+06 1.563298740163797140e+07 2.021617891825791076e+07 2.097317037404647842e+07
-2.251210002632204443e+07 -6.210749954212421551e+06 1.269873786086225882e+07 2.468338743745517731e+07
6.767689112332443707e+06 2.179632964135387540e+07 -1.351952835957395844e+07 2.531572918031549826e+07
-1.491986932754667476e+07 6.028525397884421051e+06 2.112521739518491551e+07 2.217621082599995658e+07
-1.243418948943971843e+07 2.280389689590762928e+07 4.419676515448652208e+06 2.020236078696723655e+07
-2.537426763023198396e+07 6.709939972921980545e+06 5.401442040451425128e+06 2.268543020181857795e+07
