1.209499124584829435e+07 2.281301612067911029e+07 -6.525131252865566872e+06 2.495316586673644558e+07
1.782332172038716264e+06 2.184532922259274870e+07 1.497088781511845998e+07 2.149812464610140026e+07
-4.452690632778422907e+06 2.505527407896266505e+07 -7.071919352986418642e+06 2.219241040408445150e+07
1.124515269928155094e+07 1.197077486146105640e+07 2.080424734640127420e+07 2.428972876072556153e+07
-6.183188614442019723e+06 1.563084305803319439e+07 2.021740337922303751e+07 2.097336853871913254e+07
-2.251052466561648250e+07 -6.211146206792827696e+06 1.270132947401169315e+07 2.468339642431731522e+07
6.766284901457771659e+06 2.179524823046582192e+07 -1.352192389102123119e+07 2.531598159771510214e+07
-1.492156957503354177e+07 6.026435642650321126e+06 2.112463892764753476e+07 2.217657326702241227e+07
-1.243420884511751123e+07 2.280325853451791033e+07 4.422844191840630025e+06 2.020212634329190478e+07
-2.537497674462314323e+07 6.709771623102590442e+06 5.398403533864300698e+06 2.268573238723917305e+07
