1.209430104128667712e+07 2.281252074398112297e+07 -6.528170541739512235e+06 2.495349234286013618e+07
1.781368466316324659e+06 2.184698323205634952e+07 1.496858403792486899e+07 2.149784493656125292e+07
-4.453265649951405823e+06 2.505602292274991795e+07 -7.068881766331874765e+06 2.219181261197534204e+07
1.124411645152451657e+07 1.197322604628099874e+07 2.080339764914594591e+07 2.428918194070247188e+07
-6.184709300226206891e+06 1.562869867653822526e+07 2.021862739684559032e+07 2.097355979310555756e+07
-2.250894900470762327e+07 -6.211542590386931784e+06 1.270392081763788313e+07 2.468339972240846604e+07
6.764880424515211023e+06 2.179416667499421909e+07 -1.352431913338825852e+07 2.531626881084888056e+07
-1.492326988941484503e+07 6.024346038815417327e+06 2.112406001040111110e+07 2.217688175197161362e+07
-1.243422808901858702e+07 2.280261980017503724e+07 4.426011771779619157e+06 2.020189491850424185e+07
-2.537568549289447442e+07 6.709603273318931460e+06 5.395364915001636371e+06 2.268599351229742914e+07
