1.209361057356443256e+07 2.281202510788603127e+07 -6.531209692824714817e+06 2.495381972639515251e+07
1.780404973430057056e+06 2.184863703236005455e+07 1.496627994191635959e+07 2.149760330339621007e+07
-4.453840485243362375e+06 2.505677144151184335e+07 -7.065844026837632991e+06 2.219122682561603934e+07
1.124308038037524372e+07 1.197567718974675983e+07 2.080254750657212734e+07 2.428862372568719462e+07
-6.186230195962470025e+06 1.562655425737492740e+07 2.021985097101168334e+07 2.097376575802553818e+07
-2.250737304359694570e+07 -6.211939105042757466e+06 1.270651189175570011e+07 2.468338923482760787e+07
6.763475681303409860e+06 2.179308497483804077e+07 -1.352671408696829528e+07 2.531654761297770590e+07
-1.492497027013361640e+07 6.022256587047958747e+06 2.112348064363205433e+07 2.217722592261609435e+07
-1.243424722119741514e+07 2.280198069285003841e+07 4.429179255307989195e+06 2.020165597267273068e+07
-2.537639387484542280e+07 6.709434923565777950e+06 5.392326184743805788e+06 2.268629419699930400e+07
