1.209291984264380299e+07 2.281152921243245900e+07 -6.534248706105922349e+06 2.495414320108139142e+07
1.779441693223276176e+06 2.185029062368932366e+07 1.496397552680336870e+07 2.149735568480648473e+07
-4.454415138746305369e+06 2.505751963527972251e+07 -7.062806134283582680e+06 2.219062484545467421e+07
1.124204448587739840e+07 1.197812829171493277e+07 2.080169691872520000e+07 2.428806371329949424e+07
-6.187751301774589345e+06 1.562440980040866509e+07 2.022107410181090608e+07 2.097395821647699177e+07
-2.250579678250168264e+07 -6.212335750754281878e+06 1.270910269602518901e+07 2.468339792503603920e+07
6.762070671784061939e+06 2.179200313002188876e+07 -1.352910875177625194e+07 2.531680962799706683e+07
-1.492667071728601120e+07 6.020167287213407457e+06 2.112290082730457187e+07 2.217758026673751324e+07
-1.243426624170769379e+07 2.280134121253350377e+07 4.432346642371483147e+06 2.020140805742930248e+07
-2.537710189063677192e+07 6.709266573752030730e+06 5.389287342421852052e+06 2.268656221489356831e+07
