1.209222884852763079e+07 2.281103305768838525e+07 -6.537287581388598308e+06 2.495447566262976825e+07
1.778478625630710274e+06 2.185194400607262924e+07 1.496167079251481965e+07 2.149708646284719929e+07
-4.454989610429803841e+06 2.505826750392545015e+07 -7.059768089096787386e+06 2.219004233973630518e+07
1.124100876806041412e+07 1.198057935207589343e+07 2.080084588563877344e+07 2.428750729565664753e+07
-6.189272617574637756e+06 1.562226530580333993e+07 2.022229678916245326e+07 2.097415069237865880e+07
-2.250422022126736864e+07 -6.212732527608757839e+06 1.271169323071758822e+07 2.468338803076258302e+07
6.760665395792431198e+06 2.179092114047290012e+07 -1.353150312804257870e+07 2.531701948431560397e+07
-1.492837123085722327e+07 6.018078139313641936e+06 2.112232056142056361e+07 2.217793883381162956e+07
-1.243428515060191043e+07 2.280070135926615447e+07 4.435513932667150162e+06 2.020117331710027158e+07
-2.537780954001515359e+07 6.709098223884992301e+06 5.386248389144199900e+06 2.268690067931684479e+07
