1.209153759115840495e+07 2.281053664367809147e+07 -6.540326318744917400e+06 2.495480363947218657e+07
1.777515770649888553e+06 2.185359717943065614e+07 1.495936573912984133e+07 2.149679956381734088e+07
-4.455563900391005911e+06 2.505901504748691991e+07 -7.056729891030243598e+06 2.218944845647597313e+07
1.123997322696071677e+07 1.198303037070329115e+07 2.079999440735238045e+07 2.428696197635228187e+07
-6.190794143343296833e+06 1.562012077362594008e+07 2.022351903304090351e+07 2.097434315083010867e+07
-2.250264335999155790e+07 -6.213129435630230233e+06 1.271428349568975344e+07 2.468336974293439090e+07
6.759259853956257924e+06 2.178983900672848895e+07 -1.353389721464748681e+07 2.531731088550163805e+07
-1.493007181102686748e+07 6.015989143111720681e+06 2.112173984591551125e+07 2.217826140108654648e+07
-1.243430394793536700e+07 2.280006113298789784e+07 4.438681126391656697e+06 2.020092658847164735e+07
-2.537851682321416587e+07 6.708929873856312595e+06 5.383209323928623460e+06 2.268720645948229730e+07
