1.209084607050713152e+07 2.281003997044677287e+07 -6.543364918120210990e+06 2.495512622419732064e+07
1.776553128483351320e+06 2.185525014333226904e+07 1.495706036721838079e+07 2.149656272946217656e+07
-4.456138008646761067e+06 2.505976226589738205e+07 -7.053691540261878632e+06 2.218885427656193450e+07
1.123893786251228303e+07 1.198548134771337360e+07 2.079914248382123187e+07 2.428640555870943516e+07
-6.192315879061147571e+06 1.561797620394374430e+07 2.022474083342060074e+07 2.097453562673177943e+07
-2.250106619930672646e+07 -6.213526474707802758e+06 1.271687348992043547e+07 2.468345489999696240e+07
6.757854045752501115e+06 2.178875672843990475e+07 -1.353629101243207231e+07 2.531757201055989414e+07
-1.493177245749790967e+07 6.013900298956189305e+06 2.112115868088758737e+07 2.217859176860879362e+07
-1.243432263376153819e+07 2.279942053369369358e+07 4.441848223469549790e+06 2.020066846485084295e+07
-2.537922374019901827e+07 6.708761523621207103e+06 5.380170146944959648e+06 2.268749007787122205e+07
