1.209015428657079116e+07 2.280954303805778921e+07 -6.546403379347359762e+06 2.495545359028211981e+07
1.775590698873260058e+06 2.185690289813638106e+07 1.495475467624860071e+07 2.149630041778911278e+07
-4.456711935229153372e+06 2.506050915911037475e+07 -7.050653036887572147e+06 2.218826278398143128e+07
1.123790267478158325e+07 1.198793228290850669e+07 2.079829011510961130e+07 2.428585425398038328e+07
-6.193837824932373129e+06 1.561583159650877863e+07 2.022596219045549259e+07 2.097468402338343859e+07
-2.249948873802331090e+07 -6.213923645189597271e+06 1.271946321538023651e+07 2.468340902337452397e+07
6.756447971298631281e+06 2.178767430575178191e+07 -1.353868452114576474e+07 2.531782772605065256e+07
-1.493347317020979524e+07 6.011811606905099005e+06 2.112057706635436416e+07 2.217893203040450066e+07
-1.243434120813433081e+07 2.279877956138016656e+07 4.445015223815981299e+06 2.020040044695657864e+07
-2.537993029082358629e+07 6.708593173161529936e+06 5.377130858842457645e+06 2.268780934705498442e+07
