1.208946223932608403e+07 2.280904584656041116e+07 -6.549441702346961014e+06 2.495578725589551777e+07
1.774628481859344058e+06 2.185855544369125366e+07 1.495244866640074737e+07 2.149602969511109963e+07
-4.457285680181401782e+06 2.506125572709352523e+07 -7.047614380945741199e+06 2.218767129140092805e+07
1.123686766376770288e+07 1.199038317625073716e+07 2.079743730122634396e+07 2.428530472917354479e+07
-6.195359980494778603e+06 1.561368695201222971e+07 2.022718310376462340e+07 2.097487559187378362e+07
-2.249791097724556923e+07 -6.214320946845926344e+06 1.272205267027343996e+07 2.468343361073131859e+07
6.755041630669144914e+06 2.178659173877531290e+07 -1.354107774061194621e+07 2.531809364991878718e+07
-1.493517394910735078e+07 6.009723067009773105e+06 2.111999500233158097e+07 2.217928339053868875e+07
-1.243435967110419646e+07 2.279813821614699438e+07 4.448182126838807948e+06 2.020017200615615025e+07
-2.538063647518531233e+07 6.708424822401301935e+06 5.374091459222777747e+06 2.268811873941551149e+07
