1.208876992870903574e+07 2.280854839597443491e+07 -6.552479887218938209e+06 2.495611104468567669e+07
1.773666477486125194e+06 2.186020777983668447e+07 1.495014233786709793e+07 2.149576918081046641e+07
-4.457859243546718732e+06 2.506200196981452778e+07 -7.044575572474613786e+06 2.218707709403667226e+07
1.123583282946885563e+07 1.199283402770412527e+07 2.079658404217952490e+07 2.428475340699427575e+07
-6.196882345947947353e+06 1.561154227021248825e+07 2.022840357349836826e+07 2.097506716036412865e+07
-2.249633291657102853e+07 -6.214718379826698452e+06 1.272464185527802631e+07 2.468344380165847763e+07
6.753635023910075426e+06 2.178550902759999037e+07 -1.354347067070220411e+07 2.531837934488362074e+07
-1.493687479426093958e+07 6.007634679167469963e+06 2.111941248879195005e+07 2.217962485639942065e+07
-1.243437802272798866e+07 2.279749649788326025e+07 4.451348932985390536e+06 2.019993426438966393e+07
-2.538134229333930090e+07 6.708256471274438314e+06 5.371051947869211435e+06 2.268839064870832860e+07
