1.208807735472273268e+07 2.280805068636781722e+07 -6.555517933768956922e+06 2.495643781746307015e+07
1.772704685705835931e+06 2.186185990657132119e+07 1.494783569061818905e+07 2.149550866650982946e+07
-4.458432625354936346e+06 2.506274788722384721e+07 -7.041536611582642421e+06 2.218648441484136134e+07
1.123479817188315839e+07 1.199528483723288402e+07 2.079573033797719330e+07 2.428419669269772619e+07
-6.198404921271002851e+06 1.560939755117883906e+07 2.022962359963001311e+07 2.097525902550817654e+07
-2.249475455604854971e+07 -6.215115944167945534e+06 1.272723077033110522e+07 2.468344050356732681e+07
6.752228150756550021e+06 2.178442617207595333e+07 -1.354586331181700341e+07 2.531862816753837094e+07
-1.493857570556584559e+07 6.005546443490399048e+06 2.111882952576812357e+07 2.217996632226014882e+07
-1.243439626305935718e+07 2.279685440658902004e+07 4.454515642154668458e+06 2.019969024054479226e+07
-2.538204774510985613e+07 6.708088119769806042e+06 5.368012325559323654e+06 2.268869553891267627e+07
