1.208599805223282427e+07 2.280655600385568291e+07 -6.564631243062175810e+06 2.495741483770409971e+07
1.769820585770222358e+06 2.186681502973463386e+07 1.494091383707046509e+07 2.149472710615770519e+07
-4.460151681840656325e+06 2.506498368722095713e+07 -7.032418814918149263e+06 2.218470363757124543e+07
1.123169525969850272e+07 1.200263701317368820e+07 2.079316655477540940e+07 2.428254872903482616e+07
-6.202973906203459948e+06 1.560296317143201828e+07 2.023328101610848308e+07 2.097584840661233664e+07
-2.249001767638202384e+07 -6.216309425590801984e+06 1.273499589433233812e+07 2.468345369593193755e+07
6.748005934277397580e+06 2.178117674098924547e+07 -1.355303949851533771e+07 2.531943820664584637e+07
-1.494367883576123603e+07 5.999282650056414306e+06 2.111707793997460604e+07 2.218101560385283828e+07
-1.243445031683240086e+07 2.279492589457535744e+07 4.464015186541495845e+06 2.019897403125810251e+07
-2.538416190254154801e+07 6.707583062360447831e+06 5.358892791289484128e+06 2.268958771619505435e+07
