1.204887204609288648e+07 2.277976698680975661e+07 -6.725425852795323357e+06 2.497478270786626264e+07
1.719183171493501402e+06 2.195404300856522843e+07 1.481815629305672646e+07 2.148106255610468984e+07
-4.490253422918597236e+06 2.510399887102824450e+07 -6.871113542319491506e+06 2.215345148421428725e+07
1.117713973169940524e+07 1.213246117455855571e+07 2.074721302844566479e+07 2.425335044885561243e+07
-6.284003486928573810e+06 1.548923592929667607e+07 2.029723629259742051e+07 2.098610461503687128e+07
-2.240588929241947085e+07 -6.237590317893342115e+06 1.287177728147403896e+07 2.468412013719763234e+07
6.673018407856283709e+06 2.172355779089106247e+07 -1.367938793416099437e+07 2.533323016073857993e+07
-1.503393081377107650e+07 5.888849431999906898e+06 2.108546663881524280e+07 2.219903342482493445e+07
-1.243524175768469088e+07 2.276030177109756321e+07 4.631694338018494658e+06 2.018627332653171942e+07
-2.542096812356797978e+07 6.698658241983601823e+06 5.197617803803582676e+06 2.270545333201244473e+07
