1.204816441598132625e+07 2.277925459012283385e+07 -6.728455910994449630e+06 2.497511068470868096e+07
1.718233472082271241e+06 2.195568310382058099e+07 1.481583156040090136e+07 2.148080834133265913e+07
-4.490816519247137941e+06 2.510472618170640990e+07 -6.868066001287458465e+06 2.215286777443089709e+07
1.117611516487318650e+07 1.213490948403582536e+07 2.074633398181433603e+07 2.425280212811379507e+07
-6.285537992307584733e+06 1.548708919880219921e+07 2.029843099160887673e+07 2.098629827755334601e+07
-2.240429391792101786e+07 -6.237995430218163878e+06 1.287435071168884821e+07 2.468413542358837277e+07
6.671596362127483822e+06 2.172246680568572879e+07 -1.368176400154860131e+07 2.533343821968469024e+07
-1.503563541513162479e+07 5.886769940983535722e+06 2.108485807773387805e+07 2.219937668805808946e+07
-1.243525374324874580e+07 2.275963840783077106e+07 4.634855401554347016e+06 2.018601761104096472e+07
-2.542165268007843196e+07 6.698489784258672968e+06 5.194571942456649616e+06 2.270575942628181726e+07
