1.204745652098808438e+07 2.277874193714509532e+07 -6.731485827103807591e+06 2.497544764841323346e+07
1.717283984378594905e+06 2.195732298630944639e+07 1.481350651192164235e+07 2.148055861126658320e+07
-4.491379436229370534e+06 2.510545316481651738e+07 -6.865018311697077006e+06 2.215229038162632659e+07
1.117509077536577731e+07 1.213735774777010828e+07 2.074545449111708254e+07 2.425225289996065572e+07
-6.287072706406593323e+06 1.548494243496439233e+07 2.029962524555640295e+07 2.098649194006982073e+07
-2.240269824626491964e+07 -6.238400676026530564e+06 1.287692386858081631e+07 2.468415910353384539e+07
6.670174050625516102e+06 2.172137567972861975e+07 -1.368413977605800889e+07 2.533372272803471982e+07
-1.503734007981458679e+07 5.884690604623913765e+06 2.108424906796390563e+07 2.219971965463754535e+07
-1.243526562064170092e+07 2.275897467121158913e+07 4.638016364006830379e+06 2.018576487953744084e+07
-2.542233686974259466e+07 6.698321323200309649e+06 5.191525973453832790e+06 2.270606220500981808e+07
