1.204674836103570089e+07 2.277822902788627148e+07 -6.734515601280195639e+06 2.497577173385709524e+07
1.716334708333574235e+06 2.195896265603183210e+07 1.481118114758716524e+07 2.148030289577582851e+07
-4.491942173962508328e+06 2.510617982039580867e+07 -6.861970473296994343e+06 2.215168810481125861e+07
1.117406656318811327e+07 1.213980596569349617e+07 2.074457455637373403e+07 2.425170309595033154e+07
-6.288607629205287434e+06 1.548279563785041496e+07 2.030081905441500247e+07 2.098668562003651261e+07
-2.240110227731074020e+07 -6.238806055402154103e+06 1.287949675239377655e+07 2.468415639875009656e+07
6.668751472730663605e+06 2.172028441259786487e+07 -1.368651525867591240e+07 2.533395266955387592e+07
-1.503904480776754394e+07 5.882611422967907041e+06 2.108363960952053964e+07 2.220006290042048693e+07
-1.243527738991675153e+07 2.275831056127445400e+07 4.641177225117022172e+06 2.018553314064585790e+07
-2.542302069262312353e+07 6.698152858740069903e+06 5.188479896538905799e+06 2.270633022290408239e+07
