1.204533124624476582e+07 2.277720244078291208e+07 -6.740574723170955665e+06 2.497642166721681133e+07
1.714436791223833337e+06 2.196224135683035851e+07 1.480652947171747684e+07 2.147979504208894819e+07
-4.493067111647976562e+06 2.510763214856658503e+07 -6.855874351345727220e+06 2.215050871439510584e+07
1.117201867089769244e+07 1.214470226375949383e+07 2.074281335485547408e+07 2.425061243989138678e+07
-6.291678101106735878e+06 1.547850194366222434e+07 2.030320533698794246e+07 2.098701719162378460e+07
-2.239790944811153412e+07 -6.239617214895054698e+06 1.288464169987899065e+07 2.468415161739043519e+07
6.665905519009069540e+06 2.171810145598590374e+07 -1.369126534596181102e+07 2.533450997715782747e+07
-1.504245445324072987e+07 5.878453523994380608e+06 2.108241934668641537e+07 2.220075843119915575e+07
-1.243530060433182493e+07 2.275698122124332190e+07 4.647498643897837028e+06 2.018505076427687705e+07
-2.542438723755270988e+07 6.697815919520989992e+06 5.182387421205484308e+06 2.270695679042224586e+07
