1.204462229136993736e+07 2.277668876304401457e+07 -6.743604070690706372e+06 2.497675414621540532e+07
1.713488150121883489e+06 2.196388038780171797e+07 1.480420316026742384e+07 2.147954112397062033e+07
-4.493629311685299501e+06 2.510835782109151408e+07 -6.852826067883879878e+06 2.214992741274175793e+07
1.117099499076675624e+07 1.214715034386188351e+07 2.074193208808587119e+07 2.425006052440471575e+07
-6.293213649884946644e+06 1.547635504711923748e+07 2.030439781043178588e+07 2.098721055748656020e+07
-2.239631258816815913e+07 -6.240022995032058097e+06 1.288721376310007833e+07 2.468418937966162339e+07
6.664482142816004343e+06 2.171700976633100957e+07 -1.369363995114411972e+07 2.533475941057019681e+07
-1.504415937072789855e+07 5.876374806682961062e+06 2.108180854230045155e+07 2.220109928630226478e+07
-1.243531204957888648e+07 2.275631599118370563e+07 4.650659201215119101e+06 2.018482052610402182e+07
-2.542506995972318202e+07 6.697647444626300596e+06 5.179341022292304784e+06 2.270725419448317960e+07
