1.226497363758455962e+07 2.293244979808065668e+07 -5.733504809226967394e+06 2.486833119693955407e+07
2.039135963352113031e+06 2.141007526133832708e+07 1.555667956184738129e+07 2.156968661048462242e+07
-4.297528274106273428e+06 2.485049760349547118e+07 -7.853312831217614003e+06 2.234805006526923552e+07
1.151945505507550761e+07 1.133471371332838759e+07 2.100927420265273750e+07 2.443498990490967035e+07
-5.796456481269069947e+06 1.618476905528651737e+07 1.988553030662380904e+07 2.092502489174856991e+07
-2.290838849237596244e+07 -6.112783988893659785e+06 1.202125568451532349e+07 2.468401639565316960e+07
7.121079875928815454e+06 2.207034044193078578e+07 -1.289198378232269362e+07 2.524708210030351207e+07
-1.448356966405050270e+07 6.572625398353430443e+06 2.125940319095218927e+07 2.208832577089108154e+07
-1.242530588549927622e+07 2.295615473309445381e+07 3.599394641365212388e+06 2.026955058184556663e+07
-2.517911167598864436e+07 6.753522202949168161e+06 6.181456804067155346e+06 2.261048598388239741e+07
