1.226248019551913440e+07 2.293074158351284638e+07 -5.745795320128112100e+06 2.486964099283287674e+07
2.035060173853919841e+06 2.141689878308669478e+07 1.554779957832682133e+07 2.156854290576374903e+07
-4.300020607409583405e+06 2.485382239187503234e+07 -7.841328730985673144e+06 2.234560884960832447e+07
1.151512967304474115e+07 1.134455247982712463e+07 2.100633637248946354e+07 2.443271057491873205e+07
-5.802320468784418888e+06 1.617623940435595438e+07 1.989087955169518664e+07 2.092576148288957775e+07
-2.290240072332298383e+07 -6.114239625838682055e+06 1.203189137702052668e+07 2.468399152909289300e+07
7.115736178133504465e+06 2.206617048626502976e+07 -1.290185528477953188e+07 2.524816284463878348e+07
-1.449029600820809044e+07 6.564116491909248754e+06 2.125755227373657003e+07 2.208968981951135397e+07
-1.242550505116375163e+07 2.295398293156317621e+07 3.612155116231020540e+06 2.026843205778888613e+07
-2.518232241561954096e+07 6.752842083765478805e+06 6.169425865533161908e+06 2.261161859026478976e+07
