1.226185619515686482e+07 2.293031385210647807e+07 -5.748867644771419466e+06 2.486996956298269704e+07
2.034041766950504854e+06 2.141860417864929512e+07 1.554557875372796133e+07 2.156825209788511693e+07
-4.300643212444618344e+06 2.485465280251351744e+07 -7.838332281633649021e+06 2.234499638186609745e+07
1.151404876127919182e+07 1.134701210968612507e+07 2.100560079080451652e+07 2.443213227470283955e+07
-5.803787002112563699e+06 1.617410685382604226e+07 1.989221577177065611e+07 2.092594226714536175e+07
-2.290090300320476666e+07 -6.114603837978679687e+06 1.203454966212842241e+07 2.468396303288732097e+07
7.114399588454994373e+06 2.206512760066925734e+07 -1.290432247218881175e+07 2.524842667448078841e+07
-1.449197779117517546e+07 6.561989616196295246e+06 2.125708841264638677e+07 2.209003037796076387e+07
-1.242555452901500277e+07 2.295343905412642658e+07 3.615345037975860294e+06 2.026818501505634561e+07
-2.518312419238258526e+07 6.752672086328640580e+06 6.166417811013596132e+06 2.261190369192222133e+07
