1.226123193879139796e+07 2.292988584967933595e+07 -5.751939848081264645e+06 2.487029574245268852e+07
2.033023576252790168e+06 2.142030938007498905e+07 1.554335759782611206e+07 2.156797149838386104e+07
-4.301265626247756183e+06 2.485548289850326255e+07 -7.835335662630000152e+06 2.234437670718394592e+07
1.151296802303843200e+07 1.134947171470836550e+07 2.100486475949358940e+07 2.443155067639579251e+07
-5.805253749983347952e+06 1.617197424831980653e+07 1.989355155530827120e+07 2.092612273729722574e+07
-2.289940497214976326e+07 -6.114968171329395846e+06 1.203720769169842638e+07 2.468395015462663025e+07
7.113062732767570764e+06 2.206408455657831207e+07 -1.290678938404786028e+07 2.524870757063574344e+07
-1.449365965301575698e+07 6.559862880686790682e+06 2.125662409880951419e+07 2.209033587892273068e+07
-1.242560388155199587e+07 2.295289480578300357e+07 3.618534881173822097e+06 2.026791519978965446e+07
-2.518392560586347058e+07 6.752502101734848693e+06 6.163409628657011315e+06 2.261218879357965291e+07
