1.225748102300048061e+07 2.292731214625272155e+07 -5.770370515740056522e+06 2.487225878724709526e+07
2.026918970731175505e+06 2.143053651009490341e+07 1.553002370555826090e+07 2.156621351109811291e+07
-4.304996094710844569e+06 2.486045686382786185e+07 -7.817352391884336248e+06 2.234074111136984453e+07
1.150648723900936544e+07 1.136422881821157038e+07 2.100043913079359382e+07 2.442816571805908531e+07
-5.814058741438505240e+06 1.615917746495794877e+07 1.990155708741875738e+07 2.092725324965348840e+07
-2.289041025682609528e+07 -6.117156719470255077e+06 1.205315050256603584e+07 2.468387309446509182e+07
7.105036010449186899e+06 2.205782296519139409e+07 -1.292158506914318167e+07 2.525032735219699517e+07
-1.450375247234871611e+07 6.547105421345016919e+06 2.125382871022414416e+07 2.209240264781138301e+07
-1.242589736807291582e+07 2.294962152680344135e+07 3.637672282973927911e+06 2.026619439891790971e+07
-2.518872645705514401e+07 6.751482461078409106e+06 6.145357853567856364e+06 2.261391140927404165e+07
