1.225309329684956558e+07 2.292429717582707480e+07 -5.791867417949683964e+06 2.487455010553761944e+07
2.019806762868293561e+06 2.144245931125962362e+07 1.551445243630508706e+07 2.156420999924876913e+07
-4.309339618160637096e+06 2.486624549207551777e+07 -7.796364214779235423e+06 2.233647057193306461e+07
1.149893422476488911e+07 1.138144428609757870e+07 2.099525544494567066e+07 2.442420696166266128e+07
-5.824340988052704372e+06 1.614424540515079908e+07 1.991087700325433165e+07 2.092850488397108763e+07
-2.287990228493817151e+07 -6.119715554759206250e+06 1.207173880902620591e+07 2.468378736154533550e+07
7.095659393485831097e+06 2.205051057905744389e+07 -1.293883415283721313e+07 2.525221035284262896e+07
-1.451553099289825372e+07 6.532228124061493203e+06 2.125054682958066463e+07 2.209473623052927479e+07
-1.242623408466971293e+07 2.294578582387331501e+07 3.659995642128419131e+06 2.026432518394428864e+07
-2.519431091636992991e+07 6.750293447964230552e+06 6.124291653714408167e+06 2.261593141157915071e+07
