1.225246545341979526e+07 2.292386538383208215e+07 -5.794937915465288796e+06 2.487487508094258606e+07
2.018791597231701016e+06 2.144416178950002417e+07 1.551222664592484199e+07 2.156391050116170198e+07
-4.309959358237358741e+06 2.486707117828631029e+07 -7.793365228555404581e+06 2.233586079152436927e+07
1.149785591754138470e+07 1.138390353606542945e+07 2.099451312068929896e+07 2.442364365118380636e+07
-5.825810737801724114e+06 1.614211203712422028e+07 1.991220667228138819e+07 2.092868687229189277e+07
-2.287839990405825153e+07 -6.120081589463452809e+06 1.207439325701186992e+07 2.468378167277435213e+07
7.094318812286377884e+06 2.204946532080888748e+07 -1.294129720354189910e+07 2.525246786570581421e+07
-1.451721395102156326e+07 6.530103360053099692e+06 2.125007617928524688e+07 2.209509387274185196e+07
-1.242628168830876797e+07 2.294523638236135617e+07 3.663184375002082437e+06 2.026405208803666383e+07
-2.519510724257597700e+07 6.750123637902682647e+06 6.121281688020416535e+06 2.261619702134336904e+07
