1.225183735355872847e+07 2.292343332149345428e+07 -5.798008290615300648e+06 2.487520365109240636e+07
2.017776647577282041e+06 2.144586407278950512e+07 1.551000052485959232e+07 2.156360890904850513e+07
-4.310578907602026127e+06 2.486789654920004681e+07 -7.790366073728975840e+06 2.233525162187329307e+07
1.149677778405529261e+07 1.138636276020607352e+07 2.099377034704959765e+07 2.442307915409014747e+07
-5.827280701849964447e+06 1.613997861513843574e+07 1.991353590434771404e+07 2.092886884316248447e+07
-2.287689721275183931e+07 -6.120447745997343212e+06 1.207704744880972616e+07 2.468376937037084624e+07
7.092977965051843785e+06 2.204841990488119423e+07 -1.294375997788771614e+07 2.525274338719370589e+07
-1.451889698714650795e+07 6.527978737150667235e+06 2.124960507645563781e+07 2.209544703024846688e+07
-1.242632916742340289e+07 2.294468656983490661e+07 3.666373028042441234e+06 2.026377897467881814e+07
-2.519590320525196567e+07 6.749953839943772182e+06 6.118271595624713227e+06 2.261648212300079688e+07
