1.225058038439891301e+07 2.292256838594515622e+07 -5.804148673691629432e+06 2.487585869736591727e+07
2.015747396367791109e+06 2.144926805394151807e+07 1.550554729130662233e+07 2.156305910503818095e+07
-4.311817434329195879e+06 2.486954634495729581e+07 -7.784367258571879938e+06 2.233403956464953348e+07
1.149462203834385611e+07 1.139128113075924292e+07 2.099228345167990401e+07 2.442194502953881025e+07
-5.830221272789433599e+06 1.613571160954521410e+07 1.991619305749516562e+07 2.092923069087753445e+07
-2.287389089928241447e+07 -6.121180424649508670e+06 1.208235506316270679e+07 2.468377626320685446e+07
7.090295472242370248e+06 2.204632860002836585e+07 -1.294868469770641439e+07 2.525329769336020574e+07
-1.452226329328535683e+07 6.523729914756504819e+06 2.124866151321824640e+07 2.209612725718617812e+07
-1.242642375229197741e+07 2.294358583168832958e+07 3.672750094408294652e+06 2.026322674508823082e+07
-2.519749404013387859e+07 6.749614280096765608e+06 6.112251030328571796e+06 2.261704604423727468e+07
