-2.747532538460055366e+05 2.566456545713001117e+07 6.741513566502988338e+06 2.124814961387222633e+07
1.528312010997060500e+07 9.544181206414174289e+06 1.999104963029614091e+07 2.581815077146296948e+07
-5.564154906662931666e+06 2.568993905617825687e+07 2.556128203170340508e+06 2.077913480681668594e+07
8.916405167864061892e+06 1.893125980531371012e+07 1.628034944241929427e+07 2.297838199675160274e+07
-1.164370922793037072e+07 9.235330677878022194e+06 2.180716373231101781e+07 2.167436934989102185e+07
-1.656949352289343998e+07 -8.163180341245453805e+06 1.909994653983987495e+07 2.513886454009045660e+07
-1.072597521426547132e+07 1.739436820654727519e+07 -1.602207083552401699e+07 2.351370131423910707e+07
-2.015188435879640654e+07 5.389853960334621370e+05 1.738144178288129345e+07 2.319982789485101029e+07
-1.223177798297848180e+07 1.915807130666231737e+07 1.329599821638128534e+07 2.004412674956044182e+07
-2.583650604972145706e+07 5.961392787504075095e+06 -4.058460576751262881e+06 2.382724824005329236e+07
