1.305178276046321541e+07 2.318217595433117449e+07 6.906953416010608198e+05 3.277835491473976895e+07
4.575199560198769905e+06 1.761415661594960839e+07 1.933129636000235379e+07 3.090604608731421083e+07
-2.585242406785535626e+06 2.256681935359159857e+07 -1.352015816207340360e+07 3.223466570501473919e+07
1.405750551700537279e+07 6.357928676152572036e+06 2.155504145263680071e+07 3.422776691150896251e+07
-3.267258771139966324e+06 2.032187104310522601e+07 1.629667753035540134e+07 2.919147035389479250e+07
9.302637258881017566e+06 2.379160542022725940e+07 -7.366087731291376054e+06 3.319328296386357397e+07
-1.127881038906918280e+07 1.113131738388713077e+07 2.125150180514695123e+07 2.994443838465132564e+07
-1.199100652692809328e+07 2.331505572856319323e+07 -2.969650307748084422e+06 2.960610131306157634e+07
-1.183586942828600481e+07 -8.674150193340752274e+06 2.210286371542642638e+07 3.416497926560960710e+07
-1.889768026895946637e+07 1.188883770907893591e+07 -1.417494064777086303e+07 3.255814925596577674e+07
