1.305036975721530430e+07 2.318380889221454784e+07 6.652368154441033257e+05 3.278053739602225274e+07
4.563464962518678047e+06 1.762994595068262517e+07 1.931963683011807129e+07 3.090213230012889951e+07
-2.593821895058986731e+06 2.257779415476163104e+07 -1.349997886647668295e+07 3.222902930213503912e+07
1.404639013346749358e+07 6.376965589064325206e+06 2.155664408935286850e+07 3.422254182771160454e+07
-3.275374618126983754e+06 2.030683184491419792e+07 1.631391142723436654e+07 2.919203666581109911e+07
9.296115041772427037e+06 2.378670214683980495e+07 -7.389373053976363502e+06 3.319565041745409742e+07
-1.129030373165491410e+07 1.111286579259944148e+07 2.125524919257281348e+07 2.994696144183343276e+07
-1.199426956533925235e+07 2.331643455516811833e+07 -2.944012652270441875e+06 2.960209099127173424e+07
-1.182274042516013049e+07 -8.692379321166008711e+06 2.210269419565500692e+07 3.417014379715140164e+07
-1.889174276605203748e+07 1.187537782401515171e+07 -1.419413366199277900e+07 3.256377365309567377e+07
