1.305019233560437150e+07 2.318401147387607396e+07 6.620544356166375801e+05 3.278080900866137072e+07
4.561999104718042538e+06 1.763191931259660423e+07 1.931817753683700785e+07 3.090165292519737408e+07
-2.594893241321064532e+06 2.257916505640154332e+07 -1.349745514273522608e+07 3.222832778593168780e+07
1.404500125594277680e+07 6.379345653713977896e+06 2.155684234305436537e+07 3.422191494608952105e+07
-3.276390086644933559e+06 2.030495108437223360e+07 1.631606404703492112e+07 2.919217277750946581e+07
9.295298697054456919e+06 2.378608807150112092e+07 -7.392283014506176114e+06 3.319594391266626120e+07
-1.129174109684404545e+07 1.111055948228551820e+07 2.125571556967203692e+07 2.994725043488942087e+07
-1.199467644813267514e+07 2.331660545690799877e+07 -2.940807657024268061e+06 2.960158704643362761e+07
-1.182109994247112423e+07 -8.694658412888668478e+06 2.210267088272159174e+07 3.417076376848725975e+07
-1.889100030264930427e+07 1.187369398348002881e+07 -1.419653141266956367e+07 3.256446977718174458e+07
