1.305001473690398782e+07 2.318421371437558532e+07 6.588720417876413558e+05 3.278108121460789442e+07
4.560533461808746681e+06 1.763389260656895489e+07 1.931671783207099140e+07 3.090117115958601609e+07
-2.595964345465617254e+06 2.258053574708046019e+07 -1.349493112764127366e+07 3.222762417570220679e+07
1.404361249947208166e+07 6.381725818763528019e+06 2.155704013547175750e+07 3.422123503325573355e+07
-3.277405775038114749e+06 2.030307013209126145e+07 1.631821630804398097e+07 2.919221654265555739e+07
9.294482115015041083e+06 2.378547373715998232e+07 -7.395192818193935789e+06 3.319623801863604784e+07
-1.129317861684483476e+07 1.110825320308120549e+07 2.125618149197928980e+07 2.994754783895035833e+07
-1.199508310949512571e+07 2.331677603594955057e+07 -2.937602597988129128e+06 2.960108699299408123e+07
-1.181945960299478099e+07 -8.696937604232290760e+06 2.210264709802344441e+07 3.417142450353175402e+07
-1.889025777820835263e+07 1.187200984193054587e+07 -1.419892885735449567e+07 3.256516679122892022e+07
