1.304983696106757037e+07 2.318441561373622715e+07 6.556896340246724430e+05 3.278135403131203726e+07
4.559068033837929368e+06 1.763586583249127865e+07 1.931525771588452160e+07 3.090069389613083750e+07
-2.597035207511261106e+06 2.258190622674690932e+07 -1.349240682123620622e+07 3.222691697072786838e+07
1.404222386452955008e+07 6.384106083407520317e+06 2.155723746653839946e+07 3.422059645998776704e+07
-3.278421682866577990e+06 2.030118898897045106e+07 1.632036820925871097e+07 2.919230108896050602e+07
9.293665295621588826e+06 2.378485914385365322e+07 -7.398102465003912337e+06 3.319653001312948391e+07
-1.129461629149644263e+07 1.110594695526113734e+07 2.125664695944239572e+07 2.994788150456376001e+07
-1.199548954946079850e+07 2.331694629225404561e+07 -2.934397475276226643e+06 2.960059501900534704e+07
-1.181781940637185797e+07 -8.699216895695170388e+06 2.210262284155510366e+07 3.417205286842234433e+07
-1.888951519278293103e+07 1.187032539938039333e+07 -1.420132599600293860e+07 3.256586382272631302e+07
