1.304965900804973021e+07 2.318461717197981849e+07 6.525072124170786701e+05 3.278162953534970805e+07
4.557602820692902431e+06 1.763783899047041684e+07 1.931379718818277493e+07 3.090019532595979795e+07
-2.598105827438134700e+06 2.258327649530012906e+07 -1.348988222365227342e+07 3.222621545452451706e+07
1.404083535086053051e+07 6.386486448089586571e+06 2.155743433629144728e+07 3.421993631825067848e+07
-3.279437810456384905e+06 2.029930765449046716e+07 1.632251975129934214e+07 2.919233345911441371e+07
9.292848238873206079e+06 2.378424429164358228e+07 -7.401011954786496237e+06 3.319682890045892820e+07
-1.129605412104489096e+07 1.110364073844737187e+07 2.125711197214084119e+07 2.994819449166913703e+07
-1.199589576810182445e+07 2.331711622579881176e+07 -2.931192288701808080e+06 2.960008718276868388e+07
-1.181617935301031172e+07 -8.701496286709534004e+06 2.210259811332231015e+07 3.417271601159688830e+07
-1.888877254642976820e+07 1.186864065584940836e+07 -1.420372282856115140e+07 3.256656113342719153e+07
