1.304948087779917754e+07 2.318481838913480937e+07 6.493247769497547997e+05 3.278189996137402207e+07
4.556137822580718435e+06 1.763981208018263429e+07 1.931233624918965250e+07 3.089971506106716394e+07
-2.599176205292583443e+06 2.258464655272424594e+07 -1.348735733486534655e+07 3.222551034357630834e+07
1.403944695855741203e+07 6.388866912658446468e+06 2.155763074471861869e+07 3.421926659634404629e+07
-3.280454157448533922e+06 2.029742612940026820e+07 1.632467093333554082e+07 2.919242280422924086e+07
9.292030944706924260e+06 2.378362918054446951e+07 -7.403921287613147870e+06 3.319712091240258515e+07
-1.129749210519131273e+07 1.110133455313587934e+07 2.125757652997786924e+07 2.994854344367327914e+07
-1.199630176543325931e+07 2.331728583653713390e+07 -2.927987038529815152e+06 2.959958173721185699e+07
-1.181453944275246933e+07 -8.703775777493633330e+06 2.210257291332250461e+07 3.417337765405270457e+07
-1.888802983920336887e+07 1.186695561135294661e+07 -1.420611935498212092e+07 3.256725814747436717e+07
