1.304930257027263194e+07 2.318501926522075385e+07 6.461423277467661537e+05 3.278217066660181805e+07
4.554673039445942268e+06 1.764178510165764764e+07 1.931087489886749536e+07 3.089923900167701021e+07
-2.600246341061387211e+06 2.258601639892682433e+07 -1.348483215499239974e+07 3.222480912402665988e+07
1.403805868782618642e+07 6.391247476768032648e+06 2.155782669179172069e+07 3.421862383502382040e+07
-3.281470724118165672e+06 2.029554441327445582e+07 1.632682175588000566e+07 2.919249115673212707e+07
9.291213413132563233e+06 2.378301381062556803e+07 -7.406830463297036476e+06 3.319741889232070744e+07
-1.129893024434857070e+07 1.109902839868122153e+07 2.125804063308662176e+07 2.994883664223174006e+07
-1.199670754148963094e+07 2.331745512443054095e+07 -2.924781724871082697e+06 2.959908257373341173e+07
-1.181289967539305054e+07 -8.706055368331992999e+06 2.210254724155212939e+07 3.417399282657868415e+07
-1.888728707116056606e+07 1.186527026591116935e+07 -1.420851557521171123e+07 3.256795516152154282e+07
