1.304894542320263945e+07 2.318541999428107217e+07 6.397773883633776568e+05 3.278270909307017550e+07
4.551744117990414612e+06 1.764573093987528607e+07 1.930795096418848261e+07 3.089826437211581320e+07
-2.602385886448173784e+06 2.258875545750215650e+07 -1.347978092207938805e+07 3.222340338683620468e+07
1.403528251079246029e+07 6.396008904129592702e+06 2.155821720191994682e+07 3.421732543412268162e+07
-3.283504516311138868e+06 2.029178040858454630e+07 1.633112232183400728e+07 2.919263054907143116e+07
9.289577637561978772e+06 2.378178229442795366e+07 -7.412648343329876661e+06 3.319799748919030279e+07
-1.130180698636467382e+07 1.109441618454311974e+07 2.125896747468914464e+07 2.994951056964084506e+07
-1.199751842994745821e+07 2.331779273154206574e+07 -2.918370907285261434e+06 2.959809506591152400e+07
-1.180962057053919882e+07 -8.710614848541870713e+06 2.210249448271672428e+07 3.417526784418804944e+07
-1.888580135277287290e+07 1.186189867209192179e+07 -1.421330709713768028e+07 3.256931832018071413e+07
