1.304876658357279375e+07 2.318561984729437158e+07 6.365948984384278301e+05 3.278298820930292085e+07
4.550279979769740254e+06 1.764770375639306381e+07 1.930648837996676564e+07 3.089778080913202837e+07
-2.603455296110072173e+06 2.259012466978022456e+07 -1.347725486910704151e+07 3.222269408783573657e+07
1.403389460451490246e+07 6.398389767352951691e+06 2.155841176497328281e+07 3.421665928951068968e+07
-3.284521741828724742e+06 2.028989812019930407e+07 1.633327206509159505e+07 2.919270970325909927e+07
9.288759393575571477e+06 2.378116614828069508e+07 -7.415557047339436598e+06 3.319830028536852077e+07
-1.130324558955311589e+07 1.109211012436440587e+07 2.125943021328882501e+07 2.994981127179293707e+07
-1.199792354246049561e+07 2.331796105070102215e+07 -2.915165403243452776e+06 2.959758300672217086e+07
-1.180798123307525553e+07 -8.712894737869111821e+06 2.210246739565173164e+07 3.417591838830538094e+07
-1.888505840266855061e+07 1.186021242404325120e+07 -1.421570239831630327e+07 3.257003632683983073e+07
