1.304858756647349149e+07 2.318581935933948681e+07 6.334123949232045561e+05 3.278325591309326515e+07
4.548816056550735608e+06 1.764967650446103513e+07 1.930502538451057673e+07 3.089729544877581671e+07
-2.604524463734187186e+06 2.259149367059664428e+07 -1.347472852527781948e+07 3.222199018095255643e+07
1.403250681987183355e+07 6.400770730037832633e+06 2.155860586666739732e+07 3.421600185255734622e+07
-3.285539187012665905e+06 2.028801564113605767e+07 1.633542144855342247e+07 2.919278404118667170e+07
9.287940912054631859e+06 2.378054974346645921e+07 -7.418465594047463499e+06 3.319859978345558792e+07
-1.130468434729005024e+07 1.108980409585028142e+07 2.125989249701048434e+07 2.995012994766929746e+07
-1.199832843384481966e+07 2.331812904686463624e+07 -2.911959836095405277e+06 2.959708686213139445e+07
-1.180634203888405859e+07 -8.715174726726572961e+06 2.210243983682091534e+07 3.417656114962560683e+07
-1.888431539191593975e+07 1.185852587499694340e+07 -1.421809739327700809e+07 3.257073184016827866e+07
