1.304840837186570093e+07 2.318601853043126687e+07 6.302298780191690894e+05 3.278352483839885145e+07
4.547352348437330686e+06 1.765164918389403075e+07 1.930356197794153169e+07 3.089682685807885230e+07
-2.605593389345724136e+06 2.259286245990826190e+07 -1.347220189061787724e+07 3.222128835064528137e+07
1.403111915684995800e+07 6.403151792214054614e+06 2.155879950700506940e+07 3.421534230412765592e+07
-3.286556851876861416e+06 2.028613297145342082e+07 1.633757047217866033e+07 2.919285270779347420e+07
9.287122192969728261e+06 2.377993308002517745e+07 -7.421373983406344429e+06 3.319889448273277655e+07
-1.130612325952229090e+07 1.108749809910250455e+07 2.126035432583699003e+07 2.995047200683743134e+07
-1.199873310416899994e+07 2.331829672000861540e+07 -2.908754205682906788e+06 2.959658530797312409e+07
-1.180470298787362501e+07 -8.717454815241307020e+06 2.210241180622234195e+07 3.417717183744562417e+07
-1.888357232062607259e+07 1.185683902509629726e+07 -1.422049208179087006e+07 3.257142705684302747e+07
