1.304822899970432930e+07 2.318621736059141532e+07 6.270473478184635751e+05 3.278379734099907428e+07
4.545888855213275179e+06 1.765362179493842274e+07 1.930209816006106883e+07 3.089632800870433077e+07
-2.606662072969663888e+06 2.259423103767165542e+07 -1.346967496515398100e+07 3.222058535117342323e+07
1.402973161556240357e+07 6.405532953694468364e+06 2.155899268597139791e+07 3.421469715212760121e+07
-3.287574736302972771e+06 2.028425011145412549e+07 1.633971913564798981e+07 2.919295372710397094e+07
9.286303236287243664e+06 2.377931615799367055e+07 -7.424282215383009985e+06 3.319918138176263496e+07
-1.130756232644403353e+07 1.108519213382636756e+07 2.126081569983054325e+07 2.995079129347141460e+07
-1.199913755345343426e+07 2.331846407008872554e+07 -2.905548512229143176e+06 2.959609274067698419e+07
-1.180306408082850836e+07 -8.719735002320840955e+06 2.210238330386931822e+07 3.417788652856337279e+07
-1.888282918874720111e+07 1.185515187411527149e+07 -1.422288646415342949e+07 3.257207850837168843e+07
