1.304804944994599000e+07 2.318641584983968735e+07 6.238648044463834958e+05 3.278407884791165218e+07
4.544425577065938152e+06 1.765559433729673550e+07 1.930063393107410520e+07 3.089583455144708604e+07
-2.607730514615223743e+06 2.259559940382326022e+07 -1.346714774894993566e+07 3.221988233425134420e+07
1.402834419593618438e+07 6.407914214611305855e+06 2.155918540357744694e+07 3.421404269916149229e+07
-3.288592840497070923e+06 2.028236706084119156e+07 1.634186743932648562e+07 2.919302958320048451e+07
9.285484042042713612e+06 2.377869897746057436e+07 -7.427190289699996822e+06 3.319948267722212523e+07
-1.130900154807306267e+07 1.108288620000999793e+07 2.126127661899655685e+07 2.995107848915497586e+07
-1.199954178175253421e+07 2.331863109707478061e+07 -2.902342755688413978e+06 2.959559839345863834e+07
-1.180142531644885987e+07 -8.722015289772728458e+06 2.210235432973885909e+07 3.417846002996938676e+07
-1.888208599654848129e+07 1.185346442255670391e+07 -1.422528053962602280e+07 3.257277222432770953e+07
