1.304786972253052890e+07 2.318661399821447209e+07 6.206822477282062173e+05 3.278434656915221363e+07
4.542962514034995809e+06 1.765756681087023020e+07 1.929916929103822634e+07 3.089535187842440605e+07
-2.608798714277745225e+06 2.259696755828148872e+07 -1.346462024210298620e+07 3.221918441279284656e+07
1.402695689801517501e+07 6.410295574896274135e+06 2.155937765981796384e+07 3.421338046339827031e+07
-3.289611164393934421e+06 2.028048381981955469e+07 1.634401538300639018e+07 2.919310273451324925e+07
9.284664610167276114e+06 2.377808153843621165e+07 -7.430098206449535675e+06 3.319978245451267809e+07
-1.131044092389826104e+07 1.108058029848872125e+07 2.126173708317131922e+07 2.995143435144533962e+07
-1.199994578910496086e+07 2.331879780093010515e+07 -2.899136936139287893e+06 2.959510312137874961e+07
-1.179978669595045783e+07 -8.724295675904333591e+06 2.210232488385200128e+07 3.417910729344578832e+07
-1.888134274403850734e+07 1.185177667033130676e+07 -1.422767430831020884e+07 3.257348904437202215e+07
