1.304768981742034294e+07 2.318681180572919175e+07 6.174996778901632642e+05 3.278461547700758278e+07
4.541499666000805795e+06 1.765953921577528864e+07 1.929770423985116556e+07 3.089485273239618167e+07
-2.609866672022843733e+06 2.259833550105505437e+07 -1.346209244454351068e+07 3.221847691116480902e+07
1.402556972194689885e+07 6.412677034303070046e+06 2.155956945467338338e+07 3.421273440398690104e+07
-3.290629708037829958e+06 2.027860038839109987e+07 1.634616296671166457e+07 2.919316328676880524e+07
9.283844940630232915e+06 2.377746384095926583e+07 -7.433005965589424595e+06 3.320007865450859070e+07
-1.131188045443090424e+07 1.107827442845997028e+07 2.126219709251829982e+07 2.995174672779309750e+07
-1.200034957557527721e+07 2.331896418162856251e+07 -2.895931053456199821e+06 2.959458868895978481e+07
-1.179814821902784146e+07 -8.726576161139635369e+06 2.210229496620317176e+07 3.417976502705282718e+07
-1.888059943116382509e+07 1.185008861720948666e+07 -1.423006777050665207e+07 3.257418485435417295e+07
