1.304750973456991464e+07 2.318700927240602300e+07 6.143170950188629795e+05 3.278488738630039990e+07
4.540037033124257810e+06 1.766151155174979940e+07 1.929623877769186348e+07 3.089436737203997001e+07
-2.610934387811672874e+06 2.259970323201882094e+07 -1.345956435644923896e+07 3.221777448755013198e+07
1.402418266761144251e+07 6.415058593044501729e+06 2.155976078816116229e+07 3.421207066750495136e+07
-3.291648471440716647e+06 2.027671676661806554e+07 1.634831019039737061e+07 2.919321096076367050e+07
9.283025033381523564e+06 2.377684588505421579e+07 -7.435913567144998349e+06 3.320036225544729456e+07
-1.131332013940468803e+07 1.107596859036682360e+07 2.126265664695219696e+07 2.995206540366946161e+07
-1.200075314114805497e+07 2.331913023911125213e+07 -2.892725108147108462e+06 2.959409612166364491e+07
-1.179650988562522270e+07 -8.728856745555227622e+06 2.210226457679104805e+07 3.418041558862037957e+07
-1.887985605803328753e+07 1.184840026332989521e+07 -1.423246092599354871e+07 3.257488097844024375e+07
