1.304732947393368930e+07 2.318720639826729894e+07 6.111344991976062302e+05 3.278516379774939641e+07
4.538574615326412953e+06 1.766348381885507703e+07 1.929477290449897945e+07 3.089387689876995981e+07
-2.612001861687554047e+06 2.260107075115266442e+07 -1.345703597780382447e+07 3.221706878329452127e+07
1.402279573522293009e+07 6.417440250759808347e+06 2.155995166025262699e+07 3.421142760953102261e+07
-3.292667454512566328e+06 2.027483295475079492e+07 1.635045705380428769e+07 2.919327540441778302e+07
9.282204888469854370e+06 2.377622767081974819e+07 -7.438821010792139918e+06 3.320066025281563774e+07
-1.131475997882111557e+07 1.107366278422331624e+07 2.126311574647336826e+07 2.995238439364974201e+07
-1.200115648589296639e+07 2.331929597335430235e+07 -2.889519100045015104e+06 2.959360327516402304e+07
-1.179487169592377543e+07 -8.731137428897887468e+06 2.210223371561874077e+07 3.418108471721961349e+07
-1.887911262468945235e+07 1.184671160868052021e+07 -1.423485377476264723e+07 3.257557198961251602e+07
