1.304714903546507657e+07 2.318740318333647400e+07 6.079518904933225131e+05 3.278544469390435517e+07
4.537112412809326313e+06 1.766545601677346602e+07 1.929330662049286440e+07 3.089342001716909930e+07
-2.613069093655372970e+06 2.260243805838751793e+07 -1.345450730868141726e+07 3.221636217162758857e+07
1.402140892469608225e+07 6.419822007602371275e+06 2.156014207096041739e+07 3.421077886278611422e+07
-3.293686657185646705e+06 2.027294895299854130e+07 1.635260355672018602e+07 2.919337973926965147e+07
9.281384505830623209e+06 2.377560919826912880e+07 -7.441728296608667821e+06 3.320095825018397719e+07
-1.131619997262562253e+07 1.107135701013324223e+07 2.126357439106433094e+07 2.995270936905470863e+07
-1.200155960986570641e+07 2.331946138432800770e+07 -2.886313029093772173e+06 2.959309842291459814e+07
-1.179323364958118647e+07 -8.733418211643176153e+06 2.210220238267942145e+07 3.418170229787563533e+07
-1.887836913129758090e+07 1.184502265352864563e+07 -1.423724631641048938e+07 3.257630198457122222e+07
