1.304696841910529323e+07 2.318759962765022740e+07 6.047692687575392192e+05 3.278570971036116779e+07
4.535650425255732611e+06 1.766742814588768035e+07 1.929183992537319288e+07 3.089292896804190427e+07
-2.614136083709466271e+06 2.260380515364046022e+07 -1.345197834918180667e+07 3.221566006211683154e+07
1.402002223600510508e+07 6.422203863623348996e+06 2.156033202028886229e+07 3.421011092080169916e+07
-3.294706079784512520e+06 2.027106476084515452e+07 1.635474969975927100e+07 2.919343160131677240e+07
9.280563885419666767e+06 2.377499046743127331e+07 -7.444635424599107355e+06 3.320124935471630841e+07
-1.131764012062390521e+07 1.106905126842412166e+07 2.126403258066318557e+07 2.995307510816831142e+07
-1.200196251308399811e+07 2.331962647198713198e+07 -2.883106895539163146e+06 2.959259805537112802e+07
-1.179159574704562314e+07 -8.735699093166025355e+06 2.210217057798128203e+07 3.418234294771951437e+07
-1.887762557767134905e+07 1.184333339734207839e+07 -1.423963855166556872e+07 3.257697322464679554e+07
