1.304678762482197769e+07 2.318779573121659458e+07 6.015866343056616606e+05 3.278598223041160777e+07
4.534188652835333720e+06 1.766940020592374355e+07 1.929037281932778284e+07 3.089243580743836612e+07
-2.615202831887852401e+06 2.260517203688477725e+07 -1.344944909930086136e+07 3.221495554447602853e+07
1.401863566932404041e+07 6.424585818530736491e+06 2.156052150821498036e+07 3.420945348384835571e+07
-3.295725722041801549e+06 2.026918037886899710e+07 1.635689548228873499e+07 2.919351284953056648e+07
9.279743027266817167e+06 2.377437147839061543e+07 -7.447542394506727345e+06 3.320155363416303694e+07
-1.131908042332860455e+07 1.106674555829161219e+07 2.126449031543283910e+07 2.995336921413809806e+07
-1.200236519558403082e+07 2.331979123629407957e+07 -2.879900699479933828e+06 2.959210491221780702e+07
-1.178995798820378259e+07 -8.737980073623113334e+06 2.210213830152188241e+07 3.418297850209981203e+07
-1.887688196407405287e+07 1.184164384061090276e+07 -1.424203047980887443e+07 3.257766934873286635e+07
