1.304660665255962685e+07 2.318799149406866729e+07 5.984039870488410816e+05 3.278624754352211952e+07
4.532727095599294640e+06 1.767137219676738977e+07 1.928890530242588744e+07 3.089194833560580760e+07
-2.616269338173097931e+06 2.260653870802254602e+07 -1.344691955916621536e+07 3.221425732636382803e+07
1.401724922465614043e+07 6.426967872325733304e+06 2.156071053473919258e+07 3.420879932753594965e+07
-3.296745584117102437e+06 2.026729580685897917e+07 1.635904090457516164e+07 2.919357970131472871e+07
9.278921931260883808e+06 2.377375223112526909e+07 -7.450449206574284472e+06 3.320183964323179051e+07
-1.132052088024739362e+07 1.106443988054030016e+07 2.126494759521660209e+07 2.995368848332186416e+07
-1.200276765742483363e+07 2.331995567722045258e+07 -2.876694440834179986e+06 2.959160485877825692e+07
-1.178832037312416732e+07 -8.740261152917949483e+06 2.210210555330224708e+07 3.418361407393032312e+07
-1.887613829043975472e+07 1.183995398307661340e+07 -1.424442210118122958e+07 3.257834118211584538e+07
