1.304642550228711963e+07 2.318818691621324420e+07 5.952213273250949569e+05 3.278653114446082711e+07
4.531265753581511788e+06 1.767334411832771078e+07 1.928743737471931055e+07 3.089147077549692616e+07
-2.617335602624433115e+06 2.260790516705434769e+07 -1.344438972872322612e+07 3.221355251206932217e+07
1.401586290200768970e+07 6.429350025004423223e+06 2.156089909986149892e+07 3.420814189058260620e+07
-3.297765665950733237e+06 2.026541104500924051e+07 1.636118596642356180e+07 2.919365285262749344e+07
9.278100597461801022e+06 2.377313272574268654e+07 -7.453355860437638126e+06 3.320213853056123480e+07
-1.132196149157463759e+07 1.106213423487544991e+07 2.126540442007610947e+07 2.995398677734390646e+07
-1.200316989864226617e+07 2.332011979472847283e+07 -2.873488119703813456e+06 2.959110089648993686e+07
-1.178668290201582573e+07 -8.742542330758182332e+06 2.210207233332633227e+07 3.418428051519601792e+07
-1.887539455688839406e+07 1.183826382490326278e+07 -1.424681341552535258e+07 3.257901451621754840e+07
