1.304624417393420078e+07 2.318838199769942835e+07 5.920386547817511018e+05 3.278679347358410805e+07
4.529804626739439555e+06 1.767531597061688825e+07 1.928596903618319705e+07 3.089099169721909985e+07
-2.618401625235251151e+06 2.260927141389593482e+07 -1.344185960807422362e+07 3.221284680781371146e+07
1.401447670143189654e+07 6.431732276482183486e+06 2.156108720357550681e+07 3.420748475028296560e+07
-3.298785967584118247e+06 2.026352609332723916e+07 1.636333066785156168e+07 2.919372329915650934e+07
9.277279025797039270e+06 2.377251296225001663e+07 -7.456262356202995405e+06 3.320243293318472058e+07
-1.132340225708272681e+07 1.105982862167770229e+07 2.126586078993906081e+07 2.995430576732418686e+07
-1.200357191925325058e+07 2.332028358877271786e+07 -2.870281736341178883e+06 2.959061014401644468e+07
-1.178504557470805198e+07 -8.744823607380447909e+06 2.210203864159041643e+07 3.418493915621438622e+07
-1.887465076352499425e+07 1.183657336622107029e+07 -1.424920442263205163e+07 3.257970912213467434e+07
