1.304606266747731715e+07 2.318857673852586746e+07 5.888559698929968290e+05 3.278707286902033538e+07
4.528343715194464661e+06 1.767728775342576951e+07 1.928450028695749864e+07 3.089053331489951536e+07
-2.619467406006284989e+06 2.261063744847278669e+07 -1.343932919730357826e+07 3.221214379089163616e+07
1.401309062291535735e+07 6.434114626788865775e+06 2.156127484588384256e+07 3.420681710495224595e+07
-3.299806488925840706e+06 2.026164095206570625e+07 1.636547500859777629e+07 2.919382103782606870e+07
9.276457216223219410e+06 2.377189294067667052e+07 -7.459168693872355856e+06 3.320271623746972531e+07
-1.132484317686565220e+07 1.105752304081296548e+07 2.126631670483516157e+07 2.995462023769807443e+07
-1.200397371932804771e+07 2.332044705932934582e+07 -2.867075290574971586e+06 2.959011009057689458e+07
-1.178340839108577557e+07 -8.747104982944015414e+06 2.210200447809173167e+07 3.418556151823007315e+07
-1.887390691049113125e+07 1.183488260724361986e+07 -1.425159512217467837e+07 3.258045951639791578e+07
