1.304588098285588063e+07 2.318877113873125985e+07 5.856732724755094387e+05 3.278734568572447821e+07
4.526883018635530956e+06 1.767925946712906659e+07 1.928303112674718723e+07 3.089002907340770960e+07
-2.620532944966946729e+06 2.261200327074715123e+07 -1.343679849642763287e+07 3.221143897659713030e+07
1.401170466663488932e+07 6.436497075627353974e+06 2.156146202676343918e+07 3.420616924816843867e+07
-3.300827230071430095e+06 2.025975562113201991e+07 1.636761898879368044e+07 2.919392116717545688e+07
9.275635168817063794e+06 2.377127266114267707e+07 -7.462074873023242690e+06 3.320302561238003150e+07
-1.132628425085399672e+07 1.105521749240858108e+07 2.126677216474238038e+07 2.995493891357443482e+07
-1.200437529888959602e+07 2.332061020635548979e+07 -2.863868782609388698e+06 2.958961333522849903e+07
-1.178177135158273578e+07 -8.749386456843296066e+06 2.210196984283901379e+07 3.418621956594103575e+07
-1.887316299756675214e+07 1.183319154736207239e+07 -1.425398551498900168e+07 3.258115443641896546e+07
