1.304569912002841011e+07 2.318896519833365828e+07 5.824905626853789436e+05 3.278762029980104789e+07
4.525422537481758744e+06 1.768123111111567914e+07 1.928156155599173903e+07 3.088956229753338918e+07
-2.621598242115017958e+06 2.261336888064038381e+07 -1.343426750553844497e+07 3.221073686708637327e+07
1.401031883252586797e+07 6.438879623115477152e+06 2.156164874622389302e+07 3.420551929735850543e+07
-3.301848191156920977e+06 2.025787010035861284e+07 1.636976260865586810e+07 2.919398681489459425e+07
9.274812883424542844e+06 2.377065212359379977e+07 -7.464980894049453549e+06 3.320331401212861389e+07
-1.132772547918183170e+07 1.105291197626641393e+07 2.126722716970292479e+07 2.995522822073434293e+07
-1.200477665798315033e+07 2.332077302981718257e+07 -2.860662212472079787e+06 2.958911596912248433e+07
-1.178013445579231344e+07 -8.751668029643829912e+06 2.210193473582332209e+07 3.418683144037585706e+07
-1.887241902494543791e+07 1.183150018690808117e+07 -1.425637560058111325e+07 3.258184935644001141e+07
