1.304551707894299366e+07 2.318915891736235470e+07 5.793078404943322530e+05 3.278788770693768933e+07
4.523962271546348929e+06 1.768320268559259176e+07 1.928009157452107221e+07 3.088909192691421509e+07
-2.622663297488382086e+06 2.261473427812561020e+07 -1.343173622463217005e+07 3.221003055207314342e+07
1.400893312061657198e+07 6.441262269211398438e+06 2.156183500426222757e+07 3.420486545515002310e+07
-3.302869372121734545e+06 2.025598438994142413e+07 1.637190586798746325e+07 2.919403897359541804e+07
9.273990360108459368e+06 2.377003132813941687e+07 -7.467886756578302942e+06 3.320361351021568105e+07
-1.132916686153506860e+07 1.105060649290520325e+07 2.126768171961756051e+07 2.995554780402202532e+07
-1.200517779664150625e+07 2.332093552967540920e+07 -2.857455580290358979e+06 2.958862341927656159e+07
-1.177849770441637747e+07 -8.753949700366111472e+06 2.210189915705947578e+07 3.418751826349587739e+07
-1.887167499249638617e+07 1.182980852547563985e+07 -1.425876537949947827e+07 3.258246901367194951e+07
