1.304533485956349038e+07 2.318935229582982510e+07 5.761251061514469329e+05 3.278816502579801157e+07
4.522502220799932256e+06 1.768517419055406749e+07 1.927862118232359737e+07 3.088860925389153510e+07
-2.623728111076149158e+06 2.261609946311325207e+07 -1.342920465382120945e+07 3.220932694184365869e+07
1.400754753098788112e+07 6.443645013782757334e+06 2.156202080086839572e+07 3.420421730171251297e+07
-3.303890772917263210e+06 2.025409849005397782e+07 1.637404876661728509e+07 2.919409504114501551e+07
9.273167598798409104e+06 2.376941027478855103e+07 -7.470792460707483813e+06 3.320390759873524681e+07
-1.133060839803338982e+07 1.104830104214974865e+07 2.126813581452401355e+07 2.995586707320579141e+07
-1.200557871491430327e+07 2.332109770589801297e+07 -2.854248886056775693e+06 2.958812846130059659e+07
-1.177686109677679650e+07 -8.756231469954216853e+06 2.210186310653245822e+07 3.418814842575889081e+07
-1.887093090064978972e+07 1.182811656393470988e+07 -1.426115485049032047e+07 3.258316423034669831e+07
