1.304515246183851734e+07 2.318954533376481384e+07 5.729423596377413487e+05 3.278844412458053976e+07
4.521042385289246216e+06 1.768714562589169294e+07 1.927715037946422026e+07 3.088812118875157461e+07
-2.624792682893069461e+06 2.261746443554655463e+07 -1.342667279315713793e+07 3.220862572229401022e+07
1.400616206361545995e+07 6.446027856878160499e+06 2.156220613604648039e+07 3.420356166213160008e+07
-3.304912393401847221e+06 2.025221240104135498e+07 1.637619130417945981e+07 2.919419967265058309e+07
9.272344599499024451e+06 2.376878896360670775e+07 -7.473698006270052865e+06 3.320420709682231396e+07
-1.133205008864778467e+07 1.104599562406267039e+07 2.126858945441306755e+07 2.995618635983977467e+07
-1.200597941284740716e+07 2.332125955845146999e+07 -2.851042129792632535e+06 2.958762661048861966e+07
-1.177522463327097520e+07 -8.758513337852936238e+06 2.210182658425059915e+07 3.418878729568056017e+07
-1.887018674927341938e+07 1.182642430187600106e+07 -1.426354401410693862e+07 3.258385915036774427e+07
