1.304496988571833819e+07 2.318973803119429946e+07 5.697596009634957882e+05 3.278871962861821055e+07
4.519582765112355351e+06 1.768911699142777547e+07 1.927567916605966538e+07 3.088764512936142087e+07
-2.625857012967512012e+06 2.261882919538642466e+07 -1.342414064265882224e+07 3.220792270537193120e+07
1.400477671856356226e+07 6.448410798393813893e+06 2.156239100978870317e+07 3.420290452183195949e+07
-3.305934233790587634e+06 2.025032612259044498e+07 1.637833348105577938e+07 2.919429290916396677e+07
9.271521362182680517e+06 2.376816739463512599e+07 -7.476603393212860450e+06 3.320451107961533964e+07
-1.133349193334525265e+07 1.104369023871299066e+07 2.126904263927426189e+07 2.995650683308856189e+07
-1.200637989047007822e+07 2.332142108729534596e+07 -2.847835311653809622e+06 2.958712594629145041e+07
-1.177358831361028180e+07 -8.760795304463569075e+06 2.210178959020703658e+07 3.418937458275859058e+07
-1.886944253842394799e+07 1.182473173932004720e+07 -1.426593287029547058e+07 3.258455407038879022e+07
