1.304478713115335442e+07 2.318993038814507797e+07 5.665768301417331677e+05 3.278898644244745374e+07
4.518123360163870268e+06 1.769108828725924343e+07 1.927420754202170670e+07 3.088715676756775752e+07
-2.626921101323870011e+06 2.262019374258823693e+07 -1.342160820235527121e+07 3.220721490709019080e+07
1.400339149583135173e+07 6.450793838337861933e+06 2.156257542209596559e+07 3.420223778391256183e+07
-3.306956294315914623e+06 2.024843965435586870e+07 1.638047529766430333e+07 2.919430969627343118e+07
9.270697886775668710e+06 2.376754556788036227e+07 -7.479508621644962579e+06 3.320480188749397174e+07
-1.133493393212416768e+07 1.104138488611949235e+07 2.126949536910703406e+07 2.995682311828509346e+07
-1.200678014781644195e+07 2.332158229239115492e+07 -2.844628431758115068e+06 2.958663098831548169e+07
-1.177195213880721293e+07 -8.763077368372756988e+06 2.210175212442452833e+07 3.419008838391523063e+07
-1.886869826815805212e+07 1.182303887628739141e+07 -1.426832141900212131e+07 3.258524928706353903e+07
