1.306577901400329545e+07 2.316394416379792243e+07 9.547486381911066128e+05 2.422368029733849689e+07
4.697747713735337369e+06 1.745010452547532320e+07 1.945069834739606082e+07 2.241431260792753100e+07
-2.495320135923413560e+06 2.245217415637475252e+07 -1.372839757397929393e+07 2.376088349146969616e+07
1.417327330522013083e+07 6.160818387840227224e+06 2.153667382485174388e+07 2.574970815565223992e+07
-3.183890021428120323e+06 2.047716243923125416e+07 1.611653636177276634e+07 2.065344772892313078e+07
9.369407958546642214e+06 2.384149004459907115e+07 -7.123934177331006154e+06 2.463651400622962043e+07
-1.116016297613605857e+07 1.132284953427377343e+07 2.121090914302210882e+07 2.138571688725404441e+07
-1.195631354394862987e+07 2.329953753243735060e+07 -3.235373551466749515e+06 2.111568122431307659e+07
-1.197260854527927190e+07 -8.485420125175846741e+06 2.210284095012880489e+07 2.557952677431932092e+07
-2.268807015768412873e+07 7.220794117003358901e+06 1.217751634631677158e+07 2.211331917680287361e+07
