1.306561751064085029e+07 2.316417788477577642e+07 9.515678147526734974e+05 2.422394681451403350e+07
4.696262358825122006e+06 1.745208380758225918e+07 1.944927662413525209e+07 2.241381524182151258e+07
-2.496413568193257786e+06 2.245356401038984954e+07 -1.372590058544313349e+07 2.376017687980276346e+07
1.417187354528002441e+07 6.163189122019608505e+06 2.153691403668829426e+07 2.574901833109477162e+07
-3.184885558782068081e+06 2.047529933996243030e+07 1.611872149253740162e+07 2.065353616662663594e+07
9.368613101478505880e+06 2.384089971580167115e+07 -7.126858148389915936e+06 2.463680989212161303e+07
-1.116158613842307031e+07 1.132054065187243186e+07 2.121141686365124211e+07 2.138605414761229604e+07
-1.195674074052681774e+07 2.329973764426404983e+07 -3.232174654893011320e+06 2.111518267159225419e+07
-1.197095522343451530e+07 -8.487689884008999914e+06 2.210286056551238149e+07 2.558018091318150982e+07
-2.268959473048238829e+07 7.220489313532248139e+06 1.217491690026138537e+07 2.211351793478292599e+07
-1.895830345217759162e+07 1.202567947239231877e+07 -1.397710283997741342e+07 2.396896733904060349e+07
