1.306545583445691131e+07 2.316441126253318042e+07 9.483869711800789228e+05 2.422421333168957382e+07
4.694777217540387996e+06 1.745406302746267617e+07 1.944785448662435263e+07 2.241331789316571504e+07
-2.497506757184714079e+06 2.245495365876679868e+07 -1.372340330067662336e+07 2.375946967482842878e+07
1.417047390343735553e+07 6.165559960918429308e+06 2.153715378760880977e+07 2.574836958434986323e+07
-3.185881314694591798e+06 2.047343604364118353e+07 1.612090626826793514e+07 2.065360961459310353e+07
9.367818009430769831e+06 2.384030912412362546e+07 -7.129781968307232484e+06 2.463710338733377680e+07
-1.116300945804275200e+07 1.131823179492189921e+07 2.121192413037993759e+07 2.138637852970986068e+07
-1.195716771212954633e+07 2.329993743676132709e+07 -3.228975687948809937e+06 2.111466253295208514e+07
-1.196930204070639424e+07 -8.489959748134423047e+06 2.210287970914301649e+07 2.558081316947065294e+07
-2.269111899558568746e+07 7.220184620282514952e+06 1.217231720030179806e+07 2.211370231378356367e+07
-1.895756671157538891e+07 1.202402279594373330e+07 -1.397952791530170292e+07 2.396966794783263654e+07
