1.306529398540454544e+07 2.316464429709195346e+07 9.452061075435896637e+05 2.422448014551881328e+07
4.693292289984568022e+06 1.745604218493515998e+07 1.944643193497867510e+07 2.241283851823418960e+07
-2.498599702895779163e+06 2.245634310142884031e+07 -1.372090571976548620e+07 2.375876575049502775e+07
1.416907437948191725e+07 6.167930904901361093e+06 2.153739307765060291e+07 2.574770883185515180e+07
-3.186877289159954526e+06 2.047157255036470294e+07 1.612309068887702562e+07 2.065367346493981034e+07
9.367022682377420366e+06 2.383971826960709319e+07 -7.132705637020302005e+06 2.463739449186611176e+07
-1.116443293488366529e+07 1.131592296362124011e+07 2.121243094316793233e+07 2.138670798982078582e+07
-1.195759445873987488e+07 2.330013690986565500e+07 -3.225776651122353971e+06 2.111416007138248906e+07
-1.196764899726228416e+07 -8.492229717322858050e+06 2.210289838101857901e+07 2.558144633317111805e+07
-2.269264295287044719e+07 7.219880037231474183e+06 1.216971724663840234e+07 2.211388908346403390e+07
-1.895682990486625582e+07 1.202236581682132185e+07 -1.398195268938359246e+07 2.397036016306993365e+07
