1.306513196343139000e+07 2.316487698848145083e+07 9.420252238123918651e+05 2.422473797248591483e+07
4.691807575992795639e+06 1.745802128017599881e+07 1.944500896905639768e+07 2.241234087292468920e+07
-2.499692405360272154e+06 2.245773233834484965e+07 -1.371840784271345101e+07 2.375805913882809505e+07
1.416767497356375121e+07 6.170301953722740524e+06 2.153763190678923950e+07 2.574706008511024341e+07
-3.187873482215100899e+06 2.046970886014984921e+07 1.612527475437157229e+07 2.065372023152335361e+07
9.366227120299007744e+06 2.383912715229956806e+07 -7.135629154440815561e+06 2.463768589305214584e+07
-1.116585656900514662e+07 1.131361415789246932e+07 2.121293730203576386e+07 2.138702457167102024e+07
-1.195802098043286055e+07 2.330033606355673075e+07 -3.222577544211220462e+06 2.111364982701577991e+07
-1.196599609308602475e+07 -8.494499791597019881e+06 2.210291658113913983e+07 2.558206989925182983e+07
-2.269416660234254599e+07 7.219575564330651425e+06 1.216711703925077431e+07 2.211406955361589789e+07
-1.895609303212782741e+07 1.202070853509029001e+07 -1.398437716210040823e+07 2.397105269241115078e+07
