1.306496976850611344e+07 2.316510933670118079e+07 9.388443203620861750e+05 2.422501588465363905e+07
4.690323075674433261e+06 1.746000031299590692e+07 1.944358558897846565e+07 2.241184411757629365e+07
-2.500784864574142732e+06 2.245912136943522841e+07 -1.371590966961134784e+07 2.375735432453358918e+07
1.416627568577215448e+07 6.172673107239832170e+06 2.153787027501077577e+07 2.574643442500340566e+07
-3.188869893846401945e+06 2.046784497310857475e+07 1.612745846464695781e+07 2.065375771459105983e+07
9.365431323189279065e+06 2.383853577225804701e+07 -7.138552520433140919e+06 2.463798507703529298e+07
-1.116728036039529368e+07 1.131130537777316570e+07 2.121344320697857067e+07 2.138732527382310852e+07
-1.195844727723525837e+07 2.330053489779136330e+07 -3.219378367377384100e+06 2.111314049006039649e+07
-1.196434332853328250e+07 -8.496769970468856394e+06 2.210293430950071663e+07 2.558274084267370403e+07
-1.895535609342931211e+07 1.201905095079785585e+07 -1.398680133335645869e+07 2.397175091052334756e+07
