1.306480740056387521e+07 2.316534134179858118e+07 9.356633969131957274e+05 2.422528119776415452e+07
4.688838789094773121e+06 1.746197928326441720e+07 1.944216179482361302e+07 2.241135844311616197e+07
-2.501877080576735549e+06 2.246051019467588514e+07 -1.371341120045026764e+07 2.375664382146809995e+07
1.416487651602866128e+07 6.175044365594092757e+06 2.153810818232983723e+07 2.574580695007392019e+07
-3.189866523973402567e+06 2.046598088947756588e+07 1.612964181945261732e+07 2.065381376469044015e+07
9.364635290963923559e+06 2.383794412948162109e+07 -7.141475735148054548e+06 2.463827017869272456e+07
-1.116870430887857080e+07 1.130899662356615439e+07 2.121394865793346241e+07 2.138764154156942293e+07
-1.195887334918854386e+07 2.330073341253352165e+07 -3.216179120670359582e+06 2.111263022824347019e+07
-1.196269070310372673e+07 -8.499040254626093432e+06 2.210295156610855833e+07 2.558336081400955841e+07
-1.895461908879822865e+07 1.201739306389651820e+07 -1.398922520319407061e+07 2.397244312576064840e+07
