1.306464485956549272e+07 2.316557300378439948e+07 9.324824536889480660e+05 2.422554860490079597e+07
4.687354716119817458e+06 1.746395819111652300e+07 1.944073758647958934e+07 2.241085388752043620e+07
-2.502969053340998478e+06 2.246189881395805627e+07 -1.371091243537353724e+07 2.375593841386619210e+07
1.416347746399619803e+07 6.177415729365420528e+06 2.153834562880478427e+07 2.574509735441975668e+07
-3.190863372545172460e+06 2.046411660943802074e+07 1.613182481860316917e+07 2.065390729785752296e+07
9.363839023673191667e+06 2.383735222406924143e+07 -7.144398798242554069e+06 2.463856997343349084e+07
-1.117012841450135782e+07 1.130668789521447383e+07 2.121445365491638705e+07 2.138795812341965735e+07
-1.195929919632443041e+07 2.330093160774243623e+07 -3.212979804214708507e+06 2.111212418937923759e+07
-1.196103821735128015e+07 -8.501310643308248371e+06 2.210296835095672682e+07 2.558402275311907753e+07
-1.895388201830614358e+07 1.201573487443862297e+07 -1.399164877150994353e+07 2.397313565510186553e+07
