1.306448214546473138e+07 2.316580432267941535e+07 9.293014907758964691e+05 2.422581992088621110e+07
4.685870856937772594e+06 1.746593703625776619e+07 1.943931296414316446e+07 2.241036552572677657e+07
-2.504060782904244959e+06 2.246328722725489363e+07 -1.370841337437720224e+07 2.375523120889185742e+07
1.416207853069853596e+07 6.179787196827016771e+06 2.153858261426315084e+07 2.574451694272751734e+07
-3.191860439755252562e+06 2.046225213271415979e+07 1.613400746244828030e+07 2.065398374726144224e+07
9.363042521242966875e+06 2.383676005602772534e+07 -7.147321709829591215e+06 2.463886647008310631e+07
-1.117155267724034376e+07 1.130437919277404435e+07 2.121495819791855291e+07 2.138827440861618891e+07
-1.195972481870147027e+07 2.330112948339002579e+07 -3.209780417931822129e+06 2.111160853544503078e+07
-1.195938587088802084e+07 -8.503581137048732489e+06 2.210298466404904798e+07 2.558464872732983530e+07
-1.895314488200844824e+07 1.201407638243956491e+07 -1.399407203825453855e+07 2.397382816699286178e+07
