1.306431925820890628e+07 2.316603529851363972e+07 9.261205081330469111e+05 2.422608493734302372e+07
4.684387211448987015e+06 1.746791581877755374e+07 1.943788792773483321e+07 2.240987027109710500e+07
-2.505152269276544452e+06 2.246467543450487033e+07 -1.370591401751970313e+07 2.375452279985249788e+07
1.416067971520973742e+07 6.182158769556946121e+06 2.153881913886313885e+07 2.574385920912047103e+07
-3.192857725689674728e+06 2.046038745923130587e+07 1.613618975110189244e+07 2.065402091622522473e+07
9.362245783655131236e+06 2.383616762540518120e+07 -7.150244469817474484e+06 2.463916267007901892e+07
-1.117297709706803784e+07 1.130207051630765200e+07 2.121546228692966700e+07 2.138859069381272048e+07
-1.196015021632289514e+07 2.330132703942237049e+07 -3.206580962160065770e+06 2.111110848200548068e+07
-1.195773366394884884e+07 -8.505851735525256023e+06 2.210300050538298860e+07 2.558527379412927106e+07
-1.895240767996125668e+07 1.201241758791706339e+07 -1.399649500337537937e+07 2.397452069633407891e+07
